1694755078414 nan 0
1694755078764 nan 1
1694755078980 nan 2
1694755079325 nan 3
1694755079628 nan 4
1694755079872 nan 5
1694755080195 nan 6
1694755080466 nan 7
1694755080733 nan 8
1694755080928 nan 9
1694755081189 nan 10
1694755081459 nan 11
1694755081764 nan 12
1694755082005 nan 13
1694755082267 nan 14
1694755082524 nan 15
1694755082787 nan 16
1694755082967 nan 17
1694755083193 nan 18
1694755083481 nan 19
1694755083748 nan 20
1694755084042 nan 21
1694755084338 nan 22
1694755084622 nan 23
1694755084866 nan 24
1694755085035 nan 25
1694755085214 nan 26
1694755085429 nan 27
1694755085697 nan 28
1694755085926 nan 29
1694755086221 nan 30
1694755086492 nan 31
1694755086733 nan 32
1694755086964 nan 33
1694755087274 nan 34
1694755087693 nan 35
1694755087925 nan 36
1694755088155 nan 37
1694755088582 nan 38
1694755088893 nan 39
1694755089093 nan 40
1694755089347 nan 41
1694755089645 nan 42
1694755089958 nan 43
1694755090243 nan 44
1694755090490 nan 45
1694755090879 nan 46
1694755091075 nan 47
1694755091305 nan 48
1694755091511 nan 49
1694755091797 nan 50
1694755092064 nan 51
1694755092363 nan 52
1694755092705 nan 53
1694755093042 nan 54
1694755093386 nan 55
1694755093748 nan 56
1694755094054 nan 57
1694755094369 nan 58
1694755094665 nan 59
1694755095075 nan 60
1694755095430 nan 61
1694755095698 nan 62
1694755095986 nan 63
1694755096158 nan 64
1694755096404 nan 65
1694755096620 nan 66
1694755096835 nan 67
1694755097059 nan 68
1694755097225 nan 69
1694755097444 nan 70
1694755097736 nan 71
1694755097972 nan 72
1694755098152 nan 73
1694755098403 nan 74
1694755098704 nan 75
1694755098920 nan 76
1694755099095 nan 77
1694755099306 nan 78
1694755099543 nan 79
1694755099759 nan 80
1694755100024 nan 81
1694755100308 nan 82
1694755100562 nan 83
1694755100839 nan 84
1694755101088 nan 85
1694755101347 nan 86
1694755101760 nan 87
1694755102027 nan 88
1694755102264 nan 89
1694755102501 nan 90
1694755102750 nan 91
1694755103029 nan 92
1694755103241 nan 93
1694755103482 nan 94
1694755103786 nan 95
1694755104117 nan 96
1694755104461 nan 97
1694755104730 nan 98
1694755105120 nan 99
1694755105447 nan 100
1694755105794 nan 101
1694755106063 nan 102
1694755106426 nan 103
1694755106769 nan 104
1694755107014 nan 105
1694755107279 nan 106
1694755107525 nan 107
1694755107785 nan 108
1694755108040 nan 109
1694755108228 nan 110
1694755108497 nan 111
1694755108713 nan 112
1694755109014 nan 113
1694755109219 nan 114
1694755109388 nan 115
1694755109618 nan 116
1694755109885 nan 117
1694755110135 nan 118
1694755110312 nan 119
1694755110489 nan 120
1694755110639 nan 121
1694755110811 nan 122
1694755111094 nan 123
1694755111284 nan 124
1694755111496 nan 125
1694755111768 nan 126
1694755112027 nan 127
1694755112244 nan 128
1694755112444 nan 129
1694755112629 nan 130
1694755112824 nan 131
1694755113042 nan 132
1694755113316 nan 133
1694755113605 nan 134
1694755113852 nan 135
1694755114061 nan 136
1694755114301 nan 137
1694755114490 nan 138
1694755114687 nan 139
1694755114875 nan 140
1694755115063 nan 141
1694755115316 nan 142
1694755115517 nan 143
1694755115738 nan 144
1694755115974 nan 145
1694755116223 nan 146
1694755116474 nan 147
1694755116729 nan 148
1694755116988 nan 149
1694755117226 nan 150
1694755117433 nan 151
1694755117697 nan 152
1694755118012 nan 153
1694755118258 nan 154
1694755118533 nan 155
1694755118770 nan 156
1694755119033 nan 157
1694755119309 nan 158
1694755119494 nan 159
1694755119713 nan 160
1694755120008 nan 161
1694755120308 nan 162
1694755120522 nan 163
1694755120791 nan 164
1694755121045 nan 165
1694755121346 nan 166
1694755121729 nan 167
1694755122092 nan 168
1694755122390 nan 169
1694755122653 nan 170
1694755122916 nan 171
1694755123189 nan 172
1694755123476 nan 173
1694755123661 nan 174
1694755123881 nan 175
1694755124044 nan 176
1694755124323 nan 177
1694755124619 nan 178
1694755124897 nan 179
1694755125103 nan 180
1694755125307 nan 181
1694755125535 nan 182
1694755125761 nan 183
1694755126027 nan 184
1694755126277 nan 185
1694755126449 nan 186
1694755126626 nan 187
1694755126787 nan 188
1694755127073 nan 189
1694755127338 nan 190
1694755127490 nan 191
1694755127733 nan 192
1694755128009 nan 193
1694755128306 nan 194
1694755128542 nan 195
1694755128904 nan 196
1694755129264 nan 197
1694755129474 nan 198
1694755129732 nan 199
1694755129988 nan 200
1694755130238 nan 201
1694755130503 nan 202
1694755130760 nan 203
1694755131009 nan 204
1694755131208 nan 205
1694755131511 nan 206
1694755131786 nan 207
1694755132049 nan 208
1694755132312 nan 209
1694755132519 nan 210
1694755132767 nan 211
1694755132964 nan 212
1694755133159 nan 213
1694755133397 nan 214
1694755133700 nan 215
1694755133940 nan 216
1694755134164 nan 217
1694755134393 nan 218
1694755134621 nan 219
1694755134833 nan 220
1694755135060 nan 221
1694755135272 nan 222
1694755135464 nan 223
1694755135655 nan 224
1694755135892 nan 225
1694755136173 nan 226
1694755136420 nan 227
1694755136655 nan 228
1694755136942 nan 229
1694755137238 nan 230
1694755137507 nan 231
1694755137877 nan 232
1694755138171 nan 233
1694755138611 nan 234
1694755138924 nan 235
1694755139258 nan 236
1694755139489 nan 237
1694755139658 nan 238
1694755139862 nan 239
1694755140157 nan 240
1694755140465 nan 241
1694755140655 nan 242
1694755140814 nan 243
1694755140956 nan 244
1694755141168 nan 245
1694755141368 nan 246
1694755141649 nan 247
1694755142028 nan 248
1694755142422 nan 249
1694755142632 nan 250
1694755142862 nan 251
1694755143117 nan 252
1694755143374 nan 253
1694755143633 nan 254
1694755143945 nan 255
1694755144207 nan 256
1694755144485 nan 257
1694755144756 nan 258
1694755145021 nan 259
1694755145324 nan 260
1694755145606 nan 261
1694755145848 nan 262
1694755146137 nan 263
1694755146373 nan 264
1694755146604 nan 265
1694755146926 nan 266
1694755147167 nan 267
1694755147423 nan 268
1694755147663 nan 269
1694755147926 nan 270
1694755148160 nan 271
1694755148474 nan 272
1694755148833 nan 273
1694755149204 nan 274
1694755149632 nan 275
1694755149983 nan 276
1694755150332 nan 277
1694755150540 nan 278
1694755150814 nan 279
1694755151042 nan 280
1694755151231 nan 281
1694755151426 nan 282
1694755151648 nan 283
1694755151986 nan 284
1694755152197 nan 285
1694755152372 nan 286
1694755152566 nan 287
1694755152720 nan 288
1694755152858 nan 289
1694755153094 nan 290
1694755153253 nan 291
1694755153429 nan 292
1694755153670 nan 293
1694755153917 nan 294
1694755154194 nan 295
1694755154399 nan 296
1694755154588 nan 297
1694755154793 nan 298
1694755154980 nan 299
1694755155138 nan 300
1694755155366 nan 301
1694755155577 nan 302
1694755155750 nan 303
1694755155943 nan 304
1694755156156 nan 305
1694755156383 nan 306
1694755156608 nan 307
1694755156818 nan 308
1694755157055 nan 309
1694755157219 nan 310
1694755157414 nan 311
1694755157635 nan 312
1694755157847 nan 313
1694755158113 nan 314
1694755158410 nan 315
1694755158705 nan 316
1694755158936 nan 317
1694755159184 nan 318
1694755159423 nan 319
1694755159671 nan 320
1694755159906 nan 321
1694755160236 nan 322
1694755160593 nan 323
1694755160819 nan 324
1694755161074 nan 325
1694755161332 nan 326
1694755161581 nan 327
1694755161778 nan 328
1694755162005 nan 329
1694755162205 nan 330
1694755162393 nan 331
1694755162637 nan 332
1694755162859 nan 333
1694755163165 nan 334
1694755163399 nan 335
1694755163553 nan 336
1694755163707 nan 337
1694755163978 nan 338
1694755164253 nan 339
1694755164522 nan 340
1694755164721 nan 341
1694755164895 nan 342
1694755165031 nan 343
1694755165205 nan 344
1694755165494 nan 345
1694755165723 nan 346
1694755165974 nan 347
1694755166154 nan 348
1694755166376 nan 349
1694755166613 nan 350
1694755166794 nan 351
1694755167054 nan 352
1694755167256 nan 353
1694755167445 nan 354
1694755167679 nan 355
1694755167855 nan 356
1694755168085 nan 357
1694755168388 nan 358
1694755168649 nan 359
1694755168836 nan 360
1694755169018 nan 361
1694755169231 nan 362
1694755169538 nan 363
1694755169823 nan 364
1694755170087 nan 365
1694755170326 nan 366
1694755170595 nan 367
1694755170812 nan 368
1694755170997 nan 369
1694755171253 nan 370
1694755171583 nan 371
1694755171868 nan 372
1694755172205 nan 373
1694755172516 nan 374
1694755172816 nan 375
1694755173089 nan 376
1694755173417 nan 377
1694755173722 nan 378
1694755173936 nan 379
1694755174216 nan 380
1694755174515 nan 381
1694755174739 nan 382
1694755175084 nan 383
1694755175458 nan 384
1694755175830 nan 385
1694755176274 nan 386
1694755176531 nan 387
1694755176887 nan 388
1694755177165 nan 389
1694755177447 nan 390
1694755177755 nan 391
1694755178034 nan 392
1694755178387 nan 393
1694755178736 nan 394
1694755179161 nan 395
1694755179536 nan 396
1694755179872 nan 397
1694755180139 nan 398
1694755180451 nan 399
1694755180777 nan 400
1694755180966 nan 401
1694755181166 nan 402
1694755181481 nan 403
1694755181871 nan 404
1694755182172 nan 405
1694755182539 nan 406
1694755182944 nan 407
1694755183424 nan 408
1694755183793 nan 409
1694755184059 nan 410
1694755184299 nan 411
1694755184525 nan 412
1694755184745 nan 413
1694755184997 nan 414
1694755185194 nan 415
1694755185480 nan 416
1694755185724 nan 417
1694755186021 nan 418
1694755186331 nan 419
1694755186606 nan 420
1694755186985 nan 421
1694755187334 nan 422
1694755187641 nan 423
1694755187968 nan 424
1694755188316 nan 425
1694755188739 nan 426
1694755189012 nan 427
1694755189256 nan 428
1694755189506 nan 429
1694755189784 nan 430
1694755190017 nan 431
1694755190265 nan 432
1694755190584 nan 433
1694755190851 nan 434
1694755191077 nan 435
1694755191348 nan 436
1694755191634 nan 437
1694755191883 nan 438
1694755192084 nan 439
1694755192353 nan 440
1694755192623 nan 441
1694755192892 nan 442
1694755193076 nan 443
1694755193233 nan 444
1694755193384 nan 445
1694755193586 nan 446
1694755193968 nan 447
1694755194265 nan 448
1694755194523 nan 449
1694755194782 nan 450
1694755195107 nan 451
1694755195418 nan 452
1694755195682 nan 453
1694755195984 nan 454
1694755196231 nan 455
1694755196496 nan 456
1694755196691 nan 457
1694755196895 nan 458
1694755197105 nan 459
1694755197392 nan 460
1694755197636 nan 461
1694755197896 nan 462
1694755198111 nan 463
1694755198315 nan 464
1694755198645 nan 465
1694755198903 nan 466
1694755199158 nan 467
1694755199350 nan 468
1694755199617 nan 469
1694755199857 nan 470
1694755200034 nan 471
1694755200355 nan 472
1694755200703 nan 473
1694755200954 nan 474
1694755201143 nan 475
1694755201399 nan 476
1694755201650 nan 477
1694755201962 nan 478
1694755202163 nan 479
1694755202355 nan 480
1694755202583 nan 481
1694755202813 nan 482
1694755203082 nan 483
1694755203283 nan 484
1694755203582 nan 485
1694755203843 nan 486
1694755204112 nan 487
1694755204312 nan 488
1694755204594 nan 489
1694755204867 nan 490
1694755205127 nan 491
1694755205378 nan 492
1694755205601 nan 493
1694755205845 nan 494
1694755206100 nan 495
1694755206380 nan 496
1694755206724 nan 497
1694755207030 nan 498
1694755207383 nan 499
