1694719978753 12.655358847833432 0
1694719979129 0.053677825505067195 1
1694719979424 0.4638458255964885 2
1694719979674 5.117518413277471 3
1694719979939 0.43328098873765875 4
1694719980223 0.6320658317212261 5
1694719980583 2.118867756541705 6
1694719980862 1.5652154359666008 7
1694719981124 1.1578815078862235 8
1694719981446 0.0150904825503093 9
1694719981678 0.30295730418187733 10
1694719981961 0.1862954735745918 11
1694719982302 9.640165676192359 12
1694719982580 0.14779738788623825 13
1694719982880 0.0008128704743595576 14
1694719983155 0.04618180051571706 15
1694719983435 0.5566257695495862 16
1694719983726 0.76355273582587 17
1694719984006 0.022489584943672744 18
1694719984300 0.05347080464727845 19
1694719984567 0.1623895498184477 20
1694719984841 1.1030889384052618 21
1694719985119 0.11170816890552188 22
1694719985483 4.299643842616842 23
1694719985874 0.35732581231071636 24
1694719986182 0.31698937641512065 25
1694719986470 0.7827026512131061 26
1694719986709 0.26847819228294273 27
1694719986905 1.7736353534342029 28
1694719987106 1.4265753407658321 29
1694719987366 0.5057370281621587 30
1694719987618 1.5725787874385795 31
1694719988018 4.140822705959071 32
1694719988490 0.7351806036032255 33
1694719988850 13.071252794960348 34
1694719989164 0.08791917521656893 35
1694719989490 9.413859638365128 36
1694719989863 0.8600019559559527 37
1694719990591 1.8220956380511875 38
1694719990958 3.6239091613569467 39
1694719991324 0.00011587664858369296 40
1694719991720 18.988114748439937 41
1694719992101 0.23921278401316423 42
1694719992477 0.002576663656222243 43
1694719992865 2.7831636714047807 44
1694719993257 1.507581820690075 45
1694719993625 1.1049114944238456 46
1694719993932 0.12183099651067399 47
1694719994285 1.8593811206925668 48
1694719994544 0.0054606200381413575 49
1694719994816 0.0072345002115683935 50
1694719995105 0.1530505432222002 51
1694719995396 17.691683842019774 52
1694719995678 1.0732872340734394 53
1694719996015 0.0782093354449077 54
1694719996392 0.010580375270051878 55
1694719996653 1.6217801185180016 56
1694719996888 0.20161398030464617 57
1694719997166 3.9250231669942077 58
1694719997463 0.11827269145648875 59
1694719997715 1.5784658912836538 60
1694719997970 0.1106340475663048 61
1694719998290 0.24693614665969396 62
1694719998572 1.8554749372769288 63
1694719998838 0.5481601118204804 64
1694719999120 2.90832683162902 65
1694719999392 3.782639333651607 66
1694719999636 2.3399069167388094 67
1694719999886 0.7251379560708858 68
1694720000193 0.13872380692371053 69
1694720000570 2.665768258097169 70
1694720000833 2.6664101066262647 71
1694720001073 1.092505320896476 72
1694720001317 0.1764668475272486 73
1694720001611 1.7958296830430116 74
1694720001885 0.8968659440450157 75
1694720002182 1.0736214476386348 76
1694720002554 0.6043182382020602 77
1694720002816 0.002589098167714792 78
1694720003106 1.3026042913718912 79
1694720003397 8.981016489255616e-07 80
1694720003684 1.4729104323807163 81
1694720003909 0.4192469237138729 82
1694720004179 0.04331652649968715 83
1694720004480 4.405786520552963 84
1694720004875 0.11585091532764462 85
1694720005186 1.3443630752958644 86
1694720005481 6.23655912762187 87
1694720005831 4.797678123719912 88
1694720006035 1.233474063946147 89
1694720006309 0.23458003370527014 90
1694720006612 0.2857719500340995 91
1694720006991 4.989428349912579 92
1694720007258 0.9469936712485039 93
1694720007559 0.08457361010545636 94
1694720007847 1.302322170919371 95
1694720008111 0.0910294731642402 96
1694720008403 0.2686205731623899 97
1694720008710 0.30986773759737035 98
1694720008976 0.0647938862317102 99
1694720009286 0.13672760126126596 100
1694720009591 0.04552786691974262 101
1694720009878 12.382936513615288 102
1694720010134 2.209305686298332 103
1694720010453 2.315604145855109 104
1694720010782 0.2847512588239222 105
1694720011025 0.6052939361293611 106
1694720011235 1.9282315721426118 107
1694720011501 0.5337694791920388 108
1694720011804 0.19387094671116964 109
1694720012054 1.0754642274103177 110
1694720012387 0.0048345939173188605 111
1694720012674 0.1696425423167352 112
1694720012974 0.4367617872897786 113
1694720013198 12.793469171396598 114
1694720013477 0.021014799395600706 115
1694720013821 4.21592861746338 116
1694720014100 0.46615066129639066 117
1694720014383 3.2273299594914824 118
1694720014637 0.9535065809463061 119
1694720014936 1.6514908697814237 120
1694720015206 0.11772562959181433 121
1694720015449 1.4392764677461647 122
1694720015685 2.919476342467774 123
1694720016032 0.8859085005216406 124
1694720016245 3.738608283119984 125
1694720016506 4.942951838852054e-05 126
1694720016792 12.719927059297497 127
1694720017103 0.3146719442319194 128
1694720017348 3.3121820853667794 129
1694720017638 0.2501585094155604 130
1694720017954 0.007657693042576445 131
1694720018273 0.6293006098095356 132
1694720018533 0.427973323442002 133
1694720018822 0.7646855760718909 134
1694720019297 0.1654200234522453 135
1694720019736 2.0077336956375023 136
1694720020402 0.41410219378228996 137
1694720020942 6.982406375430599 138
1694720021274 0.18100568367911987 139
1694720021582 0.16725081764732647 140
1694720022026 0.060615944814709534 141
1694720022440 0.48751499462294656 142
1694720022792 0.0770760284807614 143
1694720023073 1.796626672125654 144
1694720023340 0.0019336574015566149 145
1694720023575 1.646686619322684e-05 146
1694720023922 3.176468113697826 147
1694720024230 8.843441590142598 148
1694720024608 6.5359554650782306 149
1694720024847 0.001922754194542591 150
1694720025211 0.3455188513718414 151
1694720025477 0.8038978553018351 152
1694720025908 0.06946938260452816 153
1694720026376 5.257899501298168 154
1694720026740 6.169026758673917 155
1694720027306 0.007964208739694383 156
1694720027725 0.7613050294180695 157
1694720028136 0.27410401747385205 158
1694720028559 0.11408120800357413 159
1694720028937 0.0496130767184914 160
1694720029196 0.026639617208511407 161
1694720029495 0.4148726174406717 162
1694720029794 0.9064399271059949 163
1694720030138 1.1935092299846692 164
1694720030462 0.04045994130849525 165
1694720030892 6.3186302591044345 166
1694720031245 0.18503897280647633 167
1694720031543 0.7179755269462789 168
1694720031831 2.4584975568352063 169
1694720032165 0.010787798042373559 170
1694720032567 0.3809094837234321 171
1694720032813 0.14922939910613534 172
1694720033012 0.13620128644341398 173
1694720033332 0.011083842585311072 174
1694720033663 0.08912615681874707 175
1694720033966 0.4891496950166411 176
1694720034310 0.6229398543568123 177
1694720034645 0.029185603374155763 178
1694720034956 4.504169537749766 179
1694720035281 2.418779586446439 180
1694720035584 0.3399126892234805 181
1694720036085 1.0970454608615274 182
1694720036432 0.754033064745994 183
1694720036782 1.0425144937522803 184
1694720037090 8.867192678575076 185
1694720037336 0.497074725440367 186
1694720037588 0.38671808317701617 187
1694720037834 3.1432156651881598 188
1694720038111 0.15245735067347382 189
1694720038372 1.912790400286969 190
1694720038608 1.3559955894916729 191
1694720038880 3.4537742103577016 192
1694720039210 2.190993386354521 193
1694720039549 0.024493205576463967 194
1694720039842 0.022386170380636342 195
1694720040118 2.6541106131374668 196
1694720040463 0.5797190238771273 197
1694720040826 0.6910622255649063 198
1694720041093 0.4548440605768063 199
1694720041397 0.3299292812144175 200
1694720041708 3.5402994304460833 201
1694720041926 1.1976935820446866e-05 202
1694720042206 0.8724781151629261 203
1694720042570 0.2547474522471318 204
1694720042928 0.001444069325646092 205
1694720043158 1.6611372974923806 206
1694720043459 2.305697725970794 207
1694720043755 0.7319016756790613 208
1694720044012 0.6683752714428942 209
1694720044319 0.45391119256894236 210
1694720044646 2.1324819038460823 211
1694720044924 0.24077624623127972 212
1694720045259 0.9752585971671563 213
1694720045638 1.5292226552991046 214
1694720045898 0.5091860974182862 215
1694720046143 0.09514773165670184 216
1694720046416 0.02879281370726786 217
1694720046702 0.025868316538864632 218
1694720046938 2.0302675402645867 219
1694720047231 1.7695703055765202 220
1694720047504 0.07791662830129334 221
1694720047853 0.49461332837204974 222
1694720048051 0.1859230736265408 223
1694720048342 0.003312587224439958 224
1694720048651 1.7094109870839893 225
1694720048947 0.4038291558489441 226
1694720049204 8.934900752400958 227
1694720049498 4.644312940323408 228
1694720049802 0.6707351317305188 229
1694720050151 3.9138182405599644 230
1694720050529 2.132380673867437 231
1694720050947 1.6895527973255193 232
1694720051253 0.90412696618807 233
1694720051573 0.002850608541190942 234
1694720051864 0.06385430214724055 235
1694720052130 0.6415425901604381 236
1694720052490 0.03603483145219162 237
1694720052876 0.514990552292362 238
1694720053190 0.4667315352148172 239
1694720053491 1.7058064187113777 240
1694720053800 0.2621424851435063 241
1694720054086 0.16238765426373725 242
1694720054412 0.6493562131814077 243
1694720054773 1.8017951530102383 244
1694720055068 0.13668777980042546 245
1694720055453 0.29900876650395153 246
1694720055742 0.3059518554686989 247
1694720056020 1.4179197270092463 248
1694720056565 0.45325042834047913 249
1694720056932 4.5859521697821055 250
1694720057221 0.01853775444623898 251
1694720057518 0.5536508859853705 252
1694720057943 0.050762828410990675 253
1694720058193 0.04245089851217205 254
1694720058577 0.8479824622074075 255
1694720058927 0.8824248030591175 256
1694720059156 0.4853766984882878 257
1694720059445 0.29176696031139465 258
1694720059747 0.0006416905979088895 259
1694720060037 0.04805528400514326 260
1694720060307 0.023710393942278838 261
1694720060638 0.010915797335678462 262
1694720060958 0.5546455612572566 263
1694720061202 0.0673009151004846 264
1694720061499 0.003960909389284703 265
1694720061839 0.07462968385998707 266
1694720062120 0.04825806630946786 267
1694720062455 0.058848527740136956 268
1694720062703 0.11358226491494836 269
1694720063031 0.10620670755630346 270
1694720063288 0.040864402793659174 271
1694720063593 0.08212211981764354 272
1694720063958 0.03373058095543027 273
1694720064287 0.5913645667916122 274
1694720064589 0.38240693150866795 275
1694720065107 0.008439248867088738 276
1694720065572 0.677130026159314 277
1694720065965 1.5940363619934148 278
1694720066281 0.026597567468696796 279
1694720066559 0.02935821910578994 280
1694720066849 0.25983454908853093 281
1694720067272 0.33830423087568545 282
1694720067539 0.1086820535391817 283
1694720067871 0.17902762546235057 284
1694720068187 1.4052533942293823 285
1694720068621 0.7291315683253914 286
1694720068890 0.14975215989437948 287
1694720069295 0.03942330341827263 288
1694720069585 5.707113009098767 289
1694720069986 0.20880917513544503 290
1694720070286 0.13736351751514334 291
1694720070675 0.17388517927680766 292
1694720070953 0.13747274495878495 293
1694720071242 2.223144169789583 294
1694720071465 2.1160431434803217 295
1694720071816 0.0028892174764623187 296
1694720072119 0.0010858110610116965 297
1694720072447 0.07170232878075812 298
1694720072692 0.4555295566976563 299
1694720072935 4.617835762829115e-07 300
1694720073134 0.7924242783578265 301
1694720073362 0.06549077634125461 302
1694720073599 0.19926584858702465 303
1694720073878 1.1153525762192744 304
1694720074190 2.3567601321958667 305
1694720074593 7.110405038788507 306
1694720074911 0.4581458173360173 307
1694720075182 2.2327366564228064 308
1694720075423 0.6206478424549606 309
1694720075639 3.0709551656481233 310
1694720075947 6.329691760597165 311
1694720076228 2.2005023081501673 312
1694720076547 1.8543510368347476 313
1694720076954 0.14395361072666327 314
1694720077345 0.43017511455307006 315
1694720077559 0.06164768800942696 316
1694720077775 0.8071904304898022 317
1694720078026 1.2980101336371446 318
1694720078232 0.09359678738075627 319
1694720078475 1.2962675236500825 320
1694720078694 4.702744135368608 321
1694720078958 0.2625382194665049 322
1694720079265 0.21238075629454942 323
1694720079571 0.33577325732846236 324
1694720079789 0.8250439023763069 325
1694720080102 1.3376814884240011 326
1694720080414 0.06908202663791767 327
1694720080727 0.0008869845037595825 328
1694720081004 0.9674374417618886 329
1694720081305 0.2977500163882378 330
1694720081555 0.24595269712114587 331
1694720081883 1.442848144639575 332
1694720082151 9.31094480359058 333
1694720082478 0.5912173959989401 334
1694720082713 0.10825074518037099 335
1694720082942 1.2351177378244476 336
1694720083177 0.016092378898472134 337
1694720083495 1.5028762225234291 338
1694720083731 0.8501887121649773 339
1694720084049 3.263107190679678 340
1694720084357 0.0019394798641844371 341
1694720084634 3.40674870555871 342
1694720084924 0.6800106437656809 343
1694720085213 0.05337649953084387 344
1694720085520 1.4946006103913405 345
1694720085752 1.178776432100185 346
1694720085972 0.1496042839872533 347
1694720086326 1.2972452731486206 348
1694720086616 0.8412738521663398 349
1694720086810 0.2074370523243589 350
1694720087074 0.018549570238260846 351
1694720087354 0.022695968793784934 352
1694720087641 0.2927213524067174 353
1694720087936 1.1354520297601849 354
1694720088221 1.0887860129190843 355
1694720088544 2.5514569254818746 356
1694720088831 0.7827409716880355 357
1694720089095 0.3331914963902456 358
1694720089371 0.708607821003765 359
1694720089653 0.8188388483576134 360
1694720089907 0.054843909506806135 361
1694720090184 4.584991133794235 362
1694720090519 0.5784845603380542 363
1694720090913 5.097880766800938 364
1694720091275 0.0654237277103412 365
1694720091566 0.5570212899803615 366
1694720091795 1.7995694944009932 367
1694720092085 0.4304511478555395 368
1694720092424 0.5131676036435987 369
1694720092688 0.5091405828815782 370
1694720092956 1.021660176845097 371
1694720093249 5.64799003610874e-05 372
1694720093559 3.03156604736653 373
1694720093771 1.2706433813740419 374
1694720094042 0.3089789784527384 375
1694720094340 0.9363124230879545 376
1694720094652 0.17613101993668676 377
1694720094898 0.1481721412058807 378
1694720095236 0.07159049540851105 379
1694720095553 0.17725989591172792 380
1694720095807 0.09066287251797181 381
1694720096085 0.7355924713993416 382
1694720096345 1.4457286685253559 383
1694720096652 0.02513625836005253 384
1694720096877 0.043092452832945334 385
1694720097177 0.04518141527677384 386
1694720097510 0.556017735370113 387
1694720097772 1.256149099638926 388
1694720098028 4.819005958372057 389
1694720098356 0.6998590732427654 390
1694720098668 1.84101082093859 391
1694720098918 2.505507395163566 392
1694720099216 4.233770523551415 393
1694720099573 0.6521005133145701 394
1694720099858 0.28547007723056267 395
1694720100137 0.13313283773483525 396
1694720100437 0.004518951798920813 397
1694720100774 1.2659155772646111 398
1694720101055 0.11138444328765626 399
1694720101339 2.4503547228679623 400
1694720101771 1.7802372656022079 401
1694720102065 4.565967610737668 402
1694720102418 1.4195320310749893 403
1694720102703 0.00943583972250899 404
1694720102972 0.4015523021164247 405
1694720103211 5.4033384181871895 406
1694720103497 0.04316653007399162 407
1694720103762 0.29192671998146436 408
1694720104048 0.0021432115162367004 409
1694720104337 0.14145570745469832 410
1694720104667 0.4998367993760225 411
1694720104935 6.387157028626672 412
1694720105236 0.6040737799202978 413
1694720105522 0.3436160938604001 414
1694720105794 0.010514620056726192 415
1694720106057 0.0216528122384874 416
1694720106404 0.24194424097467562 417
1694720106674 0.29105792726310936 418
1694720106915 0.2633136618391528 419
1694720107187 0.007900403676536988 420
1694720107493 0.4908228728302581 421
1694720107766 0.11481395632783606 422
1694720108010 0.07692407809007484 423
1694720108277 0.017101682468105225 424
1694720108624 0.1509198605053636 425
1694720108899 0.824635954285343 426
1694720109144 1.3368192608394164e-07 427
1694720109469 0.7342187433957448 428
1694720109744 0.1857780621166012 429
1694720109979 7.930063309470893 430
1694720110188 0.20108813641653078 431
1694720110414 0.052814818549155755 432
1694720110804 1.8963612580684672 433
1694720111076 0.7995260506585151 434
1694720111360 0.45754450871532 435
1694720111667 0.002472073666669597 436
1694720111934 0.033428134428584375 437
1694720112176 0.03857198827144064 438
1694720112519 0.6163945151498952 439
1694720112932 0.9469918947863428 440
1694720113244 0.06504365799313229 441
1694720113536 0.012288574647695368 442
1694720113801 0.2895820229980993 443
1694720114065 2.2652082872832486 444
1694720114363 0.8825247866674104 445
1694720114578 0.695800876137921 446
1694720114847 0.48764617391956894 447
1694720115167 0.1595325285857356 448
1694720115528 0.2686423072280158 449
1694720115851 0.4055374706569655 450
1694720116084 0.0037131160341850405 451
1694720116472 0.8958026691002404 452
1694720116767 1.940850532756572 453
1694720117148 0.3829543227298086 454
1694720117538 0.05237785496456604 455
1694720117872 0.1391308990259462 456
1694720118128 0.9880263006255227 457
1694720118395 2.8126772468325627 458
1694720118651 1.5981795013198077 459
1694720118968 3.1634544253740535 460
1694720119280 0.03822220489605275 461
1694720119549 0.9779796856340143 462
1694720119865 1.6928098087513386 463
1694720120163 0.221604689279546 464
1694720120453 0.017879701763405007 465
1694720120798 0.42130678830276685 466
1694720121079 0.007875367701122486 467
1694720121323 0.33884605562751646 468
1694720121556 0.4380350134031414 469
1694720121782 0.012788123720805495 470
1694720122026 0.2659864684503324 471
1694720122273 0.3914100062314423 472
1694720122571 0.176171457621565 473
1694720122863 0.2764768138669423 474
1694720123136 7.127298476923164 475
1694720123431 4.296837634914055 476
1694720123695 0.08607567756179733 477
1694720123977 0.8369700778018568 478
1694720124245 0.1077954683363111 479
1694720124525 0.14262805390352556 480
1694720124797 1.04901125707416 481
1694720125082 0.000784640627621426 482
1694720125330 0.22493856304219695 483
1694720125632 0.5361725407595994 484
1694720125911 0.05624371098777909 485
1694720126222 0.02166561407769124 486
1694720126624 0.18545237250925012 487
1694720126917 0.48781671638694396 488
1694720127184 0.007869660026387648 489
1694720127475 0.018690189637527218 490
1694720127789 0.4580986454227096 491
1694720128079 1.0817932388277582 492
1694720128305 1.2163216928191267 493
1694720128581 0.9354891475407198 494
1694720128922 0.4998532601415122 495
1694720129231 0.03599165551564952 496
1694720129491 1.0274489567475609 497
1694720129748 0.23545043039992775 498
1694720130037 0.05491145746196651 499
