1694721543300 169.33022702445763 0
1694721543819 131.87371248225446 1
1694721544209 118.86301768485322 2
1694721544588 106.09372922315153 3
1694721544960 94.78748717951443 4
1694721545356 84.7101375159002 5
1694721545791 75.73210226245358 6
1694721546284 67.7332214663683 7
1694721546721 60.606721391778684 8
1694721547184 54.257456597214876 9
1694721547601 48.60065949330498 10
1694721548031 43.56080744234047 11
1694721548472 39.07061453895141 12
1694721548850 35.07013328323023 13
1694721549275 31.505954232117013 14
1694721549601 28.330492939002937 15
1694721550000 25.50135466188522 16
1694721550423 22.980768358384097 17
1694721550850 20.73508241098621 18
1694721551327 18.73431535002808 19
1694721551739 16.951755576198824 20
1694721552292 15.363604738525154 21
1694721552936 13.948660006639063 22
1694721553404 12.688030995399128 23
1694721553894 11.564887562574526 24
1694721554296 10.564235112481262 25
1694721554641 9.672714405687927 26
1694721554980 8.878423202084345 27
1694721555378 8.170757356100157 28
1694721555803 7.5402692425625455 29
1694721556183 6.978541623060988 30
1694721556666 6.4780752688301675 31
1694721557039 6.032188839823433 32
1694721557458 5.6349296832793 33
1694721557897 5.280994360867798 34
1694721558390 4.965657843388199 35
1694721558819 4.684710427708595 36
1694721559430 4.434401533736015 37
1694721559807 4.211389631060129 38
1694721560272 4.012697626749616 39
1694721560723 3.835673118691246 40
1694721561087 3.6779529838208367 41
1694721561472 3.537431828469507 42
1694721561900 3.4122338796112683 43
1694721562256 3.3006879417366535 44
1694721562631 3.2013050850059943 45
1694721563043 3.112758766800614 46
1694721563446 3.033867121278143 47
1694721563896 2.9635771804828828 48
1694721564304 2.9009508163498827 49
1694721564611 2.8451522159168436 50
1694721565056 2.7954367225275596 51
1694721565463 2.751140894047672 52
1694721565802 2.711673645361673 53
1694721566054 2.676508356896165 54
1694721566359 2.6451758438115878 55
1694721566748 2.617258091995299 56
1694721567163 2.592382677226312 57
1694721567594 2.5702177930029406 58
1694721568049 2.55046782065067 59
1694721568440 2.532869382567565 60
1694721568806 2.5171878259147427 61
1694721569185 2.5032140898062725 62
1694721569621 2.4907619141728743 63
1694721570079 2.4796653530354447 64
1694721570492 2.4697765589885434 65
1694721570913 2.460963809314849 66
1694721571299 2.4531097473775887 67
1694721571692 2.44610981581206 68
1694721572214 2.439870860598049 69
1694721572582 2.434309887376373 70
1694721572905 2.4293529534053158 71
1694721573337 2.4249341803636715 72
1694721573771 2.4209948748204955 73
1694721574128 2.4174827446290963 74
1694721574617 2.4143512007834946 75
1694721575050 2.411558735416528 76
1694721575464 2.409068367635388 77
1694721575834 2.406847149796013 78
1694721576313 2.4048657276247027 79
1694721576751 2.40309794831421 80
1694721577174 2.401520511362059 81
1694721577597 2.4001126574895064 82
1694721577966 2.3988558914879454 83
1694721578313 2.3977337352925217 84
1694721578740 2.396731507986298 85
1694721579202 2.395836129797829 86
1694721579622 2.395035947475361 87
1694721580016 2.3943205787062527 88
1694721580454 2.393680773504483 89
1694721580786 2.3931082907156664 90
1694721581155 2.3925957879908015 91
1694721581637 2.3921367237598212 92
1694721582052 2.391725269896202 93
1694721582474 2.391356233906642 94
1694721582882 2.391024989606965 95
1694721583287 2.390727415358725 96
1694721583820 2.390459839041908 97
1694721584250 2.390218989029091 98
1694721584669 2.3900019505064947 99
1694721585091 2.389806126558804 100
1694721585466 2.3896292034981936 101
1694721585852 2.3894691199746725 102
1694721586310 2.389324039455359 103
1694721586754 2.389192325705234 104
1694721587095 2.3890725209420514 105
1694721587482 2.3889633263737338 106
1694721587875 2.3888635848584223 107
1694721588368 2.3887722654556685 108
