1694723433881 3.037307635168596 0
1694723434047 2.5244736449003202 1
1694723434249 2.450052996817121 2
1694723434509 3.2670016100575485 3
1694723434762 2.8097664725048204 4
1694723435017 1.773202611198554 5
1694723435261 1.9276011034928817 6
1694723435516 2.4155014556302694 7
1694723435797 1.706426208088977 8
1694723435989 2.672945166713352 9
1694723436191 1.7747399942875732 10
1694723436420 3.049655263825231 11
1694723436632 1.745933267353482 12
1694723436863 1.5629521074603636 13
1694723437048 1.8117090703249155 14
1694723437233 4.682299021719051 15
1694723437415 2.377379082422976 16
1694723437589 1.7466099411258378 17
1694723437888 1.8874504608315505 18
1694723438112 2.5571655491019936 19
1694723438319 1.9894751893122835 20
1694723438547 2.5519903136109408 21
1694723438783 2.4753783918734795 22
1694723439018 2.126910140265457 23
1694723439301 2.100804584765679 24
1694723439488 2.0728456653338783 25
1694723439690 3.1425305306296702 26
1694723439905 1.6449391510816052 27
1694723440171 1.3528008383849681 28
1694723440409 2.0809200789590685 29
1694723440633 2.4270998902732983 30
1694723440863 2.8499155594424854 31
1694723441054 2.0763125254568777 32
1694723441283 1.4122835848207476 33
1694723441512 2.1748269559795936 34
1694723441750 2.324566079128606 35
1694723441975 1.9581217610528572 36
1694723442141 1.3056367431537304 37
1694723442451 1.5222167798747526 38
1694723442847 1.8113326452605623 39
1694723443056 2.7949349123576934 40
1694723443386 1.4275190398137556 41
1694723443630 2.2619936310379134 42
1694723443868 1.9660121460019648 43
1694723444103 2.228985053900751 44
1694723444428 1.9675576574869067 45
1694723444738 1.8139356211745679 46
1694723444989 1.6209804364520142 47
1694723445183 1.4898969376812137 48
1694723445471 1.882098414860105 49
1694723445770 1.545874630502885 50
1694723446021 1.3448807306636366 51
1694723446175 1.600611486930853 52
1694723446362 2.1255411129081496 53
1694723446596 1.1169034853190987 54
1694723446893 1.7042130500578196 55
1694723447079 1.1950022426489977 56
1694723447291 1.657213194585023 57
1694723447501 1.4297049632444454 58
1694723447751 1.6781703079605848 59
1694723447982 2.2881163369261808 60
1694723448138 1.367580631779693 61
1694723448345 1.8054634236526872 62
1694723448600 1.2606147815724096 63
1694723448844 1.3145759991187502 64
1694723449111 1.8660843517324377 65
1694723449346 0.886024764821668 66
1694723449574 1.6113903645335446 67
1694723449838 1.3620075641562939 68
1694723450064 1.594714272342989 69
1694723450275 1.6165540502409543 70
1694723450503 1.264207926068975 71
1694723450716 1.5557726462997046 72
1694723450956 1.3093183792330174 73
1694723451129 1.6384617038218217 74
1694723451387 2.7538255736997175 75
1694723451623 1.4585466993953229 76
1694723451861 2.172510615803206 77
1694723452104 1.9866049483796329 78
1694723452334 1.757826249249126 79
1694723452577 1.3591058406431442 80
1694723452832 1.2064937828108124 81
1694723453078 1.8953653881817916 82
1694723453409 1.3973291903830631 83
1694723453814 1.5691941145781017 84
1694723454109 0.9372753606258176 85
1694723454277 1.189697878267457 86
1694723454525 1.6017456272805815 87
1694723454826 1.3333734221988383 88
1694723455133 1.576938984998869 89
1694723455268 1.8914199353321501 90
1694723455490 1.992782590229464 91
1694723455776 1.4956974943673702 92
1694723455998 1.5056786462721683 93
1694723456211 1.1733765351513379 94
1694723456436 1.4851682415789447 95
1694723456661 0.7257262485390045 96
1694723456883 1.0675396451992816 97
1694723457112 1.6294454068827053 98
1694723457288 1.1779820297452601 99
1694723457464 1.5075150210956505 100
1694723457694 1.935086340392253 101
1694723457925 1.7026488599834055 102
1694723458192 1.5040238624917717 103
1694723458417 1.1423773248839235 104
1694723458629 1.2214948938317636 105
1694723458861 1.5681146479452677 106
1694723459088 1.5771161518757346 107
1694723459317 1.9700539416604965 108
1694723459585 1.8647216357026348 109
1694723459829 0.846255554491018 110
1694723460071 0.565972731984851 111
1694723460284 0.983970835821087 112
1694723460551 1.109262509643393 113
1694723460791 1.4432003209193596 114
1694723461013 1.4641783798310843 115
1694723461244 1.179628081945859 116
1694723461499 1.375635049507511 117
1694723461720 1.4510160827687473 118
1694723461924 0.9252122864968715 119
1694723462137 1.123442320143159 120
1694723462317 1.347759963651614 121
1694723462745 1.0141581246854492 122
1694723462967 1.2792527457620853 123
1694723463188 1.7569017315181241 124
1694723463436 1.3124092905552902 125
1694723463680 1.3441350538857613 126
1694723463926 1.100688928398654 127
1694723464202 1.0901475211944471 128
1694723464427 1.3234837579150138 129
1694723464699 1.5083310960796839 130
1694723465026 1.186678059002601 131
1694723465240 1.4452255645306291 132
1694723465479 1.4060325259254325 133
1694723465712 1.2148193554450557 134
1694723465954 1.5552058826240922 135
1694723466162 1.422936219869269 136
1694723466343 0.9551652232885269 137
1694723466580 0.905441334009423 138
1694723466725 1.2386158549592297 139
1694723466962 1.2542562660131449 140
1694723467227 0.9397211159525644 141
1694723467405 0.8484085144700558 142
1694723467640 0.8451860941694248 143
1694723467883 1.2616379322034443 144
1694723468136 1.221814185146859 145
1694723468318 0.7999798647093417 146
1694723468483 1.4065922872778258 147
1694723468687 1.3629325480729257 148
1694723468923 0.982550102593936 149
1694723469114 1.288440129710525 150
1694723469343 1.2324733126373262 151
1694723469507 1.2190195822007128 152
1694723469740 0.7502969565684454 153
1694723469973 1.1400264558719526 154
1694723470214 0.7235558016558064 155
1694723470359 1.152064630676402 156
1694723470523 0.8570646434621083 157
1694723470740 1.0105660817440392 158
1694723470953 0.9990866941037518 159
1694723471179 1.2891788743754926 160
1694723471440 1.3907181585799016 161
1694723471693 1.5597296937670662 162
1694723471891 1.4113851852076307 163
1694723472126 0.590317806398774 164
1694723472353 1.478437404681882 165
1694723472535 1.1756685618394662 166
1694723472771 1.023655841734628 167
1694723473021 1.262597678414343 168
1694723473295 1.2139387262137777 169
1694723473540 1.118379324483274 170
1694723473830 1.3232903812652568 171
1694723474082 1.2455807248016617 172
1694723474309 1.1056311747706296 173
1694723474523 1.0534134269497406 174
1694723474764 0.8603211299537353 175
1694723475042 1.1891183880803597 176
1694723475324 1.3086441159886306 177
1694723475535 1.140828437285981 178
1694723475733 1.1442154562389826 179
1694723476007 1.0667321495455637 180
1694723476219 1.1041034337299236 181
1694723476393 1.1559498409305373 182
1694723476642 1.1827888887019513 183
1694723476961 1.1097267184632598 184
1694723477200 1.4025998654267138 185
1694723477411 2.0919105370945505 186
1694723477696 1.3423273126478636 187
1694723477934 1.2183298329797971 188
1694723478226 0.8238145314376187 189
1694723478418 1.24934891698893 190
1694723478570 1.1820568297414225 191
1694723478750 1.2065082937229588 192
1694723478987 0.9689282689787223 193
1694723479198 1.1430963296649084 194
1694723479410 0.6641490873868561 195
1694723479643 1.0872676558582 196
1694723479892 0.9385804420193576 197
1694723480150 0.7046989814152841 198
1694723480432 1.0120107976310635 199
1694723480636 1.1762278616575117 200
1694723480880 1.950302157715936 201
1694723481092 0.9725445716999185 202
1694723481305 0.7426694686448523 203
1694723481534 0.9358624547609898 204
1694723481785 1.0860605331640336 205
1694723482033 0.9476040618652543 206
1694723482268 0.7984769978765813 207
1694723482514 1.0649873346845304 208
1694723482810 0.9367290134461301 209
1694723483072 1.024774418964062 210
1694723483395 1.626955229870334 211
1694723483577 1.164197054327927 212
1694723483741 1.3500590294503896 213
1694723483947 0.9151953405515865 214
1694723484246 1.1669727552526596 215
1694723484503 0.8649743367770044 216
1694723484807 0.7427895182166837 217
1694723485218 1.1390341895392813 218
1694723485448 0.7322087250255436 219
1694723485692 0.8036285671082073 220
1694723485914 0.9829827166116155 221
1694723486157 0.6695596207628738 222
1694723486437 1.1863436069588713 223
1694723486711 0.7702998046866364 224
1694723486976 1.0638737663129303 225
1694723487258 2.02865515088589 226
1694723487513 1.1197928071100447 227
1694723487787 1.402957628036007 228
1694723488028 1.2273960303712605 229
1694723488264 0.7686830107168523 230
1694723488512 0.9838497245855228 231
1694723488699 0.6961639439666938 232
1694723488949 0.8450561796435878 233
1694723489264 0.9535682619998133 234
1694723489539 1.3148368235991594 235
1694723489833 1.2191700811495014 236
1694723490131 0.9771703659600217 237
1694723490427 0.9729873131783152 238
1694723490691 1.2271140978533928 239
1694723490970 1.3294981716142735 240
1694723491209 0.8133961775272458 241
1694723491427 1.4892104739913916 242
1694723491589 1.0807246457711899 243
1694723491853 1.1144053141330932 244
1694723492098 1.1459813777932406 245
1694723492323 1.025259148103646 246
1694723492513 0.748121290576953 247
1694723492727 1.1098029897571193 248
1694723492998 1.4410060729160616 249
1694723493269 0.7501146116792425 250
1694723493516 1.0771155301030737 251
1694723493765 0.7962214998054076 252
1694723494057 0.7977344122401636 253
1694723494306 0.9152438000463892 254
1694723494531 1.1358296187043613 255
1694723494718 0.6906612564091211 256
1694723495001 0.9383945490742132 257
1694723495262 0.9006825005240788 258
1694723495477 0.8695888243252828 259
1694723495683 1.116543189300961 260
1694723495857 1.0175047797694705 261
1694723496010 0.8506625375525256 262
1694723496237 0.9563305196165521 263
1694723496523 0.8421729061411728 264
1694723496733 0.9932684894964235 265
1694723496965 1.121262734236667 266
1694723497196 0.9586112365610857 267
1694723497422 0.9845616614663468 268
1694723497634 0.9393623714844098 269
1694723497847 0.840131251303381 270
1694723498053 1.23846801099299 271
1694723498271 1.2008116246269556 272
1694723498529 0.9008635365963907 273
1694723498760 0.8194029574788877 274
1694723498985 0.8454261138227654 275
1694723499187 0.8230672460049429 276
1694723499391 0.8881070405971115 277
1694723499594 1.7883604348419067 278
1694723499798 0.8733100620444721 279
1694723500037 0.9938834475783163 280
1694723500276 1.1989727066115012 281
1694723500520 1.087118864708623 282
1694723500728 1.2581191253687134 283
1694723500977 0.8277196985866496 284
1694723501185 0.8185364869629366 285
1694723501413 0.7756307042230433 286
1694723501606 0.9104693976957322 287
1694723501786 1.1987563045613672 288
1694723501955 1.3660805781201393 289
1694723502166 1.201737755908209 290
1694723502378 0.7824229200923205 291
1694723502586 1.2639645389592853 292
1694723502797 0.8992738571145081 293
1694723503029 1.2420110103929478 294
1694723503328 0.8050564795028371 295
1694723503564 0.9913793857950252 296
1694723503738 0.7767954147683406 297
1694723503948 0.7178372144083423 298
1694723504190 1.3787226474593448 299
1694723504433 0.6613698051727502 300
1694723504646 1.5941520916936307 301
1694723504920 1.0855291330320807 302
1694723505172 1.2656054641914107 303
1694723505430 0.6564318785968126 304
1694723505628 1.2009997726813284 305
1694723505855 1.1836808356959008 306
1694723506092 0.7138404525895764 307
1694723506301 0.7892214359349325 308
1694723506535 0.9029448036910088 309
1694723506712 1.1235362783268743 310
1694723506890 1.2874232352393213 311
1694723507126 1.0337604530430133 312
1694723507343 1.2745915795382141 313
1694723507593 0.9404940876830303 314
1694723507811 1.2419141884924696 315
1694723508021 1.0639996827842142 316
1694723508266 0.914615223888957 317
1694723508514 0.719348559637903 318
1694723508732 0.9754646840469514 319
1694723508967 0.5871186776356675 320
1694723509215 1.235904919871241 321
1694723509450 1.105759716852659 322
1694723509702 0.7979482689137326 323
1694723509946 0.7760357367503482 324
1694723510181 1.2072246134860458 325
1694723510440 0.9320044181052525 326
1694723510655 1.0049614884568012 327
1694723510847 0.9842266784791085 328
1694723511094 0.6954863005170889 329
1694723511365 1.0482246956245131 330
1694723511594 1.111656008486903 331
1694723511772 0.8596526628187926 332
1694723512062 0.8706016399741543 333
1694723512296 0.8435096096645163 334
1694723512542 1.2566231336250484 335
1694723512778 0.9572501367654248 336
1694723513014 0.8881055003600702 337
1694723513262 0.6483329053571106 338
1694723513511 0.925756736214427 339
1694723513722 0.9126425544338953 340
1694723513946 1.3287830166508041 341
1694723514254 0.7873183180887126 342
1694723514503 1.1595767844973321 343
1694723514710 1.0204772567806524 344
1694723514917 0.9554861670054812 345
1694723515159 1.128675764966362 346
1694723515320 1.2336524081412947 347
1694723515481 1.773067576813604 348
1694723515698 0.9830401600418032 349
1694723515931 1.6004948437516826 350
1694723516157 0.7924123168498093 351
1694723516374 0.7061710289064692 352
1694723516618 0.8873144215042658 353
1694723516794 0.8938976728355107 354
1694723516957 0.7872956927809575 355
1694723517143 1.0640409770494244 356
1694723517363 0.6961040483292342 357
1694723517601 0.880115195646402 358
1694723517836 0.8281220075599326 359
1694723518057 0.4879791527072705 360
1694723518242 0.6444053999789259 361
1694723518464 0.8815430769053308 362
1694723518727 1.6613083427170283 363
1694723518934 0.6155593981723366 364
1694723519126 1.1475007108743152 365
1694723519285 0.5361679883435997 366
1694723519503 0.7975400857302599 367
1694723519701 0.7834759102562596 368
1694723519861 1.0486162634152352 369
1694723520041 0.7436168873579816 370
1694723520274 1.2261927318060857 371
1694723520490 1.2846126138889458 372
1694723520688 0.8013115660397613 373
1694723520903 1.295820820820742 374
1694723521067 0.5577555886361846 375
1694723521221 0.826654135586676 376
1694723521466 0.9966764705925218 377
1694723521691 0.7966160267051917 378
1694723521895 0.7398270178914416 379
1694723522090 1.0137862458107398 380
1694723522266 1.0233701885862774 381
1694723522466 0.8088119223038185 382
1694723522677 0.9448499450788602 383
1694723522865 1.0765665746734814 384
1694723523123 1.0561626404676885 385
1694723523374 1.146148007946888 386
1694723523580 0.8026886362991545 387
1694723523794 0.7187365903863756 388
1694723524003 0.7739835783933164 389
1694723524237 0.7779177054055911 390
1694723524387 0.9980027188012286 391
1694723524546 1.0120216010680472 392
1694723524705 1.0423951926177022 393
1694723524877 1.0968839848802048 394
1694723525180 1.2376602958998049 395
1694723525468 0.7354792631300322 396
1694723525708 0.5773139195392656 397
1694723525917 1.278066246725874 398
1694723526138 0.7729777378787116 399
1694723526386 1.3954469846489448 400
1694723526565 0.8250060283904526 401
1694723526786 1.1213041400615946 402
1694723527003 1.0414666600905977 403
1694723527244 0.7782328956745004 404
1694723527468 1.1616361748283 405
1694723527714 1.2646667400526075 406
1694723527884 0.8586365484339548 407
1694723528078 1.0403241448662544 408
1694723528315 1.2217425846117722 409
1694723528554 1.2729818036970848 410
1694723528783 0.80539940378332 411
1694723528992 0.9034610928156467 412
1694723529298 0.7540161106766944 413
1694723529701 1.3406272381289737 414
1694723529984 1.0709883855845568 415
1694723530171 1.0573954091026596 416
1694723530319 0.6942220367350554 417
1694723530567 1.0893350746009864 418
1694723530807 0.7602421791183016 419
1694723530968 1.122639833540933 420
1694723531132 1.1781188044550024 421
1694723531319 1.029649190832769 422
1694723531483 1.3125116255150249 423
1694723531681 1.052095677227161 424
1694723531879 0.7841958476231445 425
1694723532151 0.9053212160550633 426
1694723532385 0.6854934394740098 427
1694723532598 0.9584860786207695 428
1694723532852 0.4428202919770461 429
1694723533016 1.339034458539469 430
1694723533272 0.8456785100866095 431
1694723533849 0.9169666802647002 432
1694723534029 1.026460232534723 433
1694723534226 1.1395051639239557 434
1694723534517 1.011002427725293 435
1694723534676 1.5801800595813045 436
1694723534875 0.6686296859603592 437
1694723535067 1.1104449308587778 438
1694723535257 1.1153186714500407 439
1694723535474 1.060226803111078 440
1694723535711 1.1720499103270714 441
1694723535950 0.7799023574234837 442
1694723536204 1.3949190362197763 443
1694723536460 0.8482033928468656 444
1694723536850 1.0562359986450092 445
1694723537059 1.0517616024539758 446
1694723537236 0.7489314616498325 447
1694723537436 1.0018908211212731 448
1694723537643 0.8906819169218064 449
1694723537883 0.9685745580888419 450
1694723538069 0.7839258757143104 451
1694723538325 1.1810848757047858 452
1694723538567 1.061842265403162 453
1694723538826 0.8256489341526947 454
1694723539012 0.8445252366342331 455
1694723539214 1.1252237644923493 456
1694723539450 0.8717603624961849 457
1694723539681 1.2484915875621898 458
1694723539896 0.8595531143151063 459
1694723540078 0.727162086885354 460
1694723540283 0.8264354885722649 461
1694723540524 1.3571084528744761 462
1694723540736 1.056674245265748 463
1694723540959 1.197578587046891 464
1694723541154 0.753842929004115 465
1694723541303 0.9728018917498995 466
1694723541494 0.6561703849702211 467
1694723541736 0.728321790067049 468
1694723541970 1.0589809276594415 469
1694723542150 0.9112966143216691 470
1694723542291 0.729667171285875 471
1694723542470 0.7556973977326501 472
1694723542699 0.6329581830716564 473
1694723542933 1.364994574197625 474
1694723543130 1.3640773060152354 475
1694723543426 1.3487867545080463 476
1694723543702 1.1597738561514954 477
1694723543907 1.1240119125166737 478
1694723544087 0.9880543672716201 479
1694723544315 1.0403658795575093 480
1694723544520 0.9215691574611143 481
1694723544726 1.2141315345605588 482
1694723544935 1.0891813538953075 483
1694723545165 1.0318232720976463 484
1694723545339 1.4261028513163068 485
1694723545612 0.9010888368593142 486
1694723545916 1.1399852921914928 487
1694723546133 0.8762877091505047 488
1694723546321 1.059014832292797 489
1694723546559 0.8009662308463964 490
1694723546771 1.1178109001284353 491
1694723546966 0.7848473147965682 492
1694723547152 0.8315013489983676 493
1694723547415 0.6184018694326806 494
1694723547649 0.9606636705044672 495
1694723547932 0.7598968675025599 496
1694723548162 0.6514111952764045 497
1694723548402 0.8126128685892898 498
1694723548649 2.456914499986592 499
