1694749151695 160.23557629064152 0
1694749152039 27770.422679620006 1
1694749152460 4986839.597193985 2
1694749152834 895685873.3814296 3
1694749153137 160874250569.1496 4
1694749153436 28894644235004.242 5
1694749153886 5189770659646974.0 6
1694749154187 9.321353563200868e+17 7
1694749154530 1.6742094776131787e+20 8
1694749154822 3.0070497336303947e+22 9
1694749155143 5.400965782022556e+24 10
1694749155399 9.700681386257356e+26 11
1694749155720 1.7423405952859054e+29 12
1694749156109 3.1294201191700786e+31 13
1694749156421 5.620755384316495e+33 14
1694749156737 1.0095445765428683e+36 15
1694749157073 1.8132442747302657e+38 16
1694749157419 3.2567703063703905e+40 17
1694749157803 5.849489214592275e+42 18
1694749158166 1.0506274883648483e+45 19
1694749158495 1.8870333439614143e+47 20
1694749158821 3.3893029457702675e+49 21
1694749159150 6.087531253735971e+51 22
1694749159479 1.0933822487440783e+54 23
1694749159804 1.9638252224741814e+56 24
1694749160187 3.5272289346710095e+58 25
1694749160591 6.335260294653823e+60 26
1694749161078 1.1378768927217572e+63 27
1694749161352 2.043742108091032e+65 28
1694749161706 3.6707677527341594e+67 29
1694749162012 6.5930705450400315e+69 30
1694749162321 1.184182223991072e+72 31
1694749162609 2.1269111714137245e+74 32
1694749162957 3.820147811236361e+76 33
1694749163257 6.861372254673832e+78 34
1694749163532 1.2323719275661042e+81 35
1694749163880 2.2134647581880716e+83 36
1694749164215 3.9756068165369416e+85 37
1694749164484 7.140592368244091e+87 38
1694749164745 1.2825226870357452e+90 39
1694749165090 2.3035405999038512e+92 40
1694749165503 4.1373921483367155e+94 41
1694749165840 7.431175204740391e+96 42
1694749166184 1.3347143065891995e+99 43
1694749166453 2.3972820329649636e+101 44
1694749166814 4.305761253329726e+103 45
1694749167148 7.733583164491409e+105 46
1694749167526 1.389029838007253e+108 47
1694749167914 2.494838226778595e+110 48
1694749168239 4.48098205487452e+112 49
1694749168548 8.048297464976041e+114 50
1694749168871 1.445555712821387e+117 51
1694749169183 2.5963644211263852e+119 52
1694749169555 4.663333379336784e+121 53
1694749169891 8.375818906577923e+123 54
1694749170232 1.5043818798510486e+126 55
1694749170592 2.7020221731952774e+128 56
1694749170911 4.853105399781736e+130 57
1694749171240 8.716668669501876e+132 58
1694749171582 1.565601948337919e+135 59
1694749171938 2.8119796146611585e+137 60
1694749172339 5.050600097722433e+139 61
1694749172674 9.071389143120656e+141 62
1694749173037 1.629313336904976e+144 63
1694749173355 2.926411719234428e+146 64
1694749173746 5.256131743658625e+148 65
1694749174061 9.440544789071338e+150 66
1694749174424 1.695617428577345e+153 67
1694749174761 3.0455005810931304e+155 68
1694749175123 5.4700273971709314e+157 69
1694749175431 9.824723039475128e+159 70
1694749175677 1.7646197321116845e+162 71
1694749175974 3.1694357046468627e+164 72
1694749176323 5.692627427366078e+166 73
1694749176569 1.0224535231709705e+169 74
1694749176880 1.8364300498907448e+171 75
1694749177234 3.2984143060924166e+173 76
1694749177557 5.9242860545014345e+175 77
1694749177830 1.0640617581221716e+178 78
1694749178164 1.911162652650355e+180 79
1694749178459 3.432641627241124e+182 80
1694749178802 6.1653719136506564e+184 81
1694749179174 1.1073632193927317e+187 82
1694749179462 1.988936461316804e+189 83
1694749179717 3.5723312621172114e+191 84
1694749180008 6.416268641307408e+193 85
1694749180397 1.1524268119811914e+196 86
1694749180681 2.0698752362440279e+198 87
1694749180967 3.717705496846941e+200 88
1694749181224 6.677375485860677e+202 89
1694749181616 1.1993242449405554e+205 90
1694749182047 2.1541077741516805e+207 91
1694749182400 3.8689956633793374e+209 92
1694749182719 6.949107942913021e+211 93
1694749183034 1.2481301454878922e+214 94
1694749183357 2.241768113077541e+216 95
1694749183707 4.026442507601462e+218 96
1694749184001 7.231898416452839e+220 97
1694749184319 1.298922177757561e+223 98
1694749184650 2.3329957456703283e+225 99
1694749185004 4.190296572433872e+227 100
1694749185333 7.526196906932653e+229 101
1694749185664 1.3517811663870368e+232 102
1694749186026 2.4279358411623464e+234 103
1694749186429 4.360818596516021e+236 104
1694749186689 7.832471727348412e+238 105
1694749187038 1.40679122513201e+241 106
1694749187385 2.52673947637524e+243 107
1694749187712 4.53827992911594e+245 108
1694749188058 8.151210248459308e+247 109
1694749188386 1.4640398907154042e+250 110
1694749188687 2.629563876126379e+252 111
1694749188968 4.722962961924461e+254 112
1694749189332 8.482919674333942e+256 113
1694749189636 1.5236182621233254e+259 114
1694749189953 2.736572663418479e+261 115
1694749190377 4.915161578421099e+263 116
1694749190708 8.828127849456861e+265 117
1694749191042 1.5856211455695664e+268 118
1694749191428 2.847936119810529e+270 119
1694749191690 5.1151816215266313e+272 120
1694749191962 9.187384098680056e+274 121
1694749192303 1.6501472053593954e+277 122
1694749192603 2.963831456384449e+279 123
1694749192905 5.323341380286595e+281 124
1694749193248 9.56126010135571e+283 125
1694749193588 1.7172991208926532e+286 126
1694749193927 3.084443095738524e+288 127
1694749194252 5.5399720963601085e+290 128
1694749194599 9.95035080104145e+292 129
1694749194914 1.7871837500560322e+295 130
1694749195255 3.2099629654564916e+297 131
1694749195642 5.765418491120002e+299 132
1694749195891 1.0355275352225553e+302 133
1694749196147 1.8599122992644878e+304 134
1694749196458 inf 135
