1694719285937 4.486094887631585 0
1694719286504 0.8271007608940915 1
1694719287031 1.0864939714409652 2
1694719287321 0.18005537592501375 3
1694719287646 4.193240032894434 4
1694719288012 16.839481447791766 5
1694719288325 1.0274392507238128 6
1694719288629 0.21257383044977546 7
1694719288887 4.541705654520117 8
1694719289189 0.44568270856208303 9
1694719289487 0.35141129009370814 10
1694719289758 1.264651566025012 11
1694719290125 0.8092525586044472 12
1694719290439 0.2881465545198153 13
1694719290758 0.24615688795101476 14
1694719291085 3.6583911211523135 15
1694719291372 0.9863361329399994 16
1694719291680 0.40058928229319324 17
1694719291939 0.0025599003720102086 18
1694719292268 0.8509283191823529 19
1694719292633 0.07188755049903787 20
1694719292983 0.8258726766851093 21
1694719293395 0.24281342479899704 22
1694719293675 0.0006605902239543639 23
1694719293937 5.790492446243972 24
1694719294259 3.812542752806103 25
1694719294621 1.4508995305748031 26
1694719294888 0.6339392636595036 27
1694719295539 0.39764048953513365 28
1694719295871 1.0278233023320529 29
1694719296229 0.3332967928050345 30
1694719296612 1.9687845574797664 31
1694719296928 6.853055358719461e-06 32
1694719297363 0.007004198418721204 33
1694719297691 1.8923394819744397 34
1694719297925 0.002525089649947704 35
1694719298205 0.287174959303284 36
1694719298635 2.86415784146708 37
1694719299017 0.980728876606267 38
1694719299396 0.036584356051633876 39
1694719299942 3.849509462127067 40
1694719300376 0.2809440289919492 41
1694719300706 2.9582624560347006 42
1694719301013 0.7597837493445809 43
1694719301323 0.1456367822647997 44
1694719301609 4.898919109149724 45
1694719301954 0.9998151580809435 46
1694719302297 0.43347878978939447 47
1694719302651 0.05235988641308442 48
1694719302928 1.0470008019867327 49
1694719303358 0.4029866660373396 50
1694719303716 0.028820775592911296 51
1694719303964 2.417564814050715 52
1694719304315 0.4036691540271101 53
1694719304674 0.23373773122549807 54
1694719304931 0.0007031271220117727 55
1694719305228 1.8248648225066795 56
1694719305566 0.32944547947898095 57
1694719305986 0.3912084483547205 58
1694719306235 0.001147041012968883 59
1694719306615 4.034701685716304 60
1694719306882 0.014286430078369805 61
1694719307217 5.501913757703403 62
1694719307524 4.281287899052686 63
1694719307939 0.6968653006362643 64
1694719308224 2.269199710193608 65
1694719308572 0.033447527174311695 66
1694719308879 0.0016706105693974117 67
1694719309131 0.295978326898029 68
1694719309443 0.1014225114170428 69
1694719309765 0.07971862511617367 70
1694719310113 0.038259424896047924 71
1694719310405 1.5943535753632332 72
1694719310747 0.4017457327698595 73
1694719311103 0.15918451840375972 74
1694719311471 0.5068420744331538 75
1694719311837 2.4735919272780027 76
1694719312065 0.1357890375299874 77
1694719312496 0.005622530956653889 78
1694719312824 0.5665982608737746 79
1694719313079 7.209222085096987 80
1694719313453 7.036020180098725 81
1694719313779 0.07119970642112274 82
1694719314082 0.09628225564303786 83
1694719314702 0.028741993690614254 84
1694719315026 5.01682345397545 85
1694719315300 0.045511821130356525 86
1694719315669 1.2352958887761236 87
1694719315969 0.6495179922314315 88
1694719316242 2.6502173881721376 89
1694719316570 0.05230903853427835 90
1694719317029 0.4361129222200956 91
1694719317350 0.38750106927585676 92
1694719317701 1.542038402318383 93
1694719318087 0.28454113497839106 94
1694719318386 0.03359354818340254 95
1694719318696 1.2709921826684993 96
1694719319047 1.7617038449493065 97
1694719319398 11.687626883981737 98
1694719319704 0.14858353211465264 99
1694719320127 3.066312028221304 100
1694719320357 0.6074541780306875 101
1694719320676 0.2976587658007109 102
1694719321049 0.6739010472750692 103
1694719321401 0.36255964263489665 104
1694719321776 0.3784153730779646 105
1694719322121 0.2621029272104764 106
1694719322420 0.8169837203762211 107
1694719322760 4.991219274056332 108
1694719323116 0.23591604647706954 109
1694719323529 0.23198531435124065 110
1694719323957 0.01327312894179631 111
1694719324278 0.6714749111768534 112
1694719324504 0.02280963950272785 113
1694719324837 3.239494425370512 114
1694719325166 0.40622213893227116 115
1694719325482 0.011912892624652838 116
1694719325814 1.7923275154237557 117
1694719326257 2.0608855587357877 118
1694719326741 0.02190333089830895 119
1694719327043 0.023379310379568728 120
1694719327331 4.825720494788964 121
1694719327668 0.5661989735138404 122
1694719328038 0.008499509579242925 123
1694719328430 0.0271847245123642 124
1694719328883 0.8512986695546061 125
1694719329280 8.798621251041163e-05 126
1694719329891 2.468641030344474 127
1694719330272 0.043024626553673825 128
1694719330595 0.25913620601664056 129
1694719330917 0.11076022051743224 130
1694719331301 1.778323717590901 131
1694719331590 0.5665446179094162 132
1694719331997 1.774855336840192e-05 133
1694719332364 0.13306710144223818 134
1694719332657 3.7945841724741407 135
1694719333071 0.20584240547334312 136
1694719333416 0.004195876754680086 137
1694719333705 0.09045734366546898 138
1694719334045 0.10796133379093463 139
1694719334474 0.6240796870500361 140
1694719334783 0.03647996223898252 141
1694719335231 0.023242747075810748 142
1694719335547 1.3490403304588372 143
1694719335844 0.009294513125001857 144
1694719336357 0.08753668394752281 145
1694719336696 2.4892219469808263 146
1694719337052 1.2795933239190593 147
1694719337472 0.3082251798650371 148
1694719337769 0.0004000520295150505 149
1694719338115 1.0759261310023112 150
1694719338401 0.04236508642534881 151
1694719338698 1.729766135146507 152
1694719338987 0.0010349438770306466 153
1694719339289 0.16388092619387232 154
1694719339671 0.011760567348385084 155
1694719340019 0.5011082797052969 156
1694719340318 0.46073662199267684 157
1694719340685 3.0662761941409307 158
1694719340989 0.5303367844756935 159
1694719341330 0.030060070109155033 160
1694719341729 0.4863198510561329 161
1694719342071 0.7054183338259915 162
1694719342431 3.0295334719387794 163
1694719342799 4.114606432865378 164
1694719343056 2.8429068566023803 165
1694719343355 0.8670730083334331 166
1694719343660 0.4521404141148151 167
1694719343936 0.43793860449864086 168
1694719344304 0.7910172451529447 169
1694719344631 1.4861549916246248 170
1694719344951 0.08389204188765068 171
1694719345267 0.6326427037817597 172
1694719345590 0.014606297477273511 173
1694719345862 1.076486071686756 174
1694719346142 0.004701979075643817 175
1694719346518 0.7733252604267307 176
1694719346823 0.0066884374630902495 177
1694719347151 0.13862233933884296 178
1694719347474 1.112553929337978 179
1694719347804 0.08508164940676467 180
1694719348039 0.5637321322534763 181
1694719348443 1.0755354388678817 182
1694719348796 3.2625697993544103 183
1694719349081 0.10321606091944334 184
1694719349417 0.21340269809244947 185
1694719349784 0.5863846669815342 186
1694719350220 1.2900369254622635 187
1694719350572 0.001329210319569605 188
1694719350962 1.079026236084398 189
1694719351252 0.39199494796948275 190
1694719351642 0.9734246347868037 191
1694719351959 1.2180175118795107 192
1694719352285 0.16403564320201255 193
1694719352629 2.664387443007389 194
1694719352956 0.7516611690844919 195
1694719353321 0.08256179503048496 196
1694719353735 0.022901255925789267 197
1694719354020 1.7572361606070395 198
1694719354284 0.0989996136063684 199
1694719354564 0.5869458760740738 200
1694719354860 0.01535383284364449 201
1694719355118 0.0021440739226718545 202
1694719355460 0.08560504146555742 203
1694719355764 0.08911752352451957 204
1694719356045 0.1382739775158484 205
1694719356289 0.13198203155251198 206
1694719356582 0.13868956765833607 207
1694719356897 0.547913811293424 208
1694719357117 0.8200846501060265 209
1694719357421 0.16757645459993503 210
1694719357847 0.1752251747772257 211
1694719358203 0.0037712734879390467 212
1694719358553 0.6291805019087674 213
1694719358847 0.3310185640511894 214
1694719359163 1.8982870144544397 215
1694719359548 0.0025986429214312516 216
1694719360029 0.38582111579930695 217
1694719360520 0.0005331660497088099 218
1694719360946 3.682617138529902 219
1694719361260 0.6281182286250174 220
1694719361620 0.780476760715736 221
1694719362001 0.27824112787714567 222
1694719362314 0.19400787617152757 223
1694719362648 0.20067077781310855 224
1694719362967 0.6388860362315171 225
1694719363274 2.400053577736852 226
1694719363600 0.12552194973030534 227
1694719363891 0.027434375087753406 228
1694719364186 2.474942649170974 229
1694719364497 1.705405543513137 230
1694719364796 0.8775591823157681 231
1694719365115 0.5664240736097331 232
1694719365376 0.17548434602608284 233
1694719365683 1.376306236768789 234
1694719366120 2.274030938012747 235
1694719366369 3.8944388991851633 236
1694719366719 0.5310164436767081 237
1694719367005 2.806816113690565 238
1694719367319 5.178929886397568 239
1694719367716 0.12339056682784752 240
1694719368063 2.065692405668702 241
1694719368398 0.35144429207260125 242
1694719368877 2.472314480526402 243
1694719369194 3.2065269843309863 244
1694719369485 0.45910219300128435 245
1694719369885 0.4721859101213476 246
1694719370368 0.2691181567349756 247
1694719370606 0.42967117596024645 248
1694719370927 0.01703776809821697 249
1694719371298 2.149106605639851 250
1694719371600 0.061896062047929946 251
1694719371986 0.06644436130150648 252
1694719372306 4.583701497083106 253
1694719372603 1.6333971681089618 254
1694719372964 1.8274284514070456 255
1694719373478 0.06505691081563651 256
1694719373795 2.31869644820297 257
1694719374132 0.0171146459191163 258
1694719374446 1.1051300234630124 259
1694719374798 0.011742970199173693 260
1694719375080 4.499001720875887 261
1694719375379 0.0031733235763472052 262
1694719375711 1.0983983178319896 263
1694719376050 1.1087357632135773 264
1694719376567 1.001293106082209 265
1694719376864 0.029229691158107057 266
1694719377168 0.8328459762854267 267
1694719377496 1.2761610030206776 268
1694719377783 0.12575556775983976 269
1694719378126 0.8812370263374139 270
1694719378468 0.04881972673497119 271
1694719378877 0.007348906146817023 272
1694719379224 0.7989946371391383 273
1694719379572 0.010485911716767557 274
1694719379883 0.012850165075320965 275
1694719380390 1.5226958941745883 276
1694719380801 0.5245175358942716 277
1694719381199 2.5764437827885343 278
1694719381569 0.04759004573641762 279
1694719381830 0.05069651866653286 280
1694719382124 1.986937164561545 281
1694719382501 0.19115639127411635 282
1694719382786 1.27976470805323 283
1694719383063 0.016109339320585486 284
1694719383415 0.7580468576230301 285
1694719383661 2.8540024213503643 286
1694719383960 0.437482485661709 287
1694719384333 14.1330792039545 288
1694719384731 1.9080151537841834 289
1694719385045 0.6757620434886655 290
1694719385522 0.8338236704833858 291
1694719385820 0.005606008012603011 292
1694719386189 0.47470760291140074 293
1694719386608 3.064101444559034 294
1694719387025 2.3552377691874495 295
1694719387358 0.4357524945743951 296
1694719387825 0.6629163132398731 297
1694719388103 0.27288507287992414 298
1694719388469 2.7508169399369273 299
1694719388760 0.009570428586135703 300
1694719389095 3.4867527038778414 301
1694719389473 0.1375280377853718 302
1694719389744 0.1840490741987249 303
1694719390072 0.020719776627625936 304
1694719390307 0.0258326660247054 305
1694719390584 0.6178190228201093 306
1694719390804 0.30839090094574934 307
1694719391040 0.039888700228210824 308
1694719391418 9.535454936419182 309
1694719391816 0.11594561603153244 310
1694719392065 0.000784063341047458 311
1694719392390 0.0734633776653591 312
1694719392701 0.07620367496020047 313
1694719393001 0.20450019172987208 314
1694719393317 0.6974809897505648 315
1694719393650 0.025575036539434104 316
1694719393989 0.0009312786907734041 317
1694719394361 0.3455804286499996 318
1694719394659 0.9339938473074535 319
1694719394946 0.3471335515526289 320
1694719395282 0.005168955346690412 321
1694719395589 0.014845378094937406 322
1694719395893 0.08651363583651342 323
1694719396335 0.17710627022913514 324
1694719396663 0.6898924338900603 325
1694719397052 0.230229211851247 326
1694719397465 0.8871472895215113 327
1694719397777 0.032234694838211814 328
1694719398094 0.18812220134237076 329
1694719398470 0.3436743630614551 330
1694719398777 0.4294009904804422 331
1694719399014 0.48899473162296064 332
1694719399362 0.2185828939516337 333
1694719399685 0.034127414301066014 334
1694719399971 0.22482349973253987 335
1694719400489 0.09793569958589918 336
1694719400839 0.0028749742898075054 337
1694719401133 0.13877169096499742 338
1694719401433 0.038149969614922896 339
1694719401842 0.0001327493662656388 340
1694719402099 0.4340000741310154 341
1694719402575 0.024786004714710333 342
1694719402963 0.09639016662856568 343
1694719403253 0.08402230123142068 344
1694719403605 0.1593137796184326 345
1694719403908 0.016383969876976826 346
1694719404210 0.013407711260451764 347
1694719404551 2.9313925436228567 348
1694719405139 0.034721875427127465 349
1694719405438 0.18739644699323144 350
1694719405753 0.7172130818187651 351
1694719406015 1.187556384219516 352
1694719406228 2.1201303235265625 353
1694719406501 0.13345518952325366 354
1694719406800 0.039914799612175714 355
1694719407088 6.602589182467389 356
1694719407448 0.8352071275296186 357
1694719407745 1.297109070661053 358
1694719408018 0.003664232734681318 359
1694719408329 0.8975141284696904 360
1694719408669 0.26433564010460575 361
1694719408949 0.02046110153707972 362
1694719409232 1.9083868986453374 363
1694719409556 1.6707003254690855 364
1694719409916 0.1313954556899328 365
1694719410330 3.0058267329583512 366
1694719410678 0.03396034985965282 367
1694719411018 0.3697317959757457 368
1694719411351 0.48616875224996814 369
1694719411681 0.5206774454774578 370
1694719412072 2.6064097616350255 371
1694719412420 0.00010910490608583118 372
1694719412743 4.698438016593484 373
1694719413197 1.8418117641988003 374
1694719413504 1.13274185950774 375
1694719413818 0.03742548259162261 376
1694719414162 0.6900128257472528 377
1694719414416 0.015598989394250916 378
1694719414749 0.741177822215952 379
1694719415176 2.8496233368856063 380
1694719415494 0.5029047190814938 381
1694719415811 1.4088972484067361 382
1694719416291 0.09553734402543566 383
1694719416695 0.0008233300899388408 384
1694719416974 0.32219131799838874 385
1694719417188 0.15181497080630912 386
1694719417459 0.19950060435363498 387
1694719417778 1.1720909168472537 388
1694719418063 0.4685364377135197 389
1694719418295 0.046483233061263306 390
1694719418663 3.5585931965698645 391
1694719418988 4.695451305623534 392
1694719419235 0.2358313373666986 393
1694719419637 0.37296006848794194 394
1694719420026 1.5849095594336773 395
1694719420303 0.000593317570676501 396
1694719420623 0.6451462738393111 397
1694719421047 0.10427384720381927 398
1694719421396 0.11949873895864713 399
1694719421742 1.626002935012579 400
1694719422096 0.04213975058527868 401
1694719422388 0.004011843746642849 402
1694719422731 0.08043497603059888 403
1694719423146 0.9968350708457427 404
1694719423414 0.3656006897749134 405
1694719423726 0.005082404041354888 406
1694719424017 1.781189979649672 407
1694719424327 0.024114762201697632 408
1694719424650 0.03915221813382535 409
1694719425005 3.0289492034130228 410
1694719425508 0.0007668736456883596 411
1694719425807 0.10684617235860781 412
1694719426108 1.455506163553628 413
1694719426545 1.726493386863539 414
1694719426914 0.46652339657842146 415
1694719427207 0.4161063953210508 416
1694719427547 0.18917182332072682 417
1694719427918 0.18991113668441947 418
1694719428205 2.837609513714634 419
1694719428455 0.4510655836936821 420
1694719428804 0.8413208768538997 421
1694719429248 0.1396972852236374 422
1694719429557 0.628816900462445 423
1694719429843 0.007524570636547815 424
1694719430252 0.8510242994073718 425
1694719430514 0.6477185160606397 426
1694719430830 1.1004009333977127 427
1694719431172 0.8749985947879347 428
1694719431439 1.2326400694471795 429
1694719431803 0.7624398151853705 430
1694719432223 1.2872046229581646 431
1694719432508 0.007502461432014215 432
1694719432910 1.1503449125023903 433
1694719433302 0.18053315841670753 434
1694719433572 1.2356826787483333 435
1694719433935 0.5058174256336097 436
1694719434303 1.6867738245168455 437
1694719434651 1.501061829969881 438
1694719434973 1.9897781047989906 439
1694719435272 0.3953560997637785 440
1694719435534 5.151260670493818 441
1694719435841 8.63242177023736e-05 442
1694719436174 0.38893533534933744 443
1694719436506 1.9431606612337118 444
1694719436869 0.3026777245125205 445
1694719437242 0.3036295721867252 446
1694719437507 0.040677668948785085 447
1694719437770 0.0012329289341233053 448
1694719438104 0.2829732364193686 449
1694719438444 0.2565194193300491 450
1694719438707 0.0021940303275010792 451
1694719439012 1.9703926974407373 452
1694719439240 3.550040733317835 453
1694719439518 0.3095400979486254 454
1694719439797 0.6824288887034186 455
1694719440273 0.005263089134420639 456
1694719440593 0.14581342276916737 457
1694719440878 1.1152667287722005 458
1694719441260 0.052052569779599815 459
1694719441619 2.6880606730655634 460
1694719442052 0.6257032934967767 461
1694719442376 0.44568508074600505 462
1694719442672 0.06458300432782482 463
1694719443027 2.308296169800235 464
1694719443350 0.046153704482493146 465
1694719443693 1.0070267087812972 466
1694719444026 0.5176252071670007 467
1694719444324 0.6204310158134728 468
1694719444665 1.460689667030969 469
1694719444988 1.3869205135371356 470
1694719445336 0.379724282485002 471
1694719445719 0.09868638457740801 472
1694719446075 6.0257596949876175 473
1694719446418 0.01571437923283803 474
1694719446674 0.30956038187404034 475
1694719446971 1.1903491346570567 476
1694719447333 1.623752011643047 477
1694719447686 0.007437881432039799 478
1694719448013 1.0186162594174522 479
1694719448271 5.605405074553463 480
1694719448567 0.030061784090913174 481
1694719448826 0.06881828905005559 482
1694719449103 0.4906908027036139 483
1694719449440 0.35298251958831506 484
1694719449679 2.1837172052637426 485
1694719449959 3.1884290934208606 486
1694719450369 0.23368470770196254 487
1694719450690 0.33215852948970565 488
1694719450998 1.403559382878935 489
1694719451325 0.014806478466171252 490
1694719451657 0.39313137833900963 491
1694719452276 2.968218928354657 492
1694719452989 0.3252468048286972 493
1694719453368 0.3198685458061504 494
1694719453644 0.3845080617200388 495
1694719453954 0.02285292442460145 496
1694719454290 2.5006433802550205 497
1694719454630 0.1517955152455081 498
1694719455002 3.809526509631842 499
