1694752563222 168.8278829759285 0
1694752563483 823406.1171271321 1
1694752563801 17081713881.381283 2
1694752564235 351842381253961.1 3
1694752564555 7.247290843457676e+18 4
1694752564884 1.4928053807281582e+23 5
1694752565191 3.07489785292922e+27 6
1694752565521 6.333710293385141e+31 7
1694752565854 1.304624998918833e+36 8
1694752566137 2.687281717923795e+40 9
1694752566662 5.535294078736827e+44 10
1694752567012 1.1401663001589279e+49 11
1694752567343 2.3485277810474678e+53 12
1694752567736 4.837524787027056e+57 13
1694752568017 9.964389714250584e+61 14
1694752568392 2.052476560817414e+66 15
1694752568868 4.227715046793222e+70 16
1694752569187 8.708296532148227e+74 17
1694752569491 1.7937450289925834e+79 18
1694752569847 3.694776833973846e+83 19
1694752570204 7.610544214601542e+87 20
1694752570641 1.5676287322639164e+92 21
1694752571174 3.229019861029788e+96 22
1694752571546 6.651172594844659e+100 23
1694752571919 1.3700162523095896e+105 24
1694752572363 2.8219753807730638e+109 25
1694752572713 5.81273764910762e+113 26
1694752573011 1.1973144488630229e+118 27
1694752573440 2.46624220117047e+122 28
1694752573869 5.0799943161213866e+126 29
1694752574289 1.0463831265063099e+131 30
1694752574643 2.155352111246254e+135 31
1694752574972 4.439619299829823e+139 32
1694752575219 9.144779372510382e+143 33
1694752575617 1.8836522711552523e+148 34
1694752575992 3.8799688150970853e+152 35
1694752576493 7.992004807178722e+156 36
1694752576885 1.6462024279535247e+161 37
1694752577176 3.390866871558772e+165 38
1694752577534 6.98454694598433e+169 39
1694752577910 1.4386850881654697e+174 40
1694752578339 2.9634202460328454e+178 41
1694752578665 6.104087424577055e+182 42
1694752579010 1.2573270138367932e+187 43
1694752579325 2.5898567791782325e+191 44
1694752579643 5.334617058920591e+195 45
1694752580022 1.0988306146549316e+200 46
1694752580425 2.2633840561879927e+204 47
1694752580838 4.662144754143724e+208 48
1694752581213 9.603139886563074e+212 49
1694752581589 1.978065901942085e+217 50
1694752581972 4.074443107822216e+221 51
1694752582383 8.392585212950112e+225 52
1694752582817 1.7287144449607128e+230 53
1694752583126 3.5608260820569515e+234 54
1694752583511 7.334630900793572e+238 55
1694752583886 1.510795787583078e+243 56
1694752584291 3.111954701813036e+247 57
1694752584676 6.410040420902167e+251 58
1694752585062 1.3203475671950248e+256 59
1694752585330 2.719667246579487e+260 60
1694752585633 5.602002166619454e+264 61
1694752585940 1.1539069095411796e+269 62
1694752586244 2.3768308477652275e+273 63
1694752586652 4.895823772417372e+277 64
1694752586961 1.0084474641139719e+282 65
1694752587358 2.0772117934624146e+286 66
1694752587772 4.278664966142144e+290 67
1694752588190 8.813243767491347e+294 68
1694752588549 1.8153621823598683e+299 69
1694752588908 3.73930409742932e+303 70
1694752589279 inf 71
