1694753255022 207.1311497378826 0
1694753255373 1375088.7907040885 1
1694753255721 28470310174.641018 2
1694753255991 586424213511694.1 3
1694753256314 1.2079234785823212e+19 4
1694753256691 2.4880948031979944e+23 5
1694753257199 5.125006559464437e+27 6
1694753257518 1.0556548006439909e+32 7
1694753257838 2.1744500132682022e+36 8
1694753258125 4.47895738011865e+40 9
1694753258481 9.225808406957823e+44 10
1694753258845 1.9003427257358473e+49 11
1694753259160 3.914348007198603e+53 12
1694753259548 8.062819466171117e+57 13
1694753259847 1.6607889136202078e+62 14
1694753260185 3.420912284066824e+66 15
1694753260538 7.046434835460059e+70 16
1694753260858 1.4514328274841883e+75 17
1694753261247 2.989678187467697e+79 18
1694753261832 6.158173837168151e+83 19
1694753262337 1.2684677958902248e+88 20
1694753262803 2.6128046913831726e+92 21
1694753263135 5.381885434878406e+96 22
1694753263472 1.1085670096077075e+101 23
1694753264008 2.2834391955397313e+105 24
1694753264595 4.703454562996844e+109 25
1694753265089 9.688230310396679e+113 26
1694753265447 1.995592926223233e+118 27
1694753265805 4.110545475904516e+122 28
1694753266084 8.466949289831761e+126 29
1694753266433 1.74403204384468e+131 30
1694753266852 3.5923774500573257e+135 31
1694753267205 7.399620774874751e+139 32
1694753267559 1.5241824772918634e+144 33
1694753267906 3.1395287606787966e+148 34
1694753268317 6.466837787456016e+152 35
1694753268822 1.3320467546928024e+157 36
1694753269263 2.743765368801119e+161 37
1694753269679 5.6516397585222226e+165 38
1694753270096 1.1641313183446755e+170 39
1694753270510 2.397891203711943e+174 40
1694753270887 4.9392041380822e+178 41
1694753271244 1.0173830021930791e+183 42
1694753271639 2.095617318528771e+187 43
1694753271993 4.316576880340167e+191 44
1694753272354 8.891335168468852e+195 45
1694753272728 1.831447539788079e+200 46
1694753273103 3.772436903391895e+204 47
1694753273472 7.770509327130259e+208 48
1694753273913 1.6005785318431264e+213 49
1694753274312 3.2968902407111863e+217 50
1694753274709 6.790972790807112e+221 51
1694753275110 1.3988124589654022e+226 52
1694753275488 2.881290141532557e+230 53
1694753275823 5.934914881894133e+234 54
1694753276236 1.2224806571056836e+239 55
1694753276690 2.518079849058569e+243 56
1694753277224 5.18677010501498e+247 57
1694753277749 1.0683769274566546e+252 58
1694753278079 2.2006551977657494e+256 59
1694753278460 4.532935123357846e+260 60
1694753278894 9.336992389099578e+264 61
1694753279313 1.9232445314488357e+269 62
1694753279688 3.961521412469053e+273 63
1694753280024 8.159987793974547e+277 64
1694753280379 1.6808037585820764e+282 65
1694753280775 3.4621390940679195e+286 66
1694753281162 7.13135429729474e+290 67
1694753281514 1.4689246368143316e+295 68
1694753281864 3.025708019385108e+299 69
1694753282202 6.232388503215303e+303 70
1694753282597 inf 71
