1694738013382 20.708771958463096 0
1694738013697 0.376792435928538 1
1694738014007 21.209499895309925 2
1694738014318 10.520703203890575 3
1694738014622 3.6973549940472776 4
1694738014941 20.367870628591525 5
1694738015166 9.151680860847458 6
1694738015426 3.8455536835531188 7
1694738015761 0.13769961417122764 8
1694738016087 11.456031413512074 9
1694738016399 1.796554205049944 10
1694738016760 0.015430252233646267 11
1694738017086 0.09277184535345852 12
1694738017375 1.8421493878645672 13
1694738017617 2.3513213536116226 14
1694738017921 0.16567008608635853 15
1694738018255 0.6313432119519127 16
1694738018658 0.07566964819972202 17
1694738018979 7.568301816968268 18
1694738019294 3.901256244542075 19
1694738019622 5.201775193829045 20
1694738019923 4.351777004840795 21
1694738020271 0.14501795774795007 22
1694738020559 0.021948362989000512 23
1694738020791 0.32734954216446055 24
1694738021006 2.5352372973301627 25
1694738021256 4.919215995061593 26
1694738021571 0.25839084579863897 27
1694738021826 0.5626181725197578 28
1694738022141 0.3836406289726465 29
1694738022692 8.65905016535064 30
1694738022933 0.5438292395522489 31
1694738023202 9.71706059809988 32
1694738023464 9.01738448677016 33
1694738023750 0.27291684956063833 34
1694738023998 0.02840465841107042 35
1694738024247 0.5693458721739528 36
1694738024527 2.266515327281685 37
1694738024889 0.002979311168841329 38
1694738025121 4.737726795542607 39
1694738025396 0.3983792049965171 40
1694738025702 0.27895300382989874 41
1694738025929 0.05521714398569408 42
1694738026170 2.4027052880190247 43
1694738026469 2.373690262383186 44
1694738026791 0.08853521109792459 45
1694738027132 0.20522696936442075 46
1694738027427 0.021126295003351836 47
1694738027790 0.7990803006752694 48
1694738028090 6.8962406312720725 49
1694738028402 1.0610690125736213 50
1694738028744 0.04876751945303716 51
1694738028949 0.005754315617880566 52
1694738029240 3.3960224355721578 53
1694738029559 0.8856060918335831 54
1694738029847 2.7392636639840378 55
1694738030167 2.705377844713856 56
1694738030506 2.8133193399337317 57
1694738030821 4.438484415314123 58
1694738031182 0.07003391286084139 59
1694738031545 8.072075437876881 60
1694738031826 0.9500690657505348 61
1694738032171 14.528098683396443 62
1694738032486 0.5364167406636878 63
1694738032794 0.5313367759904786 64
1694738033045 0.6950608520732185 65
1694738033331 0.4238595290294826 66
1694738033693 3.263732596493329 67
1694738033914 0.43590747852614875 68
1694738034209 0.26079105284064635 69
1694738034516 0.13159642824342507 70
1694738034833 0.7039889669236322 71
1694738035119 1.502229421844012 72
1694738035384 0.032803129879452865 73
1694738035651 6.082177318205578 74
1694738035930 0.0026583001244978 75
1694738036266 0.09330728076249478 76
1694738036647 3.1563668208901015 77
1694738036909 0.5298545287002234 78
1694738037226 5.608826462698028 79
1694738037527 3.4124281434370016 80
1694738037843 0.5593940592489443 81
1694738038162 2.036808132842377 82
1694738038468 8.971565100086439 83
1694738038778 0.19364945525823313 84
1694738039018 17.423733429617425 85
1694738039326 0.0015119644470431648 86
1694738039637 0.055537439397202036 87
1694738039925 0.2055472127124774 88
1694738040299 5.00302659992453 89
1694738040614 2.646081336934222 90
1694738040908 1.6557505541723876 91
1694738041163 3.200501289979593 92
1694738041484 4.40621758473713 93
1694738041800 0.0010840034835211249 94
1694738042039 3.429119528035564 95
1694738042293 2.833070250814268 96
1694738042581 0.10127027074694755 97
1694738042866 0.6734909392315451 98
1694738043106 7.372235429759941 99
1694738043401 2.955202728347637 100
1694738043717 0.008571554921822802 101
1694738044015 16.78480310576378 102
1694738044327 2.4401687281634517 103
1694738044721 3.4207330273958294 104
1694738045065 22.80401606661419 105
1694738045320 1.356108924701137 106
1694738045642 0.49602713950127975 107
1694738046049 1.3011633822045927 108
1694738046375 2.962262316982643 109
1694738046734 0.5559883966097557 110
1694738047070 5.676209355648436 111
1694738047381 2.5186302345302174 112
1694738047667 1.5780693110042174 113
1694738047982 0.5514995330876014 114
1694738048232 4.15188958307135 115
1694738048486 1.5232495178162258 116
1694738048806 2.669189510098133 117
1694738049149 1.6339450340271209 118
1694738049481 6.744630590978532 119
1694738049797 12.703023812839419 120
1694738050120 6.835762289324969e-06 121
1694738050372 0.1282685393651895 122
1694738050613 3.4898777283155895 123
1694738050934 4.264876723585742 124
1694738051195 0.2262112377335873 125
1694738051510 6.331218036466596 126
1694738051779 0.05345475365083906 127
1694738052053 5.7973806753769015 128
1694738052311 3.9826743610827045 129
1694738052628 0.6078666832300987 130
1694738052919 0.3854403011281669 131
1694738053171 1.53242933257782 132
1694738053452 4.840551220562887 133
1694738053763 26.091982124906103 134
1694738054103 0.0014119551738085243 135
1694738054333 0.024554267260330803 136
1694738054649 0.01793047012372879 137
1694738054997 0.3808389409372854 138
1694738055271 0.493106483935247 139
1694738055599 1.4830854511816387 140
1694738055937 6.703313568757108 141
1694738056223 0.0041737275147423715 142
1694738056458 0.051342231214429025 143
1694738056814 0.037538184384943295 144
1694738057067 1.7907457720261564 145
1694738057350 0.1676648219979736 146
1694738057686 0.11125415958008014 147
1694738058053 1.303898426218465 148
1694738058325 0.6220977369010842 149
1694738058726 0.011342105525642103 150
1694738059055 2.149387406177469 151
1694738059318 0.10763053896615188 152
1694738059640 3.7669859314497747 153
1694738059979 0.2014437908832154 154
1694738060318 0.3549564399505593 155
1694738060604 3.4118478373823335 156
1694738060913 0.030152544382973392 157
1694738061315 1.0449612716711418 158
1694738061643 1.4870578364089568 159
1694738061945 1.1298159665589969 160
1694738062293 0.47856979219134865 161
1694738062605 0.280967566348441 162
1694738062865 0.22936567149171302 163
1694738063198 0.6327098591381285 164
1694738063436 1.0627118439201804 165
1694738063692 3.816706251209028 166
1694738063921 1.0180012776477674 167
1694738064253 1.1346276486306885 168
1694738064545 1.3186597182660909 169
1694738064975 15.030363313353842 170
1694738065309 0.06087380976277026 171
1694738065552 0.045212378161384265 172
1694738065839 2.4126815247371844 173
1694738066156 0.2131360824171107 174
1694738066423 1.4804942203029785 175
1694738066767 1.4679051424676464 176
1694738067129 0.5830206401112716 177
1694738067425 0.049434216984764766 178
1694738067687 8.248159499644572 179
1694738067923 0.46985255358262856 180
1694738068211 0.05396278962933269 181
1694738068478 0.0999768661542555 182
1694738068733 0.16143140436574704 183
1694738069073 0.09185509109788441 184
1694738069383 0.004655988748812748 185
1694738069679 0.2589711086970598 186
1694738070011 1.005622349031813 187
1694738070303 1.3310460548403704 188
1694738070585 1.6337319374967503 189
1694738070869 0.0057501315932325355 190
1694738071161 0.4902959683136037 191
1694738071466 0.245175603775828 192
1694738071772 0.12028844633574284 193
1694738072239 2.1873723430158885 194
1694738072495 0.02781879127900642 195
1694738072794 0.014612526957778758 196
1694738073109 0.44862443374116334 197
1694738073500 0.01325949853759143 198
1694738073849 2.570428565474889 199
1694738074161 6.898321998076578 200
1694738074458 0.12984288095905303 201
1694738074809 0.01110433205485109 202
1694738075189 0.10102972254430947 203
1694738075489 2.1436393281424357 204
1694738075818 0.42661852028494207 205
1694738076145 0.4465734703727544 206
1694738076440 1.2996587976719332 207
1694738076776 3.3448650276148375 208
1694738077106 0.07216713705334976 209
1694738077404 1.1861733024961534 210
1694738077662 0.00414729496631093 211
1694738078037 1.0240599629761356 212
1694738078367 1.2213496713972702 213
1694738078617 0.07552124335671988 214
1694738078857 0.0635463055340914 215
1694738079189 0.12935292150001065 216
1694738079487 6.657685284072769 217
1694738079719 0.004973890904856815 218
1694738080059 0.8677710636336903 219
1694738080425 6.141100271894926 220
1694738080699 0.3882196822521828 221
1694738081016 9.395699969662262 222
1694738081392 19.08757445025642 223
1694738081717 2.5265641208647147 224
1694738082050 2.0333795090195337 225
1694738082495 0.22084852516159115 226
1694738082765 0.23200072919284068 227
1694738083106 1.2696319883628155 228
1694738083432 0.7149780378269559 229
1694738083734 1.107424896182406 230
1694738084050 14.118656093669346 231
1694738084370 0.02090856625967128 232
1694738084738 0.6166403523072643 233
1694738085107 1.7256927825958641 234
1694738085384 0.09030099993239096 235
1694738085718 0.014512599669287378 236
1694738086040 0.0006839711808327958 237
1694738086358 11.412499086164424 238
1694738086715 1.079745542399097 239
1694738087024 0.10322457235824142 240
1694738087321 1.5374352235478015 241
1694738087614 0.08223326855036389 242
1694738087917 2.4372256151142797 243
1694738088242 1.6381143534353804 244
1694738088577 0.21452637357841697 245
1694738088869 2.4735329142453732 246
1694738089203 3.0007828006126624 247
1694738089519 4.647308850373225 248
1694738089812 7.250740265493537 249
1694738090127 4.939295380265217 250
1694738090453 0.9876503253839416 251
1694738090779 3.5066464543190508 252
1694738091079 1.3294677691042354 253
1694738091448 0.7123439665719125 254
1694738091756 0.23550072157798932 255
1694738092048 3.1543019793674967 256
1694738092338 1.2439031817034485 257
1694738092663 1.0568602188872651 258
1694738092910 4.0616325892343434 259
1694738093339 0.008090658822789651 260
1694738093675 2.7002661320958685 261
1694738093959 0.12460117516887134 262
1694738094283 0.5093511481848145 263
1694738094596 8.296564474658044 264
1694738094885 0.13837341283838922 265
1694738095174 0.07533495279357554 266
1694738095415 0.9126517382312118 267
1694738095764 0.37703779451974556 268
1694738096012 4.28275033827356 269
1694738096304 11.343349975464935 270
1694738096678 0.061204127456444095 271
1694738097004 0.9888466479251906 272
1694738097353 21.146349937968548 273
1694738097697 1.3929020257786473 274
1694738098011 0.15152836152666005 275
1694738098337 4.060409909794941 276
1694738098657 1.6649907340849694 277
1694738098918 2.487217846697898 278
1694738099155 0.03297345298521015 279
1694738099422 1.1933003389406878 280
1694738099711 0.14730818988244082 281
1694738099966 0.07821652990445566 282
1694738100310 3.6091368288363674 283
1694738100650 1.457633205882898 284
1694738100953 0.01589509711144198 285
1694738101294 2.642134376183541 286
1694738101635 0.5086874840330436 287
1694738101930 0.012828402086720857 288
1694738102185 2.9971720917602043 289
1694738102543 0.2485468788856463 290
1694738102871 0.691165296358296 291
1694738103085 2.7597087992353684 292
1694738103392 0.2737927602944836 293
1694738103756 0.6679749798404576 294
1694738104006 1.209790525763342 295
1694738104298 5.630619227991685 296
1694738104649 0.5178129452498311 297
1694738105039 2.227207377373754 298
1694738105376 0.9172888353314261 299
1694738105705 0.025089943576859654 300
1694738106023 6.17023907309948 301
1694738106270 2.2057580306854394 302
1694738106612 1.0306939385651206 303
1694738106993 0.5322581617474735 304
1694738107231 1.7267867177801721 305
1694738107523 1.3203265901489052 306
1694738107854 2.4057832671074193 307
1694738108123 0.6379933907455414 308
1694738108396 14.508458990492356 309
1694738108738 2.8459011421864315 310
1694738109159 0.5279076890416708 311
1694738109466 3.937347179220317 312
1694738109767 8.635546951511797 313
1694738110061 1.2698579207311451 314
1694738110459 0.11790709224180008 315
1694738110798 5.710418947097149 316
1694738111092 0.3069685530321991 317
1694738111453 0.6135258913762 318
1694738111791 0.021205083046014553 319
1694738112078 0.0371069860137935 320
1694738112367 0.35141544882253234 321
1694738112732 1.7679108538674537 322
1694738113042 0.6309865659846416 323
1694738113276 1.8643637681989533 324
1694738113625 2.976247719738023 325
1694738113945 0.9595323212200486 326
1694738114226 2.413030498837608 327
1694738114546 0.04440979542254129 328
1694738114899 0.03847872572263157 329
1694738115290 1.9283501144701354 330
1694738115618 2.7665112981801863 331
1694738116000 0.4237987921475682 332
1694738116245 0.9901129569339845 333
1694738116586 2.072649054804423 334
1694738116918 0.2694616166426455 335
1694738117198 3.0212145706440916 336
1694738117455 1.6784393731565705 337
1694738117775 21.51952537083454 338
1694738118154 0.49955099971922373 339
1694738118370 0.13556299079412829 340
1694738118677 1.1349235671443714 341
1694738119048 0.5585987513671216 342
1694738119343 0.6271774743125791 343
1694738119658 0.28940916241976555 344
1694738119969 0.04122412781442669 345
1694738120320 0.09536730997684117 346
1694738120619 0.8444603713826574 347
1694738120961 0.05815351415141386 348
1694738121227 0.02331121711618405 349
1694738121551 0.06777835241862257 350
1694738121949 0.27109804593169307 351
1694738122260 1.015309857718134 352
1694738122662 0.6085581754150554 353
1694738122975 0.0563227470067912 354
1694738123251 19.834247077619015 355
1694738123549 2.464640625201945 356
1694738123875 1.4339585572524765 357
1694738124178 0.23521193367533694 358
1694738124387 2.7509947297430406 359
1694738124792 1.466811232341435 360
1694738125245 0.7776227093246197 361
1694738125505 2.719148564143714 362
1694738125838 10.210742156901109 363
1694738126162 0.30871734812891993 364
1694738126507 1.886324930961985 365
1694738126942 5.57810113088524 366
1694738127250 1.980282798111348 367
1694738127543 0.6468044525084292 368
1694738127878 0.031414610827558816 369
1694738128202 0.07863297944990724 370
1694738128500 0.3661797448649747 371
1694738128846 0.6525167304238518 372
1694738129188 1.02198997562444 373
1694738129460 0.8618203455659568 374
1694738129716 0.1494933236569681 375
1694738129986 10.445710441832635 376
1694738130294 4.797361187247248 377
1694738130526 1.0246841533770297 378
1694738130782 0.5912893949824861 379
1694738131080 5.2014620779394125 380
1694738131449 1.0426483930093875 381
1694738131771 1.1625694838598732 382
1694738132206 0.40078151232137493 383
1694738132482 7.853965528049478 384
1694738132823 0.02783198441346051 385
1694738133152 3.0536535651089274 386
1694738133470 1.5651894862697173 387
1694738133795 2.2413936176559957 388
1694738134104 1.9442901264749781 389
1694738134402 0.08716212201289954 390
1694738134657 0.0586341607590876 391
1694738135011 2.644490663158832 392
1694738135341 0.33985657675343706 393
1694738135581 0.005566499032775963 394
1694738135920 0.0175890299193258 395
1694738136252 2.412055156559839 396
1694738136586 0.21103656524001388 397
1694738136923 0.708685430865181 398
1694738137226 0.3363184902498036 399
1694738137511 0.06468104837695907 400
1694738137763 0.6591885741794792 401
1694738138126 2.4706754578387105 402
1694738138472 0.0038218314007799244 403
1694738138771 0.07161514399724685 404
1694738139075 0.24484947081009487 405
1694738139370 0.42361705758013707 406
1694738139628 2.7067706137845815 407
1694738139920 2.9291904279716614 408
1694738140292 0.0011694045763026252 409
1694738140616 0.8304552519846915 410
1694738140957 2.8222177913560875 411
1694738141272 2.9346960167319587 412
1694738141565 0.11085808664526405 413
1694738141891 2.278849487424739 414
1694738142209 2.0082287785629407 415
1694738142526 1.1383872558221915 416
1694738142832 0.44308272189668524 417
1694738143143 0.01396157838500054 418
1694738143455 0.26818923410370354 419
1694738143739 1.0122613016363062 420
1694738143984 1.0489883636647555 421
1694738144317 4.108384058641506 422
1694738144652 0.15584753912810087 423
1694738145027 0.375870943301246 424
1694738145354 0.17125506146388147 425
1694738145642 20.20197201075389 426
1694738145960 1.4791994136565763 427
1694738146277 0.5236095204830783 428
1694738146648 1.4460874707612257 429
1694738147040 0.005400539603790338 430
1694738147345 0.13735064663401136 431
1694738147621 0.2064475819692456 432
1694738147940 0.1753972546958908 433
1694738148292 0.1030757860725916 434
1694738148598 0.005563116564059797 435
1694738148874 0.0012453055505412432 436
1694738149255 0.4759074882558986 437
1694738149568 11.39257939475308 438
1694738149849 1.3313244659163754 439
1694738150190 0.15948164075608978 440
1694738150503 2.238314537904873 441
1694738150766 7.16980591240228 442
1694738151053 0.4147661833171784 443
1694738151428 0.1589124166317196 444
1694738151730 1.9610362377686312 445
1694738152012 1.548905537103875 446
1694738152393 1.1753691315954038 447
1694738152700 1.3849649626262932 448
1694738152927 0.17458059051823693 449
1694738153154 2.5167744831588443 450
1694738153466 0.0023511637626836886 451
1694738153756 0.042048530085269105 452
1694738153986 0.0009849834651043127 453
1694738154223 3.417423011094229 454
1694738154489 1.0057487714253603e-05 455
1694738154726 0.3722407613571619 456
1694738155053 0.003427359868995928 457
1694738155317 1.7884601740857147 458
1694738155615 2.352164568797302 459
1694738155922 1.1434522340706517 460
1694738156245 1.1045049020309825 461
1694738156644 2.230453973860432 462
1694738156886 0.028557181691603754 463
1694738157190 2.6935461360713044 464
1694738157496 0.4140695553803715 465
1694738157821 5.888538040920082 466
1694738158194 0.0031150082534197676 467
1694738158515 0.03445536786716152 468
1694738158841 0.6584442404129347 469
1694738159233 0.07557728876887009 470
1694738159544 0.05921012619935224 471
1694738159850 1.9399405908604974 472
1694738160221 2.2112791081620795 473
1694738160545 0.19899572974789936 474
1694738160881 0.8285431631055669 475
1694738161200 0.09859350015382085 476
1694738161514 0.4401500678285985 477
1694738161820 0.5262797046330036 478
1694738162135 0.11817568826134875 479
1694738162508 2.8432952827921194 480
1694738162795 0.16979866767950585 481
1694738163098 3.85156125595856 482
1694738163398 0.4086958798494892 483
1694738163716 4.401985343303333 484
1694738163963 1.3047750524458088 485
1694738164234 0.17849097445940168 486
1694738164562 0.2810943948493898 487
1694738164897 1.9008097617007162 488
1694738165195 1.3758223448845084 489
1694738165519 7.609789042988376 490
1694738165805 2.495295301972453 491
1694738166099 1.619100977443234 492
1694738166436 0.2919345609012289 493
1694738166853 2.854181129038466 494
1694738167142 5.113858594132705 495
1694738167460 0.03662231464053684 496
1694738167807 0.5112832725988585 497
1694738168079 0.9397252410330883 498
1694738168414 0.29975507934818696 499
