1694754327342 nan 0
1694754327661 nan 1
1694754328087 nan 2
1694754328294 nan 3
1694754328488 nan 4
1694754328697 nan 5
1694754328905 nan 6
1694754329140 nan 7
1694754329375 nan 8
1694754329646 nan 9
1694754329882 nan 10
1694754330154 nan 11
1694754330400 nan 12
1694754330565 nan 13
1694754330789 nan 14
1694754331026 nan 15
1694754331282 nan 16
1694754331449 nan 17
1694754331636 nan 18
1694754331855 nan 19
1694754332073 nan 20
1694754332391 nan 21
1694754332610 nan 22
1694754332775 nan 23
1694754332972 nan 24
1694754333190 nan 25
1694754333434 nan 26
1694754333627 nan 27
1694754333779 nan 28
1694754333988 nan 29
1694754334178 nan 30
1694754334410 nan 31
1694754334580 nan 32
1694754334743 nan 33
1694754334901 nan 34
1694754335079 nan 35
1694754335281 nan 36
1694754335523 nan 37
1694754335764 nan 38
1694754336008 nan 39
1694754336403 nan 40
1694754336632 nan 41
1694754336911 nan 42
1694754337143 nan 43
1694754337357 nan 44
1694754337547 nan 45
1694754337752 nan 46
1694754338008 nan 47
1694754338236 nan 48
1694754338463 nan 49
1694754338692 nan 50
1694754338895 nan 51
1694754339166 nan 52
1694754339375 nan 53
1694754339580 nan 54
1694754339778 nan 55
1694754340003 nan 56
1694754340228 nan 57
1694754340444 nan 58
1694754340610 nan 59
1694754340825 nan 60
1694754341029 nan 61
1694754341285 nan 62
1694754341508 nan 63
1694754341698 nan 64
1694754341913 nan 65
1694754342109 nan 66
1694754342308 nan 67
1694754342507 nan 68
1694754342689 nan 69
1694754342918 nan 70
1694754343113 nan 71
1694754343299 nan 72
1694754343499 nan 73
1694754343688 nan 74
1694754343845 nan 75
1694754344067 nan 76
1694754344215 nan 77
1694754344409 nan 78
1694754344582 nan 79
1694754344813 nan 80
1694754345048 nan 81
1694754345258 nan 82
1694754345486 nan 83
1694754345717 nan 84
1694754345977 nan 85
1694754346232 nan 86
1694754346455 nan 87
1694754346623 nan 88
1694754346828 nan 89
1694754347030 nan 90
1694754347263 nan 91
1694754347475 nan 92
1694754347670 nan 93
1694754347924 nan 94
1694754348167 nan 95
1694754348389 nan 96
1694754348587 nan 97
1694754348739 nan 98
1694754348936 nan 99
1694754349133 nan 100
1694754349362 nan 101
1694754349634 nan 102
1694754349818 nan 103
1694754350048 nan 104
1694754350329 nan 105
1694754350529 nan 106
1694754350741 nan 107
1694754350978 nan 108
1694754351208 nan 109
1694754351457 nan 110
1694754351688 nan 111
1694754351843 nan 112
1694754352062 nan 113
1694754352247 nan 114
1694754352502 nan 115
1694754352700 nan 116
1694754352847 nan 117
1694754352996 nan 118
1694754353220 nan 119
1694754353439 nan 120
1694754353654 nan 121
1694754353833 nan 122
1694754353987 nan 123
1694754354134 nan 124
1694754354336 nan 125
1694754354591 nan 126
1694754354780 nan 127
1694754354950 nan 128
1694754355124 nan 129
1694754355365 nan 130
1694754355575 nan 131
1694754355789 nan 132
1694754356001 nan 133
1694754356204 nan 134
1694754356406 nan 135
1694754356636 nan 136
1694754356851 nan 137
1694754357035 nan 138
1694754357183 nan 139
1694754357348 nan 140
1694754357562 nan 141
1694754357770 nan 142
1694754357984 nan 143
1694754358184 nan 144
1694754358413 nan 145
1694754358615 nan 146
1694754358797 nan 147
1694754359076 nan 148
1694754359328 nan 149
1694754359590 nan 150
1694754359772 nan 151
1694754360000 nan 152
1694754360216 nan 153
1694754360439 nan 154
1694754360683 nan 155
1694754360883 nan 156
1694754361129 nan 157
1694754361406 nan 158
1694754361643 nan 159
1694754361830 nan 160
1694754362013 nan 161
1694754362237 nan 162
1694754362419 nan 163
1694754362654 nan 164
1694754362833 nan 165
1694754363077 nan 166
1694754363304 nan 167
1694754363534 nan 168
1694754363730 nan 169
1694754363859 nan 170
1694754363985 nan 171
1694754364151 nan 172
1694754364387 nan 173
1694754364608 nan 174
1694754364786 nan 175
1694754364986 nan 176
1694754365216 nan 177
1694754365441 nan 178
1694754365683 nan 179
1694754365883 nan 180
1694754366061 nan 181
1694754366289 nan 182
1694754366517 nan 183
1694754366727 nan 184
1694754366877 nan 185
1694754367094 nan 186
1694754367298 nan 187
1694754367517 nan 188
1694754367739 nan 189
1694754368009 nan 190
1694754368218 nan 191
1694754368417 nan 192
1694754368640 nan 193
1694754368797 nan 194
1694754368954 nan 195
1694754369152 nan 196
1694754369376 nan 197
1694754369627 nan 198
1694754369781 nan 199
1694754369900 nan 200
1694754370075 nan 201
1694754370376 nan 202
1694754370657 nan 203
1694754371038 nan 204
1694754371295 nan 205
1694754371528 nan 206
1694754371755 nan 207
1694754371928 nan 208
1694754372168 nan 209
1694754372397 nan 210
1694754372644 nan 211
1694754372842 nan 212
1694754372980 nan 213
1694754373106 nan 214
1694754373303 nan 215
1694754373506 nan 216
1694754373739 nan 217
1694754373967 nan 218
1694754374250 nan 219
1694754374488 nan 220
1694754374770 nan 221
1694754374981 nan 222
1694754375233 nan 223
1694754375466 nan 224
1694754375774 nan 225
1694754376006 nan 226
1694754376225 nan 227
1694754376452 nan 228
1694754376651 nan 229
1694754376892 nan 230
1694754377138 nan 231
1694754377354 nan 232
1694754377488 nan 233
1694754377657 nan 234
1694754377897 nan 235
1694754378148 nan 236
1694754378394 nan 237
1694754378596 nan 238
1694754378821 nan 239
1694754379054 nan 240
1694754379311 nan 241
1694754379582 nan 242
1694754379801 nan 243
1694754380026 nan 244
1694754380280 nan 245
1694754380508 nan 246
1694754380718 nan 247
1694754380941 nan 248
1694754381178 nan 249
1694754381459 nan 250
1694754381687 nan 251
1694754381904 nan 252
1694754382056 nan 253
1694754382259 nan 254
1694754382444 nan 255
1694754382631 nan 256
1694754382824 nan 257
1694754382984 nan 258
1694754383104 nan 259
1694754383300 nan 260
1694754383588 nan 261
1694754383819 nan 262
1694754383994 nan 263
1694754384141 nan 264
1694754384379 nan 265
1694754384595 nan 266
1694754384763 nan 267
1694754384945 nan 268
1694754385124 nan 269
1694754385342 nan 270
1694754385563 nan 271
1694754385858 nan 272
1694754386016 nan 273
1694754386253 nan 274
1694754386430 nan 275
1694754386604 nan 276
1694754386825 nan 277
1694754386986 nan 278
1694754387197 nan 279
1694754387341 nan 280
1694754387531 nan 281
1694754387705 nan 282
1694754388032 nan 283
1694754388273 nan 284
1694754388463 nan 285
1694754388678 nan 286
1694754388913 nan 287
1694754389100 nan 288
1694754389291 nan 289
1694754389529 nan 290
1694754389765 nan 291
1694754389984 nan 292
1694754390168 nan 293
1694754390539 nan 294
1694754390732 nan 295
1694754390904 nan 296
1694754391213 nan 297
1694754391445 nan 298
1694754391653 nan 299
1694754391868 nan 300
1694754392078 nan 301
1694754392291 nan 302
1694754392562 nan 303
1694754392778 nan 304
1694754392990 nan 305
1694754393165 nan 306
1694754393391 nan 307
1694754393640 nan 308
1694754393873 nan 309
1694754394062 nan 310
1694754394285 nan 311
1694754394494 nan 312
1694754394743 nan 313
1694754394967 nan 314
1694754395125 nan 315
1694754395315 nan 316
1694754395510 nan 317
1694754395755 nan 318
1694754395984 nan 319
1694754396152 nan 320
1694754396325 nan 321
1694754396576 nan 322
1694754396844 nan 323
1694754397053 nan 324
1694754397242 nan 325
1694754397472 nan 326
1694754397713 nan 327
1694754397993 nan 328
1694754398182 nan 329
1694754398397 nan 330
1694754398599 nan 331
1694754398829 nan 332
1694754399123 nan 333
1694754399334 nan 334
1694754399657 nan 335
1694754399908 nan 336
1694754400159 nan 337
1694754400343 nan 338
1694754400516 nan 339
1694754400711 nan 340
1694754400883 nan 341
1694754401112 nan 342
1694754401270 nan 343
1694754401522 nan 344
1694754401736 nan 345
1694754401966 nan 346
1694754402178 nan 347
1694754402329 nan 348
1694754402473 nan 349
1694754402705 nan 350
1694754402909 nan 351
1694754403112 nan 352
1694754403296 nan 353
1694754403512 nan 354
1694754403758 nan 355
1694754403960 nan 356
1694754404162 nan 357
1694754404364 nan 358
1694754404543 nan 359
1694754404764 nan 360
1694754404984 nan 361
1694754405183 nan 362
1694754405377 nan 363
1694754405523 nan 364
1694754405740 nan 365
1694754405940 nan 366
1694754406095 nan 367
1694754406292 nan 368
1694754406489 nan 369
1694754406715 nan 370
1694754406930 nan 371
1694754407128 nan 372
1694754407294 nan 373
1694754407541 nan 374
1694754407803 nan 375
1694754408113 nan 376
1694754408315 nan 377
1694754408553 nan 378
1694754408798 nan 379
1694754409017 nan 380
1694754409222 nan 381
1694754409385 nan 382
1694754409657 nan 383
1694754409875 nan 384
1694754410088 nan 385
1694754410319 nan 386
1694754410632 nan 387
1694754410881 nan 388
1694754411088 nan 389
1694754411272 nan 390
1694754411437 nan 391
1694754411587 nan 392
1694754411800 nan 393
1694754411987 nan 394
1694754412188 nan 395
1694754412329 nan 396
1694754412513 nan 397
1694754412763 nan 398
1694754412960 nan 399
1694754413162 nan 400
1694754413297 nan 401
1694754413430 nan 402
1694754413598 nan 403
1694754413759 nan 404
1694754413971 nan 405
1694754414170 nan 406
1694754414306 nan 407
1694754414441 nan 408
1694754414657 nan 409
1694754414947 nan 410
1694754415160 nan 411
1694754415370 nan 412
1694754415613 nan 413
1694754415820 nan 414
1694754416013 nan 415
1694754416174 nan 416
1694754416342 nan 417
1694754416485 nan 418
1694754416655 nan 419
1694754416824 nan 420
1694754417044 nan 421
1694754417259 nan 422
1694754417411 nan 423
1694754417606 nan 424
1694754417844 nan 425
1694754418110 nan 426
1694754418326 nan 427
1694754418542 nan 428
1694754418690 nan 429
1694754418847 nan 430
1694754419055 nan 431
1694754419302 nan 432
1694754419518 nan 433
1694754419712 nan 434
1694754419866 nan 435
1694754420017 nan 436
1694754420172 nan 437
1694754420351 nan 438
1694754420511 nan 439
1694754420700 nan 440
1694754420923 nan 441
1694754421135 nan 442
1694754421346 nan 443
1694754421508 nan 444
1694754421737 nan 445
1694754421947 nan 446
1694754422076 nan 447
1694754422253 nan 448
1694754422468 nan 449
1694754422682 nan 450
1694754422894 nan 451
1694754423111 nan 452
1694754423278 nan 453
1694754423428 nan 454
1694754423598 nan 455
1694754423764 nan 456
1694754423910 nan 457
1694754424078 nan 458
1694754424269 nan 459
1694754424472 nan 460
1694754424650 nan 461
1694754424807 nan 462
1694754425000 nan 463
1694754425180 nan 464
1694754425464 nan 465
1694754425657 nan 466
1694754425848 nan 467
1694754426003 nan 468
1694754426166 nan 469
1694754426376 nan 470
1694754426521 nan 471
1694754426714 nan 472
1694754426945 nan 473
1694754427141 nan 474
1694754427338 nan 475
1694754427509 nan 476
1694754427677 nan 477
1694754427854 nan 478
1694754428059 nan 479
1694754428227 nan 480
1694754428378 nan 481
1694754428611 nan 482
1694754428803 nan 483
1694754428965 nan 484
1694754429175 nan 485
1694754429408 nan 486
1694754429594 nan 487
1694754429790 nan 488
1694754430002 nan 489
1694754430333 nan 490
1694754430499 nan 491
1694754430646 nan 492
1694754430775 nan 493
1694754431014 nan 494
1694754431204 nan 495
1694754431412 nan 496
1694754431554 nan 497
1694754431683 nan 498
1694754431816 nan 499
