1694716825499 169.50129041051272 0
1694716825798 165.54225140240266 1
1694716826181 161.6769966286545 2
1694716826504 157.90330446627456 3
1694716826850 154.21900591954457 4
1694716827260 150.62198337335175 5
1694716827563 147.11016937605135 6
1694716827873 143.681545451161 7
1694716828240 140.3341409372047 8
1694716828594 137.06603185503943 9
1694716828977 133.87533980201297 10
1694716829362 130.76023087231803 11
1694716829626 127.71891460292134 12
1694716829999 124.74964294446266 13
1694716830333 121.85070925653162 14
1694716830602 119.02044732674484 15
1694716830941 116.25723041306051 16
1694716831301 113.55947030877853 17
1694716831702 110.9256164296899 18
1694716832040 108.3541549228503 19
1694716832391 105.84360779646552 20
1694716832675 103.39253207038894 21
1694716832970 100.99951894674226 22
1694716833276 98.66319300018353 23
1694716833572 96.38221138735626 24
1694716833918 94.15526307506585 25
1694716834309 91.9810680867395 26
1694716834677 89.85837676673626 27
1694716835022 87.7859690620848 28
1694716835334 85.7626538212359 29
1694716835678 83.78726810942628 30
1694716835994 81.8586765402607 31
1694716836368 79.97577062312817 32
1694716836703 78.13746812607661 33
1694716837040 76.34271245378056 34
1694716837403 74.59047204024361 35
1694716837729 72.87973975588723 36
1694716838079 71.20953232868466 37
1694716838338 69.5788897790075 38
1694716838670 67.98687486785995 39
1694716839015 66.43257255818365 40
1694716839460 64.91508948892341 41
1694716839760 63.43355346155194 42
1694716840191 61.98711293875759 43
1694716840526 60.57493655500803 44
1694716840837 59.19621263870771 45
1694716841230 57.85014874567486 46
1694716841595 56.535971203669746 47
1694716841943 55.252924667712605 48
1694716842333 54.00027168593527 49
1694716842652 52.77729227571734 50
1694716843031 51.583283509863115 51
1694716843456 50.41755911258139 52
1694716843756 49.27944906503591 53
1694716844092 48.16829922023998 54
1694716844467 47.08347092707349 55
1694716844805 46.02434066320663 56
1694716845120 44.99029967671907 57
1694716845507 43.98075363620874 58
1694716845816 42.99512228918905 59
1694716846139 42.03283912857824 60
1694716846482 41.0933510670891 61
1694716846836 40.17611811933204 62
1694716847194 39.2806130914486 63
1694716847523 38.4063212780973 64
1694716847837 37.55274016661731 65
1694716848252 36.71937914820019 66
1694716848605 35.90575923590358 67
1694716848914 35.11141278934466 68
1694716849221 34.33588324591547 69
1694716849522 33.57872485836514 70
1694716849987 32.83950243859862 71
1694716850409 32.11779110754439 72
1694716850724 31.413176050947452 73
1694716851075 30.725252280947384 74
1694716851436 30.053624403304124 75
1694716851735 29.397906390137997 76
1694716852012 28.757721358053114 77
1694716852390 28.13270135151686 78
1694716852762 27.522487131370706 79
1694716853233 26.92672796835098 80
1694716853966 26.345081441500913 81
1694716854418 25.777213241357853 82
1694716854739 25.222796977802936 83
1694716855169 24.68151399246235 84
1694716855509 24.1530531755527 85
1694716855882 23.637110787064966 86
1694716856181 23.13339028218444 87
1694716856524 22.641602140846167 88
1694716856876 22.161463701328053 89
1694716857290 21.6926989977859 90
1694716857650 21.23503860163702 91
1694716857965 20.788219466701232 92
1694716858358 20.351984778010333 93
1694716858685 19.92608380419898 94
1694716858955 19.510271753392324 95
1694716859325 19.10430963250741 96
1694716859743 18.70796410988754 97
1694716860071 18.32100738119069 98
1694716860369 17.94321703845481 99
1694716860683 17.574375942264812 100
1694716861021 17.214272096947724 101
1694716861399 16.862698528724348 102
1694716861749 16.51945316674732 103
1694716862126 16.18433872695717 104
1694716862485 15.857162598689792 105
1694716862818 15.537736733969913 106
1694716863150 15.225877539427115 107
1694716863494 14.921405770772221 108
1694716863790 14.624146429773356 109
1694716864154 14.33392866367255 110
1694716864509 14.050585666985006 111
1694716864813 13.773954585624614 112
1694716865129 13.503876423300609 113
1694716865448 13.240195950131547 114
1694716865807 12.98276161342414 115
1694716866171 12.731425450565547 116
1694716866552 12.486043003979212 117
1694716866886 12.24647323809522 118
1694716867214 12.01257845828756 119
1694716867554 11.784224231731624 120
1694716867886 11.561279310136484 121
1694716868292 11.343615554307577 122
1694716868642 11.131107860496368 123
1694716869047 10.923634088494671 124
1694716869420 10.721074991432378 125
1694716869784 10.523314147238139 126
1694716870091 10.33023789172364 127
1694716870468 10.141735253253081 128
1694716870831 9.957697888960189 129
1694716871181 9.778020022476179 130
1694716871549 9.602598383132895 131
1694716871896 9.431332146606078 132
1694716872266 9.264122876964779 133
1694716872566 9.100874470093508 134
1694716872906 8.941493098454652 135
1694716873255 8.785887157159372 136
1694716873693 8.633967211316063 137
1694716874034 8.485645944625995 138
1694716874395 8.340838109196701 139
1694716874719 8.199460476544182 140
1694716875052 8.061431789755842 141
1694716875428 7.926672716786594 142
1694716875871 7.7951058048613175 143
1694716876233 7.666655435957483 144
1694716876612 7.541247783342298 145
1694716876929 7.418810769139472 146
1694716877266 7.2992740229011295 147
1694716877584 7.182568841161128 148
1694716877901 7.0686281479464945 149
1694716878319 6.957386456224269 150
1694716878648 6.8487798302616625 151
1694716878934 6.742745848877825 152
1694716879220 6.639223569566147 153
1694716879562 6.538153493466424 154
1694716879914 6.439477531166822 155
1694716880222 6.343138969315931 156
1694716880618 6.2490824380257335 157
1694716880891 6.157253879046749 158
1694716881182 6.06760051469708 159
1694716881451 5.980070817527478 160
1694716881804 5.894614480705003 161
1694716882125 5.811182389098263 162
1694716882472 5.729726591047588 163
1694716882875 5.650200270803946 164
1694716883200 5.572557721620754 165
1694716883526 5.496754319483069 166
1694716883922 5.422746497459145 167
1694716884330 5.350491720659544 168
1694716884664 5.279948461789431 169
1694716884965 5.2110761772800025 170
1694716885316 5.143835283985339 171
1694716885677 5.078187136431266 172
1694716885988 5.014094004603181 173
1694716886312 4.951519052260023 174
1694716886651 4.890426315761986 175
1694716886968 4.830780683399756 176
1694716887248 4.772547875213419 177
1694716887552 4.715694423289435 178
1694716887884 4.660187652524333 179
1694716888315 4.605995661844131 180
1694716888666 4.5530873058685755 181
1694716888994 4.501432177009795 182
1694716889345 4.45100058799498 183
1694716889696 4.401763554803082 184
1694716890141 4.353692780005714 185
1694716890434 4.3067606365026965 186
1694716890731 4.260940151642882 187
1694716891046 4.2162049917211295 188
1694716891429 4.172529446842521 189
1694716891778 4.129888416145149 190
1694716892121 4.088257393372923 191
1694716892478 4.047612452790165 192
1694716892788 4.00793023542985 193
1694716893123 3.969187935667624 194
1694716893490 3.9313632881138445 195
1694716893841 3.894434554816157 196
1694716894118 3.8583805127652058 197
1694716894446 3.82318044169632 198
1694716894799 3.788814112180165 199
1694716895159 3.7552617739955134 200
1694716895522 3.7225041447774454 201
1694716895884 3.6905223989344647 202
1694716896182 3.659298156828133 203
1694716896473 3.628813474209056 204
1694716896876 3.5990508319030834 205
1694716897235 3.569993125741864 206
1694716897600 3.54162365673189 207
1694716898042 3.5139261214564756 208
1694716898346 3.4868846027050395 209
1694716898619 3.460483560324432 210
1694716898867 3.4347078222869216 211
1694716899169 3.4095425759698124 212
1694716899451 3.384973359641616 213
1694716899777 3.3609860541499046 214
1694716900134 3.337566874806079 215
1694716900480 3.3147023634623647 216
1694716900807 3.29237938077649 217
1694716901160 3.270585098659615 218
1694716901618 3.249306992903169 219
1694716901967 3.228532835980304 220
1694716902268 3.208250690017928 221
1694716902670 3.1884488999351817 222
1694716903030 3.1691160867444776 223
1694716903320 3.150241141011205 224
1694716903693 3.1318132164684 225
1694716904113 3.113821723782642 226
1694716904399 3.0962563244676513 227
1694716904709 3.079106924942044 228
1694716905069 3.062363670727875 229
1694716905347 3.046016940786594 230
1694716905677 3.030057341989174 231
1694716905998 3.0144757037172414 232
1694716906317 2.9992630725921043 233
1694716906686 2.984410707328627 234
1694716907050 2.9699100737110173 235
1694716907377 2.9557528396876362 236
1694716907741 2.941930870581995 237
1694716908134 2.9284362244172026 238
1694716908433 2.9152611473511745 239
1694716908814 2.902398069219964 240
1694716909150 2.8898395991866774 241
1694716909494 2.877578521493457 242
1694716909824 2.8656077913140883 243
1694716910198 2.853920530704866 244
1694716910560 2.842510024651364 245
1694716910887 2.8313697172088594 246
1694716911214 2.820493207734188 247
1694716911455 2.8098742472068516 248
1694716911719 2.7995067346372875 249
1694716912007 2.789384713560208 250
1694716912347 2.779502368611017 251
1694716912758 2.769854022183326 252
1694716913081 2.760434131165637 253
1694716913483 2.7512372837553496 254
1694716913825 2.7422581963482244 255
1694716914168 2.733491710501528 256
1694716914478 2.7249327899691407 257
1694716914856 2.7165765178068644 258
1694716915203 2.708418093546338 259
1694716915509 2.70045283043586 260
1694716915899 2.6926761527466136 261
1694716916238 2.6850835931426675 262
1694716916576 2.677670790113301 263
1694716916866 2.670433485466149 264
1694716917202 2.66336752187972 265
1694716917532 2.6564688405139067 266
1694716917841 2.6497334786770903 267
1694716918264 2.6431575675485144 268
1694716918554 2.636737329954608 269
1694716918899 2.630469078197985 270
1694716919223 2.6243492119378757 271
1694716919526 2.618374216120767 272
1694716919858 2.612540658960056 273
1694716920224 2.606845189963576 274
1694716920617 2.601284538007828 275
1694716920947 2.595855509457856 276
1694716921284 2.590554986331643 277
1694716921621 2.58537992450799 278
1694716921956 2.580327351976854 279
1694716922299 2.575394367131136 280
1694716922578 2.5705781370989222 281
1694716922970 2.565875896115246 282
1694716923286 2.5612849439324097 283
1694716923591 2.5568026442679694 284
1694716923916 2.5524264232894844 285
1694716924235 2.548153768135159 286
1694716924570 2.543982225469534 287
1694716924896 2.539909400073377 288
1694716925319 2.5359329534670008 289
1694716925687 2.532050602566167 290
1694716926021 2.528260118369848 291
1694716926344 2.52455932467907 292
1694716926641 2.520946096846098 293
1694716926926 2.517418360553259 294
1694716927210 2.513974090620689 295
1694716927512 2.510611309842324 296
1694716927856 2.5073280878494697 297
1694716928198 2.5041225400012763 298
1694716928482 2.500992826301517 299
1694716928814 2.4979371503410124 300
1694716929132 2.4949537582651122 301
1694716929528 2.4920409377656347 302
1694716930174 2.4891970170966893 303
1694716930482 2.4864203641138065 304
1694716930778 2.4837093853358363 305
1694716931082 2.481062525029062 306
1694716931389 2.4784782643130194 307
1694716931697 2.4759551202874865 308
1694716932031 2.473491645180165 309
1694716932438 2.4710864255145464 310
1694716932749 2.468738081297485 311
1694716933072 2.466445265226028 312
1694716933391 2.464206661913025 313
1694716933717 2.4620209871310896 314
1694716934056 2.4598869870744604 315
1694716934374 2.457803437638358 316
1694716934808 2.455769143715406 317
1694716935086 2.4537829385087244 318
1694716935436 2.4518436828612855 319
1694716935921 2.4499502646011706 320
1694716936309 2.4481015979023244 321
1694716936604 2.446296622660458 322
1694716936956 2.4445343038837333 323
1694716937260 2.4428136310978825 324
1694716937567 2.441133617765423 325
1694716937831 2.439493300718625 326
1694716938220 2.437891739605912 327
1694716938514 2.436328016351378 328
1694716938854 2.4348012346271055 329
1694716939255 2.4333105193379887 330
1694716939611 2.4318550161187495 331
1694716940023 2.430433890842883 332
1694716940382 2.429046329143225 333
1694716940697 2.427691535943877 334
1694716941040 2.426368735003226 335
1694716941417 2.425077168467784 336
1694716941762 2.423816096436598 337
1694716942065 2.4225847965359764 338
1694716942397 2.4213825635042956 339
1694716942675 2.4202087087866353 340
1694716942993 2.419062560139021 341
1694716943312 2.417943461242036 342
1694716943693 2.4168507713235927 343
1694716944094 2.4157838647906384 344
1694716944440 2.4147421308695804 345
1694716944782 2.413724973255236 346
1694716945147 2.412731809768095 347
1694716945466 2.4117620720196986 348
1694716945797 2.410815205085951 349
1694716946156 2.409890667188166 350
1694716946489 2.4089879293816687 351
1694716946851 2.408106475251775 352
1694716947165 2.4072458006169764 353
1694716947497 2.4064054132391455 354
1694716947812 2.40558483254062 355
1694716948244 2.4047835893279785 356
1694716948555 2.404001225522364 357
1694716948863 2.4032372938961952 358
1694716949228 2.4024913578161105 359
1694716949525 2.4017629909920126 360
1694716949777 2.401051777232043 361
1694716950138 2.400357310203373 362
1694716950497 2.3996791931986543 363
1694716950831 2.3990170389080037 364
1694716951166 2.398370469196393 365
1694716951536 2.397739114886304 366
1694716951841 2.3971226155455416 367
1694716952184 2.396520619280067 368
1694716952490 2.3959327825317396 369
1694716952794 2.3953587698808514 370
1694716953212 2.3947982538533386 371
1694716953567 2.3942509147325604 372
1694716953882 2.3937164403755333 373
1694716954193 2.3931945260335254 374
1694716954518 2.392684874176893 375
1694716954795 2.3921871943240727 376
1694716955059 2.3917012028746187 377
1694716955455 2.3912266229462023 378
1694716955770 2.3907631842154657 379
1694716956096 2.390310622762649 380
1694716956466 2.389868680919899 381
1694716956766 2.38943710712317 382
1694716957128 2.3890156557676288 383
1694716957488 2.3886040870664953 384
1694716957808 2.3882021669132145 385
1694716958217 2.3878096667469055 386
1694716958564 2.387426363420987 387
1694716958966 2.38705203907492 388
1694716959331 2.386686481008993 389
1694716959645 2.3863294815620644 390
1694716960043 2.3859808379922067 391
1694716960412 2.38564035236018 392
1694716960788 2.3853078314156564 393
1694716961158 2.3849830864861516 394
1694716961509 2.38466593336858 395
1694716961818 2.3843561922233794 396
1694716962168 2.3840536874711478 397
1694716962601 2.383758247691724 398
1694716962902 2.3834697055256586 399
1694716963242 2.3831878975780265 400
1694716963587 2.382912664324509 401
1694716963860 2.3826438500197034 402
1694716964193 2.382381302607609 403
1694716964510 2.382124873634228 404
1694716964803 2.381874418162238 405
1694716965189 2.3816297946876883 406
1694716965554 2.381390865058669 407
1694716965855 2.3811574943959006 408
1694716966244 2.3809295510152166 409
1694716966591 2.38070690635187 410
1694716966930 2.3804894348866426 411
1694716967353 2.3802770140736964 412
1694716967652 2.380069524270141 413
1694716967919 2.3798668486672656 414
1694716968344 2.379668873223403 415
1694716968652 2.37947548659838 416
1694716968945 2.379286580089521 417
1694716969269 2.3791020475691735 418
1694716969657 2.378921785423706 419
1694716970084 2.378745692493956 420
1694716970401 2.378573670017085 421
1694716970691 2.378405621569816 422
1694716970973 2.3782414530130085 423
1694716971226 2.378081072437552 424
1694716971534 2.377924390111542 425
1694716971922 2.3777713184287004 426
1694716972208 2.377621771858026 427
1694716972471 2.3774756668946324 428
1694716972806 2.3773329220117514 429
1694716973173 2.377193457613876 430
1694716973534 2.3770571959910076 431
1694716973824 2.376924061273998 432
1694716974199 2.3767939793909343 433
1694716974586 2.3766668780245674 434
1694716974887 2.37654268657075 435
1694716975237 2.37642133609785 436
1694716975558 2.3763027593071353 437
1694716975810 2.376186890494089 438
1694716976121 2.3760736655106474 439
1694716976509 2.375963021728328 440
1694716976808 2.375854898002234 441
1694716977126 2.3757492346359084 442
1694716977498 2.375645973347024 443
1694716977819 2.3755450572338828 444
1694716978186 2.375446430742714 445
1694716978570 2.37535003963574 446
1694716978941 2.375255830960003 447
1694716979274 2.3751637530169303 448
1694716979625 2.3750737553326204 449
1694716980025 2.3749857886288295 450
1694716980321 2.3748998047946492 451
1694716980726 2.374815756858857 452
1694716981047 2.374733598962911 453
1694716981450 2.374653286334601 454
1694716981809 2.3745747752623085 455
1694716982162 2.3744980230698856 456
1694716982517 2.3744229880921246 457
1694716982848 2.374349629650811 458
1694716983139 2.3742779080313428 459
1694716983514 2.3742077844599043 460
1694716983840 2.374139221081178 461
1694716984198 2.3740721809365906 462
1694716984534 2.3740066279430656 463
1694716984824 2.373942526872287 464
1694716985168 2.373879843330452 465
1694716985684 2.373818543738499 466
1694716986060 2.3737585953128106 467
1694716986417 2.3736999660463685 468
1694716986777 2.373642624690358 469
1694716987085 2.3735865407362073 470
1694716987432 2.373531684398053 471
1694716987755 2.373478026595617 472
1694716988063 2.373425538937494 473
1694716988498 2.373374193704836 474
1694716988836 2.373323963835413 475
1694716989191 2.373274822908066 476
1694716989523 2.373226745127518 477
1694716989846 2.3731797053095467 478
1694716990193 2.3731336788665103 479
1694716990581 2.3730886417932155 480
1694716990890 2.3730445706531187 481
1694716991217 2.3730014425648593 482
1694716991543 2.3729592351891036 483
1694716991844 2.372917926715707 484
1694716992156 2.3728774958511787 485
1694716992511 2.3728379218064415 486
1694716992918 2.3727991842848835 487
1694716993255 2.3727612634706934 488
1694716993579 2.372724140017468 489
1694716993908 2.372687795037099 490
1694716994279 2.3726522100889054 491
1694716994640 2.3726173671690454 492
1694716994971 2.3725832487001655 493
1694716995280 2.3725498375212926 494
1694716995694 2.372517116877975 495
1694716996087 2.372485070412654 496
1694716996405 2.372453682155256 497
1694716996720 2.3724229365140204 498
1694716997025 2.3723928182665315 499
