1694733184439 2.3726709494293474 0
1694733184725 4.494951092069868 1
1694733185070 1.1944813626879671 2
1694733185385 1.2367456717188052 3
1694733185659 0.6865712110935098 4
1694733185879 0.4976982329413426 5
1694733186201 0.054712389179434995 6
1694733186537 0.46907113417811525 7
1694733186755 0.08236513693725306 8
1694733187048 0.8203180394446639 9
1694733187362 0.4519080387757435 10
1694733187676 2.128179702524477 11
1694733187942 0.06291041181368909 12
1694733188201 0.010298326691619269 13
1694733188526 0.4039763913911083 14
1694733188759 0.043418659850345424 15
1694733189011 0.02058723165793026 16
1694733189344 0.554570970370615 17
1694733189656 0.38848466604295456 18
1694733189930 1.3591386704608723 19
1694733190218 1.8738835006385814 20
1694733190539 2.3830636893854056 21
1694733190867 0.03736544130549549 22
1694733191233 5.9206414890533905 23
1694733191564 0.004055535392968754 24
1694733191794 0.9915757507851448 25
1694733192072 5.830389214416392 26
1694733192351 0.5785644107383396 27
1694733192662 4.887901328721235 28
1694733192999 0.022366701058412337 29
1694733193420 0.04556618073144916 30
1694733193731 3.412254868477366 31
1694733193964 2.3887829142076025 32
1694733194309 0.881367990567707 33
1694733194641 1.4270076872626172 34
1694733194903 0.44537145280451246 35
1694733195199 0.04122911927417513 36
1694733195492 11.036662963627863 37
1694733195817 0.3981925827238088 38
1694733196070 0.00040011532917676065 39
1694733196379 1.8798962285061067 40
1694733196723 0.6389559692192184 41
1694733196983 0.05779453377173974 42
1694733197216 1.6811642645723253 43
1694733197557 2.5561085157234507 44
1694733197971 0.4477960956394919 45
1694733198233 0.14558965526388046 46
1694733198478 0.5689925302189855 47
1694733198767 2.051055923495229 48
1694733199072 2.6489149632856663 49
1694733199358 0.030184077104543995 50
1694733199691 2.2495886819084605 51
1694733200000 0.39370802388598386 52
1694733200314 0.24530029459883454 53
1694733200633 0.3411565772740931 54
1694733200973 0.44551923916981073 55
1694733201261 0.24231729103128008 56
1694733201505 0.07152087470909153 57
1694733201832 0.15469883755615896 58
1694733202101 2.4212351810545267 59
1694733202342 0.6192954334042303 60
1694733202631 5.947237550016276 61
1694733202976 0.4793857354554143 62
1694733203236 0.24849317772251012 63
1694733203501 0.42028029802543393 64
1694733203779 0.4471166938001455 65
1694733204110 0.007102570900216954 66
1694733204435 1.2071268332028573 67
1694733204749 6.77256685971849 68
1694733205017 0.2255027738269852 69
1694733205284 0.897534752013287 70
1694733205568 0.8790419354380383 71
1694733205867 2.9028826450217715 72
1694733206133 0.14572496205625007 73
1694733206435 0.02590606034771943 74
1694733206685 1.1201611453192217 75
1694733206987 2.709929309571364 76
1694733207213 1.4638610785577066 77
1694733207458 0.0033313460470576328 78
1694733207756 9.692579456882484 79
1694733208042 0.002028151731260226 80
1694733208276 4.606242875253415 81
1694733208612 1.352626784968623 82
1694733208915 1.146779003527762 83
1694733209178 0.7837561989739038 84
1694733209510 0.02903128858151413 85
1694733209915 0.37611240848631006 86
1694733210206 11.108301658565578 87
1694733210479 0.47596770913144376 88
1694733210832 0.15603344704967953 89
1694733211162 6.424280369246242 90
1694733211428 1.6002286432219666 91
1694733211737 0.16467255219342805 92
1694733212007 4.442435360366142 93
1694733212245 8.74582409935124 94
1694733212461 0.018797467553814715 95
1694733212741 0.44142957324899246 96
1694733213078 0.7284367781461949 97
1694733213357 3.967686963560034e-06 98
1694733213675 0.6118347168436629 99
1694733213954 1.282266532376398 100
1694733214217 1.5987960228664464 101
1694733214457 0.2110707863362204 102
1694733214741 9.458468809000939 103
1694733215052 0.00797851490114367 104
1694733215343 0.03524922134196273 105
1694733215625 0.5725996449713471 106
1694733215889 6.845982993702599 107
1694733216155 0.2450593809333407 108
1694733216411 2.660885184636341 109
1694733216750 0.49488273196334887 110
1694733217037 0.10524167764690652 111
1694733217403 2.8406795698240517 112
1694733217729 0.02660790381276404 113
1694733218082 0.04151579380365412 114
1694733218359 14.025948394726282 115
1694733218690 5.704549102320007 116
1694733218991 1.012273283646512 117
1694733219273 3.508332793917228 118
1694733219614 0.049670778163946154 119
1694733219936 0.33663590290244594 120
1694733220216 2.9796892693848642e-05 121
1694733220453 0.07122923308459869 122
1694733220756 1.0547462954782938 123
1694733221131 12.828655353655682 124
1694733221398 3.5071500431901326 125
1694733221755 0.12735451789184896 126
1694733222104 0.9550910773860246 127
1694733222358 2.850264846697463 128
1694733222737 1.1290504450203793 129
1694733223070 3.584639783577276 130
1694733223330 1.9267961689437323 131
1694733223621 0.15548956826247368 132
1694733223947 0.42322041620497747 133
1694733224286 3.4036251193366183 134
1694733224559 9.157568652304489 135
1694733224868 4.710662007664483 136
1694733225141 0.1768564635079028 137
1694733225377 0.02178852226058991 138
1694733225693 2.9899435993172183 139
1694733226013 0.07208837405953528 140
1694733226302 0.10128328973875919 141
1694733226594 2.2987777251044137 142
1694733226898 0.18484815004648147 143
1694733227174 0.3631782165122438 144
1694733227428 22.199357307647418 145
1694733227740 0.3555041554752107 146
1694733228042 1.7550676328454338 147
1694733228327 0.008566116217170933 148
1694733228688 1.818162684165368 149
1694733228984 0.02772269337998681 150
1694733229302 1.7138995745882681 151
1694733229520 0.06479703973203302 152
1694733229818 0.47850283110174496 153
1694733230124 30.973635191077825 154
1694733230377 2.945625109517465 155
1694733230676 0.6257822475151166 156
1694733231014 0.9367014309633053 157
1694733231369 4.497414473994251 158
1694733231635 0.5346412724030798 159
1694733231947 0.2025319416364912 160
1694733232241 3.6067326671626994 161
1694733232502 0.10350773012626438 162
1694733232879 3.7668612732697815 163
1694733233211 2.819803287966987 164
1694733233506 9.743269517019325 165
1694733233791 1.4821931376561883 166
1694733234091 1.1718890321852062 167
1694733234383 1.6546085614688943 168
1694733234663 0.8422360806819419 169
1694733234893 0.20376082660459016 170
1694733235203 4.970465819770539 171
1694733235487 0.4915397731275257 172
1694733235806 1.4466193611209952 173
1694733236112 3.875304187437929 174
1694733236396 2.0047029842639685 175
1694733236698 0.3267121501652318 176
1694733236993 0.8319952236218598 177
1694733237346 0.06393882563587651 178
1694733237581 0.5681661595243632 179
1694733237886 1.8995201294150852 180
1694733238194 0.6222650885472262 181
1694733238479 5.323407443677153 182
1694733238730 0.3723098877577804 183
1694733239048 0.6565162574963123 184
1694733239355 0.0278223505326565 185
1694733239702 0.013383032840513016 186
1694733239990 0.06926025914215672 187
1694733240283 5.051213975805769 188
1694733240544 0.023281296387490786 189
1694733240764 0.31956272135529923 190
1694733241030 0.012203479039732247 191
1694733241390 0.02177644480314442 192
1694733241681 0.7149466906129458 193
1694733242019 0.0780238180313938 194
1694733242292 0.5832814830966782 195
1694733242558 3.6306860906413445 196
1694733242954 9.785837292496138 197
1694733243273 0.004942589363051605 198
1694733243554 0.05963675935146555 199
1694733243772 0.8933453234491008 200
1694733244110 4.177686588129912 201
1694733244391 2.2343097003239887 202
1694733244687 0.11062368783897644 203
1694733244993 1.6878837338437842 204
1694733245269 22.113393972607664 205
1694733245568 0.17093466495567952 206
1694733245877 0.030287297441456546 207
1694733246347 0.22886048341451037 208
1694733246612 0.0008252469318639824 209
1694733246866 0.8914542186079775 210
1694733247177 0.010370695739559857 211
1694733247511 0.10894339481369925 212
1694733247822 0.16427978364743498 213
1694733248138 0.06485051471968702 214
1694733248502 3.27072114429846 215
1694733248768 3.2675925876447867 216
1694733249077 0.019117542885007027 217
1694733249413 0.7967929007240423 218
1694733249685 0.04668699068257577 219
1694733249942 0.00529574251715391 220
1694733250185 3.504263504566549 221
1694733250443 0.1720086959160575 222
1694733250762 0.008272490598473046 223
1694733251042 1.6831639963742213 224
1694733251381 0.5892943673325256 225
1694733251676 0.3661813314612405 226
1694733251890 0.07703781375829219 227
1694733252142 0.035060888756683964 228
1694733252386 0.16344520823159361 229
1694733252711 0.8599255889067668 230
1694733253103 1.484721789660707 231
1694733253412 0.4627601634658012 232
1694733253730 3.593118035335717 233
1694733254098 0.00570114499924685 234
1694733254382 2.738576443431672 235
1694733254689 2.41972137291535 236
1694733254969 3.8564919380830136 237
1694733255320 0.11249463627439213 238
1694733255662 21.72744619221344 239
1694733255947 1.937802876564965 240
