1694754820584 1.7492627119000642e+208 0
1694754820826 inf 1
1694754821049 nan 2
1694754821303 nan 3
1694754821575 nan 4
1694754821804 nan 5
1694754822116 nan 6
1694754822379 nan 7
1694754822629 nan 8
1694754822860 nan 9
1694754823076 nan 10
1694754823248 nan 11
1694754823482 nan 12
1694754823761 nan 13
1694754824050 nan 14
1694754824228 nan 15
1694754824413 nan 16
1694754824614 nan 17
1694754824830 nan 18
1694754825083 nan 19
1694754825283 nan 20
1694754825518 nan 21
1694754825850 nan 22
1694754826108 nan 23
1694754826666 nan 24
1694754826934 nan 25
1694754827135 nan 26
1694754827343 nan 27
1694754827602 nan 28
1694754828367 nan 29
1694754828566 nan 30
1694754828813 nan 31
1694754829057 nan 32
1694754829430 nan 33
1694754829722 nan 34
1694754829965 nan 35
1694754830222 nan 36
1694754830460 nan 37
1694754830709 nan 38
1694754831171 nan 39
1694754831401 nan 40
1694754831660 nan 41
1694754831900 nan 42
1694754832242 nan 43
1694754832440 nan 44
1694754832680 nan 45
1694754832925 nan 46
1694754833129 nan 47
1694754833816 nan 48
1694754834215 nan 49
1694754834534 nan 50
1694754835178 nan 51
1694754835477 nan 52
1694754835778 nan 53
1694754836097 nan 54
1694754836339 nan 55
1694754836577 nan 56
1694754836762 nan 57
1694754836970 nan 58
1694754837229 nan 59
1694754837462 nan 60
1694754837676 nan 61
1694754837865 nan 62
1694754838062 nan 63
1694754838459 nan 64
1694754838926 nan 65
1694754839225 nan 66
1694754839507 nan 67
1694754839814 nan 68
1694754840138 nan 69
1694754840571 nan 70
1694754840916 nan 71
1694754841240 nan 72
1694754841495 nan 73
1694754841812 nan 74
1694754842154 nan 75
1694754842422 nan 76
1694754842702 nan 77
1694754843109 nan 78
1694754843429 nan 79
1694754843772 nan 80
1694754844093 nan 81
1694754844377 nan 82
1694754844679 nan 83
1694754844984 nan 84
1694754845353 nan 85
1694754845689 nan 86
1694754846022 nan 87
1694754846323 nan 88
1694754846571 nan 89
1694754846907 nan 90
1694754847228 nan 91
1694754847450 nan 92
1694754847759 nan 93
1694754848175 nan 94
1694754848460 nan 95
1694754848724 nan 96
1694754849022 nan 97
1694754849389 nan 98
1694754849624 nan 99
1694754849837 nan 100
1694754850192 nan 101
1694754850464 nan 102
1694754850709 nan 103
1694754850985 nan 104
1694754851322 nan 105
1694754851512 nan 106
1694754851777 nan 107
1694754852085 nan 108
1694754852461 nan 109
1694754852803 nan 110
1694754853092 nan 111
1694754853401 nan 112
1694754853651 nan 113
1694754853887 nan 114
1694754854194 nan 115
1694754854485 nan 116
1694754854850 nan 117
1694754855169 nan 118
1694754855438 nan 119
1694754855747 nan 120
1694754856077 nan 121
1694754856394 nan 122
1694754856643 nan 123
1694754857005 nan 124
1694754857333 nan 125
1694754857531 nan 126
1694754857770 nan 127
1694754858050 nan 128
1694754858364 nan 129
1694754858578 nan 130
1694754858931 nan 131
1694754859258 nan 132
1694754859525 nan 133
1694754859729 nan 134
1694754860099 nan 135
1694754860376 nan 136
1694754860607 nan 137
1694754860790 nan 138
1694754861052 nan 139
1694754861290 nan 140
1694754861537 nan 141
1694754861763 nan 142
1694754861970 nan 143
1694754862275 nan 144
1694754862455 nan 145
1694754862626 nan 146
1694754862856 nan 147
1694754863076 nan 148
1694754863344 nan 149
1694754863541 nan 150
1694754863804 nan 151
1694754864065 nan 152
1694754864326 nan 153
1694754864521 nan 154
1694754864703 nan 155
1694754864955 nan 156
1694754865127 nan 157
1694754865394 nan 158
1694754865587 nan 159
1694754865808 nan 160
1694754866194 nan 161
1694754866404 nan 162
1694754866634 nan 163
1694754866892 nan 164
1694754867136 nan 165
1694754867359 nan 166
1694754867594 nan 167
1694754867776 nan 168
1694754867999 nan 169
1694754868387 nan 170
1694754868683 nan 171
1694754868951 nan 172
1694754869181 nan 173
1694754869435 nan 174
1694754869667 nan 175
1694754869971 nan 176
1694754870221 nan 177
1694754870504 nan 178
1694754870728 nan 179
1694754870943 nan 180
1694754871207 nan 181
1694754871458 nan 182
1694754871681 nan 183
1694754871916 nan 184
1694754872160 nan 185
1694754872417 nan 186
1694754872666 nan 187
1694754872910 nan 188
1694754873146 nan 189
1694754873400 nan 190
1694754873641 nan 191
1694754873900 nan 192
1694754874180 nan 193
1694754874389 nan 194
1694754874543 nan 195
1694754874714 nan 196
1694754874926 nan 197
1694754875206 nan 198
1694754875459 nan 199
1694754875688 nan 200
1694754875910 nan 201
1694754876152 nan 202
1694754876370 nan 203
1694754876614 nan 204
1694754876830 nan 205
1694754877054 nan 206
1694754877377 nan 207
1694754877583 nan 208
1694754877781 nan 209
1694754878010 nan 210
1694754878302 nan 211
1694754878488 nan 212
1694754878706 nan 213
1694754878915 nan 214
1694754879127 nan 215
1694754879406 nan 216
1694754879683 nan 217
1694754879890 nan 218
1694754880114 nan 219
1694754880357 nan 220
1694754880624 nan 221
1694754880866 nan 222
1694754881126 nan 223
1694754881349 nan 224
1694754881609 nan 225
1694754881884 nan 226
1694754882123 nan 227
1694754882357 nan 228
1694754882559 nan 229
1694754882749 nan 230
1694754882905 nan 231
1694754883054 nan 232
1694754883285 nan 233
1694754883476 nan 234
1694754883679 nan 235
1694754883919 nan 236
1694754884194 nan 237
1694754884447 nan 238
1694754884647 nan 239
1694754884851 nan 240
1694754885100 nan 241
1694754885462 nan 242
1694754885854 nan 243
1694754886287 nan 244
1694754886582 nan 245
1694754886907 nan 246
1694754887266 nan 247
1694754887516 nan 248
1694754887787 nan 249
1694754887983 nan 250
1694754888269 nan 251
1694754888581 nan 252
1694754888805 nan 253
1694754889063 nan 254
1694754889252 nan 255
1694754889506 nan 256
1694754889730 nan 257
1694754889979 nan 258
1694754890268 nan 259
1694754890512 nan 260
1694754890834 nan 261
1694754891063 nan 262
1694754891385 nan 263
1694754891639 nan 264
1694754891874 nan 265
1694754892123 nan 266
1694754892354 nan 267
1694754892590 nan 268
1694754892834 nan 269
1694754893081 nan 270
1694754893317 nan 271
1694754893698 nan 272
1694754893932 nan 273
1694754894209 nan 274
1694754894487 nan 275
1694754894743 nan 276
1694754894989 nan 277
1694754895269 nan 278
1694754895592 nan 279
1694754895843 nan 280
1694754896032 nan 281
1694754896298 nan 282
1694754896565 nan 283
1694754896837 nan 284
1694754897068 nan 285
1694754897345 nan 286
1694754897700 nan 287
1694754897951 nan 288
1694754898286 nan 289
1694754898572 nan 290
1694754898859 nan 291
1694754899073 nan 292
1694754899336 nan 293
1694754899594 nan 294
1694754899968 nan 295
1694754900240 nan 296
1694754900496 nan 297
1694754900730 nan 298
1694754900968 nan 299
1694754901146 nan 300
1694754901385 nan 301
1694754901628 nan 302
1694754901863 nan 303
1694754902174 nan 304
1694754902420 nan 305
1694754902704 nan 306
1694754902969 nan 307
1694754903184 nan 308
1694754903388 nan 309
1694754903687 nan 310
1694754903964 nan 311
1694754904320 nan 312
1694754904624 nan 313
1694754904849 nan 314
1694754905075 nan 315
1694754905283 nan 316
1694754905513 nan 317
1694754905852 nan 318
1694754906046 nan 319
1694754906245 nan 320
1694754906540 nan 321
1694754906794 nan 322
1694754907020 nan 323
1694754907259 nan 324
1694754907555 nan 325
1694754907849 nan 326
1694754908049 nan 327
1694754908294 nan 328
1694754908484 nan 329
1694754908787 nan 330
1694754909032 nan 331
1694754909279 nan 332
1694754909635 nan 333
1694754909937 nan 334
1694754910144 nan 335
1694754910402 nan 336
1694754910642 nan 337
1694754911030 nan 338
1694754911308 nan 339
1694754911563 nan 340
1694754911820 nan 341
1694754912059 nan 342
1694754912312 nan 343
1694754912578 nan 344
1694754912843 nan 345
1694754913063 nan 346
1694754913287 nan 347
1694754913505 nan 348
1694754913730 nan 349
1694754913991 nan 350
1694754914196 nan 351
1694754914461 nan 352
1694754914678 nan 353
1694754914902 nan 354
1694754915114 nan 355
1694754915343 nan 356
1694754915666 nan 357
1694754915929 nan 358
1694754916149 nan 359
1694754916377 nan 360
1694754916663 nan 361
1694754916875 nan 362
1694754917098 nan 363
1694754917292 nan 364
1694754917523 nan 365
1694754917851 nan 366
1694754918130 nan 367
1694754918402 nan 368
1694754918671 nan 369
1694754918955 nan 370
1694754919179 nan 371
1694754919364 nan 372
1694754919554 nan 373
1694754919763 nan 374
1694754920144 nan 375
1694754920317 nan 376
1694754920497 nan 377
1694754920747 nan 378
1694754921035 nan 379
1694754921281 nan 380
1694754921548 nan 381
1694754921818 nan 382
1694754922099 nan 383
1694754922345 nan 384
1694754922572 nan 385
1694754922894 nan 386
1694754923151 nan 387
1694754923368 nan 388
1694754923632 nan 389
1694754923866 nan 390
1694754924134 nan 391
1694754924412 nan 392
1694754924714 nan 393
1694754924949 nan 394
1694754925217 nan 395
1694754925483 nan 396
1694754925739 nan 397
1694754926020 nan 398
1694754926247 nan 399
1694754926499 nan 400
1694754926769 nan 401
1694754927033 nan 402
1694754927245 nan 403
1694754927498 nan 404
1694754927753 nan 405
1694754928010 nan 406
1694754928297 nan 407
1694754928499 nan 408
1694754928731 nan 409
1694754929049 nan 410
1694754929285 nan 411
1694754929487 nan 412
1694754929750 nan 413
1694754930054 nan 414
1694754930282 nan 415
1694754930532 nan 416
1694754930796 nan 417
1694754930985 nan 418
1694754931249 nan 419
1694754931433 nan 420
1694754931639 nan 421
1694754931900 nan 422
1694754932162 nan 423
1694754932358 nan 424
1694754932591 nan 425
1694754932871 nan 426
1694754933128 nan 427
1694754933357 nan 428
1694754933631 nan 429
1694754933898 nan 430
1694754934175 nan 431
1694754934359 nan 432
1694754934609 nan 433
1694754934943 nan 434
1694754935281 nan 435
1694754935436 nan 436
1694754935623 nan 437
1694754935907 nan 438
1694754936155 nan 439
1694754936384 nan 440
1694754936650 nan 441
1694754936870 nan 442
1694754937154 nan 443
1694754937375 nan 444
1694754937584 nan 445
1694754937842 nan 446
1694754938230 nan 447
1694754938511 nan 448
1694754938744 nan 449
1694754938991 nan 450
1694754939327 nan 451
1694754939546 nan 452
1694754939799 nan 453
1694754940096 nan 454
1694754940407 nan 455
1694754940614 nan 456
1694754940866 nan 457
1694754941110 nan 458
1694754941375 nan 459
1694754941630 nan 460
1694754941877 nan 461
1694754942126 nan 462
1694754942394 nan 463
1694754942637 nan 464
1694754942869 nan 465
1694754943120 nan 466
1694754943368 nan 467
1694754943601 nan 468
1694754943853 nan 469
1694754944093 nan 470
1694754944383 nan 471
1694754944705 nan 472
1694754944980 nan 473
1694754945238 nan 474
1694754945434 nan 475
1694754945582 nan 476
1694754945807 nan 477
1694754946109 nan 478
1694754946343 nan 479
1694754946543 nan 480
1694754946796 nan 481
1694754947101 nan 482
1694754947375 nan 483
1694754947571 nan 484
1694754947818 nan 485
1694754948086 nan 486
1694754948395 nan 487
1694754948589 nan 488
1694754948837 nan 489
1694754949110 nan 490
1694754949415 nan 491
1694754949598 nan 492
1694754949863 nan 493
1694754950167 nan 494
1694754950443 nan 495
1694754950617 nan 496
1694754950851 nan 497
1694754951094 nan 498
1694754951345 nan 499
