1694752596678 169.3302270244576 0
1694752597013 29487.96576886632 1
1694752597389 5745938.124505461 2
1694752597721 1116536530.1158662 3
1694752598049 216986689563.88425 4
1694752598358 42168823281009.83 5
1694752598720 8195018458031424.0 6
1694752599135 1.5926061465529782e+18 7
1694752599495 3.095044082641774e+20 8
1694752599817 6.014856776834065e+22 9
1694752600134 1.1689171811393703e+25 10
1694752600428 2.2716540510578645e+27 11
1694752600727 4.4146943949079755e+29 12
1694752601060 8.579443067643156e+31 13
1694752601411 1.6673145809555989e+34 14
1694752601713 3.240231201430207e+36 15
1694752602011 6.2970109891946306e+38 16
1694752602367 1.2237505576927901e+41 17
1694752602777 2.3782163156824174e+43 18
1694752603229 4.621785713292324e+45 19
1694752603680 8.981900863573731e+47 20
1694752603984 1.7455275542318067e+50 21
1694752604325 3.3922289823294493e+52 22
1694752604688 6.592400928108014e+54 23
1694752604988 1.2811561431526828e+57 24
1694752605345 2.4897773679686055e+59 25
1694752605768 4.8385915918056124e+61 26
1694752606115 9.403237772778711e+63 27
1694752606515 1.8274094627279024e+66 28
1694752606898 3.5513569104194436e+68 29
1694752607205 6.901647475523581e+70 30
1694752607528 1.3412545986760658e+73 31
1694752607913 2.606571698785903e+75 32
1694752608312 5.065567736071963e+77 33
1694752608688 9.844339405927411e+79 34
1694752609006 1.9131324145364967e+82 35
1694752609356 3.7179494576817083e+84 36
1694752609761 7.22540063868224e+86 37
1694752610149 1.4041722455802972e+89 38
1694752610507 2.7288447988644833e+91 39
1694752610824 5.303191228660352e+93 40
1694752611216 1.0306132917285324e+96 41
1694752611561 2.0028765912630234e+98 42
1694752611927 3.892356786027203e+100 43
1694752612262 7.564340916370728e+102 44
1694752612661 1.4700413308586264e+105 45
1694752612956 2.8568536747936934e+107 46
1694752613291 5.5519615318673855e+109 47
1694752613638 1.0789588953505368e+112 48
1694752613961 2.096830626750563e+114 49
1694752614320 4.074945483303828e+116 50
1694752614641 7.919180729266214e+118 51
1694752614954 1.5390003051509674e+121 52
1694752615278 2.990867389225795e+123 53
1694752615697 5.8124015375402096e+125 54
1694752615990 1.1295723693836178e+128 55
1694752616331 2.1951920035705117e+130 56
1694752616746 4.266099333829723e+132 57
1694752617056 8.290665917377831e+134 58
1694752617410 1.6111941137541726e+137 59
1694752617779 3.1311676264204574e+139 60
1694752618030 6.0850586661461704e+141 61
1694752618385 1.182560098603563e+144 62
1694752618794 2.298167468112418e+146 63
1694752619080 4.466220125071901e+148 64
1694752619412 8.679577307732357e+150 65
1694752619833 1.686774501283447e+153 66
1694752620175 3.278049284318624e+155 67
1694752620509 6.370506017399261e+157 68
1694752620849 1.2380334582478947e+160 69
1694752621157 2.405973465145509e+162 70
1694752621490 4.675728492165834e+164 71
1694752621870 9.086732355599441e+166 72
1694752622246 1.7659003306252994e+169 73
1694752622609 3.4318210943903413e+171 74
1694752622929 6.669343574861997e+173 75
1694752623292 1.296109048116182e+176 76
1694752623608 2.5188365927652753e+178 77
1694752623918 4.895064802051025e+180 78
1694752624248 9.512986862705847e+182 79
1694752624628 1.8487379168524182e+185 80
1694752624978 3.592806270559341e+187 81
1694752625289 6.982199467054558e+189 82
1694752625657 1.3569089376518832e+192 83
1694752625973 2.6369940786814447e+194 84
1694752626281 5.124690079081045e+196 85
1694752626746 9.959236776050507e+198 86
1694752627043 1.9354613768023788e+201 87
1694752627393 3.761343188568412e+203 88
1694752627748 7.309731287722074e+205 89
1694752628045 1.420560922520861e+208 90
1694752628490 2.760694278848362e+210 91
1694752628915 5.365086974053487e+212 92
1694752629245 1.0426420071101057e+215 93
1694752629587 2.0262529950548957e+217 94
1694752629956 3.937786097213485e+219 95
1694752630262 7.652627478035003e+221 96
1694752630607 1.4871987932259034e+224 97
1694752630991 2.8901971994859283e+226 98
1694752631303 5.6167607786966883e+228 99
1694752631624 1.0915518723330297e+231 100
1694752631997 2.121303607076916e+233 101
1694752632361 4.1225058629413594e+235 102
1694752632704 8.011608773627877e+237 103
1694752633024 1.556962616321795e+240 104
1694752633361 3.0257750435882733e+242 105
1694752633780 5.880240487745521e+244 106
1694752634056 1.1427560772236555e+247 107
1694752634386 2.2208130003408693e+249 108
1694752634745 4.315890749376202e+251 109
1694752635046 8.387429719518052e+253 110
1694752635410 1.629999028822093e+256 111
1694752635755 3.16771278306894e+258 112
1694752636075 6.156079910838758e+260 113
1694752636451 1.1963622482186299e+263 114
1694752636824 2.324990334259201e+265 115
1694752637144 4.518347233413258e+267 116
1694752637537 8.78088025608851e+269 117
1694752637967 1.7064615464163668e+272 118
1694752638398 3.3163087577451e+274 119
1694752638766 6.444858836574939e+276 120
1694752639096 1.2524830604620873e+279 121
1694752639416 2.4340545798178477e+281 122
1694752639784 4.730300859595205e+283 123
1694752640174 9.192787379468553e+285 124
1694752640706 1.786510886145791e+288 125
1694752641256 3.4718753024198936e+290 126
1694752641676 6.747184251173695e+292 127
1694752642019 1.3112364746382397e+295 128
1694752642382 2.54823497983271e+297 129
1694752643000 4.952197134566838e+299 130
1694752643475 9.624016879802041e+301 131
1694752643834 1.8703153042152888e+304 132
1694752644153 inf 133
