1694716275387 173.13937671732666 0
1694716275959 134.8270017014889 1
1694716276348 105.11081935271855 2
1694716276648 82.06208954430686 3
1694716276994 64.18482634911469 4
1694716277358 50.318700356659356 5
1694716277730 39.56372693713485 6
1694716278141 31.221852308081278 7
1694716278510 24.751646019390098 8
1694716278853 19.733159150690604 9
1694716279206 15.84066732559211 10
1694716279540 12.821529415070067 11
1694716279949 10.479789744016372 12
1694716280437 8.663459494318444 13
1694716280720 7.25465179784389 14
1694716280993 6.161930232817466 15
1694716281328 5.314374099083899 16
1694716281679 4.656975276105873 17
1694716282012 4.147067894561407 18
1694716282391 3.751559087666116 19
1694716282752 3.4447810828089587 20
1694716283136 3.206825222480613 21
1694716283490 3.0222497833250994 22
1694716283778 2.879077723691529 23
1694716284058 2.7680193080108704 24
1694716284574 2.6818691520607 25
1694716284955 2.615038554052152 26
1694716285277 2.563192757264317 27
1694716285556 2.5229696005836955 28
1694716285889 2.4917612958272417 29
1694716286224 2.4675451680016867 30
1694716286555 2.4487523726145928 31
1694716286894 2.4341660690713813 32
1694716287364 2.4228424410538896 33
1694716287675 2.4140494376703243 34
1694716287976 2.4072192593416117 35
1694716288279 2.40191150449784 36
1694716288572 2.3977845851035 37
1694716288911 2.394573555722474 38
1694716289415 2.3920729171076562 39
1694716289803 2.390123278173914 40
1694716290121 2.388601010643398 41
1694716290535 2.38741022489297 42
1694716290844 2.3864765461923065 43
1694716291142 2.3857422873764125 44
1694716291518 2.3851627046325627 45
1694716291822 2.3847030933817117 46
1694716292159 2.38433653576118 47
1694716292491 2.384042153507887 48
1694716292802 2.383803752844696 49
1694716293146 2.3836087734155536 50
1694716293513 2.3834474730495714 51
