1694737857691 0.6555462039056895 0
1694737857957 0.15338804568187017 1
1694737858295 23.448242210341956 2
1694737858618 2.187065938267342 3
1694737858852 2.1618977778349078 4
1694737859094 1.7228784313094283 5
1694737859302 4.391631363915483 6
1694737859599 2.2550170153665436 7
1694737859894 9.524880297091222 8
1694737860234 0.22691403021868406 9
1694737860574 1.5949344501089318 10
1694737860830 6.479688423815929 11
1694737861053 6.53143114835692 12
1694737861358 1.4939288500013956 13
1694737861677 5.194378965254692 14
1694737861935 6.241439370523365 15
1694737862201 0.0011643844946848155 16
1694737862478 0.147948834173653 17
1694737862788 0.9384299283897826 18
1694737863016 0.012466607112963117 19
1694737863268 1.0006128607757137 20
1694737863616 7.052284553182699 21
1694737863916 4.7262047230161635 22
1694737864224 10.467714605753013 23
1694737864538 3.2762580053048427 24
1694737864930 11.349771077471036 25
1694737865243 2.2305815787925423 26
1694737865518 3.833566968283513 27
1694737865805 0.5590620053845369 28
1694737866086 15.571876296329213 29
1694737866544 0.02801856832759934 30
1694737866938 20.018416463023318 31
1694737867237 0.08220950170974257 32
1694737867559 1.0026589789448606 33
1694737867876 15.5114735903676 34
1694737868123 1.7129063229672805 35
1694737868432 1.979634209231298 36
1694737868716 0.768312408000635 37
1694737868953 0.32186354162203823 38
1694737869307 13.554617311354317 39
1694737869625 1.94833681467693 40
1694737869914 4.996783097394326 41
1694737870234 1.443059779825749 42
1694737870548 4.814314135660087 43
1694737870843 6.606205761178293 44
1694737871125 1.1337919001402954 45
1694737871506 2.4139343413688596 46
1694737871824 6.548218162708682 47
1694737872076 6.086507075882639 48
1694737872431 2.9225071792381447 49
1694737872736 3.370432998162453 50
1694737873040 0.46124770645296076 51
1694737873392 12.994736059345508 52
1694737873757 0.09007167599541298 53
1694737874024 3.8975244769583117 54
1694737874271 3.7776255829840344 55
1694737874684 3.858938256894054 56
1694737874994 2.229670530373664 57
1694737875233 2.1935529717443876 58
1694737875521 2.8158941762141816 59
1694737875882 8.469383122876321 60
1694737876108 0.008123637046121365 61
1694737876397 4.201165388564232 62
1694737876705 0.05002618891082813 63
1694737877002 0.03684807208516007 64
1694737877272 0.03519986007227014 65
1694737877547 3.562746593258026 66
1694737877926 0.3999284095182691 67
1694737878176 0.5820533790571324 68
1694737878409 0.49193889716595596 69
1694737878793 0.8375295797365095 70
1694737879149 2.5770338283026915 71
1694737879397 3.1143189984880593 72
1694737879673 1.1188562461212408 73
1694737879995 1.2635632660873777 74
1694737880328 27.259559460400467 75
1694737880582 15.564723361729188 76
1694737880910 0.018475006241037782 77
1694737881209 4.8126703336717185 78
1694737881518 2.420136388697943 79
1694737881810 6.348878093545196 80
1694737882127 1.4545955670430304 81
1694737882484 1.545966583198927 82
1694737882805 6.992383450750921 83
1694737883126 2.7307710798906357 84
1694737883456 0.00565598022712275 85
1694737883755 6.055799317241951 86
1694737884063 0.8184557467490207 87
1694737884358 13.179637063533571 88
1694737884621 1.909333000555717 89
1694737884942 7.357245881385566 90
1694737885225 14.18848159744792 91
1694737885536 2.871685534439032 92
1694737885862 0.15919102383912023 93
1694737886152 15.983337292962915 94
1694737886495 18.88427447122797 95
1694737886760 1.2743768586803155 96
1694737887061 0.1166086403091047 97
1694737887318 6.79569355510231 98
1694737887558 1.166051726659844 99
1694737887807 1.5206439943565504 100
1694737888117 0.25563147255554797 101
1694737888410 4.130463281568215 102
1694737888713 2.609901020185987 103
1694737889032 0.5677573508318111 104
1694737889311 12.502846804328133 105
1694737889600 0.14188457333918567 106
1694737889924 5.634310085322756 107
1694737890236 4.179635479794481 108
1694737890540 1.202963110521881 109
1694737890810 0.023511893016423233 110
1694737891120 0.2556482066246675 111
1694737891444 1.341845257639978 112
1694737891776 0.07985765504302368 113
1694737892113 6.768278728716798 114
1694737892372 0.34623960307146423 115
1694737892627 15.758768538473275 116
1694737892842 6.378874687903079 117
1694737893054 7.6758777098676925 118
1694737893275 0.2536238213346095 119
1694737893613 4.095283843426327 120
1694737893902 2.1580073572952703 121
1694737894232 5.5760886506240235 122
1694737894499 6.058870329120996 123
1694737894883 0.14701404033747068 124
1694737895195 3.8839998890776055 125
1694737895442 1.6941200271716375 126
1694737895701 0.9247059939752074 127
1694737896031 0.001461650132736847 128
1694737896348 3.696909378367346 129
1694737896680 0.50498412210854 130
1694737896995 16.437201111888076 131
1694737897314 4.200456113767891 132
1694737897555 25.303347049433874 133
1694737897817 7.272719108842777 134
1694737898182 0.7406604021537946 135
1694737898475 0.00048451073290931885 136
1694737898759 0.7572187234079554 137
1694737899050 1.1699858598361703 138
1694737899373 2.2754552534324337 139
1694737899653 0.11856473072314694 140
1694737899965 4.033036345770906 141
1694737900359 0.3482459692780735 142
1694737900594 2.8476616348214026 143
1694737900895 2.1327821432757528 144
1694737901231 0.0009459587395387672 145
1694737901581 0.0068701063730812854 146
1694737901889 5.702888948885377 147
1694737902263 0.017317532083560898 148
1694737902577 9.971900218501573e-07 149
1694737902869 7.4738311506183495 150
1694737903163 0.4658222627835396 151
1694737903472 30.577832088673073 152
1694737903722 0.04333576902160631 153
1694737904062 0.8562151232705288 154
1694737904384 27.6263116549299 155
1694737904748 4.427694754530578 156
1694737905083 9.91079179251687 157
1694737905423 2.2117634340099652 158
1694737905715 1.1729876709308682 159
1694737906032 1.0604034110236824 160
1694737906358 0.5962301595016515 161
1694737906687 0.8772817006793618 162
1694737907036 2.1208216897326855 163
1694737907332 0.3207273447013968 164
1694737907606 20.92358973536232 165
1694737907924 15.55475112491846 166
1694737908213 3.1796868650115204 167
1694737908516 0.8355107999325747 168
1694737908819 2.11694010326151 169
1694737909171 0.006622591061676718 170
1694737909453 0.3413453694503246 171
1694737909719 0.15724047760147633 172
1694737910023 1.0047732805834693 173
1694737910325 3.7420589977428995 174
1694737910617 8.651270776221772 175
1694737910887 0.14948360038243105 176
1694737911229 2.69684371246666 177
1694737911579 5.652809496419167 178
1694737911808 10.492696344299024 179
1694737912100 8.76120773666334 180
1694737912344 0.48377477865419927 181
1694737912600 5.028309454954107 182
1694737912878 2.081722431059016 183
1694737913114 4.4008082132986965 184
1694737913398 5.272108258021269 185
1694737913738 12.105590763327074 186
1694737914049 7.128146725006346 187
1694737914317 8.376165280406404 188
1694737914605 1.7809914792729187 189
1694737914941 0.08958742130860592 190
1694737915218 16.381668282521133 191
1694737915480 0.9981116588978988 192
1694737915775 0.4019401397659243 193
1694737916118 9.989737193924888 194
1694737916387 0.08489540615955794 195
1694737916680 4.339059380621418 196
1694737916995 2.461622210390481 197
1694737917406 0.013411091021662205 198
1694737917689 19.248664878314695 199
1694737917977 0.00011978453551400235 200
1694737918254 0.9241545746472546 201
1694737918543 0.005305912981644809 202
1694737918776 0.08496008046180274 203
1694737919143 3.276835400435778 204
1694737919450 5.800352537780589 205
1694737919758 3.6411054212875524 206
1694737919995 0.0327107922167679 207
1694737920298 25.40367027249422 208
1694737920580 41.985373407252204 209
1694737920895 2.0392556958509482 210
1694737921209 0.5842124528988785 211
1694737921532 6.885057170193425 212
1694737921807 2.0338495050426126 213
1694737922043 0.0002854970069126909 214
1694737922340 8.114939306064219 215
1694737922656 2.8490503055690555 216
1694737922906 6.765825081011143 217
1694737923169 1.089134913125318 218
1694737923414 10.973865565488692 219
1694737923686 1.4160897375812345 220
1694737923953 6.664196190509413 221
1694737924231 4.067464256714368 222
1694737924504 0.9068252161019519 223
1694737924873 1.2687323122706924 224
1694737925095 0.3939673978203737 225
1694737925353 33.45256432011953 226
1694737925624 1.4370581207863447 227
1694737925899 0.5337447693578683 228
1694737926134 4.195035253488448 229
1694737926381 2.4287202456541013 230
1694737926707 0.2291452627966247 231
1694737927047 1.3100726565882896 232
1694737927334 3.400772060612799 233
1694737927604 1.2951958845076275 234
1694737927897 2.864768630143628 235
1694737928202 5.099689638313479 236
1694737928527 0.0044246286860021395 237
1694737928795 5.232796811158241 238
1694737929115 1.604459273041729 239
1694737929371 1.3967924586025882 240
1694737929648 0.8030899020587993 241
1694737929938 0.0595100294973782 242
1694737930201 0.539523725933065 243
1694737930469 1.9063457476389032 244
1694737930716 2.7768291530027485 245
1694737930985 16.931758925835847 246
1694737931318 0.7206311770573403 247
1694737931633 1.186509818428814 248
1694737931948 3.4021189170466064 249
1694737932225 0.8750583912775224 250
1694737932529 12.636745425193723 251
1694737932827 0.08086081032056705 252
1694737933033 0.01837773164152365 253
1694737933239 5.99727360599548 254
1694737933599 0.20620826464553882 255
1694737933913 2.7023013291389257 256
1694737934206 0.25763190556417565 257
1694737934505 0.8054688359016658 258
1694737934805 2.6753776669991334 259
1694737935069 6.837494252614282 260
1694737935300 0.012711432193429599 261
1694737935591 1.3939100809329992 262
1694737935974 0.07778184038038567 263
1694737936200 0.3923332881070452 264
1694737936519 6.184935732052682 265
1694737936836 2.286440004579239 266
1694737937114 1.9807373724465676 267
1694737937339 1.45774402561373 268
1694737937647 0.006561274170429244 269
1694737937917 13.910127703067234 270
1694737938147 1.0661612746325773 271
1694737938385 2.4735561946969713 272
1694737938822 1.2246335537024404 273
1694737939111 3.699637948525041 274
1694737939361 3.5066603207087628 275
1694737939671 16.069256720569268 276
1694737939980 1.12436909696787 277
1694737940236 0.8369935236898033 278
1694737940522 0.08788744026762972 279
1694737940753 1.4957925943843124 280
1694737941103 3.81117543972309 281
1694737941329 0.1373453392027431 282
1694737941578 0.39405412710953897 283
1694737941822 0.03441934238118476 284
1694737942087 12.779198893434941 285
1694737942391 14.284321595836023 286
1694737942681 0.9576994449360934 287
1694737942950 0.41982822274622866 288
1694737943203 0.30548499852920685 289
1694737943418 0.29905008168512937 290
1694737943676 11.14405681912614 291
1694737943899 17.082879006157977 292
1694737944131 5.397949970772296 293
1694737944402 0.07499209848784197 294
1694737944755 1.9268925031871549 295
1694737945104 6.357640005971856 296
1694737945415 0.03743233071748511 297
1694737945699 1.535960046935781 298
1694737946011 0.051099376510188775 299
1694737946266 0.4228116936677674 300
1694737946619 0.26908539555629796 301
1694737946979 0.3119370850139757 302
1694737947244 1.6669655275197561 303
1694737947598 0.026920692474634373 304
1694737947833 1.677829760373217 305
1694737948100 3.2336301527891433 306
1694737948345 10.397469236440648 307
1694737948662 0.0009048629343172666 308
1694737949021 5.343492541484239 309
1694737949291 5.4755490341193225 310
1694737949545 2.9412623071181785 311
1694737949772 2.1651050156549774 312
1694737950060 9.663992132423125 313
1694737950341 0.8621171290348162 314
1694737950634 3.774946649170121 315
1694737950917 0.06148710698441887 316
1694737951252 6.3027218540434955 317
1694737951510 1.7874284365215813 318
1694737951729 16.080258685088 319
1694737951960 5.1764245610935475 320
1694737952221 4.591019244861634 321
1694737952451 0.09772503272870178 322
1694737952756 0.23932281578298856 323
1694737953032 4.846645844445391 324
1694737953269 17.758945915454824 325
1694737953590 0.017910537110160253 326
1694737953902 6.977124960619002 327
1694737954218 0.7709158197057276 328
1694737954467 0.29104558910957234 329
1694737954764 0.3612792459447727 330
1694737955038 4.180691607351883 331
1694737955302 1.4586428053780283 332
1694737955590 3.6089645472967913 333
1694737955888 3.7348769794953354 334
1694737956122 0.25834318382057087 335
1694737956454 0.7458592920348592 336
1694737956725 6.023900551314018 337
1694737956985 1.2014236202803004 338
1694737957267 5.41938455193034 339
1694737957508 3.8173353294331944 340
1694737957910 0.9811996930097713 341
1694737958307 0.8206528502813929 342
1694737958579 3.555523779968894 343
1694737958902 6.825783925879412 344
1694737959244 0.014462084968645199 345
1694737959504 0.7686378574518591 346
1694737959793 0.6577749494710439 347
1694737960162 4.473802966654291 348
1694737960429 4.9940473112463035 349
1694737960655 1.1619362031726175 350
1694737960944 3.7318544690970503 351
1694737961293 0.03351643556327003 352
1694737961569 0.4999189070990217 353
1694737961903 0.14617403081280084 354
1694737962258 0.2120372855320032 355
1694737962542 1.4768484093269691 356
1694737962801 0.14078059644449842 357
1694737963127 11.775829700256292 358
1694737963458 4.576267150069681 359
1694737963721 1.1703461866483047 360
1694737964043 10.732689097520716 361
1694737964379 0.03232713705482144 362
1694737964696 2.3034934859321727 363
1694737965053 0.32203014244536254 364
1694737965391 3.2009150249574128 365
1694737965645 8.852275154824316 366
1694737965972 0.012790170926161942 367
1694737966292 0.22369356451080347 368
1694737966669 12.541373229567833 369
1694737967018 1.745405498323609 370
1694737967364 4.836966552399955 371
1694737967667 0.12544617876961825 372
1694737967938 3.414892217879603 373
1694737968224 7.88325390474794 374
1694737968547 19.011673996601665 375
1694737968802 3.1416473561666156 376
1694737969092 0.3854047913114637 377
1694737969386 6.052210084549436 378
1694737969742 0.4004471744999175 379
1694737969992 5.124488092525457 380
1694737970309 0.9421114551239406 381
1694737970589 14.343280021536355 382
1694737970873 1.498827400748455 383
1694737971238 1.4832765205576945 384
1694737971475 0.5417827110402983 385
1694737971821 7.428271158870701 386
1694737972056 1.0569070403927883 387
1694737972308 0.7007738859976596 388
1694737972617 2.5621600557068667 389
1694737972926 3.989374179106179 390
1694737973223 2.940666010226351 391
1694737973569 0.07247738228863745 392
1694737973784 0.1573263661982418 393
1694737974039 0.8177477493426067 394
1694737974323 5.808723212571374 395
1694737974648 17.069500495741277 396
1694737975026 1.6280575922356233 397
1694737975371 8.494143040145826 398
1694737975717 0.0008349003241657424 399
1694737976015 3.692132200543169 400
1694737976280 0.04022551452252057 401
1694737976601 0.40132818188910385 402
1694737976823 1.4251636401830055 403
1694737977156 0.047672310645813225 404
1694737977477 0.39417542503260194 405
1694737977803 7.07812635458077 406
1694737978158 1.7972029489085712 407
1694737978478 13.298951752296412 408
1694737978757 0.7648839575442682 409
1694737979060 0.4645344123727783 410
1694737979408 0.00520654841587015 411
1694737979725 0.6720642020699799 412
1694737980114 0.9531918541977106 413
1694737980434 3.37921453632703 414
1694737980728 1.2266751826621012 415
1694737981015 2.3412226648062173 416
1694737981276 0.03601514156379343 417
1694737981692 9.93139737453001 418
1694737982007 0.6503093106061539 419
1694737982374 31.83164254088001 420
1694737982696 0.009911833238741327 421
1694737982952 36.21329842088473 422
1694737983287 0.17341264264842998 423
1694737983659 39.74079487598354 424
1694737983983 0.0002108222289305341 425
1694737984295 0.1260334726021168 426
1694737984645 14.05120666726984 427
1694737984979 15.830879691977385 428
1694737985249 4.6063258352090894 429
1694737985550 3.5327794428173065 430
1694737985857 0.7396537744483986 431
1694737986193 2.2253528788376613 432
1694737986525 6.030337584027512 433
1694737986871 12.866339877295127 434
1694737987195 8.898446605743661 435
1694737987501 0.004006964028048599 436
1694737987804 3.696674412514993 437
1694737988049 2.1799383953394287 438
1694737988383 0.0327679755003518 439
1694737988687 2.1593180032987913 440
1694737989015 2.728542225616685 441
1694737989310 0.9222726151801721 442
1694737989641 2.1391976233253684 443
1694737989927 2.739522699121679 444
1694737990212 0.0006224020253074696 445
1694737990544 3.245988507550496 446
1694737990867 0.25568894447050966 447
1694737991166 0.00441385130361387 448
1694737991509 0.5665988073062153 449
1694737991836 15.041790577212584 450
1694737992104 0.3694841073084754 451
1694737992453 5.919973089827009 452
1694737992781 13.643555234382536 453
1694737993048 10.708578802696252 454
1694737993321 0.3590560745673102 455
1694737993668 0.8921588661934491 456
1694737993971 12.953423829103695 457
1694737994217 0.1485988158129646 458
1694737994580 6.95477608785582 459
1694737994969 20.106150345523655 460
1694737995201 1.6535836707020561 461
1694737995474 0.14896550128265768 462
1694737995832 12.800605302950979 463
1694737996095 9.57001772248139 464
1694737996373 8.962207397735552 465
1694737996767 3.943741361676968 466
1694737997053 2.2424902671722724 467
1694737997347 2.865007756532606 468
1694737997680 0.7651003848326962 469
1694737998030 2.596718958522319 470
1694737998293 14.8611407851603 471
1694737998592 1.8958665789999134 472
1694737998992 0.1880187399930678 473
1694737999224 0.2172487185896725 474
1694737999521 3.659562785094783 475
1694737999846 0.5288424558820831 476
1694738000195 5.824895157831001 477
1694738000510 7.804760639649377 478
1694738000805 4.70210963389134 479
1694738001153 6.10196675209039 480
1694738001461 4.458953107373554 481
1694738001786 0.02474775779864829 482
1694738002120 0.9533500303715455 483
1694738002417 0.0038028238458871623 484
1694738002723 10.894411348939665 485
1694738003008 0.007231651272627814 486
1694738003262 11.450998230941941 487
1694738003527 1.2186814874138037 488
1694738003812 7.178792040288273 489
1694738004136 2.327242671682173 490
1694738004480 1.127148299363065 491
1694738004905 1.4805989100108536 492
1694738005200 7.214649231265365 493
1694738005447 0.49150702954415926 494
1694738005700 0.8279700497958026 495
1694738006008 1.8479903691860786 496
1694738006284 10.826231587848895 497
1694738006619 11.397445498125725 498
1694738006949 0.14931057479259474 499
