1694741526115 2.409042955310761 0
1694741526311 1.6183037771949416 1
1694741526513 2.5160473341190737 2
1694741526657 1.8907983667691688 3
1694741526859 2.5988919024379737 4
1694741527087 2.994731734143301 5
1694741527272 3.4140101189751406 6
1694741527563 1.6331536663406394 7
1694741527757 3.168048688699829 8
1694741528059 2.6036269884218677 9
1694741528270 1.5989797615390093 10
1694741528480 2.3677087304266524 11
1694741528660 1.7528602759564205 12
1694741528897 2.605711421858385 13
1694741529074 1.7685340534919824 14
1694741529343 2.014408061563723 15
1694741529574 2.4900113394808856 16
1694741529727 2.1058002347148452 17
1694741529910 2.4812735920747833 18
1694741530108 1.4852909515432868 19
1694741530386 2.1623155737560773 20
1694741530606 1.2409359597307643 21
1694741530806 2.495311375577605 22
1694741531048 1.4996738246084405 23
1694741531254 2.5331333202765065 24
1694741531432 1.8103794415206316 25
1694741531593 2.2510032581263903 26
1694741531760 2.8117383760624293 27
1694741531919 1.7891078582917936 28
1694741532153 2.4573558344694395 29
1694741532395 2.1979532236272177 30
1694741532622 2.4535286746713476 31
1694741532787 2.2582259010916785 32
1694741532944 2.374587322421434 33
1694741533125 3.1353605171266423 34
1694741533334 2.278510659651856 35
1694741533547 2.6155963987911464 36
1694741533755 3.15313970251824 37
1694741533990 2.599385149023071 38
1694741534232 2.4790791626475968 39
1694741534433 2.697575414166849 40
1694741534678 1.737879137369439 41
1694741534834 3.772038324316702 42
1694741534969 3.140280811565978 43
1694741535230 2.2434544338655766 44
1694741535433 2.427653977491778 45
1694741535633 2.256353743404384 46
1694741535837 3.2133334142803824 47
1694741536007 2.901966879014737 48
1694741536166 1.867530416684828 49
1694741536438 2.0668372020546215 50
1694741536617 2.914859597465066 51
1694741536822 1.8793018219948712 52
1694741537054 1.7404879136114735 53
1694741537323 1.9048281914606335 54
1694741537637 3.128637986598861 55
1694741537812 2.667403596935408 56
1694741537965 1.648269412160003 57
1694741538147 2.214066312810726 58
1694741538331 2.038017252711439 59
1694741538571 1.649833753080084 60
1694741538756 2.616685479588417 61
1694741538906 2.0652411623992815 62
1694741539205 2.2319722628608485 63
1694741539501 2.1970228384152315 64
1694741539723 2.3671361938422266 65
1694741539891 1.9509736822218493 66
1694741540078 1.4402164351084792 67
1694741540309 2.2331184689851367 68
1694741540539 1.6212640249400285 69
1694741540776 2.039054525779274 70
1694741541012 2.459047689749671 71
1694741541204 2.8344314955194494 72
1694741541448 2.821243907985638 73
1694741541699 2.092678626709111 74
1694741541863 1.8695414522303484 75
1694741542087 1.6700711375496065 76
1694741542252 3.111759796578845 77
1694741542477 1.6382195777104196 78
1694741542722 2.419462470385885 79
1694741542943 1.6098406178490403 80
1694741543199 2.2011309215432884 81
1694741543459 2.2180282973779275 82
1694741543743 2.503565370910866 83
1694741543907 2.2233916674339684 84
1694741544058 2.4755906606948606 85
1694741544223 2.2620727510205834 86
1694741544456 1.6767526143778182 87
1694741544689 1.4284278904535466 88
1694741544836 1.313055936073959 89
1694741545034 1.7795196080514044 90
1694741545226 3.3191319976360263 91
1694741545401 2.331234152834845 92
1694741545582 1.9678988843885712 93
1694741545769 2.3493659599512093 94
1694741546037 2.787318633487518 95
1694741546261 2.500342399662316 96
1694741546511 1.7037638819739775 97
1694741546713 2.132120799835701 98
1694741546860 1.7851558432493881 99
1694741547043 2.4857671034170683 100
1694741547215 1.594339356328284 101
1694741547382 2.1390903068556155 102
1694741547672 1.882644758822251 103
1694741547808 2.874200797318346 104
1694741547932 2.436402674112872 105
1694741548129 2.5484101028261663 106
1694741548375 2.588236831511351 107
1694741548616 2.4641866553497587 108
1694741548766 2.079002896059213 109
1694741548908 2.52051433525798 110
1694741549118 2.4014353328866584 111
1694741549315 1.8917176830371218 112
1694741549474 2.154252422153874 113
1694741549709 2.3527421509149047 114
1694741549896 2.1068327442216326 115
1694741550088 2.8144947966999054 116
1694741550338 1.3626672911959492 117
1694741550597 1.8104346107328155 118
1694741550799 2.121054015772528 119
1694741551025 1.8697971510838964 120
1694741551252 1.8706760763720993 121
1694741551474 2.203639679456504 122
1694741551697 2.2790670206263117 123
1694741551880 2.417238782534357 124
1694741552067 2.7826513064525487 125
1694741552275 1.3995648479728942 126
1694741552516 1.9875409100634893 127
1694741552744 2.042165695450589 128
1694741552932 1.6469872270516372 129
1694741553145 1.920795511753993 130
1694741553322 2.2621549353163117 131
1694741553507 1.890016696386691 132
1694741553693 1.8556913189112743 133
1694741553906 1.7513007216376941 134
1694741554132 1.9873212467244885 135
1694741554331 2.413852770456843 136
1694741554558 2.1307108604640437 137
1694741554808 2.1105321170088143 138
1694741555060 2.5126650074972035 139
1694741555285 2.1131989502863164 140
1694741555514 3.362730866809548 141
1694741555735 2.696946902064808 142
1694741555884 1.5823917938904435 143
1694741556083 2.456445050822344 144
1694741556293 1.612497472046136 145
1694741556510 2.253109296801253 146
1694741556701 2.1299087463856696 147
1694741556882 2.9819782570320608 148
1694741557138 2.674497896289921 149
1694741557336 2.089142149592569 150
1694741557598 2.4149247542821994 151
1694741557805 1.5953075000390777 152
1694741557960 3.1769390190314724 153
1694741558167 3.3981146878412503 154
1694741558393 2.263282280413886 155
1694741558605 3.2374819425689374 156
1694741558804 2.094708994745207 157
1694741558982 2.128345580237466 158
1694741559309 1.851497523085465 159
1694741559559 1.9905975833720013 160
1694741559773 1.8346954007253196 161
1694741559930 2.001592078824474 162
1694741560095 1.5340597567565863 163
1694741560316 2.098368129388154 164
1694741560555 2.0805486248838942 165
1694741560771 1.7407885025545304 166
1694741560933 2.441335425238098 167
1694741561124 1.9057907511040508 168
1694741561367 1.7608313991455982 169
1694741561643 1.0993305605241162 170
1694741561866 1.5077548128637517 171
1694741562011 1.7565556336335124 172
1694741562168 2.9800598988479337 173
1694741562371 2.289259883924481 174
1694741562576 1.5835483129686727 175
1694741562795 2.310655218745416 176
1694741562982 2.6557782320200247 177
1694741563184 1.918645746562774 178
1694741563389 3.198102103310694 179
1694741563644 1.4393757305723052 180
1694741563891 1.6144712177763811 181
1694741564049 1.4225142378106082 182
1694741564266 1.844119435598907 183
1694741564509 2.2553821826759695 184
1694741564736 1.658249676987085 185
1694741564882 2.3510446951747386 186
1694741565031 2.2315619612478153 187
1694741565180 2.83393554569966 188
1694741565327 1.4749337494390566 189
1694741565563 2.1355897463148503 190
1694741565817 1.9959958474004829 191
1694741566023 2.449878441350603 192
1694741566207 1.8667317812872188 193
1694741566380 2.115446465450032 194
1694741566582 1.9509918426718083 195
1694741566781 2.9725507034219016 196
1694741566976 2.374896643638341 197
1694741567205 1.6906717676272385 198
1694741567440 1.741684884779355 199
1694741567664 1.4191517029436167 200
1694741567876 2.0862511661800833 201
1694741568028 2.454441619948383 202
1694741568247 1.8738318754706198 203
1694741568434 2.2802662042410304 204
1694741568636 1.9399872424458664 205
1694741568825 2.2099984001625113 206
1694741568995 2.1867098195902783 207
1694741569277 1.90806150605395 208
1694741569515 2.0062707584963326 209
1694741569748 1.9668227561953564 210
1694741569951 1.6843797682610762 211
1694741570108 2.80447374606802 212
1694741570324 1.5495929778391557 213
1694741570607 1.5981916063334232 214
1694741570830 2.0642195498180222 215
1694741571058 2.1378761115893474 216
1694741571309 2.808019680667261 217
1694741571512 1.9023116701487135 218
1694741571735 1.8550800901483153 219
1694741571953 1.5030328339452825 220
1694741572132 1.4630462526581367 221
1694741572277 2.7134638978859638 222
1694741572431 1.6320170193025796 223
1694741572663 1.217197153398879 224
1694741572863 1.2041738741452892 225
1694741573071 2.7072571706090898 226
1694741573311 2.720318648524302 227
1694741573538 1.3092433830962904 228
1694741573742 1.562118321569427 229
1694741573930 1.853638339971267 230
1694741574106 2.1211386058782704 231
1694741574336 2.0149446033062777 232
1694741574579 2.3432580988368223 233
1694741574832 1.562478574615014 234
1694741575041 2.257312075824127 235
1694741575210 2.5405578233458894 236
1694741575340 2.246390651190216 237
1694741575509 1.6293572246654786 238
1694741575727 1.6617949308476252 239
1694741575926 2.246572561948518 240
1694741576078 3.4934211859627973 241
1694741576266 2.626288174912415 242
1694741576515 1.548037054824843 243
1694741576725 0.9749698201437633 244
1694741576923 1.9703890198640643 245
1694741577133 2.6419188457638434 246
1694741577321 1.7984407487735872 247
1694741577537 2.4536771270035813 248
1694741577779 1.5613903484599916 249
1694741577969 2.4435306753696904 250
1694741578090 1.9432808772935957 251
1694741578219 1.9127178202926898 252
1694741578434 2.5126196758542663 253
1694741578653 1.9823481871769346 254
1694741578879 2.70290725704198 255
1694741579050 1.4196930008066788 256
1694741579324 2.2268068662810676 257
1694741579561 3.490328556773425 258
1694741579741 1.6428252583376544 259
1694741579969 2.2880527216602524 260
1694741580147 2.7945579794092423 261
1694741580323 2.8070995184414076 262
1694741580554 1.779159540354362 263
1694741580779 2.37134912306683 264
1694741580948 2.661630799131056 265
1694741581129 1.4842350376920737 266
1694741581358 2.2126987160385703 267
1694741581636 2.0462302531831402 268
1694741581818 2.015340008560068 269
1694741582021 1.7089804539538491 270
1694741582186 3.0894615830933767 271
1694741582419 2.1155249348517216 272
1694741582674 1.5402176676530732 273
1694741582896 2.4940039072157276 274
1694741583093 1.9084700679509126 275
1694741583289 2.941370278578235 276
1694741583450 1.4456131986580367 277
1694741583668 2.188872582605839 278
1694741583872 1.554549296043951 279
1694741584034 2.179175371076799 280
1694741584192 2.8915028440007347 281
1694741584410 2.219688492924918 282
1694741584630 1.5027730653366722 283
1694741584867 2.597264114461597 284
1694741585073 1.8027687359964542 285
1694741585275 1.8898204742543996 286
1694741585472 2.137710587010539 287
1694741585700 2.0000216759171034 288
1694741585981 2.2405931987291576 289
1694741586170 2.2204438564525666 290
1694741586360 2.432413584318048 291
1694741586513 2.5205111673821037 292
1694741586679 2.33784670977816 293
1694741586872 1.2745788930494169 294
1694741587058 2.1191966297792395 295
1694741587204 2.627944415442196 296
1694741587420 1.740136292034262 297
1694741587670 1.7948515361890376 298
1694741587886 1.3601346150701321 299
1694741588103 2.2317074689426195 300
1694741588338 1.9071564548441788 301
1694741588512 1.4759057239218432 302
1694741588732 1.438933885927227 303
1694741588899 2.0530347660426655 304
1694741589104 1.4239008493401417 305
1694741589321 2.391307782983827 306
1694741589480 2.555747433493536 307
1694741589694 3.1098912156563956 308
1694741589887 1.9000599727929233 309
1694741590097 2.697144377591196 310
1694741590248 1.7598134993464776 311
1694741590447 2.8333210459243823 312
1694741590684 1.7265162586786431 313
1694741590897 2.4547481288565147 314
1694741591067 1.7386058509810132 315
1694741591237 1.6589977248167422 316
1694741591384 2.374778380344949 317
1694741591541 2.052435608644085 318
1694741591706 2.48479766543824 319
1694741591872 2.302029664269769 320
1694741592092 1.9734563564177066 321
1694741592260 2.223345295231806 322
1694741592452 2.539536536283269 323
1694741592707 2.7735079734600063 324
1694741592930 3.017516019654933 325
1694741593113 1.5717094470440796 326
1694741593283 2.4791430752849926 327
1694741593466 1.452688277400523 328
1694741593648 2.031615629303513 329
1694741593882 2.2550927662125564 330
1694741594118 2.4206925424734758 331
1694741594241 2.5082629000461396 332
1694741594461 2.1581753430338 333
1694741594694 1.8610898164310186 334
1694741594975 1.8514793464029085 335
1694741595176 2.279128362980463 336
1694741595361 2.560278619390676 337
1694741595613 2.494252811505864 338
1694741595843 1.583341881035082 339
1694741596063 1.5669845613085933 340
1694741596221 1.3052561577077888 341
1694741596375 1.985802479267128 342
1694741596593 1.6784976153857532 343
1694741596825 1.7058394318264936 344
1694741597155 1.9516210337606463 345
1694741597392 1.955452290695402 346
1694741597675 2.0148034152241716 347
1694741597900 1.663270489950227 348
1694741598147 2.3279042469310838 349
1694741598315 1.8848007026941673 350
1694741598557 2.5380464075684035 351
1694741598778 2.692887122875792 352
1694741598967 3.3890265393298464 353
1694741599258 1.7759989715808653 354
1694741599504 2.7544493048167458 355
1694741599699 2.5634175112284336 356
1694741599868 1.7654380701568073 357
1694741600107 2.2947716782245373 358
1694741600284 1.6238538121503534 359
1694741600451 2.297078198970744 360
1694741600706 2.094334414739896 361
1694741600954 2.255469479610684 362
1694741601184 2.3300658184406715 363
1694741601391 1.7043742372506694 364
1694741601665 1.578565983851871 365
1694741601946 2.1595386834828503 366
1694741602167 2.879244695690278 367
1694741602316 2.7279917692814664 368
1694741602494 1.8967232096420001 369
1694741602723 1.4062368225755686 370
1694741602973 2.0978139702620417 371
1694741603173 1.6682862630700743 372
1694741603363 2.0201684952376016 373
1694741603586 1.87685573836479 374
1694741603849 2.080561827616703 375
1694741604126 2.05518582538169 376
1694741604312 1.5878070629336023 377
1694741604548 2.2317864105109213 378
1694741604785 1.3335246490061994 379
1694741605032 1.554940079371004 380
1694741605223 2.3847127962666477 381
1694741605423 2.9069840524976756 382
1694741605656 2.2718750736201407 383
1694741605876 1.374452760892759 384
1694741606134 1.0064077605145514 385
1694741606287 1.8090520937601984 386
1694741606472 2.2371766562550355 387
1694741606700 1.925398710685811 388
1694741606939 1.4576937475566822 389
1694741607173 2.4012344839225963 390
1694741607373 1.837969065809978 391
1694741607705 2.573580180390861 392
1694741607966 2.546668765750884 393
1694741608204 1.464621187257034 394
1694741608449 2.426437079868601 395
1694741608675 1.6878079886213833 396
1694741608877 1.7505578634064227 397
1694741609128 1.9709995434597776 398
1694741609381 2.000459295257338 399
1694741609624 1.632439946784121 400
1694741609876 2.6393993508686724 401
1694741610123 2.2511893715417117 402
1694741610307 1.6819911816776283 403
1694741610490 1.9588240504289978 404
1694741610682 1.8878252754977776 405
1694741610902 1.9589971276871978 406
1694741611134 1.9320273481368873 407
1694741611312 2.515712249724809 408
1694741611448 2.3057204340605213 409
1694741611653 2.7783457880519236 410
1694741611870 2.7520692868197316 411
1694741612095 2.148299616510815 412
1694741612292 2.459804691635088 413
1694741612452 2.153924308733036 414
1694741612718 2.535331568530842 415
1694741612996 2.502482311269157 416
1694741613239 2.163274673731705 417
1694741613399 2.8426107587747063 418
1694741613600 1.8318095769113258 419
1694741613805 1.4080507796421171 420
1694741614046 1.766518400826632 421
1694741614276 2.4150879369220735 422
1694741614427 1.8004032450959462 423
1694741614639 2.4922331090973753 424
1694741614880 1.5837393660420716 425
1694741615177 1.5505671223612094 426
1694741615365 2.0717432408708656 427
1694741615579 1.9945629721406357 428
1694741615812 2.801693083015047 429
1694741616040 2.598844080059658 430
1694741616220 1.9126707819820041 431
1694741616397 1.7050559907925589 432
1694741616608 1.7173687151479602 433
1694741616815 1.600824209901085 434
1694741617027 1.9258083840880398 435
1694741617311 1.974886005829818 436
1694741617551 1.7934042195632482 437
1694741617788 1.5155259493268198 438
1694741618012 2.177961120036756 439
1694741618235 2.9831176709734186 440
1694741618495 1.9165509137748413 441
1694741618736 2.5542255281856145 442
1694741618976 1.7877808082868534 443
1694741619238 2.211034426466147 444
1694741619508 1.8694529184379547 445
1694741619715 1.4891581917917767 446
1694741620013 2.4117530351073593 447
1694741620239 3.4611720497429572 448
1694741620444 2.6099303171782724 449
1694741620674 2.0204332931477547 450
1694741620891 1.9452477108989887 451
1694741621061 3.003462245068601 452
1694741621311 2.5421761520342945 453
1694741621647 1.7492941029840194 454
1694741621977 3.3867964718377492 455
1694741622223 1.3270417091344424 456
1694741622391 2.0962806115457533 457
1694741622581 2.7105366360188903 458
1694741622844 2.031455144401359 459
1694741623115 1.7061349736119638 460
1694741623340 2.808359204336283 461
1694741623570 1.1789142061028877 462
1694741623826 2.0389519342311218 463
1694741624121 1.9652316329539152 464
1694741624344 1.1698265731349757 465
1694741624552 2.0055750341494316 466
1694741624782 2.662726948703669 467
1694741625013 1.7359467580113457 468
1694741625247 2.4184753024728516 469
1694741625432 3.097337679604602 470
1694741625592 2.3454229987874795 471
1694741625841 2.636937328362709 472
1694741626076 3.1385790637729465 473
1694741626349 2.712982649481763 474
1694741626575 1.1180385000844482 475
1694741626823 2.6825687173936985 476
1694741627057 2.5847715083856637 477
1694741627310 0.9195678685786278 478
1694741627494 3.0633569506324196 479
1694741627728 1.2343873003996377 480
1694741627956 3.098799512668824 481
1694741628211 2.6588164139795913 482
1694741628461 1.8074446618469093 483
1694741628690 2.5160163288328925 484
1694741628908 2.3740245445265677 485
1694741629145 1.8195932132916088 486
1694741629393 2.344654728743869 487
1694741629582 2.514707912472382 488
1694741629768 2.4070431395889957 489
1694741629967 2.656023640019281 490
1694741630220 1.5209530307829473 491
1694741630416 1.8461542780847349 492
1694741630601 2.2934822444101983 493
1694741630818 1.5518490397514964 494
1694741631043 2.1982294877922897 495
1694741631259 1.7120202596133414 496
1694741631460 2.681131934255704 497
1694741631662 1.8325124231876841 498
1694741631896 3.0397607875237473 499
