1694731255773 21.602645989080358 0
1694731256015 5.421424327319474 1
1694731256256 3.6331531237825927 2
1694731256536 2.258735702757665 3
1694731256767 4.686683769963157 4
1694731256995 1.5254077466215195 5
1694731257254 2.8649898219283294 6
1694731257517 1.7818892483904452 7
1694731257746 1.9244091145434314 8
1694731258045 2.7002800980901007 9
1694731258277 3.101672059058145 10
1694731258522 1.9909158312156243 11
1694731258729 2.5786760894756333 12
1694731258917 2.3325742275388017 13
1694731259140 3.648930715293513 14
1694731259332 3.0742635428852054 15
1694731259647 2.613936886926517 16
1694731259917 1.8144844190858453 17
1694731260126 1.9699981524857113 18
1694731260289 1.876218030944696 19
1694731260540 1.9892653906596671 20
1694731260787 3.511663291731522 21
1694731261011 2.6157604328684694 22
1694731261308 2.3180747043704386 23
1694731261564 2.3608720897818443 24
1694731261873 1.2114959979383664 25
1694731262071 2.3728941300022024 26
1694731262238 3.340752430155321 27
1694731262388 3.653468675903129 28
1694731262596 1.5651690083817824 29
1694731262790 3.4474503426055625 30
1694731263001 2.521746122883769 31
1694731263127 2.0379711913235434 32
1694731263262 2.7471707148245756 33
1694731263517 3.0468420947449655 34
1694731263763 2.1292970509096065 35
1694731264004 1.027820757487189 36
1694731264186 1.7050312819142217 37
1694731264429 3.00582203819553 38
1694731264766 2.273144279222605 39
1694731265030 2.067004963152792 40
1694731265254 2.2349800599463685 41
1694731265413 3.175023956726829 42
1694731265574 2.6432588869571054 43
1694731265764 1.3728886559490103 44
1694731265989 2.3475417864100794 45
1694731266212 2.899096308714574 46
1694731266400 1.9387801977944346 47
1694731266582 2.1725620932357623 48
1694731266761 1.7452775688489512 49
1694731266984 2.1961405474648457 50
1694731267171 2.265904693522319 51
1694731267359 2.6017692254804428 52
1694731267603 1.6694277915580293 53
1694731267814 2.3352843061960105 54
1694731268048 2.541144559665221 55
1694731268287 1.732720784885653 56
1694731268568 2.567393631312627 57
1694731268811 3.3743834204711063 58
1694731269048 1.8287408760038621 59
1694731269226 2.660889064380385 60
1694731269466 2.440939154206357 61
1694731269758 2.24117104342458 62
1694731269997 1.9335412907757779 63
1694731270224 2.375941490458861 64
1694731270487 2.1608452363074453 65
1694731270771 1.8787389315952574 66
1694731271016 3.8747682148904743 67
1694731271173 2.7691979263586193 68
1694731271352 2.548998567168522 69
1694731271531 2.450436512074403 70
1694731271689 2.176360845274032 71
1694731271846 2.5275939142800907 72
1694731272077 2.584045720252507 73
1694731272233 2.6440073460567155 74
1694731272436 2.0702473540400703 75
1694731272661 3.4988665608128384 76
1694731272973 2.551115342493563 77
1694731273146 2.7094002922981097 78
1694731273372 2.1686818310256406 79
1694731273634 1.2534206966953771 80
1694731273855 2.1380837000198656 81
1694731274120 2.1813067460657196 82
1694731274328 2.345941926624447 83
1694731274543 1.765540905223014 84
1694731274715 2.6219925387202463 85
1694731274975 1.723672227880536 86
1694731275199 2.1348590796465223 87
1694731275357 2.0999358725422597 88
1694731275587 2.2692550231284687 89
1694731275826 2.0353169109159066 90
1694731276066 2.246888536902819 91
1694731276290 3.8133017283487147 92
1694731276540 2.8835355660591064 93
1694731276785 1.9379758386016859 94
1694731277029 1.467187089692027 95
1694731277292 2.464750526274878 96
1694731277574 2.8383493990360065 97
1694731277941 2.393712289524917 98
1694731278175 2.2810669595463757 99
1694731278414 2.0328326050421373 100
1694731278656 3.045103298312681 101
1694731278901 1.9747422353075819 102
