1694755621173 nan 0
1694755621477 nan 1
1694755621782 nan 2
1694755622106 nan 3
1694755622348 nan 4
1694755622690 nan 5
1694755623026 nan 6
1694755623299 nan 7
1694755623680 nan 8
1694755624026 nan 9
1694755624270 nan 10
1694755624527 nan 11
1694755624761 nan 12
1694755625109 nan 13
1694755625385 nan 14
1694755625743 nan 15
1694755626110 nan 16
1694755626363 nan 17
1694755626674 nan 18
1694755627016 nan 19
1694755627293 nan 20
1694755627638 nan 21
1694755627978 nan 22
1694755628339 nan 23
1694755628630 nan 24
1694755628996 nan 25
1694755629322 nan 26
1694755629602 nan 27
1694755629931 nan 28
1694755630598 nan 29
1694755630963 nan 30
1694755631347 nan 31
1694755631690 nan 32
1694755632057 nan 33
1694755632371 nan 34
1694755632850 nan 35
1694755633224 nan 36
1694755633503 nan 37
1694755633940 nan 38
1694755634302 nan 39
1694755634726 nan 40
1694755635127 nan 41
1694755635500 nan 42
1694755635944 nan 43
1694755636439 nan 44
1694755636790 nan 45
1694755637123 nan 46
1694755637570 nan 47
1694755638129 nan 48
1694755638522 nan 49
1694755638875 nan 50
1694755639195 nan 51
1694755639619 nan 52
1694755639919 nan 53
1694755640295 nan 54
1694755640670 nan 55
1694755641080 nan 56
1694755641457 nan 57
1694755641959 nan 58
1694755642274 nan 59
1694755642668 nan 60
1694755643014 nan 61
1694755643369 nan 62
1694755643690 nan 63
1694755643985 nan 64
1694755644410 nan 65
1694755644727 nan 66
1694755645014 nan 67
1694755645301 nan 68
1694755645618 nan 69
1694755645918 nan 70
1694755646357 nan 71
1694755646734 nan 72
1694755647155 nan 73
1694755647552 nan 74
1694755647877 nan 75
1694755648227 nan 76
1694755648660 nan 77
1694755649061 nan 78
1694755649334 nan 79
1694755649686 nan 80
1694755649957 nan 81
1694755650373 nan 82
1694755650821 nan 83
1694755651159 nan 84
1694755651527 nan 85
1694755651892 nan 86
1694755652236 nan 87
1694755652639 nan 88
1694755653132 nan 89
1694755653558 nan 90
1694755653939 nan 91
1694755654231 nan 92
1694755654600 nan 93
1694755654975 nan 94
1694755655308 nan 95
1694755655748 nan 96
1694755656099 nan 97
1694755656471 nan 98
1694755656898 nan 99
1694755657236 nan 100
1694755657684 nan 101
1694755658082 nan 102
1694755658421 nan 103
1694755658815 nan 104
1694755659224 nan 105
1694755659575 nan 106
1694755660018 nan 107
1694755660317 nan 108
1694755660705 nan 109
1694755661059 nan 110
1694755661415 nan 111
1694755661798 nan 112
1694755662268 nan 113
1694755662605 nan 114
1694755662968 nan 115
1694755663325 nan 116
1694755663685 nan 117
1694755664027 nan 118
1694755664444 nan 119
1694755664834 nan 120
1694755665190 nan 121
1694755665592 nan 122
1694755665984 nan 123
1694755666357 nan 124
1694755666708 nan 125
1694755667061 nan 126
1694755667505 nan 127
1694755667895 nan 128
1694755668426 nan 129
1694755668866 nan 130
1694755669455 nan 131
1694755670072 nan 132
1694755670456 nan 133
1694755670954 nan 134
1694755671286 nan 135
1694755671707 nan 136
1694755672185 nan 137
1694755672499 nan 138
1694755672881 nan 139
1694755673369 nan 140
1694755673726 nan 141
1694755674164 nan 142
1694755674550 nan 143
1694755674934 nan 144
1694755675362 nan 145
1694755675713 nan 146
1694755676181 nan 147
1694755676557 nan 148
1694755676945 nan 149
1694755677347 nan 150
1694755677727 nan 151
1694755678099 nan 152
1694755678549 nan 153
1694755679002 nan 154
1694755679395 nan 155
1694755679750 nan 156
1694755680133 nan 157
1694755680722 nan 158
1694755681003 nan 159
1694755681350 nan 160
1694755681643 nan 161
1694755681989 nan 162
1694755682300 nan 163
1694755682637 nan 164
1694755683059 nan 165
1694755683447 nan 166
1694755683813 nan 167
1694755684189 nan 168
1694755684486 nan 169
1694755684772 nan 170
1694755685192 nan 171
1694755685587 nan 172
1694755685875 nan 173
1694755686170 nan 174
1694755686459 nan 175
1694755686828 nan 176
1694755687132 nan 177
1694755687515 nan 178
1694755687837 nan 179
1694755688214 nan 180
1694755688569 nan 181
1694755688955 nan 182
1694755689316 nan 183
1694755689664 nan 184
1694755689995 nan 185
1694755690350 nan 186
1694755690761 nan 187
1694755691031 nan 188
1694755691393 nan 189
1694755691804 nan 190
1694755692139 nan 191
1694755692583 nan 192
1694755692963 nan 193
1694755693328 nan 194
1694755693717 nan 195
1694755694070 nan 196
1694755694403 nan 197
1694755694726 nan 198
1694755695029 nan 199
1694755695423 nan 200
1694755695838 nan 201
1694755696123 nan 202
1694755696483 nan 203
1694755696797 nan 204
1694755697103 nan 205
1694755697439 nan 206
1694755697740 nan 207
1694755698146 nan 208
1694755698562 nan 209
1694755699107 nan 210
1694755699422 nan 211
1694755699824 nan 212
1694755700253 nan 213
1694755700869 nan 214
1694755701340 nan 215
1694755701928 nan 216
1694755702314 nan 217
1694755702863 nan 218
1694755703216 nan 219
1694755703554 nan 220
1694755703933 nan 221
1694755704238 nan 222
1694755704734 nan 223
1694755705260 nan 224
1694755705778 nan 225
1694755706194 nan 226
1694755706608 nan 227
1694755707027 nan 228
1694755707362 nan 229
1694755707732 nan 230
1694755708133 nan 231
1694755708459 nan 232
1694755708731 nan 233
1694755709262 nan 234
1694755709749 nan 235
1694755710135 nan 236
1694755710465 nan 237
1694755710849 nan 238
1694755711196 nan 239
1694755711495 nan 240
1694755711781 nan 241
1694755712077 nan 242
1694755712379 nan 243
1694755712732 nan 244
1694755713061 nan 245
1694755713315 nan 246
1694755713686 nan 247
1694755713972 nan 248
1694755714308 nan 249
1694755714714 nan 250
1694755715022 nan 251
1694755715335 nan 252
1694755715768 nan 253
1694755716086 nan 254
1694755716394 nan 255
1694755716905 nan 256
1694755717288 nan 257
1694755717593 nan 258
1694755717943 nan 259
1694755718283 nan 260
1694755718588 nan 261
1694755719195 nan 262
1694755719500 nan 263
1694755719910 nan 264
1694755720276 nan 265
1694755720615 nan 266
1694755721063 nan 267
1694755721484 nan 268
1694755721811 nan 269
1694755722117 nan 270
1694755722453 nan 271
1694755722739 nan 272
1694755723041 nan 273
1694755723358 nan 274
1694755723730 nan 275
1694755724088 nan 276
1694755724472 nan 277
1694755724829 nan 278
1694755725195 nan 279
1694755725531 nan 280
1694755725956 nan 281
1694755726344 nan 282
1694755726652 nan 283
1694755726949 nan 284
1694755727282 nan 285
1694755727711 nan 286
1694755728284 nan 287
1694755728728 nan 288
1694755729161 nan 289
1694755729492 nan 290
1694755729816 nan 291
1694755730143 nan 292
1694755730476 nan 293
1694755730775 nan 294
1694755731103 nan 295
1694755731452 nan 296
1694755731711 nan 297
1694755731990 nan 298
1694755732282 nan 299
1694755732584 nan 300
1694755732949 nan 301
1694755733286 nan 302
1694755733571 nan 303
1694755733817 nan 304
1694755734116 nan 305
1694755734401 nan 306
1694755734705 nan 307
1694755735098 nan 308
1694755735418 nan 309
1694755735674 nan 310
1694755735992 nan 311
1694755736328 nan 312
1694755736632 nan 313
1694755736886 nan 314
1694755737233 nan 315
1694755737542 nan 316
1694755737833 nan 317
1694755738103 nan 318
1694755738439 nan 319
1694755738719 nan 320
1694755739067 nan 321
1694755739403 nan 322
1694755739705 nan 323
1694755739925 nan 324
1694755740177 nan 325
1694755740423 nan 326
1694755740779 nan 327
1694755741017 nan 328
1694755741283 nan 329
1694755741716 nan 330
1694755741961 nan 331
1694755742214 nan 332
1694755742520 nan 333
1694755742807 nan 334
1694755743039 nan 335
1694755743257 nan 336
1694755743504 nan 337
1694755743837 nan 338
1694755744097 nan 339
1694755744397 nan 340
1694755744745 nan 341
1694755744997 nan 342
1694755745354 nan 343
1694755745687 nan 344
1694755746077 nan 345
1694755746548 nan 346
1694755747027 nan 347
1694755747409 nan 348
1694755747726 nan 349
1694755748025 nan 350
1694755748427 nan 351
1694755748752 nan 352
1694755749429 nan 353
1694755749871 nan 354
1694755750192 nan 355
1694755750741 nan 356
1694755751326 nan 357
1694755751666 nan 358
1694755752080 nan 359
1694755752471 nan 360
1694755752914 nan 361
1694755753277 nan 362
1694755753656 nan 363
1694755754076 nan 364
1694755754379 nan 365
1694755754716 nan 366
1694755755197 nan 367
1694755755872 nan 368
1694755756660 nan 369
1694755757157 nan 370
1694755757539 nan 371
1694755757907 nan 372
1694755758377 nan 373
1694755758761 nan 374
1694755759240 nan 375
1694755759962 nan 376
1694755760567 nan 377
1694755761103 nan 378
1694755761858 nan 379
1694755762595 nan 380
1694755763255 nan 381
1694755763856 nan 382
1694755764529 nan 383
1694755764935 nan 384
1694755765462 nan 385
1694755765998 nan 386
1694755766796 nan 387
1694755767473 nan 388
1694755767823 nan 389
1694755768280 nan 390
1694755768620 nan 391
1694755769267 nan 392
1694755769735 nan 393
1694755770035 nan 394
1694755770535 nan 395
1694755770880 nan 396
1694755771224 nan 397
1694755771609 nan 398
1694755771926 nan 399
1694755772303 nan 400
1694755772669 nan 401
1694755773022 nan 402
1694755773344 nan 403
1694755773640 nan 404
1694755774012 nan 405
1694755774373 nan 406
1694755774714 nan 407
1694755775034 nan 408
1694755775378 nan 409
1694755775679 nan 410
1694755775940 nan 411
1694755776346 nan 412
1694755776684 nan 413
1694755777012 nan 414
1694755777435 nan 415
1694755777763 nan 416
1694755778136 nan 417
1694755778574 nan 418
1694755778874 nan 419
1694755779574 nan 420
1694755779989 nan 421
1694755780578 nan 422
1694755781576 nan 423
1694755781945 nan 424
1694755782298 nan 425
1694755782702 nan 426
1694755783091 nan 427
1694755783430 nan 428
1694755783752 nan 429
1694755784116 nan 430
1694755784490 nan 431
1694755784774 nan 432
1694755785105 nan 433
1694755785519 nan 434
1694755785857 nan 435
1694755786149 nan 436
1694755786404 nan 437
1694755786724 nan 438
1694755787056 nan 439
1694755787381 nan 440
1694755787748 nan 441
1694755788007 nan 442
1694755788486 nan 443
1694755788802 nan 444
1694755789223 nan 445
1694755789569 nan 446
1694755789977 nan 447
1694755790342 nan 448
1694755790769 nan 449
1694755791062 nan 450
1694755791355 nan 451
1694755791675 nan 452
1694755792003 nan 453
1694755792447 nan 454
1694755792824 nan 455
1694755793101 nan 456
1694755793501 nan 457
1694755793821 nan 458
1694755794136 nan 459
1694755794573 nan 460
1694755794998 nan 461
1694755795456 nan 462
1694755795816 nan 463
1694755796116 nan 464
1694755796442 nan 465
1694755796873 nan 466
1694755797142 nan 467
1694755797482 nan 468
1694755797863 nan 469
1694755798185 nan 470
1694755798485 nan 471
1694755798807 nan 472
1694755799252 nan 473
1694755799619 nan 474
1694755799971 nan 475
1694755800281 nan 476
1694755800611 nan 477
1694755800978 nan 478
1694755801288 nan 479
1694755801641 nan 480
1694755801960 nan 481
1694755802247 nan 482
1694755802567 nan 483
1694755802924 nan 484
1694755803226 nan 485
1694755803605 nan 486
1694755803928 nan 487
1694755804248 nan 488
1694755804519 nan 489
1694755804866 nan 490
1694755805233 nan 491
1694755805704 nan 492
1694755806012 nan 493
1694755806291 nan 494
1694755806600 nan 495
1694755806929 nan 496
1694755807224 nan 497
1694755807551 nan 498
1694755807803 nan 499
