1694748419326 14.957745904208572 0
1694748419574 6.930196899651425 1
1694748419794 0.5165552687781463 2
1694748420059 55.97075388038939 3
1694748420353 25.16612445147902 4
1694748420623 0.029835474343888158 5
1694748420910 0.9497298267821567 6
1694748421131 4.8869109016427075 7
1694748421518 9.9956127279337 8
1694748421836 39.87782301684713 9
1694748422091 7.734108009605217 10
1694748422359 0.553617870394949 11
1694748422672 36.60191493816947 12
1694748423036 11.712220994512952 13
1694748423256 12.063504337845814 14
1694748423518 37.641363539331536 15
1694748423878 9.695086140648804 16
1694748424119 2.277984113739799 17
1694748424337 15.36117543881736 18
1694748424676 18.327737449726513 19
1694748424992 3.0637070685321373 20
1694748425239 19.466915861664585 21
1694748425511 6.081989121221607 22
1694748425738 1.9086220024209042 23
1694748426057 21.979514006174792 24
1694748426348 10.878362989515068 25
1694748426651 28.010488461077806 26
1694748426939 0.1742783549251265 27
1694748427189 0.9117414936179877 28
1694748427448 14.00378420223697 29
1694748427764 11.435877915439713 30
1694748428273 28.929610115883957 31
1694748428596 2.3797255207841577 32
1694748428829 0.14452670151234623 33
1694748429048 1.7094101351720528 34
1694748429307 19.481413367036104 35
1694748429567 40.16917461639885 36
1694748429872 7.586587756057022 37
1694748430171 2.7421463212056123 38
1694748430519 19.01657764786078 39
1694748430753 0.15148976977164536 40
1694748431050 1.3236838058313092 41
1694748431340 0.6672742883344921 42
1694748431658 0.5934509589573965 43
1694748431955 33.5444896456395 44
1694748432254 6.773621935167138 45
1694748432570 19.7022018753342 46
1694748432958 23.51121547411575 47
1694748433271 2.8848596659242576 48
1694748433538 0.0014670452161350265 49
1694748433847 14.783490593295216 50
1694748434146 0.021485517043809715 51
1694748434400 1.0790860821844503 52
1694748434775 34.90168035698102 53
1694748435110 5.5936257611710785 54
1694748435357 2.558067181700493 55
1694748435627 0.4977696093686102 56
1694748435922 1.0168197040824458 57
1694748436215 7.3412923158676 58
1694748436471 9.466212901426728 59
1694748436890 0.3378898218792565 60
1694748437228 0.08248010996361907 61
1694748437490 1.012326354960356 62
1694748437822 9.084244297266245 63
1694748438117 24.590834232051414 64
1694748438373 4.6938967503279025 65
1694748438649 29.699427354073027 66
1694748438962 6.875937268752135 67
1694748439291 43.32294711170166 68
1694748439559 11.866259529425873 69
1694748439868 0.5129492367120947 70
1694748440256 0.6826786235612154 71
1694748440542 4.859053364090663 72
1694748440918 0.1283766707131653 73
1694748441217 3.43878716724358 74
1694748441488 0.8555659578180097 75
1694748441743 7.074878131298336 76
1694748441994 0.05282211077098802 77
1694748442280 7.9215726614194 78
1694748442515 3.6026433074440756 79
1694748442796 1.7848522923736287 80
1694748443173 13.641234762080554 81
1694748443460 14.875692108122166 82
1694748443782 1.8566329956082506 83
1694748444083 0.7494782718254753 84
1694748444392 1.9877253204098215 85
1694748444717 0.16959224707030157 86
1694748445020 7.318029891423192 87
1694748445350 7.177620032989126 88
1694748445589 10.688420639167177 89
1694748445877 5.626243254652238 90
1694748446234 2.482972206941828 91
1694748446543 18.436190419030112 92
1694748446829 2.55913821441754 93
1694748447136 33.66847165419907 94
1694748447440 0.4469174682773117 95
1694748447729 10.954341088036646 96
1694748448042 53.30307012165309 97
1694748448411 2.7336989504515317 98
1694748448655 5.883786669131818 99
1694748448916 32.36141794683325 100
1694748449230 0.22139812921725258 101
1694748449533 6.489900754563191 102
1694748449841 246.9157138420282 103
1694748450177 16.524291389423876 104
1694748450634 22.34012069524689 105
1694748450917 3.8082378256413936 106
1694748451200 1.6155830101025128 107
1694748451497 0.6959221436847152 108
1694748451904 13.803161559196578 109
1694748452241 1.243903085392974 110
1694748452668 5.293499143317648 111
1694748452991 0.8105622411006235 112
1694748453332 36.587299186201214 113
1694748453635 33.15909333952156 114
1694748453958 4.051966699986137 115
1694748454261 4.6569792410843345 116
1694748454575 7.237793670462559 117
1694748454897 1.339599755773433 118
1694748455121 19.145713400536213 119
1694748455396 51.881543653563824 120
1694748455710 0.041790399298621696 121
1694748456017 0.007311156394701571 122
1694748456330 0.5108212453169271 123
1694748456648 11.719372556444892 124
1694748456914 1.1792025431288489 125
1694748457193 24.30932450366109 126
1694748457417 6.707413906658399 127
1694748457725 64.97292718665746 128
1694748458021 12.395869293434727 129
1694748458325 21.225730693030325 130
1694748458584 64.97964544423722 131
1694748458855 3.4540344894581008 132
1694748459114 18.02782620362421 133
1694748459484 2.2108452285206868 134
1694748459786 6.7852696658867275 135
1694748460046 0.6597979250813916 136
1694748460297 7.4298505080399035 137
1694748460579 0.280933153662152 138
1694748460884 37.739411159048615 139
1694748461151 9.515404720768403 140
1694748461465 6.70190071931584 141
1694748461819 3.441777336513825 142
1694748462099 0.8338217760664238 143
1694748462433 15.454152721969109 144
1694748462741 1.0378475274762704 145
1694748463056 6.225535087154778 146
1694748463358 1.0732868016993549 147
1694748463661 1.5920543382701347 148
1694748463979 0.24042620120509928 149
1694748464247 0.18339124787388503 150
1694748464559 4.160522395050472 151
1694748464974 3.719040481231141 152
1694748465344 18.870926349354157 153
1694748465673 19.259516981175583 154
1694748465914 0.12050144809814925 155
1694748466192 15.845323268643304 156
1694748466466 0.001094515236544284 157
1694748466781 0.4598241846500117 158
1694748467046 2.100543860232914 159
1694748467330 2.118786948455025 160
1694748467641 4.960188781407736 161
1694748467937 1.6818233015136745 162
1694748468229 9.39318302467494 163
1694748468479 5.941215524066071 164
1694748468801 0.5472444092023324 165
1694748469071 33.77709871660442 166
1694748469342 1.634497993904488 167
1694748469693 0.3932608862709218 168
1694748469989 0.4733214415493421 169
1694748470227 2.0035638785167063 170
1694748470591 5.755571056427842 171
1694748470887 17.798023667709543 172
1694748471138 25.330950414900038 173
1694748471367 49.728268426245606 174
1694748471659 6.1869293619884385 175
1694748471958 1.7075276579364107 176
1694748472239 36.111280211691685 177
1694748472562 4.758548370919005 178
1694748472977 5.181354260155611 179
1694748473215 0.6316873415381448 180
1694748473497 7.818764658409076 181
1694748473807 1.1118738133523531 182
1694748474168 28.360808833817938 183
1694748474481 1.8708010296066797 184
1694748474882 0.4890356846413187 185
1694748475182 8.730496843764366 186
1694748475448 11.333323088077808 187
1694748475778 346.74481789137377 188
1694748476102 9.380365545550937 189
1694748476334 11.326254898776998 190
1694748476665 4.484189593754495 191
1694748476972 0.0009613924154606008 192
1694748477289 0.8913035278618652 193
1694748477543 1.6827928449154408 194
1694748477818 7.402162068733607 195
1694748478086 10.420950951372914 196
1694748478326 5.15938534547529 197
1694748478628 6.127038296463699 198
1694748478927 0.5956348029897652 199
1694748479244 23.979837943305505 200
1694748479558 0.2056747089462252 201
1694748479819 0.0017361401845662975 202
1694748480100 16.563275648644222 203
1694748480375 21.374592196664572 204
1694748480705 47.416754588864016 205
1694748481019 5.213311969974554 206
1694748481273 27.536738659625968 207
1694748481619 6.624862239365098 208
1694748481928 1.9147024864857145 209
1694748482275 9.461729816684539 210
1694748482595 12.868071336917204 211
1694748482882 16.23418326574545 212
1694748483227 0.01543745310170137 213
1694748483463 0.7478424930254364 214
1694748483819 4.62280098386651 215
1694748484141 3.813407774059302 216
1694748484364 10.525885789609116 217
1694748484686 27.023805190909187 218
1694748484986 20.0318117425907 219
1694748485253 16.57942224348918 220
1694748485563 1.6018244009173315 221
1694748485844 0.22047955149513537 222
1694748486144 40.13548057988966 223
1694748486414 25.36836540704252 224
1694748486676 2.6403478899566664 225
1694748486973 11.31097144646937 226
1694748487253 7.489731373992718 227
1694748487510 24.207827298799167 228
1694748487807 4.6359995173796325 229
1694748488072 0.2309399094554798 230
1694748488377 9.30602254370247 231
1694748488601 22.1719110182927 232
1694748488916 35.22980988610707 233
1694748489224 0.3432846040561132 234
1694748489447 2.7499794618860114 235
1694748489721 81.61235769550724 236
1694748490045 0.7978593223907718 237
1694748490329 17.568906079880207 238
1694748490621 16.645593372571238 239
1694748490880 6.683856092702111 240
1694748491206 0.19607955616383171 241
1694748491553 14.51200851471093 242
1694748491860 1.105547890777676 243
1694748492176 7.154439051648574 244
1694748492513 2.5375044527288484 245
1694748492835 3.0765278031553516 246
1694748493201 0.018893417518289095 247
1694748493486 2.6807254909592424 248
1694748493803 15.505317694109372 249
1694748494114 3.579193549059169 250
1694748494409 1.006070823251867 251
1694748494767 0.5492788431579007 252
1694748495121 2.9142987870989896 253
1694748495415 4.996236944592661 254
1694748495741 43.520330904133125 255
1694748495982 10.580679148874015 256
1694748496293 5.714387482709618 257
1694748496573 0.05085006425106365 258
1694748496901 4.090463447100046 259
1694748497233 1.2959284210937392 260
1694748497473 4.923561205608252 261
1694748497701 3.1590606438848106 262
1694748497945 1.023515950230829 263
1694748498259 2.6966569284243063 264
1694748498508 8.561249792236595 265
1694748498779 4.976016711843967 266
1694748499070 0.0396189732891987 267
1694748499415 1.2952280027441048 268
1694748499644 2.627666012420493 269
1694748500037 11.381846060279043 270
1694748500376 1.981318366450149 271
1694748500649 2.1223563470144042 272
1694748500951 12.117355310367426 273
1694748501244 2.890904737809979 274
1694748501617 15.510391232100666 275
1694748501930 1.5816486682379003 276
1694748502245 5.361825069175214 277
1694748502522 10.356716458377152 278
1694748502784 3.2528091223149214 279
1694748503179 12.41451138680722 280
1694748503489 32.02493032142851 281
1694748503752 2.944321713651684 282
1694748504008 0.0567817273220571 283
1694748504335 16.12339785062896 284
1694748504628 38.603820637582956 285
1694748504934 0.1256678858282686 286
1694748505165 0.9971686572083938 287
1694748505502 23.98443119573761 288
1694748505728 24.933418128655905 289
1694748506002 0.020095050888855333 290
1694748506233 12.031693856942717 291
1694748506461 0.4502904200563647 292
1694748506692 0.853625820234195 293
1694748506944 1.8778871158611872 294
1694748507199 1.1126028340015608 295
1694748507490 0.4830598388263879 296
1694748507729 1.9518847688329681 297
1694748507962 27.94033531895747 298
1694748508320 20.969998349228952 299
1694748508640 7.1024940893670285 300
1694748508930 12.35905822948587 301
1694748509242 2.4800124833172026 302
1694748509565 0.6106649017737085 303
1694748509786 4.5326690469157125 304
1694748510028 7.0043051866115125 305
1694748510335 2.3625098363451555 306
1694748510660 2.0165617225605814 307
1694748510961 15.377740689947053 308
1694748511299 26.75972056815319 309
1694748511569 6.847045842118343 310
1694748511793 7.141532438166214 311
1694748512070 4.99200305464833 312
1694748512342 12.754934020832776 313
1694748512643 3.537098556578291 314
1694748512989 14.141648744310281 315
1694748513307 10.794450468300075 316
1694748513611 18.613064278438745 317
1694748513922 24.600414246689 318
1694748514242 1.7881813456800248 319
1694748514560 1.5416183645736499 320
1694748514948 5.091516997248894 321
1694748515255 5.242582375874079 322
1694748515586 1.5074881974798195 323
1694748515776 0.39103420068920813 324
1694748515996 3.1934823406032997 325
1694748516253 0.03013939550993089 326
1694748516563 2.966813321117753 327
1694748516840 38.55797057342048 328
1694748517221 19.719106765411894 329
1694748517498 15.176981834346803 330
1694748517745 4.039685189831438 331
1694748518002 3.0253276368443567 332
1694748518313 0.016855088010272502 333
1694748518613 0.0036209254354287322 334
1694748518857 24.98806247822051 335
1694748519137 1.2613142946044462 336
1694748519461 1.0651312923268208 337
1694748519765 8.186410258573613 338
1694748520070 38.08349810711783 339
1694748520348 0.12158151401385929 340
1694748520648 0.5796242109280111 341
1694748520888 4.179399349457944 342
1694748521192 22.2900555087113 343
1694748521528 5.48418813939677 344
1694748521801 16.967655523610286 345
1694748522044 3.6381779891809183 346
1694748522352 40.272978554488866 347
1694748522603 3.1912498937637466 348
1694748522813 11.623835649930031 349
1694748523076 1.5994954407009587 350
1694748523365 6.147343112724496 351
1694748523725 0.9534612121025231 352
1694748524043 14.511285725284997 353
1694748524358 1.1820305910338633 354
1694748524696 57.105207982133074 355
1694748524916 24.767401007220947 356
1694748525156 17.084775885341134 357
1694748525446 5.375654708719535 358
1694748525871 23.407234468179666 359
1694748526204 1.5586985216952602 360
1694748526504 5.164286912453074 361
1694748526793 7.83870860190831 362
1694748527074 0.5733849766370199 363
1694748527378 0.016141034950349346 364
1694748527634 35.146263333512266 365
1694748527920 28.52328176420574 366
1694748528195 6.7177619563591335 367
1694748528520 0.07316067255234172 368
1694748528820 0.3064255415058198 369
1694748529079 57.638099706224224 370
1694748529394 0.3315241194180963 371
1694748529715 21.33497765613884 372
1694748530002 0.443309518143795 373
1694748530310 1.3003814278514834 374
1694748530635 1.023431945593107 375
1694748530949 0.03270376070473897 376
1694748531175 0.03910679191316121 377
1694748531459 4.088335780564527 378
1694748531753 16.603411493419976 379
1694748532036 0.022430739012368174 380
1694748532308 0.17107230998798087 381
1694748532721 0.4245681619393633 382
1694748533024 5.149657467729385 383
1694748533294 11.138575631584517 384
1694748533604 0.10643734540528506 385
1694748533899 0.20332371605074237 386
1694748534160 0.6524098329155286 387
1694748534441 4.15230769321849 388
1694748534859 4.512148970606661 389
1694748535131 14.480461843180597 390
1694748535497 5.7331220029727525 391
1694748535785 20.87062506922532 392
1694748536045 64.27595947043942 393
1694748536310 2.02962467082288 394
1694748536612 9.015684620914632 395
1694748536931 0.3859974488910207 396
1694748537278 3.3127048654025697 397
1694748537588 45.474797107464134 398
1694748537895 37.31088113646951 399
1694748538116 0.0023010134842582994 400
1694748538411 21.14283170643051 401
1694748538692 0.40601239463313166 402
1694748538995 3.914167862964295 403
1694748539301 0.35539664159061046 404
1694748539649 7.496570868323319 405
1694748539961 12.845656987384816 406
1694748540184 3.4396932705491947 407
1694748540438 6.094283752382067 408
1694748540660 43.67454726064532 409
1694748540887 0.17155807729248515 410
1694748541111 1.9012273401554143 411
1694748541391 1.4221702422988394 412
1694748541761 10.862039649227842 413
1694748542039 7.010170744461096 414
1694748542258 17.050251505344676 415
1694748542510 1.5583887911923047 416
1694748542773 5.338720375194392 417
1694748543126 7.064785747883488 418
1694748543326 1.460933962968773 419
1694748543605 7.4059826292202935 420
1694748543983 1.9834194241335092 421
1694748544265 1.0926639057561873 422
1694748544572 24.661441366231692 423
1694748544927 7.67906549147263 424
1694748545217 0.00019244981820333356 425
1694748545436 5.50938163072103 426
1694748545685 17.836904766605215 427
1694748546023 1.0582615239673296 428
1694748546340 2.8567200418161223 429
1694748546563 1.1652101819933591 430
1694748546791 4.428832271200011 431
1694748547081 7.18710188973348 432
1694748547357 0.9864282987737562 433
1694748547588 0.17644933619224168 434
1694748547811 0.507142838864168 435
1694748548053 3.120218349284791 436
1694748548361 1.4073898768140711 437
1694748548588 2.2741643642102702 438
1694748548863 5.911213645442952 439
1694748549168 18.32649613697529 440
1694748549454 1.905346045599757 441
1694748549773 15.031115286067505 442
1694748550092 2.6115414939857895 443
1694748550371 13.071403679564279 444
1694748550659 2.671958271771271 445
1694748550953 0.31526364865101214 446
1694748551240 5.23297612059428 447
1694748551499 0.3342887744493648 448
1694748551793 0.12417845016088791 449
1694748552078 3.5147291233803406 450
1694748552367 9.662813469069501 451
1694748552622 0.42203487959191704 452
1694748552935 50.67810291681704 453
1694748553326 15.293680114234464 454
1694748553577 17.08847574083673 455
1694748553870 18.81551496811238 456
1694748554185 4.192277231991751 457
1694748554459 35.20484371827895 458
1694748554738 6.0658297373967205 459
1694748555110 1.4134765469033184 460
1694748555508 6.204902099674469 461
1694748555856 2.2485426825924124 462
1694748556165 38.57755798056245 463
1694748556446 1.8195957792865773 464
1694748556777 7.816837979864134 465
1694748557095 0.606556290541952 466
1694748557413 8.984884041346827 467
1694748557673 6.288077761209055 468
1694748557997 3.3935907188843677 469
1694748558304 3.139757328612556 470
1694748558584 13.79961555790552 471
1694748558876 0.03499730215666134 472
1694748559207 0.8817329278466909 473
1694748559523 8.643930994642478 474
1694748559786 0.33721972424820174 475
1694748560177 38.611536685776 476
1694748560465 1.8461640191372415 477
1694748560729 0.007635787889496649 478
1694748561008 1.0131560455542732 479
1694748561302 14.310263857150185 480
1694748561607 20.679851103247564 481
1694748561916 22.10867238308923 482
1694748562257 2.820178294328076 483
1694748562513 5.67755746313201 484
1694748562823 28.456616298678938 485
1694748563192 27.84180530887828 486
1694748563489 56.56461979842574 487
1694748563843 6.633493838892943 488
1694748564130 11.870988418322227 489
1694748564447 47.936641796485944 490
1694748564720 1.0871989460284925 491
1694748565037 0.9210700679393189 492
1694748565371 2.9209515775110066 493
1694748565698 0.065392186069747 494
1694748566050 0.02455040808894584 495
1694748566344 8.908872438679406 496
1694748566713 69.03539651860669 497
1694748566984 0.29042739889386265 498
1694748567278 26.63458677760083 499
