1694742817163 0.8267263725847741 0
1694742817562 9.684797422673912 1
1694742817832 2.5284592090000837 2
1694742818060 8.655559725033207 3
1694742818337 2.2422678886297187 4
1694742818704 5.650626345129333 5
1694742818917 0.10882598402728016 6
1694742819144 38.58623541269916 7
1694742819377 8.824753856004396 8
1694742819673 45.30748909067156 9
1694742819968 3.31727425207365 10
1694742820334 16.288158116432385 11
1694742820640 1.075632786640715 12
1694742820915 12.335405097963616 13
1694742821177 5.060092015797963 14
1694742821434 0.10692034251629003 15
1694742821749 1.3952810349494051 16
1694742822045 5.57799165237927 17
1694742822304 2.247665381910246 18
1694742822574 32.78294260205111 19
1694742822848 0.26609375427954657 20
1694742823145 0.29880777705804556 21
1694742823461 5.631623701487301 22
1694742823773 25.185528469233 23
1694742824144 4.74867290800907 24
1694742824387 1.0090159502628682 25
1694742824659 13.398468352726445 26
1694742824924 1.1202310735169723 27
1694742825220 0.5355454557933795 28
1694742825444 18.139886343319585 29
1694742825710 50.047676579392956 30
1694742825939 12.260980606709511 31
1694742826337 0.09446421928301346 32
1694742826608 6.7110827783752365 33
1694742826882 0.5321234691850679 34
1694742827083 0.0012381355049508177 35
1694742827324 40.70797008638155 36
1694742827601 34.21653880504753 37
1694742827905 25.227301495677317 38
1694742828151 16.33295030506519 39
1694742828504 0.4506842357835404 40
1694742828900 10.19531245492041 41
1694742829189 0.17079476243384625 42
1694742829520 11.002560062314517 43
1694742829845 47.162747136683414 44
1694742830100 6.00577511948292 45
1694742830415 7.491266494558242 46
1694742830705 0.9181859738314775 47
1694742831060 52.69749888985157 48
1694742831373 0.6748355012054701 49
1694742831780 4.2507853159240225 50
1694742832080 82.8876198696546 51
1694742832348 0.21158657429805844 52
1694742832691 0.047321043396536894 53
1694742833042 0.3487031163494674 54
1694742833305 49.27747694855064 55
1694742833556 21.735335518556255 56
1694742833834 0.5525114332824965 57
1694742834137 0.9963428309822135 58
1694742834384 0.4240655436189371 59
1694742834634 4.298438751899264 60
1694742834940 36.601583583065015 61
1694742835212 8.553441492577962 62
1694742835482 10.018071158861112 63
1694742835718 35.44518534712374 64
1694742835972 10.210125218806033 65
1694742836258 1.8967009845082798 66
1694742836515 5.5837540475121425 67
1694742836833 9.2716044890071 68
1694742837124 5.3240910504128625 69
1694742837417 3.7445224615946477 70
1694742837786 38.26759098692958 71
1694742838083 3.34519207027534 72
1694742838372 13.684690130058417 73
1694742838755 2.973603735589431 74
1694742839078 38.08700222575383 75
1694742839363 7.2573916397037435 76
1694742839615 22.454606555537236 77
1694742839999 20.598852951205945 78
1694742840353 20.644974707641857 79
1694742840643 11.046822523002827 80
1694742840946 11.70421140561608 81
1694742841236 2.69410718942756e-05 82
1694742841483 17.06619480474709 83
1694742841775 1.8992194703912328 84
1694742842082 5.472790166839244 85
1694742842329 1.9225140304459205 86
1694742842577 13.131563816604963 87
1694742842847 0.3551773328225849 88
1694742843118 0.7860492741434056 89
1694742843414 10.032983074518471 90
1694742843722 9.6962423216653 91
1694742844027 8.380173916541821 92
1694742844387 26.905419788869004 93
1694742844698 1.8044327137806884 94
1694742845003 10.566461165786121 95
1694742845304 0.2086744631393615 96
1694742845525 2.0115692413989397 97
1694742845796 26.687721450051686 98
1694742846087 42.39484771805423 99
1694742846443 51.44455018397481 100
1694742846787 5.619397763391414 101
1694742847111 9.254984871929166 102
1694742847426 9.951142802261028 103
1694742847673 0.21751009446525285 104
1694742847969 75.37560206317882 105
1694742848246 7.174065760551426 106
1694742848567 4.031959147709904 107
1694742848920 7.528866296178075 108
1694742849230 0.14183824751492694 109
1694742849504 2.1093567477142967 110
1694742849802 8.64809094754442 111
1694742850108 0.27611338568292493 112
1694742850478 0.6285951150353555 113
1694742850736 2.515146769863948 114
1694742851073 0.3095687416916781 115
1694742851360 0.15612693818569762 116
1694742851638 12.287680461764838 117
1694742851929 15.422014549336401 118
1694742852244 22.40047267368252 119
1694742852517 0.4455659116611931 120
1694742852804 0.47013951014691957 121
1694742853131 3.5980640752245527 122
1694742853491 7.891614705633061 123
1694742853797 16.69437261930013 124
1694742854109 6.884788421814052 125
1694742854440 48.432715075035674 126
1694742854753 21.23923065005405 127
1694742855076 21.699772911906624 128
1694742855449 2.4543293258419006 129
1694742855726 3.510965829379874 130
1694742856036 36.43060235008689 131
1694742856354 1.3863390637877249 132
1694742856627 4.169268303443584 133
1694742856929 5.747028259421939 134
1694742857250 37.63773405554955 135
1694742857619 4.379574920208819 136
1694742857914 0.021942015464817246 137
1694742858202 34.65080809422489 138
1694742858506 1.7751199109517595 139
1694742858850 11.409328638197563 140
1694742859150 0.47116392626375525 141
1694742859562 0.6262083560935248 142
1694742859893 0.5100012118996387 143
1694742860202 9.831304526028662 144
1694742860573 33.085098966419096 145
1694742860878 0.5030118906899796 146
1694742861173 0.6058242559559068 147
1694742861484 47.472208673666906 148
1694742861750 0.22703509623146526 149
1694742862116 0.00053964548984455 150
1694742862410 28.31443110933734 151
1694742862695 2.3958166603382334 152
1694742862981 0.023987714657735398 153
1694742863240 11.640052705526866 154
1694742863521 9.508149968494033 155
1694742863782 1.0069789346258287 156
1694742864083 22.8082758537433 157
1694742864582 4.003118557717504 158
1694742864861 91.34350533498564 159
1694742865174 1.6037563939363253 160
1694742865442 0.2606079396268521 161
1694742865746 1.4915901180507245 162
1694742865996 57.063341751938935 163
1694742866317 16.8311022420579 164
1694742866679 3.4941302507654015 165
1694742866940 16.008428557689815 166
1694742867264 3.0746493434415436 167
1694742867592 7.512178067441051 168
1694742867886 29.464888981547418 169
1694742868115 4.068291589893145 170
1694742868440 72.61205167615178 171
1694742868857 0.15874519874316614 172
1694742869163 1.1158238248166632 173
1694742869482 4.700655338259395 174
1694742869715 12.660928006171721 175
1694742869953 11.759296771692195 176
1694742870303 24.90994515588826 177
1694742870622 11.972107438668182 178
1694742870956 0.13096473067826117 179
1694742871385 2.305437977165542 180
1694742871704 0.22686431599975174 181
1694742872013 45.01521079815564 182
1694742872293 22.44970012952982 183
1694742872643 30.54192847319513 184
1694742872915 8.42100954298313 185
1694742873269 16.422218144779333 186
1694742873591 0.08045822787372436 187
1694742873909 19.125274650517046 188
1694742874219 0.3861769353582297 189
1694742874548 1.270740986061281 190
1694742874872 22.53047821996401 191
1694742875151 50.12998368681963 192
1694742875510 3.381177373275328 193
1694742875895 2.563617453113879 194
1694742876121 3.13361040579077 195
1694742876579 5.430259312511684 196
1694742876896 2.5236033809893894 197
1694742877196 57.68025570848806 198
1694742877533 0.4778519337169959 199
1694742877865 1.5150930283772013 200
1694742878113 11.680319693055486 201
1694742878365 0.03383456408567129 202
1694742878738 0.0010979740200164944 203
1694742879020 9.143331913886605 204
1694742879323 31.295959594391384 205
1694742879629 16.882426116705094 206
1694742879960 42.7842938584001 207
1694742880204 0.0688627208007763 208
1694742880517 5.756854246336785 209
1694742880804 117.10298717365926 210
1694742881041 26.558121856343085 211
1694742881348 26.38618446252227 212
1694742881635 13.235088812001814 213
1694742881972 76.62746398686764 214
1694742882262 20.65803109657711 215
1694742882538 1.0781465428654968 216
1694742882835 1.3816562086857094 217
1694742883090 4.0760363992053845 218
1694742883353 0.04227576272020101 219
1694742883673 27.79367396634056 220
1694742883950 6.852630444245097 221
1694742884227 2.0281603749521384 222
1694742884563 10.996933873211248 223
1694742884836 105.76841156288599 224
1694742885118 10.532400227853993 225
1694742885464 0.7991422196973637 226
1694742885780 0.18399962179435697 227
1694742886034 2.9543501018968525 228
1694742886300 5.30541950571315 229
1694742886681 16.03160119856009 230
1694742886991 14.008008562915352 231
1694742887261 0.3472498924299829 232
1694742887582 38.953369355879076 233
1694742887898 74.01754650276293 234
1694742888162 31.3524586154633 235
1694742888483 0.4668580374748845 236
1694742888947 0.32957602356376264 237
1694742889187 6.341306044525535 238
1694742889496 2.549876887798164 239
1694742889837 26.444835490751462 240
1694742890097 18.443749307689313 241
1694742890426 2.845138690519531 242
1694742890724 34.34533867946757 243
1694742891060 18.878707117961074 244
1694742891303 6.326747032863755 245
1694742891591 0.34205820096363604 246
1694742891896 0.5689730768892656 247
1694742892153 125.96731988073314 248
1694742892498 3.9187824842832426 249
1694742892820 5.4542060480455845 250
1694742893148 10.402313910157346 251
1694742893484 54.61479372409166 252
1694742893771 1.2470035406709743 253
1694742894073 1.5029963575293173 254
1694742894295 6.28514004829736 255
1694742894548 21.10493607599781 256
1694742894817 12.390770543637073 257
1694742895120 15.455548532840474 258
1694742895470 15.125780482803917 259
1694742895782 0.857428100450816 260
1694742896152 0.08640683544860743 261
1694742896484 12.540808101250503 262
1694742896802 0.3244522773105099 263
1694742897115 2.0459504660060597e-06 264
1694742897353 9.163982751615844 265
1694742897724 1.9510547568969694 266
1694742898038 0.4948427504187579 267
1694742898254 0.4441095532788011 268
1694742898526 5.452509607306933 269
1694742898902 41.701181953245005 270
1694742899182 0.3094470331157593 271
1694742899520 31.810903679892597 272
1694742899898 0.057538467799702286 273
1694742900183 4.58826859087959 274
1694742900476 9.741080411191483 275
1694742900774 20.350772695368672 276
1694742901051 0.02945930878982076 277
1694742901277 1.4357220106995963 278
1694742901526 25.89105463777985 279
1694742901766 27.704291424137462 280
1694742902075 9.477851176507587 281
1694742902316 7.312348352515107 282
1694742902619 22.70588011184025 283
1694742902959 4.097901215634718 284
1694742903237 17.580992968735924 285
1694742903468 1.4611880875646484 286
1694742903751 21.91065336257544 287
1694742904078 1.6358040047455236 288
1694742904419 0.381445029046189 289
1694742904737 39.60130902969668 290
1694742905081 30.051923870182517 291
1694742905317 48.62848557973414 292
1694742905617 10.437840905366782 293
1694742905921 23.629770173832412 294
1694742906241 0.015113419396319813 295
1694742906606 0.6481605977641084 296
1694742906914 1.765852045575295 297
1694742907249 3.7253014621955884 298
1694742907557 47.773765542456964 299
1694742907873 0.11271200891342055 300
1694742908185 0.43984023433845193 301
1694742908492 12.530238938988157 302
1694742908913 0.05659603323933138 303
1694742909223 31.50549275656642 304
1694742909543 0.15510847909426714 305
1694742909862 0.8718931272253766 306
1694742910175 35.056119024954164 307
1694742910495 16.825655631329244 308
1694742910739 1.0799977151340738 309
1694742911091 7.375568282102033 310
1694742911373 5.188704388674763 311
1694742911677 0.002653141634735204 312
1694742911974 0.2988405768709435 313
1694742912281 0.334227083451212 314
1694742912584 1.5772675881266454 315
1694742912907 0.018606912892852216 316
1694742913281 26.953115176652336 317
1694742913562 20.959396032200335 318
1694742913885 27.919918395919648 319
1694742914200 2.0759589370771323 320
1694742914460 38.16895746417014 321
1694742914746 6.149628098535912e-05 322
1694742915056 15.63309500361585 323
1694742915405 14.303305710195584 324
1694742915697 0.26277744895657557 325
1694742916008 0.4035072947989427 326
1694742916328 10.802341909497963 327
1694742916605 24.17986385386382 328
1694742916910 21.171790364434667 329
1694742917235 4.829689890398639 330
1694742917513 38.055076759764 331
1694742917823 1.2601490241541986 332
1694742918082 1.1314547616400776 333
1694742918344 2.5005521920003697 334
1694742918664 1.8923931126313966 335
1694742918990 75.21557315346011 336
1694742919417 24.45028369786495 337
1694742919676 1.528991085479744 338
1694742920048 17.384642849242006 339
1694742920458 12.372409013153995 340
1694742920709 0.0034480117894034167 341
1694742921034 8.238317741843618 342
1694742921388 36.335390337643645 343
1694742921670 3.4462303946004647 344
1694742922002 1.6702029514996029 345
1694742922367 25.46489548840892 346
1694742922647 25.442232532955906 347
1694742922939 0.21336479425453728 348
1694742923248 3.0217027707323725 349
1694742923519 4.218137359120533 350
1694742923751 45.607901189537074 351
1694742924002 5.301240334163829 352
1694742924356 14.54280784307727 353
1694742924661 6.180565053882514 354
1694742924956 6.188188983202646 355
1694742925231 18.7375260467877 356
1694742925503 35.36344879145294 357
1694742925743 11.75727243379859 358
1694742926001 0.010472230519009817 359
1694742926312 5.682626799554971 360
1694742926739 18.511880354397604 361
1694742927039 1.4019156923860074 362
1694742927341 10.404731083587738 363
1694742927677 7.220232677116463 364
1694742927968 0.22059610497581603 365
1694742928274 39.005370629365416 366
1694742928635 0.8228785673849888 367
1694742929009 21.22575074151662 368
1694742929320 1.9276461612207623 369
1694742929658 26.261227031121486 370
1694742929944 5.529028688178247 371
1694742930247 0.18564138708122827 372
1694742930608 33.06966976875671 373
1694742930907 21.3342158648728 374
1694742931281 6.928630969945068 375
1694742931588 25.630580755530634 376
1694742931981 5.798146308115782 377
1694742932302 1.3099700496294888 378
1694742932618 0.8259737550161319 379
1694742932900 0.816374444376972 380
1694742933153 21.827865591507106 381
1694742933507 0.0649306722821488 382
1694742933765 5.291584791868726 383
1694742934012 2.2556246960220783 384
1694742934306 2.03350117793571 385
1694742934651 0.44420787334385314 386
1694742934936 17.41661955791228 387
1694742935210 6.355678215445403 388
1694742935586 0.3204668929253527 389
1694742935847 19.40475160439285 390
1694742936114 3.16435954290629 391
1694742936369 44.6775669006467 392
1694742936628 3.859404063858858 393
1694742936881 1.9611637249680511 394
1694742937146 0.28591677927324793 395
1694742937443 1.9522535438179973 396
1694742937804 17.26138678161093 397
1694742938037 32.65909755744459 398
1694742938336 3.131990457784645 399
1694742938692 14.030757801768752 400
1694742938943 0.35832660845679287 401
1694742939228 3.8817098576959532 402
1694742939484 17.34253185597199 403
1694742939790 2.2251316585347194 404
1694742940151 0.04650075122350065 405
1694742940493 0.46144135333861214 406
1694742940742 11.100640847007195 407
1694742941014 1.5064635983059451 408
1694742941342 4.106630152861853 409
1694742941693 2.032791351913094 410
1694742941944 1.596780752734657 411
1694742942293 1.4801359499205142 412
1694742942546 0.5513946570530252 413
1694742942779 31.572601714184536 414
1694742943001 0.03596434337386763 415
1694742943247 7.7444046665629545 416
1694742943540 10.338355973498407 417
1694742943835 87.70538293886123 418
1694742944067 3.997465365293488 419
1694742944336 12.445810712744846 420
1694742944623 32.46933026058907 421
1694742944845 3.834531202638667 422
1694742945086 0.6734490539190056 423
1694742945383 0.20877675021599515 424
1694742945749 0.011953843195584133 425
1694742946046 5.586527716223942 426
1694742946438 6.852530222277492 427
1694742946826 77.68269543412052 428
1694742947065 4.642333164005441 429
1694742947310 19.065695359371936 430
1694742947584 7.473197142672617 431
1694742947894 22.321128241709797 432
1694742948101 7.612138236348034 433
1694742948388 3.905458325007542 434
1694742948819 0.06767498154738498 435
1694742949082 4.45238162662739 436
1694742949295 0.19084107264071304 437
1694742949496 3.821659012721369 438
1694742949711 7.495915270673232 439
1694742950020 2.120331555360496 440
1694742950231 1.5710937706841261 441
1694742950478 0.0017998230053344777 442
1694742950694 13.724725612471188 443
1694742951011 5.622910528437461 444
1694742951295 49.16186101627361 445
1694742951614 10.899079760367206 446
1694742951901 0.4867529567003903 447
1694742952215 0.7900491423169174 448
1694742952556 8.84656688116003 449
1694742952876 7.939152848178351 450
1694742953167 0.43826577512746756 451
1694742953454 1.0023006634374638 452
1694742953685 1.4569313136586888 453
1694742953926 9.509501475786081 454
1694742954210 1.6400112278919237 455
1694742954525 2.377902215452409 456
1694742954832 19.936260657904736 457
1694742955071 0.8870116403720605 458
1694742955323 6.979181057351424 459
1694742955689 15.49742228776993 460
1694742956029 11.933218544504907 461
1694742956310 53.10393637136619 462
1694742956602 35.241114096889355 463
1694742956909 2.7333969263819498 464
1694742957181 0.5218135672291226 465
1694742957498 12.458702923435807 466
1694742957880 0.629659099393571 467
1694742958175 14.182169822297412 468
1694742958472 0.04629947436426925 469
1694742958815 0.0034311665363000597 470
1694742959131 3.43621550565303 471
1694742959389 2.1105106898705746 472
1694742959697 10.07448635645115 473
1694742960072 25.086722236831775 474
1694742960420 21.438257783816614 475
1694742960785 3.253052470292969 476
1694742961094 0.3759435982492052 477
1694742961347 11.282455036563917 478
1694742961594 9.136834265826069 479
1694742961846 28.598755021472936 480
1694742962201 9.484315050378338 481
1694742962474 0.0004667368801827511 482
1694742962798 70.94183891261206 483
1694742963141 37.65534843070377 484
1694742963412 0.12223785213843592 485
1694742963721 10.868082402691341 486
1694742963937 35.14528878666977 487
1694742964220 0.08697805076173659 488
1694742964512 33.164765774350045 489
1694742964797 0.8837314449025756 490
1694742965137 1.0170907265887585 491
1694742965399 0.348195324916705 492
1694742965717 4.689260263493122 493
1694742966032 54.048363358719186 494
1694742966363 13.847912745275416 495
1694742966688 1.7698218683473577 496
1694742966900 8.25077753465394 497
1694742967135 6.166695852207447 498
1694742967413 9.632571306357109 499
