1694730133881 3.369221688022796 0
1694730134214 2.034810882317283 1
1694730134583 1.8933355398432947 2
1694730134907 1.5855391694980625 3
1694730135168 2.9606014919300705 4
1694730135477 2.4743808813985515 5
1694730135926 2.9435420863004205 6
1694730136168 2.6926353157036416 7
1694730136460 2.54462609206409 8
1694730136825 3.253623463490694 9
1694730137092 2.419555571399725 10
1694730137333 2.508034425218531 11
1694730137841 2.0900666070382883 12
1694730138282 1.6059085807097386 13
1694730138655 2.695979088701909 14
1694730139061 1.9946475218567599 15
1694730139346 1.8228084985500501 16
1694730139739 1.1879924905904318 17
1694730140205 2.0287967079491143 18
1694730140766 1.7382850969339299 19
1694730141049 2.932040033298504 20
1694730141368 2.028512504975966 21
1694730141778 1.8965786697192726 22
1694730142333 2.777541000401792 23
1694730142725 2.0661147534142845 24
1694730143128 3.384465735059306 25
1694730143544 1.7035211120383706 26
1694730143894 2.653599901590004 27
1694730144259 2.822274082761112 28
1694730144595 2.7850230328467167 29
1694730144999 2.6693455686019907 30
1694730145375 2.6507566305423675 31
1694730145724 2.6331837944178615 32
1694730146089 1.920752824229865 33
1694730146465 2.329233694322184 34
1694730146823 2.44835284406644 35
1694730147177 2.4610816288390143 36
1694730147569 2.920429022441969 37
1694730147982 2.269168589983338 38
1694730148290 1.5967780951454802 39
1694730148646 1.9533947800279183 40
1694730149072 1.522093149044056 41
1694730149398 2.29580179407859 42
1694730149858 2.333445113522545 43
1694730150181 1.9153812770596292 44
1694730150640 2.705474164933655 45
1694730151216 1.8472986846431663 46
1694730151626 3.839041723322932 47
1694730152011 1.5135966208802347 48
1694730152679 2.5635610196738536 49
1694730153278 2.20872364421893 50
1694730153932 1.5556477265088866 51
1694730154360 2.050181742055109 52
1694730154878 1.9110535317439032 53
1694730155282 1.9205977442963569 54
1694730155745 2.4359058824110007 55
1694730156154 1.7874281939904808 56
1694730156506 1.8885122147915645 57
1694730156865 3.0576814114494493 58
1694730157210 1.7375504264293344 59
1694730157608 2.511354218847136 60
1694730158025 2.118405841952091 61
1694730158343 1.4032778311190632 62
1694730158780 1.801978065834551 63
1694730159222 2.1154147216144215 64
1694730160077 2.485955532741951 65
1694730160433 1.9082377061788194 66
1694730161002 2.5302195437180255 67
1694730161645 2.6767932825677048 68
1694730162196 2.056032504963875 69
1694730162681 1.7543575584561033 70
1694730163038 2.5582492826454772 71
1694730163423 1.8092378109518377 72
1694730163863 3.4768940895848837 73
1694730164227 1.448165707997587 74
1694730164483 1.8033013963190634 75
1694730164994 2.0959290332446034 76
1694730165647 2.4413559155380264 77
1694730166054 2.3701910725128843 78
1694730166562 1.8804070532264456 79
1694730166990 2.7062729413063558 80
1694730167416 2.426053929929107 81
1694730167885 2.074463568797323 82
1694730168263 2.213704444663311 83
1694730168593 1.7518236503980316 84
1694730169013 1.8927324751723587 85
1694730169411 2.4786170493953854 86
1694730169907 2.923241281846368 87
1694730170261 1.5059872539098282 88
1694730170705 2.7286247346717603 89
1694730171185 1.7060960760358856 90
1694730171553 1.8484087174411332 91
1694730172007 2.2376416664462524 92
1694730172363 1.7007572603246608 93
1694730172741 2.609154843500787 94
1694730173291 3.112184353023242 95
1694730173627 2.628452749676134 96
1694730174038 1.912102473089904 97
1694730174475 1.8045930626454194 98
1694730174942 1.436240091804014 99
1694730175308 2.033626388860641 100
1694730175591 3.5910414447259966 101
1694730175961 2.541336842345968 102
1694730176356 2.283609449371734 103
1694730176728 3.1284471641440135 104
1694730177110 2.490510615093827 105
1694730177467 1.7432513798200013 106
1694730177888 3.5682211760856433 107
1694730178329 1.8600695125734485 108
1694730178812 1.7063331878941412 109
1694730179386 1.595384276063977 110
1694730179604 2.5211044186592386 111
1694730179875 3.376670436749625 112
1694730180224 2.6561686964318736 113
1694730180661 1.7991571898660161 114
1694730181054 2.463529707969053 115
1694730181376 2.091386236449828 116
1694730181723 2.739809606661602 117
1694730182043 1.7078993212725229 118
1694730182438 3.0534172019527976 119
1694730182887 2.0871780700449953 120
1694730183277 2.2360692084428155 121
1694730183554 2.6815123709429685 122
1694730183958 1.839473843486683 123
1694730184238 1.7707257248120785 124
1694730184522 1.9537317351520087 125
1694730184773 2.877504080980362 126
1694730185095 2.759120241543936 127
1694730185576 1.5354263666260015 128
1694730186069 2.211468260852256 129
1694730186527 2.2705342123901597 130
1694730186785 2.1952267775970262 131
1694730187144 2.811755000581165 132
1694730187493 2.4898107462811665 133
1694730187828 2.202441553963654 134
1694730188204 2.2227908261137284 135
1694730188544 2.26249466887058 136
1694730189085 1.7939683019807386 137
1694730189461 1.90238337643308 138
1694730189704 1.36291067131599 139
1694730190160 1.8777202473944101 140
1694730190522 1.8937196007207417 141
1694730190905 1.4283907317426712 142
1694730191229 2.4542896142966244 143
1694730191591 1.5858050001615445 144
1694730192023 1.77040489665322 145
1694730192483 1.6069730478512791 146
1694730192919 1.6590806861966236 147
1694730193421 2.2883199828582863 148
1694730193847 2.438425414853688 149
1694730194234 1.2956560197249882 150
1694730194587 1.9614872513601018 151
1694730194902 1.2312393451045847 152
1694730195334 1.9469838104397332 153
1694730195672 1.743258649815304 154
1694730196166 2.4473005132423387 155
1694730196478 3.300118666147936 156
1694730196719 2.196958650868917 157
1694730197060 1.419199752614228 158
1694730197424 1.4597329357736697 159
1694730198056 2.405615870209494 160
1694730198622 2.6702797201169646 161
1694730199272 1.371768256973774 162
1694730199648 2.4705348032897168 163
1694730200040 1.5312664052934906 164
1694730200469 2.6367915578623324 165
1694730201011 2.786897043883718 166
1694730201442 2.26355276142433 167
1694730201865 3.2696269503588327 168
1694730202275 1.9390642759892254 169
1694730202659 3.443593727538893 170
1694730203134 2.219007421764346 171
1694730203683 2.3268389697840157 172
1694730204250 3.201262184175331 173
1694730204838 2.170918633515799 174
1694730205416 2.0659800001318254 175
1694730205662 3.5012288629068884 176
1694730206151 2.5388108542421066 177
1694730206690 1.7594645830953997 178
1694730207141 2.307772135365176 179
1694730207931 2.6016141202317016 180
1694730208305 1.6628416151502006 181
1694730209060 3.0804232375074556 182
1694730209559 2.124475730077901 183
1694730209906 1.6474155696044097 184
1694730210508 2.269035330756592 185
1694730210986 2.674269662347056 186
1694730211528 2.631673041338981 187
1694730211936 2.3450926143076978 188
1694730212382 2.083333538535626 189
1694730212893 1.210890764419011 190
1694730213452 3.1032361678697558 191
1694730213768 2.586451369348813 192
1694730214182 1.403383141005791 193
1694730214570 2.553082267874418 194
1694730214925 3.2431319100634295 195
1694730215317 1.6718513855492105 196
1694730215703 2.2296095926673734 197
1694730216026 2.288316637693016 198
1694730216312 2.0861401077840314 199
1694730216565 1.819570824849169 200
1694730216802 3.4140417009714503 201
1694730217120 2.1816827851092797 202
1694730217469 1.899390633452688 203
1694730217788 1.9065573345626692 204
1694730218245 1.5599375908261823 205
1694730218959 1.3803286325223112 206
1694730219242 2.365838726760766 207
1694730219600 2.0533127400396927 208
1694730219948 1.6970943689223421 209
1694730220322 1.8503632406675556 210
1694730220710 2.1408572376022748 211
1694730220976 2.592305851116183 212
1694730221336 2.2267812560921416 213
1694730221736 1.8055569927352078 214
1694730222000 3.2370118941050188 215
1694730222350 1.6173049906299404 216
1694730222686 2.8438124538181584 217
1694730222917 3.1208937142003492 218
1694730223156 2.7646165367449154 219
1694730223544 2.958077675433577 220
1694730223921 2.094271717514995 221
1694730224216 1.5298077014226816 222
1694730224769 2.7452116720167066 223
1694730225105 2.541463307541459 224
1694730225433 2.480791753430292 225
1694730225763 2.8576528735546147 226
1694730226075 2.8570665509833333 227
1694730226519 2.559388915500841 228
1694730226868 2.0568256646922745 229
1694730227127 2.5748439069939146 230
1694730227441 2.3727473663257146 231
1694730227862 1.384446699988838 232
1694730228179 3.4333395719371054 233
1694730228521 3.101718849975455 234
1694730228918 2.0604921895664297 235
1694730229320 2.321737558035508 236
1694730229722 2.5162817258307295 237
1694730230049 1.9076778872513163 238
1694730230316 2.517029545460165 239
1694730230790 2.699227783540708 240
1694730231110 1.8022729128110235 241
1694730231548 2.6619065627059038 242
1694730231917 3.1953486630941277 243
1694730232263 1.4781894982398747 244
1694730232639 2.4021823886633755 245
1694730232935 1.8523584631691818 246
1694730233265 1.5465489449540382 247
1694730233637 2.12709112330502 248
1694730233930 2.1188630189328745 249
1694730234213 2.2667581719050793 250
1694730234598 2.3578783287880687 251
1694730234876 2.2744955875278663 252
1694730235138 2.6103417424374302 253
1694730235386 2.019504399762408 254
1694730235764 2.222544268245286 255
1694730236065 2.472018887517272 256
1694730236387 1.9046733813186953 257
1694730236769 2.3515556211558195 258
1694730237034 1.8368670593471428 259
1694730237276 1.9387609967264734 260
1694730237520 2.2651544918192235 261
1694730237894 3.399105706789952 262
1694730238121 2.065085029051155 263
1694730238460 1.7333384848522433 264
1694730238817 2.126404228597901 265
1694730239185 1.8301612993713812 266
1694730239450 2.1751738330035937 267
1694730239765 2.0291545771677666 268
1694730240062 2.102308992619068 269
1694730240337 2.3843706079135942 270
1694730240612 1.8729843469127994 271
1694730240976 2.1427861302818934 272
1694730241382 2.114006749146863 273
1694730241710 2.2252185756852545 274
1694730242091 2.015960048604538 275
1694730242447 2.9580643997078853 276
1694730242808 1.535066390594465 277
1694730243126 2.3490641166930764 278
1694730243474 3.6417867110067585 279
1694730243872 2.3366498833705758 280
1694730244111 1.9074709528795717 281
1694730244415 2.8338469422971038 282
1694730244766 2.3635364552115132 283
1694730245053 3.1447621564694628 284
1694730245287 3.4308638452167215 285
1694730245633 2.1761081003659983 286
1694730246131 2.043328535634995 287
1694730246450 1.838100915712132 288
1694730246716 2.141608828591493 289
1694730246903 1.237325051830723 290
1694730247119 1.5982117525136859 291
1694730247381 2.117054383799124 292
1694730247647 2.0229998104148352 293
1694730247968 2.3115723642417363 294
1694730248162 2.4073760967856486 295
1694730248510 2.0067857860262994 296
1694730248832 2.256764726917538 297
1694730249124 2.539788701200301 298
1694730249389 2.4448556266277586 299
1694730249695 1.1467182056958882 300
1694730250012 1.633673839980044 301
1694730250275 2.1264933603598006 302
1694730250518 2.4221706251509345 303
1694730250890 1.8908117157299305 304
1694730251176 1.8896513562657329 305
1694730251449 2.0016970614515057 306
1694730251663 2.158637777958772 307
1694730251929 1.8649038016976005 308
1694730252192 2.1062814922154485 309
1694730252492 2.3038371008628054 310
1694730252785 2.6562942908456493 311
1694730253105 3.1764173488476994 312
1694730253485 1.9237968211395777 313
1694730253778 3.330917686010386 314
1694730254045 3.2276942234264703 315
1694730254324 2.2331934971080973 316
1694730254607 2.593880681775366 317
1694730254914 2.2101391895544586 318
1694730255167 2.207920810143442 319
1694730255448 2.148026021005322 320
1694730255745 1.4024982345434385 321
1694730256035 2.3303764573596655 322
1694730256216 2.1303755948140437 323
1694730256382 2.0592518178810084 324
1694730256567 2.4630299612892927 325
1694730256797 1.2981382947430304 326
1694730257032 1.7996004601107263 327
1694730257299 2.5141073303881054 328
1694730257708 2.4335522646472447 329
1694730258017 2.29720980350012 330
1694730258175 2.135268352670598 331
1694730258366 2.2604142044655493 332
1694730258710 2.049348293460665 333
1694730259150 2.2023316512044233 334
1694730259442 2.951983184860506 335
1694730259806 2.267209898872403 336
1694730260107 2.2748027842604155 337
1694730260317 2.7912010260487903 338
1694730260876 2.2463128810761 339
1694730261184 1.6860854068201558 340
1694730261477 2.0987869939510437 341
1694730261734 2.261405122352047 342
1694730262114 2.3685258978458053 343
1694730262347 2.9968300072025555 344
1694730262601 3.099432945192749 345
1694730262957 2.0433777632629013 346
1694730263233 1.2574377900196139 347
1694730263468 2.996455657044161 348
1694730263646 2.144757308876827 349
1694730263885 2.3613806224954415 350
1694730264155 1.3681855822402096 351
1694730264464 2.2819329403335886 352
1694730264712 2.3162565489664697 353
1694730265002 2.044280185355492 354
1694730265499 2.697629685013588 355
1694730265754 1.5591911215728953 356
1694730266083 1.8740182849402078 357
1694730266339 2.4789079624983237 358
1694730266667 1.6880023550470113 359
1694730267240 2.595987873172121 360
1694730267508 3.173066242702713 361
1694730267957 1.7392638965611245 362
1694730268292 2.7847056746743406 363
1694730268874 1.1189598366156577 364
1694730269228 2.5322563732071113 365
1694730269534 3.317494484846858 366
1694730269825 2.07641946632668 367
1694730270113 2.064949205593718 368
1694730270327 2.5919067247131 369
1694730270592 2.4698592300535114 370
1694730270928 2.1574656141588933 371
1694730271205 1.6802587232407413 372
1694730271397 2.1565434479361962 373
1694730271760 2.718621938021767 374
1694730272061 2.1630934020845656 375
1694730272305 2.4090342308011596 376
1694730272552 1.671276648876006 377
1694730272998 1.7098934068926273 378
1694730273359 1.4882754732124723 379
1694730273740 2.566000351807746 380
1694730274112 2.3200717058761744 381
1694730274475 1.594917404666673 382
1694730274695 1.7501014205685923 383
1694730274938 3.7644848636845403 384
1694730275221 2.2137752968139455 385
1694730275461 1.842640541006757 386
1694730275678 3.1597294335194497 387
1694730275883 1.3540699250192694 388
1694730276228 2.360076657479118 389
1694730276511 3.6354796830926843 390
1694730276790 1.9565996454401173 391
1694730277049 1.919378430040826 392
1694730277394 1.7457346667834914 393
1694730277708 1.7949432377064711 394
1694730278080 1.0276601850546647 395
1694730278655 1.8462080713428264 396
1694730279144 2.354838807673067 397
1694730279446 2.1480848848381813 398
1694730279846 2.1215337271198837 399
1694730280190 3.0123382073787526 400
1694730280433 1.597171817942214 401
1694730280636 1.5137013327786726 402
1694730280915 1.7318859553536665 403
1694730281238 2.1239641707231294 404
1694730281435 2.532153379920023 405
1694730281797 1.935255755532807 406
1694730282121 2.1845221407008295 407
1694730282425 2.289177835033861 408
1694730282715 2.153490003771472 409
1694730283001 2.7477514655338044 410
1694730283288 2.857045191083703 411
1694730283603 1.1546564422638508 412
1694730283852 2.831312411851064 413
1694730284177 2.7047064882689233 414
1694730284396 2.581165584305457 415
1694730284636 0.9820516116946013 416
1694730284955 2.8914712433787564 417
1694730285315 2.3988877048433603 418
1694730285698 1.9354095314937794 419
1694730285990 2.3532530763798434 420
1694730286271 2.313434542989788 421
1694730286500 2.948457162051865 422
1694730286794 2.575999420591329 423
1694730287079 1.1868380678661643 424
1694730287352 3.110906036091419 425
1694730287709 2.3107492906631273 426
1694730288122 1.6492264525386249 427
1694730288427 1.9410018561039022 428
1694730288626 2.1330185782975426 429
1694730288886 1.5544028399151193 430
1694730289195 1.2467889952748477 431
1694730289449 2.6216741875652936 432
1694730289721 2.5323891491777544 433
1694730290022 2.1751112690611403 434
1694730290339 1.370286071778932 435
1694730290564 2.248242846200791 436
1694730290842 2.370372088638714 437
1694730291072 1.8489775394429795 438
1694730291273 1.9150646486765055 439
1694730291508 2.2677198638686282 440
1694730291802 2.1751734602154786 441
1694730292077 1.5231562683938418 442
1694730292323 2.5548473851221254 443
1694730292647 1.8861236930595247 444
1694730292932 2.064068729017607 445
1694730293212 2.3654691184118053 446
1694730293430 3.123234757304355 447
1694730293596 4.547805106250455 448
1694730293808 2.4929313920486664 449
1694730294026 1.543408937172704 450
1694730294400 1.8946104653447995 451
1694730294598 2.794077833021666 452
1694730295056 2.702940822744028 453
1694730295414 2.273354102062917 454
1694730295640 2.017528370943014 455
1694730295862 1.6267357613034334 456
1694730296157 2.060266461987359 457
1694730296402 2.416165608002041 458
1694730296609 2.8971820918633084 459
1694730296794 2.2470903277065624 460
1694730296990 2.670102318388537 461
1694730297439 2.2287586643220236 462
1694730297763 2.6174530439003156 463
1694730298026 2.2499433537169815 464
1694730298268 1.91993368266702 465
1694730298462 2.6556855935432147 466
1694730298663 1.7309438023488262 467
1694730298883 2.1331077101453926 468
1694730299108 2.702958937667708 469
1694730299360 2.1718596789511295 470
1694730299635 1.6238459922710187 471
1694730299863 1.8426160442402715 472
1694730300069 3.0495293614308934 473
1694730300267 1.373649266603617 474
1694730300606 2.0027133511413817 475
1694730301034 1.6195755829072238 476
1694730301324 2.865187853600805 477
1694730301545 2.0304240164361986 478
1694730301842 1.7945000228388057 479
1694730302128 2.705393128369458 480
1694730302427 2.355284696419891 481
1694730302654 1.5920707462444614 482
1694730302912 1.4094166166337863 483
1694730303206 1.4881646474510768 484
1694730303397 1.6047247430326343 485
1694730303608 2.861494881201206 486
1694730303795 1.9151347463009758 487
1694730304028 2.4679483728796727 488
1694730304274 2.5265072275279468 489
1694730304571 2.03131161943886 490
1694730304758 2.5765068980230867 491
1694730305052 2.2128780316363703 492
1694730305308 2.6423231841116217 493
1694730305650 2.0420714784420357 494
1694730305892 1.4498112748942746 495
1694730306109 3.2237533170802846 496
1694730306482 2.7618130015590956 497
1694730306685 1.7405866411207176 498
1694730306837 1.8845553957428756 499
