1694727951068 168.87260894317848 0
1694727951401 164.92841811648623 1
1694727951901 161.07773726748263 2
1694727952340 157.3183485099967 3
1694727952770 153.6480865731003 4
1694727953139 150.06483755277733 5
1694727953602 146.56653769321215 6
1694727954171 143.15117219699349 7
1694727954637 139.8167740635493 8
1694727955015 136.5614229551417 9
1694727955417 133.38324408976774 10
1694727955774 130.28040716032913 11
1694727956129 127.25112527944546 12
1694727956527 124.29365394930466 13
1694727956973 121.406290055955 14
1694727957342 118.58737088745943 15
1694727957743 115.83527317534592 16
1694727958091 113.14841215880111 17
1694727958445 110.52524067106755 18
1694727958868 107.96424824751762 19
1694727959165 105.46396025488994 20
1694727959527 103.02293704118621 21
1694727960081 100.6397731057379 22
1694727960484 98.3130962889647 23
1694727960858 96.04156698135716 24
1694727961255 93.82387735122738 25
1694727961682 91.65875059078253 26
1694727962039 89.54494018008675 27
1694727962396 87.48122916848611 28
1694727962792 85.46642947308345 29
1694727963103 83.49938119385746 30
1694727963430 81.57895194503186 31
1694727963832 79.70403620230874 32
1694727964228 77.87355466558958 33
1694727964632 76.08645363681681 34
1694727964991 74.34170441257683 35
1694727965462 72.63830269111435 36
1694727965814 70.97526799341605 37
1694727966177 69.35164309803005 38
1694727966607 67.7664934892946 39
1694727967050 66.21890681865867 40
1694727967439 64.70799237878296 41
1694727967849 63.232880590118974 42
1694727968148 61.79272249966917 43
1694727968475 60.386689291639925 44
1694727968987 59.01397180970468 45
1694727969330 57.673780090601944 46
1694727969719 56.365342908799256 47
1694727970152 55.087907331960395 48
1694727970539 53.84073828695965 49
1694727970915 52.62311813619288 50
1694727971320 51.43434626394091 51
1694727971723 50.273738672546976 52
1694727972048 49.14062758817518 53
1694727972359 48.034361075922675 54
1694727972723 46.95430266406366 55
1694727973064 45.89983097720858 56
1694727973499 44.87033937816684 57
1694727973931 43.8652356183066 58
1694727974291 42.88394149621022 59
1694727974672 41.92589252442813 60
1694727975020 40.9905376041394 61
1694727975342 40.07733870753106 62
1694727975784 39.1857705677133 63
1694727976136 38.315320375991575 64
1694727976509 37.465487486321074 65
1694727976948 36.635783126773234 66
1694727977348 35.82573011784781 67
1694727977755 35.03486259746825 68
1694727978153 34.26272575250148 69
1694727978523 33.5088755566477 70
1694727978885 32.77287851454871 71
1694727979232 32.05431141196748 72
1694727979606 31.352761071894697 73
1694727980016 30.667824116441757 74
1694727980449 29.99910673438301 75
1694727980857 29.346224454212994 76
1694727981187 28.708801922588037 77
1694727981544 28.086472688024273 78
1694727981907 27.47887898972754 79
1694727982238 26.88567155143323 80
1694727982699 26.306509380137328 81
1694727983073 25.7410595696026 82
1694727983352 25.18899710852652 83
1694727983727 24.650004693260428 84
1694727984079 24.123772544971942 85
1694727984351 23.60999823114509 86
1694727984731 23.10838649131543 87
1694727985111 22.618649066939422 88
1694727985456 22.140504535300227 89
1694727985852 21.673678147353982 90
1694727986179 21.217901669423117 91
1694727986559 20.772913228645457 92
1694727986971 20.338457162089938 93
1694727987323 19.914283869452028 94
1694727987642 19.50014966924385 95
1694727988066 19.095816658396096 96
1694727988368 18.70105257519082 97
1694727988767 18.31563066544604 98
1694727989141 17.939329551875073 99
1694727989531 17.571933106545135 100
1694727990024 17.213230326361806 101
1694727990396 16.86301521150754 102
1694727990752 16.521086646764058 103
1694727991133 16.187248285650305 104
1694727991465 15.86130843730909 105
1694727991788 15.543079956077205 106
1694727992172 15.232380133675454 107
1694727992550 14.929030593956236 108
1694727992888 14.63285719014818 109
1694727993257 14.343689904538532 110
1694727993667 14.061362750535412 111
1694727994055 13.785713677053517 112
1694727994411 13.516584475168152 113
1694727994834 13.253820686983762 114
1694727995174 12.997271516664359 115
1694727995517 12.746789743574716 116
1694727995896 12.502231637482044 117
1694727996203 12.263456875769407 118
1694727996569 12.030328462613118 119
1694727996996 11.80271265007747 120
1694727997316 11.580478861081367 121
1694727997659 11.363499614192415 122
1694727997967 11.151650450205123 123
1694727998283 10.944809860460895 124
1694727998723 10.742859216868437 125
1694727999151 10.545682703584351 126
1694727999495 10.353167250314366 127
1694727999809 10.165202467196913 128
1694728000184 9.981680581231375 129
1694728000466 9.802496374214478 130
1694728000792 9.627547122148917 131
1694728001159 9.456732536089424 132
1694728001510 9.289954704392047 133
1694728001865 9.127118036333448 134
1694728002214 8.968129207067648 135
1694728002651 8.812897103888528 136
1694728003102 8.66133277376709 137
1694728003445 8.513349372133234 138
1694728003865 8.36886211287254 139
1694728004266 8.227788219509193 140
1694728004615 8.090046877546975 141
1694728005011 7.955559187940743 142
1694728005373 7.824248121671722 143
1694728005743 7.696038475400265 144
1694728006193 7.570856828170632 145
1694728006545 7.448631499142776 146
1694728006952 7.329292506326794 147
1694728007306 7.212771526296245 148
1694728007708 7.099001854857094 149
1694728008109 6.9879183686496535 150
1694728008539 6.879457487661338 151
1694728008991 6.773557138628673 152
1694728009369 6.6701567193074105 153
1694728009754 6.569197063590201 154
1694728010082 6.470620407451676 155
1694728010364 6.374370355701345 156
1694728010726 6.280391849525116 157
1694728011174 6.188631134796742 158
1694728011471 6.0990357311409396 159
1694728011835 6.011554401730303 160
1694728012248 5.926137123798658 161
1694728012620 5.842735059853836 162
1694728013053 5.761300529573281 163
1694728013398 5.681786982366252 164
1694728013704 5.604148970586877 165
1694728014042 5.528342123382546 166
1694728014453 5.4543231211626315 167
1694728014978 5.38204967067279 168
1694728015654 5.311480480660452 169
1694728016053 5.242575238117545 170
1694728016407 5.175294585086666 171
1694728016779 5.109600096017447 172
1694728017229 5.045454255659926 173
1694728017563 4.982820437482317 174
1694728018021 4.921662882600653 175
1694728018410 4.861946679208177 176
1694728018736 4.803637742492648 177
1694728019158 4.746702795029949 178
1694728019490 4.691109347642746 179
1694728019773 4.636825680713136 180
1694728020134 4.583820825938489 181
1694728020493 4.532064548520034 182
1694728020891 4.481527329773855 183
1694728021268 4.43218035015435 184
1694728021578 4.3839954726802715 185
1694728021985 4.336945226753923 186
1694728022365 4.291002792364041 187
1694728022727 4.2461419846633826 188
1694728023086 4.202337238912094 189
1694728023463 4.159563595778104 190
1694728023800 4.11779668698623 191
1694728024148 4.077012721307554 192
1694728024527 4.0371884708811265 193
1694728024973 3.9983012578600414 194
1694728025320 3.960328941374231 195
1694728025727 3.9232499048024114 196
1694728026111 3.8870430433459355 197
1694728026561 3.8516877518972867 198
1694728027003 3.81716391319629 199
1694728027421 3.783451886267222 200
1694728027785 3.7505324951300985 201
1694728028215 3.718387017779706 202
1694728028673 3.686997175425967 203
1694728029378 3.6563451219894625 204
1694728029819 3.6264134338460843 205
1694728030196 3.597185099814861 206
1694728030562 3.5686435113832307 207
1694728030897 3.540772453164092 208
1694728031278 3.5135560935791608 209
1694728031693 3.486978975763258 210
1694728032115 3.4610260086842883 211
1694728032492 3.435682458473784 212
1694728032868 3.410933939963032 213
1694728033228 3.3867664084198994 214
1694728033577 3.363166151481612 215
1694728033893 3.3401197812788057 216
1694728034300 3.3176142267463358 217
1694728034710 3.2956367261164385 218
1694728035118 3.2741748195898577 219
1694728035495 3.2532163421807794 220
1694728035865 3.23274941673139 221
1694728036280 3.2127624470921137 222
1694728036694 3.193244111463502 223
1694728037117 3.17418335589603 224
1694728037576 3.1555693879440025 225
1694728037917 3.1373916704699214 226
1694728038341 3.1196399155957657 227
1694728038748 3.10230407879767 228
1694728039230 3.0853743531406344 229
1694728039608 3.0688411636499144 230
1694728039992 3.0526951618158598 231
1694728040393 3.0369272202290407 232
1694728040907 3.0215284273425786 233
1694728041448 3.006490082358641 234
1694728041931 2.991803690236165 235
1694728042303 2.97746095681696 236
1694728042641 2.9634537840673287 237
1694728043038 2.949774265432532 238
1694728043401 2.9364146813013585 239
1694728043854 2.9233674945782293 240
1694728044290 2.910625346360274 241
1694728044623 2.8981810517168816 242
1694728045003 2.8860275955693173 243
1694728045398 2.8741581286679896 244
1694728045733 2.8625659636651104 245
1694728046161 2.8512445712804357 246
1694728046572 2.8401875765579025 247
1694728047054 2.8293887552110064 248
1694728047403 2.8188420300548023 249
1694728047763 2.8085414675224873 250
1694728048214 2.798481274264559 251
1694728048672 2.788655793828575 252
1694728049120 2.779059503417624 253
1694728049521 2.7696870107256313 254
1694728049824 2.7605330508476698 255
1694728050172 2.7515924832635044 256
1694728050550 2.7428602888926483 257
1694728050958 2.7343315672192015 258
1694728051375 2.7260015334848418 259
1694728051813 2.717865515948355 260
1694728052127 2.709918953210096 261
1694728052457 2.7021573915998904 262
1694728052800 2.6945764826268173 263
1694728053214 2.6871719804894463 264
1694728053598 2.679939739645081 265
1694728053917 2.6728757124366016 266
1694728054267 2.66597594677556 267
1694728054690 2.659236583880171 268
1694728055023 2.65265385606692 269
1694728055531 2.646224084594498 270
1694728055876 2.6399436775588283 271
1694728056251 2.6338091278379845 272
1694728056603 2.627817011085798 273
1694728056941 2.6219639837730147 274
1694728057358 2.616246781274869 275
1694728057796 2.6106622160039663 276
1694728058158 2.6052071755874215 277
1694728058541 2.5998786210871785 278
1694728058889 2.594673585262497 279
1694728059178 2.589589170873618 280
1694728059533 2.584622549025619 281
1694728059835 2.5797709575514975 282
1694728060166 2.5750316994335805 283
1694728060563 2.570402141262323 284
1694728060899 2.565879711731621 285
1694728061281 2.5614619001697805 286
1694728061688 2.5571462551052835 287
1694728061975 2.5529303828665335 288
1694728062330 2.5488119462147703 289
1694728062780 2.544788663009378 290
1694728063075 2.5408583049048 291
1694728063380 2.537018696078338 292
1694728063765 2.5332677119880675 293
1694728064099 2.529603278160193 294
1694728064671 2.5260233690051193 295
1694728065294 2.5225260066615665 296
1694728065697 2.5191092598680678 297
1694728066058 2.51577124286119 298
1694728066442 2.5125101142998587 299
1694728066811 2.5093240762151505 300
1694728067243 2.50621137298497 301
1694728067639 2.5031702903330006 302
1694728068058 2.5001991543513697 303
1694728068556 2.4972963305464555 304
1694728068951 2.4944602229072967 305
1694728069376 2.491689272996055 306
1694728069848 2.488981959060027 307
1694728070134 2.4863367951646733 308
1694728070575 2.48375233034719 309
1694728071111 2.4812271477901082 310
1694728071546 2.478759864014476 311
1694728071975 2.476349128092131 312
1694728072375 2.4739936208766387 313
1694728072789 2.471692054252426 314
1694728073107 2.469443170401703 315
1694728073511 2.467245741088732 316
1694728073929 2.465098566961054 317
1694728074356 2.4630004768672396 318
1694728074819 2.4609503271908126 319
1694728075206 2.4589470011999253 320
1694728075506 2.4569894084124355 321
1694728075802 2.455076483976012 322
1694728076160 2.45320718806292 323
1694728076538 2.451380505279113 324
1694728076936 2.4495954440873406 325
1694728077281 2.447851036243881 326
1694728077620 2.4461463362486295 327
1694728077962 2.444480420808183 328
1694728078317 2.4428523883116453 329
1694728078689 2.4412613583188314 330
1694728079108 2.439706471060585 331
1694728079428 2.43818688695092 332
1694728079826 2.436701786110709 333
1694728080205 2.4352503679026416 334
1694728080592 2.4338318504771848 335
1694728080988 2.4324454703292884 336
1694728081362 2.43109048186558 337
1694728081774 2.429766156981798 338
1694728082098 2.4284717846502266 339
1694728082408 2.4272066705168807 340
1694728082808 2.4259701365082367 341
1694728083129 2.4247615204472517 342
1694728083429 2.4235801756784716 343
1694728083811 2.4224254707020134 344
1694728084117 2.4212967888161923 345
1694728084491 2.420193527768615 346
1694728084879 2.4191150994155155 347
1694728085245 2.4180609293891555 348
1694728085717 2.4170304567730825 349
1694728086160 2.416023133785077 350
1694728086568 2.415038425467592 351
1694728086976 2.4140758093855132 352
1694728087398 2.413134775331066 353
1694728087797 2.4122148250357065 354
1694728088124 2.411315471888813 355
1694728088537 2.4104362406630373 356
1694728088966 2.409576667246149 357
1694728089261 2.4087362983792135 358
1694728089609 2.4079146914009693 359
1694728089949 2.407111413998235 360
1694728090274 2.40632604396223 361
1694728090712 2.4055581689506473 362
1694728091092 2.4048073862553485 363
1694728091375 2.404073302575556 364
1694728091748 2.4033555337964 365
1694728092120 2.4026537047726997 366
1694728092417 2.4019674491178598 367
1694728092804 2.401296408997746 368
1694728093176 2.400640234929441 369
1694728093510 2.399998585584745 370
1694728093942 2.3993711275983323 371
1694728094277 2.3987575353804242 372
1694728094665 2.398157490933902 373
1694728095084 2.3975706836757316 374
1694728095427 2.3969968102626105 375
1694728095764 2.39643557442073 376
1694728096136 2.3958866867795634 377
1694728096425 2.3953498647095723 378
1694728096696 2.3948248321637524 379
1694728096991 2.394311319522922 380
1694728097509 2.393809063444653 381
1694728097857 2.393317806715784 382
1694728098164 2.3928372981084056 383
1694728098504 2.3923672922392494 384
1694728098898 2.3919075494323976 385
1694728099251 2.391457835585229 386
1694728099623 2.3910179220375367 387
1694728100053 2.3905875854437277 388
1694728100432 2.3901666076480463 389
1694728100817 2.3897547755627344 390
1694728101185 2.3893518810490733 391
1694728101559 2.388957720801233 392
1694728101953 2.3885720962328563 393
1694728102260 2.3881948133663244 394
1694728102618 2.3878256827246354 395
1694728103025 2.3874645192258273 396
1694728103414 2.3871111420799 397
1694728103924 2.3867653746881623 398
1694728104422 2.3864270445449587 399
1694728104928 2.3860959831417046 400
1694728105412 2.385772025873199 401
1694728105883 2.3854550119461315 402
1694728106392 2.385144784289758 403
1694728106822 2.384841189468675 404
1694728107378 2.3845440775976576 405
1694728107796 2.3842533022584957 406
1694728108270 2.3839687204188014 407
1694728108705 2.383690192352723 408
1694728109196 2.3834175815635263 409
1694728109569 2.38315075470801 410
1694728110070 2.38288958152269 411
1694728110404 2.3826339347517345 412
1694728110783 2.382383690076586 413
1694728111219 2.382138726047253 414
1694728111611 2.381898924015209 415
1694728112018 2.381664168067882 416
1694728112339 2.3814343449646787 417
1694728112655 2.381209344074522 418
1694728113097 2.380989057314856 419
1694728113465 2.3807733790920858 420
1694728113824 2.380562206243424 421
1694728114238 2.380355437980104 422
1694728114645 2.3801529758319293 423
1694728114990 2.3799547235931295 424
1694728115304 2.3797605872694905 425
1694728115695 2.379570475026725 426
1694728116096 2.3793842971400667 427
1694728116425 2.3792019659450423 428
1694728116879 2.3790233957894045 429
1694728117297 2.3788485029861954 430
1694728117604 2.378677205767918 431
1694728117987 2.3785094242417752 432
1694728118323 2.3783450803459756 433
1694728118649 2.3781840978070554 434
1694728119196 2.378026402098207 435
1694728119498 2.3778719203985905 436
1694728119879 2.377720581553598 437
1694728120305 2.3775723160360522 438
1694728120740 2.377427055908321 439
1694728121123 2.377284734785314 440
1694728121522 2.3771452877983577 441
1694728121876 2.377008651559913 442
1694728122206 2.376874764129126 443
1694728122568 2.3767435649781836 444
1694728122933 2.376614994959462 445
1694728123255 2.3764889962734457 446
1694728123630 2.3763655124374026 447
1694728124070 2.3762444882547866 448
1694728124422 2.3761258697853704 449
1694728124844 2.376009604316067 450
1694728125226 2.3758956403324434 451
1694728125506 2.3757839274909047 452
1694728125886 2.375674416591519 453
1694728126482 2.375567059551497 454
1694728127089 2.375461809379276 455
1694728127514 2.375358620149228 456
1694728127896 2.3752574469769447 457
1694728128309 2.3751582459951175 458
1694728128762 2.375060974329972 459
1694728129170 2.374965590078259 460
1694728129488 2.3748720522847826 461
1694728129884 2.3747803209204603 462
1694728130247 2.3746903568608904 463
1694728130643 2.3746021218654234 464
1694728131100 2.3745155785567285 465
1694728131467 2.3744306904008288 466
1694728131829 2.3743474216876157 467
1694728132170 2.374265737511809 468
1694728132543 2.3741856037543685 469
1694728132898 2.3741069870643403 470
1694728133312 2.3740298548411256 471
1694728133625 2.373954175217166 472
1694728133959 2.373879917041032 473
1694728134351 2.3738070498609116 474
1694728134739 2.373735543908478 475
1694728135104 2.3736653700831396 476
1694728135487 2.3735964999366574 477
1694728135887 2.3735289056581204 478
1694728136227 2.373462560059274 479
1694728136538 2.373397436560187 480
1694728136895 2.373333509175261 481
1694728137305 2.373270752499559 482
1694728137587 2.373209141695456 483
1694728137989 2.3731486524796015 484
1694728138349 2.3730892611101897 485
1694728138633 2.373030944374518 486
1694728139028 2.3729736795768446 487
1694728139440 2.3729174445265238 488
1694728139793 2.3728622175264222 489
1694728140189 2.372807977361601 490
1694728140546 2.372754703288264 491
1694728140839 2.3727023750229654 492
1694728141150 2.372650972732062 493
1694728141523 2.372600477021422 494
1694728141917 2.3725508689263637 495
1694728142299 2.372502129901832 496
1694728142771 2.3724542418128047 497
1694728143143 2.3724071869249244 498
1694728143521 2.3723609478953405 499
