1694730830894 1.8481668200173822 0
1694730831675 2.3035206722129336 1
1694730831867 2.0906051354804283 2
1694730832024 1.841764630978105 3
1694730832192 2.5177714855760525 4
1694730832359 1.86960189998652 5
1694730832568 2.1821200230036606 6
1694730832833 2.524693804952171 7
1694730833018 1.565988277627892 8
1694730833191 2.9476758571174813 9
1694730833407 1.8068105160884784 10
1694730833711 1.68862556452442 11
1694730833974 2.434412927321351 12
1694730834131 2.707725743932001 13
1694730834335 2.091419353281939 14
1694730834584 1.7317393277656457 15
1694730834798 1.7089419087058044 16
1694730835031 3.925413386619997 17
1694730835324 2.13853120919947 18
1694730835558 2.5352422553219505 19
1694730835774 2.293434663734693 20
1694730835985 2.3281872474318646 21
1694730836221 2.6348044894064913 22
1694730836477 1.9534978734133048 23
1694730836712 3.2442086137614417 24
1694730836936 2.338271835719543 25
1694730837129 1.540865354235958 26
1694730837498 2.7195722898458983 27
1694730837734 2.0442134060136645 28
1694730837973 2.385404153998329 29
1694730838171 1.777834025751875 30
1694730838392 2.696518541161486 31
1694730838646 3.567337836923386 32
1694730838880 1.8154557213693945 33
1694730839043 2.442740279100367 34
1694730839317 2.6028770720798096 35
1694730839643 2.272904670048056 36
1694730839857 1.3247979643453356 37
1694730840066 1.7280440078586128 38
1694730840346 1.2866202610447 39
1694730840689 2.918420354757681 40
1694730841010 3.0254204430563196 41
1694730841314 2.507378378620237 42
1694730841560 1.2362925952760466 43
1694730841776 1.6709271208722758 44
1694730841963 1.2755356430182698 45
1694730842107 1.659864378161112 46
1694730842259 2.856278091436956 47
1694730842451 2.670114719782243 48
1694730842689 1.6146163075866553 49
1694730842962 2.036053646354926 50
1694730843168 1.0682537085564643 51
1694730843430 1.9019927426254648 52
1694730843688 1.4456844128510113 53
1694730843910 2.090622463804586 54
1694730844098 2.643132948853566 55
1694730844332 2.3520625405946114 56
1694730844610 1.894877258326748 57
1694730844856 2.1970293504076106 58
1694730845073 1.7947895287542195 59
1694730845321 2.4594703639239905 60
1694730845584 2.1603578220696957 61
1694730845797 1.9656735331813546 62
1694730846052 1.7270239437067632 63
1694730846296 2.5999122543235798 64
1694730846546 1.986537923412672 65
1694730846770 2.3004375935811847 66
1694730846971 2.704941271966731 67
1694730847176 2.5359354421772564 68
1694730847452 1.8118178511062428 69
1694730847719 1.6819303344089447 70
1694730847938 1.4446339724050212 71
1694730848133 2.864627635624945 72
1694730848306 2.6622480088024756 73
1694730848495 2.0400107887691257 74
1694730848752 1.9598758282873112 75
1694730848981 1.8652853919093868 76
1694730849175 1.7976041440305266 77
1694730849478 1.9274706792079577 78
1694730849774 2.9766839523032083 79
1694730850003 3.699208341063405 80
1694730850170 1.8213209386267923 81
1694730850329 2.4539686120122606 82
1694730850552 1.7479560749998166 83
1694730850778 2.2204050501628987 84
1694730851050 1.6230182717635209 85
1694730851181 1.5871893183026469 86
1694730851385 3.2545141220579272 87
1694730851640 2.394554949949631 88
1694730851890 2.336398838770652 89
1694730852113 2.633779165550497 90
1694730852352 2.01402184071812 91
1694730852618 1.3688884590127337 92
1694730852854 3.0103215258246894 93
1694730853084 2.9958478282538237 94
1694730853314 2.0626336315599882 95
1694730853574 2.2259255510073186 96
1694730853816 2.462485990899556 97
1694730854051 1.3533817823471173 98
1694730854329 1.3948332440747861 99
1694730854581 1.7210256281676781 100
1694730854816 2.0979356917919234 101
1694730855047 1.8230546074597946 102
1694730855251 1.994576425613477 103
1694730855485 1.501789091091327 104
1694730855730 1.752776971707149 105
1694730855971 2.3462392005517816 106
1694730856185 2.066640677424293 107
1694730856465 3.5334158978257135 108
1694730856694 1.961967349917786 109
1694730856934 1.8588707545488756 110
1694730857166 2.469444325821718 111
1694730857439 1.6300674554126295 112
1694730857777 1.9762286320912956 113
1694730858007 1.6555200768478509 114
1694730858200 1.5226828431383488 115
1694730858399 1.6629756787103827 116
1694730858670 2.6223733401176683 117
1694730858863 1.8125501028781794 118
1694730859071 3.248226585891235 119
1694730859244 2.3439970225561786 120
1694730859578 2.021855239106001 121
1694730859778 1.8023447391727336 122
1694730859985 1.9424522801599213 123
1694730860206 2.3060159564940395 124
1694730860376 1.8335712700774354 125
1694730860614 3.910265286544528 126
1694730860874 2.013073008949411 127
1694730861077 2.628319754342066 128
1694730861315 1.2906790330683668 129
1694730861567 1.922421587993653 130
1694730861849 2.041594065628161 131
1694730862069 1.6503833905287522 132
