1694718569653 20.112017655355594 0
1694718569932 3.1450121550301526 1
1694718570149 2.2919787011811437 2
1694718570314 2.5175515664729744 3
1694718570600 2.4678156213576194 4
1694718570831 3.441824765902629 5
1694718570970 2.818030322539062 6
1694718571264 1.4946707441365041 7
1694718571453 3.1206120876138814 8
1694718571701 2.7334917306838658 9
1694718571920 2.1012483550979426 10
1694718572087 3.0731029023910157 11
1694718572274 2.3675001203267243 12
1694718572445 2.5175500213740944 13
1694718572702 2.8129089223186226 14
1694718572913 3.195803980581705 15
1694718573040 2.6076569339769713 16
1694718573237 1.7465393578976118 17
1694718573495 2.3969283980511524 18
1694718573759 2.396490055993859 19
1694718573955 2.706282967457455 20
1694718574135 1.8555903933476885 21
1694718574394 2.634030417588733 22
1694718574623 2.5468907473490763 23
1694718574883 1.8736876337119874 24
1694718575118 2.9035657093807385 25
1694718575354 1.6597851238579924 26
1694718575728 2.1260302137013047 27
1694718575984 2.2552158853402475 28
1694718576199 2.4183440365702653 29
1694718576453 2.3377088407774367 30
1694718576715 2.536530944552103 31
1694718576932 2.7116129553073356 32
1694718577177 2.5088009647481546 33
1694718577485 2.232379037438722 34
1694718577772 2.3100846090378755 35
1694718577996 1.9553732056260376 36
1694718578270 1.498170744422423 37
1694718578521 2.3081840151123356 38
1694718578786 2.9703053285598853 39
1694718578995 1.8937254726149197 40
1694718579194 2.2465798450650403 41
1694718579543 2.7767365202191927 42
1694718579796 2.9016175506861597 43
1694718580006 1.1099960535830753 44
1694718580173 1.7744138658975828 45
1694718580434 1.5374565641721876 46
1694718580694 1.6896533169090586 47
1694718580949 2.240224538478766 48
1694718581230 3.25307439640086 49
1694718581496 1.745653404559253 50
1694718581787 1.9880167320475475 51
1694718582029 1.9615418719989082 52
1694718582195 2.6293697831848797 53
1694718582425 3.2381621743802382 54
1694718582666 2.5318468104777483 55
1694718582964 2.3557081523401293 56
1694718583170 2.1547066647118047 57
1694718583421 2.58477909872811 58
1694718583678 3.3464351812572684 59
1694718583938 2.927572914929812 60
1694718584161 2.1151621545039005 61
1694718584349 2.525971100136637 62
1694718584549 3.5707179365977684 63
1694718584725 3.206746455611949 64
1694718584977 2.5876873253012707 65
1694718585145 1.5824720709885571 66
1694718585328 1.9210630904634642 67
1694718585602 2.2826297603507175 68
1694718585843 1.9897607470737266 69
1694718586026 2.5491121843085414 70
1694718586220 2.525896371639049 71
1694718586508 1.9153365814291496 72
1694718586768 1.739655610557669 73
1694718586986 2.155565152338462 74
1694718587199 1.9468534544421583 75
1694718587454 1.8629045373095054 76
1694718587727 1.096122616754652 77
1694718587952 1.6917761878443347 78
1694718588103 2.093270356174733 79
1694718588267 2.796720591646565 80
1694718588480 2.4276851608325836 81
1694718588729 2.929448433908934 82
1694718589024 3.2755692648151715 83
1694718589318 1.9274262782026093 84
1694718589618 3.1367149669668213 85
1694718589879 2.282156284966523 86
1694718590080 2.276715462702296 87
1694718590291 2.108675662308554 88
1694718590498 2.542877772268052 89
1694718590747 2.237539141081738 90
1694718591049 2.0282259614642144 91
1694718591326 2.887278636075174 92
1694718591641 1.9947121495458855 93
1694718591952 1.7980204609364534 94
1694718592188 2.6563560898729692 95
1694718592463 2.0043888735707087 96
1694718592736 2.3485864727788455 97
1694718593065 3.0247535345130987 98
1694718593534 2.1791059144919336 99
1694718593818 2.4044097985284214 100
1694718594060 2.7381356084286326 101
1694718594416 3.0728215069160463 102
1694718594691 2.048050932984593 103
1694718595008 2.166885549039422 104
1694718595245 1.3827211120509386 105
1694718595556 1.9658831802769936 106
1694718595829 1.5370853849627555 107
1694718596008 2.5085238560950054 108
1694718596340 1.6139106669826122 109
1694718596665 4.178456127431525 110
1694718596910 1.5504079610933983 111
1694718597084 1.9272782633424193 112
1694718597231 2.354034913316205 113
1694718597498 1.9494835045088927 114
1694718597855 1.991244621712054 115
1694718598170 1.036890595426322 116
1694718598548 1.1884284295185552 117
1694718598908 2.669745645507269 118
1694718599393 1.5859912374962952 119
1694718599814 1.6942152131079067 120
1694718600135 3.056111990939242 121
1694718600386 3.190082605515875 122
1694718600630 2.7335343157059016 123
1694718600931 4.508104796273266 124
1694718601246 2.0238092623361554 125
1694718601504 2.3525879665983034 126
1694718601718 2.6142421099708946 127
1694718601976 2.5496112359236305 128
1694718602338 2.7740190899832826 129
1694718602820 2.634670148266405 130
1694718603086 1.7498089143639628 131
1694718603375 2.6621257747037874 132
1694718603731 2.1457707222701514 133
1694718604051 2.127173009521457 134
1694718604367 1.4652008416668354 135
1694718604786 1.8936382859567487 136
1694718605111 1.5824692054969647 137
1694718605326 1.8432056442313522 138
1694718605676 2.2119795463114427 139
1694718606081 3.0718335001399475 140
1694718606340 1.8885756005956875 141
1694718606577 1.5274275981570384 142
1694718606838 1.617634098860277 143
1694718607112 2.2499892298837985 144
1694718607299 2.3469472682153256 145
1694718607564 2.592320004739349 146
1694718607826 1.3397467400723517 147
1694718608034 1.917096733966459 148
1694718608230 3.1301913090777544 149
1694718608474 2.1617698081813534 150
1694718608692 2.6764512212638403 151
1694718609031 2.5936002335785093 152
1694718609347 2.628852261725948 153
1694718609631 2.5773586720336024 154
1694718609861 1.4249663383042757 155
1694718610152 3.9443033389412148 156
1694718610377 1.6929653791420445 157
1694718610611 2.563427234046118 158
1694718610877 2.814241613334203 159
1694718611232 2.754707453113556 160
1694718611440 2.302663446604691 161
1694718611723 2.3603162049894646 162
1694718611984 1.6142361382955086 163
1694718612247 1.4942554765067457 164
1694718612451 1.8661934401764657 165
1694718612679 1.8330596710695763 166
1694718612919 2.2792487952819243 167
1694718613145 1.2954659312858976 168
1694718613347 3.1530281154122806 169
1694718613599 1.8650903863189416 170
1694718613888 2.7076554832510205 171
1694718614149 1.856771502949837 172
1694718614400 1.7579436015002625 173
1694718614648 2.112217930610187 174
1694718614906 2.063521030499231 175
1694718615172 1.4022596401620377 176
1694718615361 1.0364790370454657 177
1694718615609 1.3996516700912283 178
1694718615821 2.3226760276686824 179
1694718616230 2.393593482497534 180
1694718616417 1.859241188729848 181
1694718616688 1.5020846462317239 182
1694718616933 1.9640062514636012 183
1694718617198 1.1739005698016323 184
1694718617371 2.8367775750788247 185
1694718617581 1.9369868474699 186
1694718617841 1.4303273576223519 187
1694718618088 2.4954432179215478 188
1694718618309 2.8670464513308866 189
1694718618523 1.9458810924556755 190
1694718618800 2.8735288855964733 191
1694718619059 2.2253166227471066 192
1694718619293 2.13116954404793 193
1694718619549 3.022116734280916 194
1694718619809 2.2437743780611634 195
1694718620093 2.1114655794966435 196
1694718620323 2.0798091158661505 197
1694718620616 2.4869758660243915 198
1694718620898 1.7316679071546524 199
1694718621211 2.8555066260111266 200
1694718621405 2.167847530314416 201
1694718621648 1.1886291411146819 202
1694718621899 2.3358396514763413 203
1694718622152 2.6864242061020014 204
1694718622353 3.1064059849361443 205
1694718622591 2.5930684581895695 206
1694718622899 2.37078497141476 207
1694718623192 3.5385356547941633 208
1694718623405 2.4878162758202067 209
1694718623597 2.1708566303383328 210
1694718623777 2.8134023256237812 211
1694718623957 1.4632677321224294 212
1694718624216 1.9232868326059647 213
1694718624430 2.156424015088487 214
1694718624659 2.8994232930650585 215
1694718624909 2.0774071563657888 216
1694718625209 2.3058534098227126 217
1694718625398 3.4390048960211197 218
1694718625581 2.189830724731126 219
1694718625820 2.74484975742763 220
1694718626196 2.038228972744319 221
1694718626492 2.772696968596373 222
1694718626843 1.715432231622408 223
1694718627114 3.5011640362094814 224
1694718627406 1.4817514945793568 225
1694718627675 3.0004048818943936 226
1694718627941 1.9587814142140285 227
1694718628161 2.0127729362183677 228
1694718628497 2.729020032532908 229
1694718628764 2.2829266687049383 230
1694718629117 2.767757208508124 231
1694718629444 2.1627754156212537 232
1694718629938 2.804579197460196 233
1694718630361 1.924036878408602 234
1694718630664 1.9178969479752708 235
1694718630998 1.9613438933340208 236
1694718631332 3.427648896511045 237
1694718631554 2.627238970190226 238
1694718631807 1.7595713694146446 239
1694718632018 2.0230081712087253 240
1694718632295 1.9755827659488328 241
1694718632603 2.8465864326968946 242
1694718632894 3.0063561243264356 243
1694718633154 2.5733364061094544 244
1694718633421 2.762643599910186 245
1694718633636 2.959582768537749 246
1694718633901 2.804625210349331 247
1694718634162 2.5269490761678783 248
1694718634422 1.721531679087656 249
1694718634702 1.2963232806099079 250
1694718634976 1.2040240362243895 251
1694718635257 2.4068063084764524 252
1694718635507 1.8890816854966812 253
1694718635776 3.1100695888470833 254
1694718636077 2.496736201130589 255
1694718636328 2.4358031349738805 256
1694718636538 2.0220591442876956 257
1694718636785 2.870200174460058 258
1694718637108 2.0123834506967 259
1694718637427 1.7241273569007254 260
1694718637644 2.648384473961969 261
1694718637917 2.375592640210218 262
1694718638209 2.6892333038336043 263
1694718638507 3.2499792618480643 264
1694718638781 2.8355694146725856 265
1694718639060 1.7170165856044175 266
1694718639554 1.8707180366783376 267
1694718639905 1.9470345476921571 268
1694718640201 2.079000310937223 269
1694718640505 3.0758620676447523 270
1694718640766 2.1108426168260315 271
1694718640982 1.927160516972332 272
1694718641363 2.816245908630446 273
1694718641783 2.32220171526916 274
1694718642041 3.013581267002996 275
1694718642354 1.94220119020377 276
1694718642610 1.3172636776414712 277
1694718642902 2.7788143966262373 278
1694718643139 2.4366475196578046 279
1694718643398 2.322925732967932 280
1694718643613 2.815605226106179 281
1694718643992 2.992576964391819 282
1694718644334 1.3129920857161608 283
1694718644679 2.321221273770431 284
1694718644978 3.19673991859913 285
1694718645195 1.586092103829002 286
1694718645428 3.5360501337447205 287
1694718645602 2.088933338861741 288
1694718645747 2.726449987249983 289
1694718645976 2.147576798494244 290
1694718646250 2.655645958868021 291
1694718646500 3.3887568261673455 292
1694718646683 2.097529443739948 293
1694718646885 1.852397979277295 294
1694718647134 1.350391574677436 295
1694718647408 2.1230717129247902 296
1694718647599 2.402221978293859 297
1694718647782 2.5522066033241 298
1694718647989 1.9371366912967696 299
1694718648309 2.39497926508642 300
1694718648619 2.142493274914387 301
1694718648848 2.2279859662160106 302
1694718649147 1.2958120006621046 303
1694718649499 2.0308458970419263 304
1694718649822 1.9055014225740463 305
1694718650005 2.170444318877038 306
1694718650309 2.1783951293380146 307
1694718650572 2.9904629638609777 308
1694718650856 1.9599986466338215 309
1694718651132 2.200808388646831 310
1694718651500 1.3882397819805612 311
1694718651773 1.8286373559527411 312
1694718652087 2.1619921812277707 313
1694718652359 2.3692947080420077 314
1694718652639 2.614595057050415 315
1694718652885 1.2868345957712486 316
1694718653249 1.4680186151327264 317
1694718653527 2.2078606158643566 318
1694718653855 1.9969256221081837 319
1694718654107 2.095931347277861 320
1694718654421 1.8022949705320128 321
1694718654643 1.8779861350561948 322
1694718654995 2.266939295447721 323
1694718655362 2.5829878687540933 324
1694718655695 2.4257632337687833 325
1694718655937 2.229645380314439 326
1694718656181 1.6937759400300478 327
1694718656529 1.1039872199292982 328
1694718656786 3.0293141561642787 329
1694718657015 2.4546859685379574 330
1694718657334 2.3728990762503863 331
1694718657795 1.6615198761579963 332
1694718658108 1.3436236762818599 333
1694718658369 2.3335714957669738 334
1694718658627 2.585617123667048 335
1694718658845 2.678284703004063 336
1694718659011 1.8167493373945764 337
1694718659338 1.606294367357318 338
1694718659732 2.008783804708358 339
1694718659993 2.6130753568107097 340
1694718660214 2.483506437555327 341
1694718660517 2.135049729277136 342
1694718660757 2.242765130535059 343
1694718660934 1.6976367168546946 344
1694718661252 1.513504422616143 345
1694718661492 1.5600429728276952 346
1694718661748 1.7629065935568304 347
1694718662014 2.317646788626053 348
1694718662265 1.6627443235977704 349
1694718662515 2.034535754894162 350
1694718662796 1.7922106822945127 351
1694718663072 2.271261761540348 352
1694718663337 1.6230126918890564 353
1694718663610 2.3024331707471224 354
1694718663833 1.4118420474053417 355
1694718664090 1.9418740397354253 356
1694718664342 2.2116036102825936 357
1694718664549 1.8259594030957023 358
1694718664780 2.4090319027798106 359
1694718665125 1.443325625349518 360
1694718665379 2.8324799020303923 361
1694718665591 3.1386528490612684 362
1694718665783 1.3198214916926372 363
1694718666012 2.764651564516182 364
1694718666459 1.7599026172282077 365
1694718666801 1.385757911446162 366
1694718667117 1.359501619454652 367
1694718667441 1.8654395913931419 368
1694718667704 1.9138298334442272 369
1694718667953 2.3949033315673325 370
1694718668325 2.9907103836746995 371
1694718668621 2.493498660450792 372
1694718668868 2.3594868806749907 373
1694718669070 3.12215752899988 374
1694718669323 2.1251850806019132 375
1694718669719 2.1129934305332543 376
1694718670067 2.124897634752088 377
1694718670358 1.4997500220273035 378
1694718670668 2.048953998136533 379
1694718670916 1.9793950062997347 380
1694718671324 2.089531474673688 381
1694718671738 1.8144382567592978 382
1694718672096 2.9675307208253763 383
1694718672414 1.730588081886836 384
1694718672752 2.7313291523194945 385
1694718673035 2.3920226453812714 386
1694718673308 1.5521765681446045 387
1694718673609 1.2647935911443884 388
1694718673897 2.7105320434856477 389
1694718674182 1.8018771287612625 390
1694718674450 3.010400260827671 391
1694718674722 2.3033987560890026 392
1694718675085 2.6208899275389568 393
1694718675424 1.481401786516712 394
1694718675768 3.0277882883888387 395
1694718676086 1.6819997803259505 396
1694718676487 3.051458774212333 397
1694718676814 3.296601415926816 398
1694718677035 2.7250597553037386 399
1694718677301 2.261697994583919 400
1694718677520 2.903640679428529 401
1694718677812 1.403278144971559 402
1694718678092 2.6408781021337955 403
1694718678365 2.390597178944207 404
1694718678635 3.3407012604187156 405
1694718678888 2.5944988154075337 406
1694718679107 2.7682765514866614 407
1694718679372 1.3707424265124795 408
1694718679675 3.787348978665831 409
1694718679926 1.8876124238499679 410
1694718680192 1.515465435699603 411
1694718680479 2.25951480656961 412
1694718680766 3.423365950706561 413
1694718680983 3.1811043262966057 414
1694718681306 1.720774235907716 415
1694718681666 2.3138340320186077 416
1694718681903 1.9540468335477081 417
1694718682132 1.991863068552245 418
1694718682389 1.9589503301595146 419
1694718682633 1.7186502019807959 420
1694718682889 2.2806106376952036 421
1694718683143 2.6749032093178586 422
1694718683353 2.506381577001802 423
1694718683572 2.268733186050414 424
1694718683871 2.4963777595762493 425
1694718684075 2.1658139040718725 426
1694718684327 1.7234753251507593 427
1694718684527 2.0193475595351518 428
1694718684745 2.8984596107926444 429
1694718684939 2.846988970386316 430
1694718685101 2.791848810357881 431
1694718685323 2.8372106815833207 432
1694718685569 2.49786636829622 433
1694718685836 1.0644771203662107 434
1694718686060 1.042079530081199 435
1694718686305 2.2220597434395493 436
1694718686550 2.015320450922512 437
1694718686782 1.7452508604519201 438
1694718686962 2.3749898784564896 439
1694718687158 3.2048198497791964 440
1694718687385 1.670975327107226 441
1694718687559 2.04168715406197 442
1694718687794 2.0982003086535728 443
1694718688006 3.0949076806479883 444
1694718688217 2.508639009968699 445
1694718688412 1.8395815065374344 446
1694718688576 2.2257304597683842 447
1694718688773 1.9304570988166738 448
1694718688959 1.478413890055462 449
1694718689209 2.4758915707867635 450
1694718689486 2.421782377027275 451
1694718689735 1.9453436704480744 452
1694718689970 2.1742780191661395 453
1694718690179 2.119402903610486 454
1694718690438 1.8930200844671232 455
1694718690718 1.9641193382497004 456
1694718690954 2.3597822324543807 457
1694718691138 2.8108251444153662 458
1694718691371 1.6266731722392487 459
1694718691673 1.9583405481409948 460
1694718691918 2.1019040990289635 461
1694718692116 3.7037550032335878 462
1694718692345 2.5123522194957926 463
1694718692544 1.6174397201467525 464
1694718692806 1.1914477678396613 465
1694718693016 2.0543523156009664 466
1694718693229 1.8749370071703746 467
1694718693485 2.9058035250018506 468
1694718693687 2.120673592516149 469
1694718693895 3.418019378996147 470
1694718694056 2.277792222930288 471
1694718694198 2.1322351196885863 472
1694718694428 1.7560231017488797 473
1694718694632 2.621576283919573 474
1694718694844 2.1017210640927333 475
1694718695097 1.516503961026339 476
1694718695296 3.0568198355662575 477
1694718695607 2.08337892085976 478
1694718695863 2.8743022648410412 479
1694718696065 2.1884066100976303 480
1694718696260 2.590538705491428 481
1694718696488 1.784587793843983 482
1694718696730 1.8236790509485625 483
1694718696971 1.2257275114067907 484
1694718697119 2.6982070637048134 485
1694718697375 1.9981287275433608 486
1694718697637 1.6121899710384253 487
1694718697898 1.7367023735401783 488
1694718698097 3.1407721700444804 489
1694718698357 2.152992771711459 490
1694718698589 2.567436498944818 491
1694718698787 1.5774631019144665 492
1694718699013 2.519629454689799 493
1694718699186 1.6828430446780034 494
1694718699440 1.88197593341398 495
1694718699778 2.082769076920164 496
1694718700024 2.7994172785373377 497
1694718700188 1.7808199091429773 498
1694718700391 3.3095582199564566 499
