1694745020684 171.9128802508133 0
1694745020999 167.99411830163996 1
1694745021305 166.0527181368334 2
1694745021627 164.11998325245557 3
1694745021995 162.21016251035985 4
1694745022352 160.3228996451667 5
1694745022728 158.4579286660736 6
1694745023039 156.61498621196307 7
1694745023346 154.79381203645187 8
1694745023666 152.9941489680112 9
1694745023981 151.21574287365297 10
1694745024345 149.45834262302685 11
1694745024652 147.72170005294166 12
1694745024977 146.00556993230606 13
1694745025294 144.30970992748334 14
1694745025602 142.6338805680555 15
1694745025970 140.97784521299243 16
1694745026280 139.34137001721996 17
1694745026660 137.7242238985838 18
1694745027052 136.12617850520306 19
1694745027357 134.5470081832104 20
1694745027698 132.98648994487246 21
1694745028039 131.44440343708757 22
1694745028378 129.92053091025562 23
1694745028728 128.4146571875155 24
1694745029060 126.92656963434628 25
1694745029496 125.4560581285276 26
1694745029870 124.0029150304548 27
1694745030269 122.56693515380499 28
1694745030685 121.14791573654968 29
1694745031077 119.74565641230986 30
1694745031413 118.3599591820497 31
1694745031764 116.99062838610466 32
1694745032097 115.63747067653993 33
1694745032422 114.30029498983573 34
1694745032743 112.97891251989546 35
1694745033077 111.67313669137226 36
1694745033441 110.38278313331138 37
1694745033803 109.10766965310351 38
1694745034123 107.8476162107463 39
1694745034443 106.60244489340947 40
1694745034722 105.37197989030109 41
1694745035054 104.15604746783032 42
1694745035366 102.95447594506386 43
1694745035692 101.76709566947247 44
1694745036025 100.59373899296392 45
1694745036380 99.43424024819916 46
1694745036681 98.28843572518848 47
1694745037030 97.15616364816393 48
1694745037345 96.0372641527254 49
1694745037659 94.93157926325644 50
1694745038045 93.83895287060695 51
1694745038398 92.75923071003983 52
1694745038687 91.69226033943788 53
1694745038948 90.63789111776846 54
1694745039318 89.5959741838025 55
1694745039653 88.5663624350849 56
1694745039945 87.54891050715365 57
1694745040318 86.54347475300419 58
1694745040725 85.54991322279673 59
1694745041015 84.56808564380307 60
1694745041339 83.5978534005906 61
1694745041673 82.63907951544017 62
1694745041985 81.69162862899573 63
1694745042366 80.75536698114229 64
1694745042754 79.83016239210991 65
1694745043074 78.91588424380105 66
1694745043403 78.01240346133837 67
1694745043778 77.11959249483093 68
1694745044103 76.23732530135533 69
1694745044377 75.36547732715019 70
1694745044702 74.50392549002083 71
1694745045112 73.65254816195184 72
1694745045432 72.81122515192514 73
1694745045767 71.97983768894119 74
1694745046090 71.1582684052405 75
1694745046398 70.34640131972374 76
1694745046707 69.54412182156753 77
1694745046975 68.75131665403397 78
1694745047344 67.96787389847138 79
1694745047688 67.19368295850403 80
1694745048003 66.42863454440891 81
1694745048346 65.67262065767692 82
1694745048693 64.92553457575643 83
1694745048959 64.18727083697736 84
1694745049287 63.457725225653135 85
1694745049722 62.73679475735883 86
1694745050020 62.02437766438321 87
1694745050316 61.320373381352624 88
1694745050723 60.62468253102497 89
1694745051019 59.9372069102512 90
1694745051364 59.25784947610296 91
1694745051749 58.586514332164064 92
1694745052099 57.92310671498388 93
1694745052486 57.267532980690916 94
1694745052844 56.619700591764435 95
1694745053210 55.9795181039625 96
1694745053552 55.346895153404404 97
1694745053896 54.72174244380573 98
1694745054256 54.10397173386428 99
1694745054533 53.49349582479499 100
1694745054848 52.89022854801229 101
1694745055150 52.294084752957744 102
1694745055454 51.70498029507173 103
1694745055762 51.122832023907215 104
1694745056103 50.54755777138393 105
1694745056511 49.979076340181265 106
1694745056836 49.41730749226845 107
1694745057128 48.862171937570245 108
1694745057486 48.31359132276641 109
1694745057848 47.77148822022372 110
1694745058174 47.23578611705861 111
1694745058511 46.706409404329136 112
1694745058842 46.183283366354516 113
1694745059108 45.666334170161136 114
1694745059390 45.15548885505292 115
1694745059742 44.650675322305204 116
1694745060036 44.151822324980245 117
1694745060409 43.658859457863095 118
1694745060757 43.171717147516496 119
1694745061046 42.6903266424531 120
1694745061422 42.214620003423946 121
1694745061769 41.744530093821616 122
1694745062096 41.27999057019688 123
1694745062480 40.820935872887276 124
1694745062812 40.36730121675649 125
1694745063122 39.91902258204315 126
1694745063546 39.47603670531778 127
1694745063871 39.038281070546525 128
1694745064185 38.60569390026049 129
1694745064504 38.17821414682951 130
1694745064871 37.755781483838916 131
1694745065148 37.33833629756822 132
1694745065513 36.92581967857052 133
1694745065937 36.518173413351406 134
1694745066270 36.11533997614612 135
1694745066658 35.717262520793916 136
1694745066964 35.32388487270845 137
1694745067285 34.93515152094305 138
1694745067624 34.55100761034968 139
1694745067947 34.17139893383058 140
1694745068317 33.79627192468152 141
1694745068655 33.425573649025424 142
1694745068958 33.05925179833548 143
1694745069334 32.69725468204657 144
1694745069771 32.33953122025392 145
1694745070059 31.986030936498203 146
1694745070550 31.636703950635688 147
1694745070885 31.291500971792782 148
1694745071128 30.95037329140375 149
1694745071410 30.613272776330692 150
1694745071758 30.280151862064873 151
1694745072079 29.950963546008335 152
1694745072467 29.6256613808349 153
1694745072895 29.30419946792959 154
1694745073231 28.98653245090565 155
1694745073595 28.672615509198106 156
1694745073939 28.362404351732973 157
1694745074223 28.05585521067141 158
1694745074559 27.752924835227628 159
1694745074911 27.453570485559982 160
1694745075255 27.15774992673416 161
1694745075613 26.86542142275772 162
1694745075954 26.576543730685117 163
1694745076273 26.29107609479239 164
1694745076609 26.008978240820692 165
1694745076952 25.73021037028778 166
1694745077306 25.454733154866776 167
1694745077638 25.182507730831325 168
1694745077987 24.913495693566414 169
1694745078301 24.64765909214398 170
1694745078663 24.38496042396267 171
1694745078974 24.125362629450944 172
1694745079309 23.868829086832694 173
1694745079821 23.61532360695481 174
1694745080126 23.36481042817579 175
1694745080438 23.117254211314744 176
1694745080827 22.87262003466011 177
1694745081118 22.630873389037344 178
1694745081439 22.391980172934876 179
1694745081836 22.15590668768764 180
1694745082174 21.922619632717538 181
1694745082523 21.692086100830128 182
1694745082876 21.464273573566913 183
1694745083274 21.2391499166125 184
1694745083658 21.01668337525607 185
1694745084052 20.796842569906396 186
1694745084410 20.579596491659988 187
1694745084771 20.36491449792148 188
1694745085085 20.15276630807579 189
1694745085403 19.94312199921148 190
1694745085739 19.73595200189459 191
1694745086044 19.53122709599236 192
1694745086359 19.328918406546464 193
1694745086740 19.128997399694804 194
1694745087088 18.931435878641604 195
1694745087358 18.736205979675102 196
1694745087715 18.543280168232315 197
1694745088065 18.352631235010215 198
1694745088356 18.164232292122975 199
1694745088735 17.978056769304526 200
1694745089085 17.794078410156015 201
1694745089348 17.61227126843761 202
1694745089647 17.432609704404115 203
1694745090021 17.25506838118384 204
1694745090289 17.07962226120035 205
1694745090700 16.906246602636386 206
1694745091111 16.73491695593963 207
1694745091415 16.565609160369775 208
1694745091776 16.398299340586288 209
1694745092126 16.232963903276644 210
1694745092515 16.069579533824257 211
1694745092867 15.908123193015856 212
1694745093235 15.748572113787773 213
1694745093627 15.590903798010622 214
1694745093982 15.435096013311984 215
1694745094320 15.281126789936714 216
1694745094646 15.128974417644212 217
1694745094986 14.978617442642447 218
1694745095234 14.83003466455817 219
1694745095629 14.683205133442929 220
1694745095970 14.5381081468145 221
1694745096251 14.394723246733186 222
1694745096567 14.253030216912771 223
1694745096905 14.1130090798655 224
1694745097230 13.97464009408087 225
1694745097568 13.837903751237725 226
1694745097964 13.702780773449303 227
1694745098357 13.569252110540805 228
1694745098664 13.437298937359168 229
1694745098985 13.306902651114612 230
1694745099311 13.17804486875357 231
1694745099658 13.050707424362688 232
1694745100049 12.924872366603497 233
1694745100354 12.800521956177379 234
1694745100705 12.6776386633205 235
1694745101033 12.556205165328336 236
1694745101318 12.43620434410945 237
1694745101652 12.317619283768146 238
1694745102028 12.200433268215718 239
1694745102359 12.084629778809932 240
1694745102737 11.970192492022342 241
1694745103105 11.85710527713323 242
1694745103443 11.745352193953737 243
1694745103823 11.63491749057494 244
1694745104182 11.525785601143488 245
1694745104508 11.417941143663551 246
1694745104844 11.31136891782474 247
1694745105099 11.206053902855647 248
1694745105430 11.101981255402805 249
1694745105745 10.999136307434664 250
1694745106125 10.897504564170372 251
1694745106457 10.797071702032971 252
1694745106833 10.697823566626836 253
1694745107245 10.59974617073897 254
1694745107523 10.502825692363938 255
1694745107854 10.407048472752129 256
1694745108173 10.312401014481068 257
1694745108448 10.218869979549533 258
1694745108790 10.126442187494156 259
1694745109115 10.035104613528345 260
1694745109396 9.944844386703116 261
1694745109778 9.855648788089708 262
1694745110106 9.76750524898365 263
1694745110394 9.68040134913004 264
1694745110788 9.594324814969829 265
1694745111123 9.50926351790676 266
1694745111450 9.425205472594863 267
1694745111826 9.342138835246116 268
1694745112117 9.260051901958139 269
1694745112427 9.17893310706163 270
1694745112714 9.09877102148733 271
1694745113129 9.019554351152287 272
1694745113439 8.941271935365195 273
1694745113779 8.863912745250532 274
1694745114188 8.787465882191364 275
1694745114513 8.711920576290556 276
1694745114866 8.637266184850075 277
1694745115219 8.563492190868383 278
1694745115528 8.490588201555484 279
1694745115821 8.418543946865576 280
1694745116120 8.347349278047005 281
1694745116500 8.276994166209382 282
1694745116814 8.207468700907585 283
1694745117090 8.138763088742532 284
1694745117401 8.070867651978482 285
1694745117724 8.003772827176647 286
1694745118028 7.937469163844957 287
1694745118340 7.871947323103809 288
1694745118661 7.807198076367521 289
1694745119032 7.743212304041418 290
1694745119370 7.679980994234304 291
1694745119669 7.617495241486088 292
1694745120026 7.555746245510543 293
1694745120393 7.494725309952826 294
1694745120819 7.434423841161732 295
1694745121221 7.374833346976434 296
1694745121529 7.31594543552756 297
1694745121906 7.257751814052432 298
1694745122196 7.2002442877243205 299
1694745122523 7.1434147584955054 300
1694745122879 7.0872552239540205 301
1694745123212 7.03175777619391 302
1694745123527 6.976914600698802 303
1694745123876 6.922717975238721 304
1694745124226 6.869160268779903 305
1694745124536 6.816233940407481 306
1694745124861 6.763931538260933 307
1694745125200 6.7122456984820795 308
1694745125556 6.661169144175518 309
1694745125946 6.610694684381346 310
1694745126310 6.560815213060015 311
1694745126580 6.511523708089163 312
1694745126921 6.462813230272346 313
1694745127301 6.414676922359414 314
1694745127665 6.367108008078524 315
1694745128121 6.3200997911795405 316
1694745128465 6.273645654488786 317
1694745128786 6.2277390589749055 318
1694745129111 6.182373542825805 319
1694745129445 6.137542720536491 320
1694745129756 6.09324028200768 321
1694745130119 6.049459991655027 322
1694745130481 6.00619568752897 323
1694745130816 5.963441280444847 324
1694745131140 5.921190753123416 325
1694745131468 5.8794381593414045 326
1694745131772 5.838177623092223 327
1694745132072 5.7974033377564815 328
1694745132469 5.757109565282381 329
1694745132779 5.717290635375752 330
1694745133090 5.677940944699681 331
1694745133452 5.639054956083579 332
1694745133799 5.600627197741593 333
1694745134038 5.562652262500273 334
1694745134360 5.525124807035335 335
1694745134665 5.488039551117443 336
1694745134986 5.451391276866953 337
1694745135396 5.415174828017379 338
1694745135717 5.379385109187642 339
1694745136087 5.344017085162863 340
1694745136453 5.309065780183637 341
1694745136749 5.274526277243803 342
1694745137101 5.240393717396374 343
1694745137431 5.206663299067786 344
1694745137763 5.173330277380156 345
1694745138096 5.1403899634816215 346
1694745138447 5.107837723884557 347
1694745138747 5.075668979811597 348
1694745139079 5.043879206549401 349
1694745139465 5.012463932810065 350
1694745139894 4.9814187401000565 351
1694745140247 4.950739262096603 352
1694745140602 4.920421184031465 353
1694745140952 4.890460242081988 354
1694745141297 4.860852222769337 355
1694745141635 4.831592962363848 356
1694745142002 4.802678346297403 357
1694745142365 4.774104308582734 358
1694745142644 4.745866831239619 359
1694745143005 4.717961943727814 360
1694745143335 4.690385722386746 361
1694745143636 4.663134289881757 362
1694745144087 4.636203814656925 363
1694745144453 4.609590510394351 364
1694745144818 4.583290635479834 365
1694745145155 4.5573004924748455 366
1694745145514 4.531616427594739 367
1694745145853 4.506234830193153 368
1694745146242 4.481152132252487 369
1694745146594 4.456364807880378 370
1694745146886 4.431869372812155 371
1694745147212 4.4076623839191615 372
1694745147611 4.383740438722885 373
1694745147895 4.360100174914832 374
1694745148261 4.336738269882058 375
1694745148632 4.313651440238327 376
1694745148930 4.2908364413607805 377
1694745149250 4.268290066932122 378
1694745149614 4.246009148488174 379
1694745149916 4.223990554970778 380
1694745150236 4.202231192286015 381
1694745150652 4.180728002867606 382
1694745151041 4.1594779652454825 383
1694745151357 4.13847809361946 384
1694745151687 4.117725437437946 385
1694745152017 4.097217080981615 386
1694745152429 4.076950142952021 387
1694745152725 4.056921776065053 388
1694745153088 4.0371291666491915 389
1694745153424 4.017569534248527 390
1694745153717 3.998240131230461 391
1694745153998 3.9791382423980326 392
1694745154359 3.9602611846068334 393
1694745154689 3.94160630638646 394
1694745154987 3.923170987566409 395
1694745155355 3.9049526389064098 396
1694745155711 3.8869487017311353 397
1694745156028 3.869156647569195 398
1694745156450 3.851573977796434 399
1694745156746 3.8341982232834093 400
1694745157042 3.8170269440470634 401
1694745157363 3.800057728906475 402
1694745157772 3.7832881951427004 403
1694745158058 3.7667159881626446 404
1694745158449 3.7503387811668896 405
1694745158767 3.7341542748214165 406
1694745159021 3.71816019693326 407
1694745159297 3.702354302129969 408
1694745159605 3.686734371542845 409
1694745159982 3.6712982124939417 410
1694745160334 3.6560436581867393 411
1694745160674 3.6409685674004906 412
1694745160964 3.626070824188173 413
1694745161298 3.6113483375780215 414
1694745161620 3.5967990412785507 415
1694745161966 3.582420893387108 416
1694745162407 3.568211876101821 417
1694745162739 3.554169995436998 418
1694745163076 3.5402932809418672 419
1694745163419 3.5265797854226184 420
1694745163764 3.5130275846677517 421
1694745164051 3.499634777176677 422
1694745164388 3.486399483891499 423
1694745164791 3.473319847931992 424
1694745165054 3.460394034333684 425
1694745165409 3.447620229789039 426
1694745165786 3.434996642391711 427
1694745166063 3.422521501383819 428
1694745166421 3.4101930569061754 429
1694745166789 3.3980095797515157 430
1694745167088 3.385969361120587 431
1694745167414 3.374070712381176 432
1694745167795 3.362311964829931 433
1694745168085 3.3506914694570304 434
1694745168427 3.339207596713625 435
1694745168764 3.3278587362820096 436
1694745169112 3.3166432968485435 437
1694745169498 3.305559705879219 438
1694745169803 3.294606409397896 439
1694745170098 3.2837818717671636 440
1694745170413 3.273084575471777 441
1694745170863 3.2625130209046587 442
1694745171146 3.2520657261554318 443
1694745171484 3.2417412268014343 444
1694745171859 3.2315380757012298 445
1694745172147 3.2214548427905325 446
1694745172537 3.2114901148805552 447
1694745172891 3.2016424954587244 448
1694745173183 3.191910604491782 449
1694745173497 3.182293078231176 450
1694745173849 3.172788569020773 451
1694745174175 3.1633957451068304 452
1694745174489 3.154113290450229 453
1694745174834 3.1449399045408932 454
1694745175165 3.135874302214441 455
1694745175567 3.1269152134709697 456
1694745175897 3.1180613832960034 457
1694745176228 3.1093115714835355 458
1694745176565 3.10066455246118 459
1694745176888 3.0921191151173772 460
1694745177152 3.0836740626306387 461
1694745177471 3.075328212300829 462
1694745177817 3.067080395382398 463
1694745178147 3.05892945691964 464
1694745178591 3.0508742555838513 465
1694745178931 3.0429136635124356 466
1694745179195 3.035046566149893 467
1694745179488 3.027271862090714 468
1694745179813 3.0195884629241005 469
1694745180137 3.01199529308054 470
1694745180432 3.004491289680172 471
1694745180904 2.997075402382978 472
1694745181163 2.9897465932407052 473
1694745181475 2.982503836550572 474
1694745181836 2.9753461187106667 475
1694745182135 2.9682724380770855 476
1694745182487 2.96128180482274 477
1694745182881 2.954373240797838 478
1694745183283 2.9475457793920135 479
1694745183603 2.9407984653980863 480
1694745183953 2.9341303548774165 481
1694745184247 2.927540515026871 482
1694745184538 2.921028024047351 483
1694745184875 2.914591971013869 484
1694745185178 2.9082314557471682 485
1694745185583 2.9019455886868446 486
1694745185926 2.8957334907659846 487
1694745186257 2.8895942932872773 488
1694745186623 2.883527137800585 489
1694745186927 2.8775311759819626 490
1694745187315 2.871605569514109 491
1694745187682 2.8657494899682265 492
1694745188036 2.8599621186872786 493
1694745188298 2.8542426466706243 494
1694745188654 2.848590274460014 495
1694745189038 2.8430042120269436 496
1694745189328 2.837483678661311 497
1694745189657 2.8320279028614297 498
1694745189994 2.8266361222252936 499
