1694730805813 20.601498000508233 0
1694730806097 6.385468453576403 1
1694730806340 2.7766800382852432 2
1694730806652 4.203648334124957 3
1694730806880 3.040766095233803 4
1694730807103 2.433747011404153 5
1694730807400 1.8855734763371639 6
1694730807654 2.5201026329330847 7
1694730807887 1.4179643464140204 8
1694730808064 2.364084437726657 9
1694730808279 3.4751535466508545 10
1694730808462 2.435488392756357 11
1694730808709 3.115600113220848 12
1694730809033 1.558772410266021 13
1694730809290 2.830318101271477 14
1694730809594 1.5091687209434537 15
1694730809799 2.9526665775677468 16
1694730810007 3.2679940526071065 17
1694730810176 2.7619136555119232 18
1694730810385 1.1228193388225096 19
1694730810660 2.816999224916859 20
1694730810897 3.0600569827176964 21
1694730811169 2.9471932165930546 22
1694730811362 2.274585038614286 23
1694730811581 3.217539219564651 24
1694730811859 1.8495768778923305 25
