1694733688512 168.8278829759285 0
1694733688872 131.50363570715444 1
1694733689241 118.54165453127393 2
1694733689535 105.81839437939114 3
1694733689860 94.55300399625087 4
1694733690226 84.51190557376584 5
1694733690511 75.5659702242372 6
1694733690887 67.59544683524814 7
1694733691313 60.49393472457081 8
1694733691721 54.1666280683856 9
1694733692047 48.529068161814614 10
1694733692415 43.50601299509706 11
1694733692773 39.03043135050222 12
1694733693101 35.04260663204634 13
1694733693577 31.4893385208704 14
1694733693934 28.323231773322043 15
1694733694268 25.50206264948719 16
1694733694613 22.988214498033816 17
1694733694937 20.748174948306893 18
1694733695285 18.75208798468789 19
1694733695567 16.97335491234842 20
1694733695943 15.388278877503925 21
1694733696273 13.975748187859447 22
1694733696608 12.716954197927928 23
1694733696953 11.59513998623539 24
1694733697297 10.595376463290894 25
1694733697552 9.704362916102452 26
1694733697884 8.910249321870827 27
1694733698382 8.202478054663857 28
1694733698651 7.5716428682595245 29
1694733699014 7.009363269416305 30
1694733699405 6.508172601675387 31
1694733699673 6.061418343174706 32
1694733700064 5.663173285312465 33
1694733700391 5.308156404622988 34
1694733700679 4.991662369867163 35
1694733700926 4.709498741827624 36
1694733701219 4.457930026179613 37
1694733701530 4.233627831458928 38
1694733701799 4.03362646579416 39
1694733702086 3.8552833788035574 40
1694733702420 3.696243919850662 41
1694733702708 3.5544099415735797 42
1694733703049 3.4279118290229085 43
1694733703443 3.3150835805503562 44
1694733703694 3.2144406073969387 45
1694733703984 3.1246599552821723 46
1694733704308 3.044562683679887 47
1694733704651 2.9730981673156682 48
1694733704994 2.9093301101211426 49
1694733705412 2.852424084775236 50
1694733705682 2.8016364313582867 51
1694733705969 2.7563043668144105 52
1694733706272 2.7158371731037225 53
1694733706583 2.679708346345462 54
1694733706899 2.647448602098539 55
1694733707221 2.6186396433694656 56
1694733707573 2.5929086081319555 57
1694733707915 2.5699231222240715 58
1694733708230 2.549386891579228 59
1694733708534 2.5310357749546113 60
1694733708844 2.5146342847413 61
1694733709222 2.499972469160195 62
1694733709527 2.486863134243474 63
1694733709871 2.4751393685406833 64
1694733710230 2.464652337532597 65
1694733710564 2.4552693183385528 66
1694733710844 2.4468719485124404 67
1694733711183 2.4393546655816456 68
1694733711581 2.432623316530404 69
1694733711924 2.426593918698141 70
1694733712302 2.4211915555848864 71
1694733712618 2.416349392856758 72
1694733712991 2.4120078014488664 73
1694733713349 2.408113576092281 74
1694733713650 2.4046192388650427 75
1694733713909 2.4014824185015335 76
1694733714238 2.3986652972051696 77
1694733714598 2.396134117609645 78
1694733714849 2.393858743336077 79
1694733715113 2.391812267307953 80
1694733715463 2.389970662622403 81
1694733715807 2.3883124713434425 82
1694733716122 2.386818527088128 83
1694733716437 2.3854717077267247 84
1694733716817 2.384256714918993 85
1694733717121 2.3831598775660376 86
1694733717392 2.3821689765754606 87
1694733717715 2.3812730886211604 88
1694733718082 2.3804624468318014 89
1694733718395 2.379728316567063 90
1694733718718 2.379062884641358 91
1694733719138 2.378459160533397 92
1694733719496 2.3779108882791498 93
1694733719839 2.377412467887647 94
1694733720188 2.376958885245388 95
1694733720547 2.3765456495877633 96
1694733720854 2.3761687377162035 97
1694733721253 2.375824544229157 98
1694733721673 2.375509837114642 99
1694733722074 2.375221718123094 100
1694733722441 2.3749575874024504 101
1694733722728 2.374715111933757 102
1694733723048 2.374492197355786 103
1694733723499 2.3742869628118846 104
1694733723884 2.3740977184921466 105
1694733724253 2.373922945579495 106
1694733724627 2.3737612783399396 107
1694733724904 2.373611488125466 108
1694733725227 2.373472469083144 109
1694733725590 2.3733432253864533 110
1694733725933 2.373222859824774 111
1694733726252 2.3731105636047882 112
1694733726567 2.3730056072333814 113
1694733726892 2.3729073323657714 114
1694733727260 2.37281514451519 115
1694733727582 2.3727285065316415 116
1694733727935 2.3726469327672968 117
1694733728299 2.3725699838549863 118
1694733728556 2.372497262034189 119
1694733728848 2.372428406966028 120
1694733729184 2.372363091985068 121
1694733729480 2.372301020741375 122
1694733729751 2.3722419241912753 123
1694733730086 2.372185557899775 124
1694733730456 2.3721316996215425 125
1694733730786 2.3720801471309536 126
1694733731134 2.3720307162748417 127
1694733731517 2.3719832392244475 128
1694733731827 2.371937562905567 129
1694733732121 2.371893547588156 130
1694733732467 2.371851065618653 131
1694733732792 2.371810000280072 132
1694733733121 2.371770244766514 133
1694733733487 2.371731701260168 134
1694733733809 2.3716942801001486 135
1694733734135 2.3716578990336363 136
1694733734487 2.3716224825408214 137
1694733734804 2.3715879612260333 138
1694733735136 2.3715542712682525 139
1694733735465 2.3715213539249196 140
1694733735805 2.3714891550836086 141
1694733736117 2.3714576248566765 142
1694733736405 2.3714267172145456 143
1694733736687 2.371396389653715 144
1694733736973 2.371366602895999 145
1694733737272 2.3713373206158788 146
1694733737584 2.3713085091931516 147
1694733737882 2.3712801374883723 148
1694733738309 2.3712521766388392 149
1694733738635 2.37122459987309 150
1694733738970 2.3711973823421175 151
1694733739295 2.371170500965665 152
1694733739676 2.3711439342921476 153
1694733740001 2.371117662370887 154
1694733740391 2.371091666635485 155
1694733740682 2.37106592979728 156
1694733740985 2.3710404357479233 157
1694733741325 2.3710151694702404 158
1694733741725 2.3709901169565772 159
1694733742088 2.370965265133974 160
1694733742434 2.3709406017955037 161
1694733742849 2.3709161155372476 162
1694733743177 2.3708917957003655 163
1694733743524 2.370867632317833 164
1694733743889 2.3708436160654087 165
1694733744205 2.37081973821647 166
1694733744570 2.370795990600375 167
1694733744901 2.3707723655640396 168
1694733745220 2.370748855936468 169
1694733745546 2.370725454995961 170
1694733745882 2.3707021564398074 171
1694733746187 2.3706789543562103 172
1694733746590 2.370655843198306 173
1694733746940 2.37063281776007 174
1694733747287 2.3706098731539686 175
