1694753289874 127.897442283177 0
1694753290276 22022.062674125737 1
1694753290561 4290873.670935946 2
1694753290859 833791713.0745414 3
1694753291219 162038319762.49094 4
1694753291524 31490250782151.297 5
1694753291939 6119762571700019.0 6
1694753292387 1.1893043971832056e+18 7
1694753292809 2.3112742249103707e+20 8
1694753293203 4.491691576476035e+22 9
1694753293564 8.729078099321575e+24 10
1694753293953 1.6963944021248914e+27 11
1694753294408 3.296744438320844e+29 12
1694753294832 6.406837866232983e+31 13
1694753295232 1.2450941288340774e+34 14
1694753295885 2.4196950539792465e+36 15
1694753296286 4.702394797840914e+38 16
1694753296689 9.138555206945071e+40 17
1694753297063 1.7759714966664986e+43 18
1694753297335 3.4513932296155814e+45 19
1694753297626 6.707379734300542e+47 20
1694753297909 1.3035009315677564e+50 21
1694753298279 2.5332018551282996e+52 22
1694753298814 4.922982012070699e+54 23
1694753299237 9.567240700581343e+56 24
1694753299532 1.859281516739895e+59 25
1694753299838 3.613296525800327e+61 26
1694753300193 7.022019885537952e+63 27
1694753300513 1.3646475710146364e+66 28
1694753300897 2.652033209008039e+68 29
1694753301218 5.1539168728026446e+70 30
1694753301603 1.0016035636935069e+73 31
1694753301958 1.9464995721942996e+75 32
1694753302276 3.7827946324200466e+77 33
1694753302612 7.351419664035536e+79 34
1694753302976 1.4286625716763801e+82 35
1694753303490 2.7764388879800753e+84 36
1694753303872 5.395684783456473e+86 37
1694753304241 1.048588334087354e+89 38
1694753304603 2.0378089872027865e+91 39
1694753304878 3.9602438185989815e+93 40
1694753305187 7.696271437235909e+95 41
1694753305534 1.4956804870809194e+98 42
1694753305811 2.906680381114587e+100 43
1694753306190 5.648793917506893e+102 44
1694753306517 1.0977771388207177e+105 45
1694753306818 2.1334016855925266e+107 46
1694753307213 4.1460170658849345e+109 47
1694753307566 8.057300051225453e+111 48
1694753307926 1.5658421826013647e+114 49
1694753308296 3.043031443815842e+116 50
1694753308709 5.913776286616594e+118 51
1694753309098 1.1492733681481228e+121 52
1694753309447 2.2334785942506592e+123 53
1694753309772 4.340504852221517e+125 54
1694753310152 8.435264354292786e+127 55
1694753310557 1.6392951315417912e+130 56
1694753310883 3.185778673230352e+132 57
1694753311199 6.1911888588748696e+134 58
1694753311558 1.2031852623141945e+137 59
1694753311950 2.3382500654537635e+139 60
1694753312233 4.544115972696141e+141 61
1694753312530 8.830958791956683e+143 62
1694753312866 1.716193725112302e+146 63
1694753313261 3.3352221106472217e+148 64
1694753313588 6.481614729492275e+150 65
1694753313910 1.2596261390645028e+153 66
1694753314302 2.4479363190086346e+155 67
1694753314649 4.75727839878899e+157 68
1694753315010 9.245215076816103e+159 69
1694753315439 1.7966995969448834e+162 70
1694753315737 3.4916758721568e+164 71
1694753316041 6.785664346412133e+166 72
1694753316391 1.318714631828836e+169 73
1694753316694 2.5627679051336374e+171 74
1694753317117 4.980440177928899e+173 75
1694753317520 9.678903936732013e+175 76
1694753317965 1.8809819628321197e+178 77
1694753318299 3.6554688088932253e+180 78
1694753318696 7.103976793414835e+182 79
1694753319101 1.3805749390775506e+185 80
1694753319459 2.6829861890536777e+187 81
1694753319848 5.214070375247056e+189 82
1694753320321 1.0132936945015745e+192 83
1694753320699 1.9692179764029342e+194 84
1694753321221 3.826945198248683e+196 85
1694753321714 7.437221133411972e+198 86
1694753322213 1.4453370853750945e+201 87
1694753322730 2.808843858327233e+203 88
1694753323162 5.45866005950792e+205 89
1694753323560 1.0608268436470582e+208 90
1694753323837 2.061593101482906e+210 91
1694753324132 4.006465467512204e+212 92
1694753324595 7.786097814753905e+214 93
1694753324954 1.5131371946794612e+217 94
1694753325334 2.940605453971936e+219 95
1694753325680 5.71472333528969e+221 96
1694753326068 1.1105897513314006e+224 97
1694753326562 2.1583015019218194e+226 98
1694753326935 4.194406951453991e+228 99
1694753327428 8.15134014350643e+230 100
1694753327779 1.5841177764619759e+233 101
1694753328072 3.078547926504955e+235 102
1694753328438 5.9827984235839146e+237 103
1694753328794 1.162687014519686e+240 104
1694753329241 2.2595464497078926e+242 105
1694753329651 4.3911646854477655e+244 106
1694753329988 8.533715824791451e+246 107
1694753330482 1.6584280252488453e+249 108
1694753330786 3.22296121806704e+251 109
1694753331102 6.263448793085585e+253 110
1694753331448 1.2172281367733548e+256 111
1694753331789 2.3655407522264157e+258 112
1694753332165 4.597152235798048e+260 113
1694753332536 8.93402857643105e+262 114
1694753332863 1.7362241342140517e+265 115
1694753333163 3.374148871853678e+267 116
1694753333533 6.557264344551412e+269 117
1694753333796 1.2743277584164009e+272 118
1694753334124 2.4765071995609203e+274 119
1694753334457 4.812802569017739e+276 120
1694753334818 9.353119818287027e+278 121
1694753335184 1.8176696234827646e+281 122
1694753335511 3.532428670134442e+283 123
1694753335879 6.864862650715974e+285 124
1694753336240 1.334105897498605e+288 125
1694753336662 2.5926790327770494e+290 126
1694753337019 5.038568961883154e+292 127
1694753337354 9.79187044084657e+294 128
1694753337772 1.9029356838353068e+297 129
1694753338175 3.698133302201531e+299 130
1694753338531 7.18689025437164e+301 131
1694753338976 1.3966882020622013e+304 132
1694753339311 inf 133
