1694743667681 1.1040107753555048 0
1694743668012 2.1718331826347987 1
1694743668522 1.3364856520845196 2
1694743668768 0.21157402026075245 3
1694743668992 3.8142107204140583 4
1694743669362 1.2743141083474843 5
1694743669687 3.006301222863988 6
1694743669964 1.4667991820768318 7
1694743670347 0.998875670275741 8
1694743670625 0.734516106589528 9
1694743670957 0.006330459687752892 10
1694743671275 1.8629382921620423 11
1694743671551 0.019575387209306207 12
1694743671886 0.05971690492536146 13
1694743672195 0.0623747587991533 14
1694743672435 0.055075092991410224 15
1694743672657 0.09205406039164596 16
1694743672956 1.156985644115432 17
1694743673233 0.2036475390595188 18
1694743673512 0.6043188653958835 19
1694743673758 1.4351699120351167 20
1694743674120 0.1584118540326631 21
1694743674426 0.2884496428301355 22
1694743674695 0.07457004176433411 23
1694743674977 0.16698731172019976 24
1694743675246 3.251517482336078 25
1694743675543 0.7927632905447242 26
1694743675791 0.41106366697793356 27
1694743676113 0.12480687045616537 28
1694743676474 9.637074862984942 29
1694743676920 9.493924298144899 30
1694743677242 2.3843638736412114 31
1694743677523 9.338208867981757 32
1694743677774 17.92960605246994 33
1694743678008 4.202994391418482 34
1694743678312 0.5550832291353437 35
1694743678676 0.43353290873819056 36
1694743678923 0.105458326114434 37
1694743679331 3.65106894039423 38
1694743679629 0.3813032059462807 39
1694743679859 0.2088883705609837 40
1694743680175 0.002832856634842705 41
1694743680483 1.8714290251493884 42
1694743680805 11.79457041051786 43
1694743681099 5.0571249481403235 44
1694743681327 0.00010258771436154759 45
1694743681593 0.8662720390973507 46
1694743681823 1.7166630972260355 47
1694743682123 0.5347560822784003 48
1694743682374 3.587352236569567 49
1694743682691 6.611849489448742 50
1694743682968 9.9226551056508 51
1694743683201 4.452217162994164 52
1694743683481 1.9248704156639447 53
1694743683757 0.11704404174746892 54
1694743683969 0.058118699924987034 55
1694743684193 0.5185136582286045 56
1694743684417 6.643713609311287 57
1694743684655 1.064651794590855 58
1694743684885 0.012075706506206466 59
1694743685184 1.5916540929776475 60
1694743685489 1.2416945107169213 61
1694743685827 11.420399445523286 62
1694743686147 5.524911459296757 63
1694743686462 0.6354523806081229 64
1694743686804 0.9493818547677354 65
1694743687048 1.384655453130888 66
1694743687394 4.50670017186712 67
1694743687716 2.080793121612472 68
1694743688040 0.018146402579400086 69
1694743688352 0.04728755868687003 70
1694743688683 0.8954257906247551 71
1694743688971 2.3504505062671175 72
1694743689270 0.26281134259952965 73
1694743689688 6.011730460065165 74
1694743689987 2.4991338291897778 75
1694743690305 1.7618323019754092 76
1694743690579 3.939815188048649 77
1694743690885 1.4069531765547807 78
1694743691185 0.2719254399354824 79
1694743691420 0.693928204640109 80
1694743691768 3.9923000361219483 81
1694743692064 0.18370130170456186 82
1694743692342 5.567409858732979 83
1694743692678 1.5044714732110969 84
1694743692992 11.47731819134023 85
1694743693244 3.177259763907773 86
1694743693462 6.0544527203476 87
1694743693710 0.016547486413635692 88
1694743694014 0.47401667313296575 89
1694743694249 2.037043317373377 90
1694743694480 0.4943885002503825 91
1694743694711 1.2307738114575555 92
1694743694994 1.6980086084491601 93
1694743695288 0.5289068199726491 94
1694743695552 0.42573071858643485 95
1694743695859 3.3894819756600634 96
1694743696227 0.000830003182073339 97
1694743696532 1.9342028924090842 98
1694743696772 0.019804699310803656 99
1694743697048 1.5205221249711836 100
1694743697324 0.2940673071343422 101
1694743697599 0.18796755432819226 102
1694743697838 0.005677656790796302 103
1694743698084 6.9631963234997984 104
1694743698348 4.064392795552848 105
1694743698639 0.011014341321336607 106
1694743698925 30.655362531543894 107
1694743699267 0.3842149078472936 108
1694743699697 0.09520043402811645 109
1694743700012 0.011496006584924333 110
1694743700284 0.8227819895351608 111
1694743700656 0.06765272693876534 112
1694743700994 9.457712917816277 113
1694743701266 0.5590693769636453 114
1694743701543 1.727332886689155 115
1694743701868 1.9483771724731027 116
1694743702175 1.2383110828564976 117
1694743702384 0.3142959545706856 118
1694743702609 0.8301630432538463 119
1694743702988 0.000332154253480032 120
1694743703296 0.17525088930501237 121
1694743703570 0.4491600825981532 122
1694743703866 3.545352644435246 123
1694743704087 0.2431680266479501 124
1694743704336 7.005296983581257 125
1694743704548 0.005151064693718921 126
1694743704759 0.6635336209696863 127
1694743705108 2.9912526098357324 128
1694743705351 4.6971329807757645 129
1694743705623 0.9166889054576901 130
1694743705931 0.0013889622182903477 131
1694743706252 2.1080039616216837 132
1694743706545 0.007743294799217998 133
1694743706777 1.9928842978337213 134
1694743707022 1.7595175109963472 135
1694743707375 0.0038411959220616305 136
1694743707649 7.50134657295377 137
1694743707947 5.606508932142496 138
1694743708274 0.2578699697835586 139
1694743708501 1.4737456710314878 140
1694743708778 0.21074881073049848 141
1694743709079 0.6142385222563542 142
1694743709486 14.19011578698667 143
1694743709790 3.040278208160981 144
1694743710122 0.5786428122767563 145
1694743710421 3.5412243640386096 146
1694743710649 0.46798727211343605 147
1694743711028 0.011051855289387857 148
1694743711365 2.2785495208953574 149
1694743711647 1.4078753846300807 150
1694743711977 0.08366194891820396 151
1694743712294 0.21008723193435164 152
1694743712552 0.015466440344645803 153
1694743712834 0.038335818007622945 154
1694743713146 0.06630304109641358 155
1694743713487 0.16999604372853044 156
1694743713781 0.7353197573311818 157
1694743714078 0.001034863066744498 158
1694743714380 0.015137700936452681 159
1694743714644 0.3350884821901535 160
1694743714882 10.247889850277339 161
1694743715116 2.9906255712751975 162
1694743715362 0.19670975791964077 163
1694743715602 9.73977318063162 164
1694743715863 5.008830036506958 165
1694743716272 5.134290308851035 166
1694743716548 3.742065246742249 167
1694743716878 0.030518698255492367 168
1694743717185 3.50866528429342 169
1694743717473 0.1884365660533974 170
1694743717735 0.07439015071765867 171
1694743718001 1.2055473832001942 172
1694743718271 0.24859375057339086 173
1694743718534 5.253075499289201 174
1694743718785 0.02510857625000313 175
1694743719022 1.0021760711218066 176
1694743719345 0.34663121958759324 177
1694743719648 2.616978564769905 178
1694743719955 7.8906170317287 179
1694743720255 0.052270440837188424 180
1694743720707 0.822989303347486 181
1694743720985 2.011265782321519 182
1694743721231 0.1401020774762935 183
1694743721501 0.9109509826189365 184
1694743721797 0.7600884048035537 185
1694743722062 4.158254215982987 186
1694743722360 0.0038768306326188605 187
1694743722616 4.435313267731751 188
1694743722903 4.1206402714246275 189
1694743723180 0.5203707359919817 190
1694743723505 3.519874773946384 191
1694743723811 1.5051689274318771 192
1694743724086 11.492847085668108 193
1694743724364 2.2302885586411865 194
1694743724687 8.91519438308302e-05 195
1694743724920 0.1722835914607415 196
1694743725269 1.1010961105707344 197
1694743725578 0.010418840968215206 198
1694743725822 0.05759522941617108 199
1694743726094 2.562067168548564 200
1694743726396 4.209875528456994 201
1694743726723 0.017373958886659626 202
1694743726999 0.25262903334752596 203
1694743727386 0.13024384264605876 204
1694743727691 0.3984903950984006 205
1694743727921 0.17673319452861766 206
1694743728237 1.742624995489137 207
1694743728548 0.7685123487777864 208
1694743728837 0.0067026447751491105 209
1694743729061 8.761683995229848 210
1694743729478 9.084172605169396 211
1694743729809 0.6086451296944578 212
1694743730034 0.8078163065656134 213
