1694735567549 67.27850586649049 0
1694735567830 20.69345066574105 1
1694735568056 8.454890373480437 2
1694735568193 3.887156156048037 3
1694735568326 3.560403098248995 4
1694735568533 2.6840697391106842 5
1694735568775 2.4640137026925637 6
1694735569014 2.8045278292658558 7
1694735569210 2.8328394745740546 8
1694735569441 1.9186014340622635 9
1694735569670 2.388039149026015 10
1694735569902 2.5901583165775555 11
1694735570153 1.460731166838629 12
1694735570339 1.8752530908801115 13
1694735570530 1.708237032812951 14
1694735570717 2.6960838661591624 15
1694735570918 4.109956377523924 16
1694735571144 2.5602778948676113 17
1694735571386 2.4786874702544277 18
1694735571568 2.07675366913936 19
1694735571768 2.024700938288045 20
1694735572004 2.3782800685212773 21
1694735572287 2.2931359941894676 22
1694735572525 2.2784438066562593 23
1694735572748 2.534476773931185 24
1694735573028 2.2015061106751017 25
1694735573279 1.6069540190477962 26
1694735573515 1.1160549293105937 27
1694735573717 2.0958761896680014 28
1694735573917 2.712276584506231 29
1694735574143 2.0934845038066867 30
1694735574516 2.9872112260060875 31
1694735574795 2.720618980318824 32
1694735575024 2.3519835623349685 33
1694735575179 2.1094774957997515 34
1694735575386 3.3404981206564677 35
1694735575629 1.5600791979251352 36
1694735575857 2.3072451848994575 37
1694735576082 2.150451370374997 38
1694735576253 2.5167516316061156 39
1694735576494 2.723231318165066 40
1694735576892 1.6014711535961246 41
1694735577122 2.493558063367441 42
1694735577280 1.8075635529767162 43
1694735577583 1.6399423459519717 44
1694735577821 1.9321885588538594 45
1694735578056 1.6943560790728582 46
1694735578234 1.80417755503328 47
1694735578441 1.0208076235941883 48
1694735578694 1.5054397464426013 49
1694735578923 2.7846667585044766 50
1694735579180 2.2030984668792772 51
1694735579338 1.5407019203917613 52
1694735579523 1.670827444454809 53
1694735579758 1.4432686961305157 54
1694735579967 2.345827248220392 55
1694735580168 3.4729746980052365 56
1694735580340 2.2040384956511154 57
1694735580580 2.0037379327039324 58
1694735580823 2.3532843614195538 59
1694735581055 2.8742831644146634 60
1694735581278 1.2128069472534955 61
1694735581452 1.9380161982927404 62
1694735581667 2.2928013778639396 63
1694735581880 1.6324974725019656 64
1694735582124 1.9808751431123766 65
1694735582302 1.7176144027545301 66
1694735582545 2.258337963797013 67
1694735582798 3.3638664005006795 68
1694735583125 2.4731256323292863 69
1694735583328 1.304722623598469 70
1694735583657 1.7092571305115036 71
1694735583885 2.881652300884672 72
1694735584140 2.435408174261088 73
1694735584364 1.635280051093763 74
1694735584643 1.918264369721351 75
1694735584871 4.993910075427665 76
1694735585102 1.3129943780577478 77
1694735585282 2.188154837790886 78
1694735585441 2.287333027126397 79
1694735585616 2.826075163500784 80
1694735585880 2.8002747777152344 81
1694735586130 2.483027062779778 82
1694735586355 2.079440667225581 83
1694735586565 2.9289167676487664 84
1694735586760 2.133497845306945 85
1694735586993 2.2565007643107102 86
1694735587237 1.451607137038106 87
1694735587396 2.374480657039355 88
1694735587613 2.354813131293752 89
1694735587778 3.6290920849053734 90
1694735587997 1.722572515791393 91
1694735588162 2.5141189271701365 92
1694735588395 2.9231507003781494 93
1694735588632 1.8257184812564555 94
1694735588810 3.1072526682215553 95
1694735588962 3.249505325810116 96
1694735589165 4.1916427464611195 97
1694735589404 1.1145468978992408 98
1694735589602 2.9832908719150164 99
1694735589811 2.128947209983699 100
1694735590035 2.4597618212759453 101
1694735590306 2.8461992546991746 102
1694735590522 2.4272233594018373 103
1694735590771 2.9882732325463928 104
1694735590997 2.04405641941717 105
1694735591206 2.8900475119392994 106
1694735591438 2.5147208641810503 107
1694735591624 3.068714715257839 108
1694735591814 1.6857411121244474 109
1694735592050 1.6678498705576583 110
1694735592270 2.0397477256161074 111
1694735592526 1.5832379528188791 112
1694735592748 2.824149953343111 113
1694735593000 2.027168180325901 114
1694735593266 2.0683193066517274 115
1694735593425 1.981764081856985 116
1694735593600 2.6367486769799986 117
1694735593798 2.647627616789441 118
1694735593987 1.8372350330211022 119
1694735594168 2.6023453588368013 120
1694735594357 2.1403232936137884 121
1694735594551 2.987603442621969 122
1694735594949 1.942320314462676 123
1694735595222 1.560237983620989 124
1694735595427 2.8305480759490114 125
1694735595605 1.8800600833713155 126
1694735595734 2.5352355425933717 127
1694735595885 2.260528494223267 128
1694735596135 1.5223194804580347 129
1694735596350 1.285504538265272 130
1694735596482 3.088191077652347 131
1694735596694 2.8479745601900373 132
1694735596976 3.08659385952944 133
1694735597189 1.7504215517504045 134
1694735597388 3.28102201809293 135
1694735597578 2.834558768059555 136
1694735597777 1.960591612439367 137
1694735597985 1.584118281905548 138
1694735598202 2.556384792061737 139
1694735598548 2.3374421002590187 140
1694735598805 2.665965652301786 141
1694735599066 1.5287428982886258 142
1694735599344 1.9172359130473875 143
1694735599554 2.0390147314287996 144
1694735599785 1.8824422804374172 145
1694735600022 2.538121490208809 146
1694735600263 2.893048508585123 147
1694735600419 2.359886434700382 148
1694735600653 3.294342891620834 149
1694735600893 1.5267199080655594 150
1694735601135 3.584450682579813 151
1694735601416 2.0760783386367567 152
1694735601672 1.8621397367271406 153
1694735601873 3.0123888706553097 154
1694735602099 2.8482299613347135 155
1694735602328 1.9908311247221742 156
1694735602498 2.8279786042243877 157
1694735602722 2.5299847578491916 158
1694735602958 2.3575244437904845 159
1694735603215 2.141709455495817 160
1694735603424 2.9301432399648717 161
1694735603707 1.6223604041386455 162
1694735603939 2.7099286020177016 163
1694735604166 2.4685806377732056 164
1694735604394 2.5419501898563106 165
1694735604550 2.7064588292589593 166
1694735604777 2.0382540023668487 167
1694735605016 2.4367813657226116 168
1694735605258 2.4699847000664064 169
1694735605470 2.857095228421635 170
1694735605720 2.8600570966918997 171
1694735605969 2.2392082385312437 172
1694735606200 2.4030354324634904 173
1694735606422 3.1532709297745547 174
1694735606585 1.5783398872417298 175
1694735606755 2.3019601271949495 176
1694735606988 1.4623334864858595 177
1694735607214 2.1482176785256577 178
1694735607393 3.414839616383272 179
1694735607596 2.8764017492082665 180
1694735607828 1.8163553896468112 181
1694735608131 4.482422479037897 182
1694735608341 2.232711697023539 183
1694735608525 2.241944286672174 184
1694735608685 3.3427432177975205 185
1694735608869 1.9171152718214393 186
1694735609038 1.9432185336818535 187
1694735609268 1.5437079224065142 188
1694735609477 1.8230676354907212 189
1694735609631 2.618381493578006 190
1694735609776 2.1188109487407227 191
1694735609988 2.622142637128752 192
1694735610258 2.3665284461434433 193
1694735610488 1.7609775318970426 194
1694735610719 2.029605806842178 195
1694735610930 2.0447384421419414 196
1694735611131 1.5975735295927807 197
1694735611374 2.5175416584066634 198
1694735611615 1.98012107315562 199
1694735611779 2.8046578711031365 200
1694735611943 1.9185603167408722 201
1694735612088 1.7638423692592904 202
1694735612253 1.9606233541857072 203
1694735612484 2.1480601540957927 204
1694735612646 2.094485352902364 205
1694735612843 2.455556256207995 206
1694735613135 1.843587480970789 207
1694735613390 2.5017563026794627 208
1694735613576 2.2539660591568853 209
1694735613795 3.4382528265822714 210
1694735613990 3.393088712457596 211
1694735614218 1.7944612396759088 212
1694735614473 2.1517779156369756 213
1694735614717 3.133570499186479 214
1694735614949 2.0092035592695403 215
1694735615154 2.949488860245097 216
1694735615348 2.0530774712885766 217
1694735615547 2.4062785188415714 218
1694735615744 2.644054273267447 219
1694735615990 1.5018870858523699 220
1694735616230 1.8975928971046334 221
1694735616470 2.438915951315371 222
1694735616684 2.8776958437289006 223
1694735616898 1.8429630804676524 224
1694735617161 2.1856083495053733 225
1694735617389 2.4399948357002432 226
1694735617594 2.383492632421349 227
1694735617781 1.8325264606528997 228
1694735617961 2.139129482824288 229
1694735618164 1.8062188788050921 230
1694735618397 2.4790513401761056 231
1694735618604 2.5816199195474896 232
1694735618790 2.8100141113225496 233
1694735618951 2.679465754841915 234
1694735619170 2.7964967446074316 235
1694735619422 2.3588219108484374 236
1694735619612 3.0181742993507523 237
1694735619792 1.7819439227819256 238
1694735619989 2.0946871483057126 239
1694735620162 2.0163326211683033 240
1694735620343 2.237337310911989 241
1694735620512 2.2024204739039583 242
1694735620671 3.3344403755823913 243
1694735620851 2.012698877580077 244
1694735621024 1.9727216247361483 245
1694735621274 2.0762407289244718 246
1694735621554 3.1789325172529437 247
1694735621731 2.3073127835864446 248
1694735621917 2.2260198426580993 249
1694735622134 2.972092161193482 250
1694735622331 1.5959940694900139 251
1694735622544 2.484223836352768 252
1694735622701 2.610842591262155 253
1694735622852 2.0303588249655897 254
1694735623160 2.60970177369582 255
1694735623391 2.3352465677399064 256
1694735623637 1.4881414420158867 257
1694735623807 1.9650745506026694 258
1694735624023 3.183927531676732 259
1694735624260 3.3625414686643453 260
1694735624492 2.208445650068055 261
1694735624726 2.4301212685110625 262
1694735624934 2.3581514783842716 263
1694735625244 2.0843974809448502 264
1694735625503 1.1879612147645875 265
1694735625657 2.403489584640681 266
1694735625814 2.2337103512330967 267
1694735626053 1.8484642865587622 268
1694735626281 2.5123919438934026 269
1694735626465 3.0341574244704064 270
1694735626644 2.6792701627854894 271
1694735626779 3.869908838823511 272
1694735626927 2.142148765777632 273
1694735627114 2.9654095721513234 274
1694735627347 1.9878025375997492 275
1694735627591 2.770837286598956 276
1694735627761 1.5181866303558358 277
1694735627962 1.4695649026568465 278
1694735628210 2.0085067834932966 279
1694735628456 2.0842140729046483 280
1694735628617 1.9717397157055458 281
1694735628767 2.74857798552364 282
1694735628933 2.4371953283597083 283
1694735629097 2.747229905912677 284
1694735629287 2.51330943170276 285
1694735629511 2.8272228024895534 286
1694735629702 1.6077652724684353 287
1694735629909 2.343745848829699 288
1694735630139 2.321114185852015 289
1694735630445 3.3745762920437876 290
1694735630667 2.6531252396674585 291
1694735630890 1.7742542252172884 292
1694735631096 2.7888478195716337 293
1694735631358 2.3212979565313288 294
1694735631551 2.972202949888868 295
1694735631705 3.079451830457266 296
1694735631858 2.075170788037251 297
1694735632025 2.913996908624702 298
1694735632254 1.5048776452910415 299
1694735632527 2.322132161566149 300
1694735632725 1.4675433216565894 301
1694735632929 1.8161876954515659 302
1694735633206 2.0784496024921917 303
1694735633429 3.1257133505075316 304
1694735633637 3.2101384241786786 305
1694735633797 2.4618559996977 306
1694735633963 1.3029460860589224 307
1694735634174 1.463236459972295 308
1694735634321 1.9953569534134707 309
1694735634478 1.7593025372814504 310
1694735634703 1.369395049120901 311
1694735635033 2.0120292348899924 312
1694735635264 2.735290703633453 313
1694735635424 2.068089374374077 314
1694735635583 2.84488521291908 315
1694735635744 3.206791544279208 316
1694735635942 4.192493515411409 317
1694735636167 1.9357913417748538 318
1694735636354 2.453785196003682 319
1694735636569 2.4656735891119803 320
1694735636757 1.5647083345948503 321
1694735636930 1.6028021950886513 322
1694735637157 2.082688785771293 323
1694735637307 3.353653122657637 324
1694735637491 1.9491456743069804 325
1694735637704 2.2825206862938923 326
1694735637863 1.787816056656766 327
1694735638103 1.340950781871846 328
1694735638338 2.2427697581803705 329
1694735638580 3.295337067063675 330
1694735638757 2.446110973362456 331
1694735638888 2.1187376837899965 332
1694735639056 2.6973821364605173 333
1694735639337 1.7482911936052563 334
1694735639569 1.9116890956181185 335
1694735639778 1.9144180735065868 336
1694735639954 2.376917298775525 337
1694735640158 1.525054153692994 338
1694735640336 1.2564162543733055 339
1694735640551 1.0568126969559792 340
1694735640746 2.762398402451416 341
1694735640887 3.1255271301583964 342
1694735641048 2.4647586530827086 343
1694735641294 1.3447040089678675 344
1694735641574 2.4835930673561344 345
1694735641756 1.607976044176907 346
1694735641950 1.2449473562429147 347
1694735642196 1.8404940932660436 348
1694735642418 1.862326562598781 349
1694735642659 2.378438437212317 350
1694735642886 2.478163632179163 351
1694735643161 2.8025726151153023 352
1694735643367 1.975459816894095 353
1694735643537 2.813026899703995 354
1694735643797 3.3369663476577784 355
1694735643961 3.219805003389208 356
1694735644185 2.9277164264002686 357
1694735644348 2.1859391108231425 358
1694735644498 2.5365187889313923 359
1694735644692 2.292228333798039 360
1694735644872 3.4017961478535867 361
1694735645078 1.248902456892449 362
1694735645311 2.990591098994249 363
1694735645526 2.0850486340600867 364
1694735645738 2.5625659088799386 365
1694735646004 2.3292597385421745 366
1694735646234 1.709628896284859 367
1694735646436 2.7620627549783996 368
1694735646630 2.409456887980569 369
1694735646835 2.3214484135745876 370
1694735646985 3.183563678661857 371
1694735647210 1.7766161662114373 372
1694735647446 1.8341690423363104 373
1694735647675 2.971577226376823 374
1694735647869 2.5229351528205926 375
1694735648003 2.0157604191644247 376
1694735648209 2.1708334169344226 377
1694735648377 2.7425746235729194 378
1694735648633 1.5662724472255103 379
1694735648824 2.4061542260346376 380
1694735648971 3.0158266675739394 381
1694735649127 3.5286894162483624 382
1694735649319 1.6535951830975293 383
1694735649486 2.0195740372897313 384
1694735649697 1.711228350688862 385
1694735649888 2.1555835917287847 386
1694735650041 2.251334143595668 387
1694735650191 1.7482879071546442 388
1694735650383 2.3254568278923267 389
1694735650545 3.491533005930816 390
1694735650748 2.584285530307691 391
1694735650899 2.436367028528032 392
1694735651069 2.494158209036245 393
1694735651280 2.7563464688014485 394
1694735651509 1.725603856259309 395
1694735651699 2.823934766053989 396
1694735651905 2.053456156756732 397
1694735652064 2.830561018261458 398
1694735652268 1.9279508948153092 399
1694735652489 1.6780147530242806 400
1694735652760 2.1795502709717884 401
1694735652939 2.0443009870810482 402
1694735653113 3.1976434639698064 403
1694735653306 1.5685968145027307 404
1694735653478 1.8332042439571588 405
1694735653645 2.7385638076772043 406
1694735653814 1.9175122028702756 407
1694735654044 3.0200484887926122 408
1694735654282 1.9827287818402812 409
1694735654513 1.7274548250869204 410
1694735654750 2.690817699758469 411
1694735654969 1.5344794313755898 412
1694735655131 1.6724893871457833 413
1694735655364 2.169444162003826 414
1694735655604 1.9381596742729421 415
1694735655826 3.0145858322747525 416
1694735656031 1.3404952322147319 417
1694735656204 2.93417722576782 418
1694735656355 2.2211631430932837 419
1694735656506 1.8822151387968251 420
1694735656682 2.119278791471894 421
1694735656912 3.086704983024692 422
1694735657198 1.7341174138241906 423
1694735657357 2.802844573164906 424
1694735657593 2.121012481494976 425
1694735657798 2.7263513806954296 426
1694735657955 2.5149919855803797 427
1694735658129 3.4075005436755545 428
1694735658434 2.5548630095459046 429
1694735658650 1.7374164243267647 430
1694735658799 1.3616492272757557 431
1694735658943 1.7577262651521315 432
1694735659206 2.8042100521299083 433
1694735659505 2.155236704718415 434
1694735659700 2.9434522783778196 435
1694735659893 3.444817395493809 436
1694735660053 2.0077567467238846 437
1694735660292 2.3325502186032487 438
1694735660487 2.3574255741557515 439
1694735660728 1.792793695015855 440
1694735660948 1.1390698300975772 441
1694735661098 2.8021391402836646 442
1694735661323 1.453531388046663 443
1694735661615 1.6832811707454267 444
1694735661892 2.9771622480008304 445
1694735662064 2.117662385953627 446
1694735662288 2.01942474289072 447
1694735662507 3.372511104769735 448
1694735662692 1.719331367781929 449
1694735662942 3.290094971064086 450
1694735663172 1.942917466810768 451
1694735663378 1.553143206995733 452
1694735663519 1.882489501548254 453
1694735663797 1.5149228320101944 454
1694735663997 1.9104339126133274 455
1694735664150 1.9907269815089463 456
1694735664329 2.902954978286473 457
1694735664567 1.9302576160889053 458
1694735664778 2.018077498283984 459
1694735665018 2.7517211215162605 460
1694735665245 2.387863021546797 461
1694735665449 2.3381631689849622 462
1694735665678 2.5575289533350865 463
1694735665927 2.792898624048933 464
1694735666170 2.2303325373948866 465
1694735666393 1.7050729901120185 466
1694735666601 1.6776227424863466 467
1694735666809 1.7266934989807032 468
1694735667002 2.51988424127563 469
1694735667165 1.6174617945272587 470
1694735667316 2.1082305766926877 471
1694735667464 1.918322571464491 472
1694735667615 1.9090014190203053 473
1694735667799 2.1131803887601293 474
1694735667968 3.549172629577511 475
1694735668170 1.9477058728976502 476
1694735668404 2.074413332929161 477
1694735668640 2.121031432305877 478
1694735668890 2.7462644349306173 479
1694735669060 1.5257700591510608 480
1694735669229 2.036945200977736 481
1694735669409 1.7521676583429933 482
1694735669649 1.8901210617977913 483
1694735669818 2.4205352276492578 484
1694735670051 2.713433228779095 485
1694735670239 2.129660372179389 486
1694735670490 2.7849200386517268 487
1694735670648 2.7012537514095545 488
1694735670818 3.36341402176476 489
1694735670998 2.6719262147174754 490
1694735671159 2.4633799221802413 491
1694735671411 1.6716437712352803 492
1694735671658 1.519887045362145 493
1694735671843 2.381094333123227 494
1694735672023 2.345641812490165 495
1694735672205 2.565448441686826 496
1694735672431 1.8000125029029157 497
1694735672651 2.5545210084142393 498
1694735672842 2.1236241834335465 499
