1694735803982 3.1916958477739974 0
1694735804237 2.171000425608066 1
1694735804398 1.7253576675463789 2
1694735804623 2.3860572653036036 3
1694735804968 1.9014268172863393 4
1694735805197 2.2804536488860445 5
1694735805388 2.566922270532078 6
1694735805666 1.9643130014182473 7
1694735805903 2.78441301342675 8
1694735806152 3.5623121720679367 9
1694735806427 2.140460804100805 10
1694735806663 1.7670746142452982 11
1694735806908 2.0486022869001954 12
1694735807155 2.7575414694375113 13
1694735807335 2.2496170988206234 14
1694735807532 3.1914934203880443 15
1694735807728 2.334533134054503 16
1694735807864 2.7655847636296285 17
1694735808046 1.5678833846786462 18
1694735808266 1.6223111184713115 19
1694735808423 2.2776880465258578 20
1694735808673 2.755943161356697 21
1694735808903 2.406071114962438 22
1694735809118 1.851463927846526 23
1694735809322 2.5975500637904747 24
1694735809479 2.17537018416219 25
1694735809675 3.1845501470841855 26
1694735809862 1.3637250524089315 27
1694735810033 2.187932028563959 28
1694735810243 2.794916426270009 29
1694735810411 1.7621498666970528 30
1694735810617 2.5671258680420452 31
1694735810893 1.827583532991569 32
1694735811117 2.0929859636970423 33
1694735811351 2.0027138010424266 34
1694735811553 2.873467526514958 35
1694735811776 2.77237918057434 36
1694735812029 2.675062394191414 37
1694735812231 2.8623895617255704 38
1694735812454 2.037338735187522 39
1694735812866 2.5254048449136914 40
1694735813185 1.63548095365738 41
1694735813392 2.855652695735985 42
1694735813628 1.9290736090942613 43
1694735813877 1.8955157669329208 44
1694735814113 1.730176441873699 45
1694735814348 2.477604540455535 46
1694735814592 1.877562289009818 47
1694735814881 3.9017578861360995 48
1694735815067 1.807109525447804 49
1694735815340 2.2308089392869785 50
1694735815513 2.8883333154540134 51
1694735815717 1.8987111305690905 52
1694735815928 1.5734879851070178 53
1694735816184 1.920291060788292 54
1694735816387 1.8742240928393274 55
1694735816593 1.7372717573909378 56
1694735816883 2.8767013401290358 57
1694735817162 1.1794657479201438 58
1694735817373 2.4777895178066647 59
1694735817563 1.8039800202594665 60
1694735817808 1.9776208820054868 61
1694735818045 2.9297703574126297 62
1694735818273 2.5211430843226177 63
1694735818443 1.5964929392631242 64
1694735818603 3.6476592455482435 65
1694735818817 1.4374820596020028 66
1694735819052 1.8308732078763106 67
1694735819291 2.9521736150607687 68
1694735819471 2.8932997985393643 69
1694735819730 1.5855566514898907 70
1694735819955 2.1526566744223303 71
1694735820195 2.944201184443227 72
1694735820437 2.3863265506344447 73
1694735820671 2.9547581411317614 74
1694735820914 1.7895407418293918 75
1694735821152 2.359320197524206 76
1694735821373 1.7028083135784027 77
1694735821525 3.9815048936905235 78
1694735821698 3.234680642620621 79
1694735821985 1.3818325213073164 80
1694735822195 2.6529216394649247 81
1694735822385 1.9727049265307 82
1694735822534 2.264434078961146 83
1694735822780 1.5994991810996664 84
1694735823029 2.8659128573213075 85
1694735823333 2.010204798685298 86
1694735823522 1.6152332542826398 87
1694735823786 3.9427219756070655 88
1694735824051 1.7196035166626056 89
1694735824323 2.5109279238597915 90
1694735824501 2.644192571311622 91
1694735824658 2.3798436294324086 92
1694735824910 1.8093091288153669 93
1694735825112 2.31413680722869 94
1694735825346 3.4315149445461186 95
1694735825526 2.098646690628417 96
1694735825750 2.2095123487286434 97
1694735825965 2.6356510172083287 98
1694735826218 2.0571531212349745 99
1694735826478 1.494225586666022 100
1694735826663 1.9735896812724945 101
1694735826845 2.5281608180069908 102
1694735827049 3.2332400171875006 103
1694735827272 1.994344385195518 104
1694735827460 1.6904279555999426 105
1694735827618 2.675180935289598 106
1694735827838 2.1220124304033425 107
1694735828098 1.8747491657297457 108
1694735828250 3.0000415175721376 109
1694735828485 2.8252763947567714 110
1694735828745 1.9530389513537907 111
1694735828992 2.1828308149643996 112
1694735829268 2.1543178917634602 113
1694735829485 2.3447485061673787 114
1694735829700 2.619558016883133 115
1694735829875 1.698446195971395 116
1694735830024 2.0577314922595544 117
1694735830252 3.3516398959072107 118
1694735830473 2.4896882786106507 119
1694735830638 2.445049512189751 120
1694735830921 2.033997027578775 121
1694735831160 2.640559384409067 122
1694735831395 2.277920657531227 123
1694735831599 2.0775694947617622 124
1694735831852 1.6216280767599591 125
1694735832085 1.6786545073621135 126
1694735832330 2.232410172318223 127
1694735832550 1.745501063638016 128
1694735832790 3.236654170487598 129
1694735833102 1.9280487462585296 130
1694735833375 2.914927112213909 131
1694735833579 1.6616073652935315 132
1694735833778 1.5139676594740135 133
1694735834036 1.6760590906441424 134
1694735834284 1.3952697558335645 135
1694735834509 3.209122370311474 136
1694735834718 2.2013864528163314 137
1694735835008 3.684677876123412 138
1694735835301 2.409913881893943 139
1694735835529 1.8457975463774736 140
1694735835736 1.2760683411272773 141
1694735835988 1.343820502105635 142
1694735836213 2.224163136310056 143
1694735836478 2.2959219424330803 144
1694735836647 2.715500839662256 145
1694735836797 2.9225541690246697 146
1694735837050 2.0839064224100037 147
1694735837272 2.024419671598632 148
1694735837555 2.2252092646754886 149
1694735837847 2.881630710789993 150
1694735837999 2.585308144932212 151
1694735838179 1.9633528294863158 152
1694735838512 2.1079368961582894 153
1694735838689 2.8740233353857296 154
1694735838929 3.5926258776577145 155
1694735839177 2.7729513207313854 156
1694735839411 2.3042130392300684 157
1694735839622 2.106720532532573 158
1694735839878 3.7874130388292984 159
1694735840108 1.4450004681024466 160
1694735840312 3.3761497390691586 161
1694735840517 3.1391195626577226 162
1694735840743 3.7647468000540925 163
1694735840948 2.9802207339652194 164
1694735841138 1.903958382171457 165
1694735841374 2.577166991802104 166
1694735841602 2.788741560792495 167
1694735841762 2.5144875686407047 168
1694735842055 1.8743513698927305 169
1694735842332 5.150077162737371 170
1694735842551 2.532236829551844 171
1694735842726 2.5466567779781832 172
1694735842952 2.104160788728565 173
1694735843252 2.896210407440627 174
1694735843478 1.6476743233598363 175
1694735843646 2.0738370109135396 176
1694735843803 1.3458981878995264 177
1694735843963 2.283941447701533 178
1694735844220 1.2763515655102693 179
1694735844453 3.541991629085868 180
1694735844658 2.726084202762461 181
1694735844942 2.4177916517841425 182
1694735845176 1.7922472698241003 183
1694735845370 2.115083515155716 184
1694735845602 1.92585070373997 185
1694735845910 3.1980258880088552 186
1694735846142 2.491603509110642 187
1694735846378 1.843150221561003 188
1694735846591 1.9742782435495685 189
1694735846773 2.1905161741660257 190
1694735847007 2.5651314122019784 191
1694735847225 2.2697042903236833 192
1694735847435 1.6944323933871202 193
1694735847651 2.288115237735456 194
1694735847885 1.617762818855381 195
1694735848119 1.4878435090440367 196
1694735848349 2.8514103446991785 197
1694735848618 0.8554056780376106 198
1694735848794 1.8783962314777944 199
1694735849001 2.5431823976818033 200
1694735849242 3.063897651167122 201
1694735849475 1.693596974236228 202
1694735849679 1.7063157865839944 203
1694735849883 2.5232550229864934 204
1694735850143 1.392939283290794 205
1694735850345 3.7850746058957614 206
1694735850581 2.153379614937014 207
1694735850819 3.970714611306584 208
1694735851009 2.3072455389537563 209
1694735851162 2.2138260856374368 210
1694735851324 1.9094347542724608 211
1694735851527 2.455707361165339 212
1694735851758 3.45753623820073 213
1694735852001 2.7212901170467845 214
1694735852276 1.952773443000146 215
1694735852457 2.181174505993803 216
1694735852596 3.787978761927252 217
1694735852795 2.5975208234910587 218
1694735853113 1.8378163217059067 219
1694735853456 2.157980683709765 220
1694735853676 3.8360272223191147 221
1694735853830 2.6091849403862626 222
1694735853989 1.2132070443786478 223
1694735854174 2.556284684595547 224
1694735854424 2.123612371463431 225
1694735854665 2.4056057124256602 226
1694735854821 1.9894291185664328 227
1694735855062 1.6242246123372317 228
1694735855307 2.941198716372291 229
1694735855559 2.8800835226009225 230
1694735855765 1.7574160968823096 231
1694735855978 2.1004434817185507 232
1694735856202 2.8585757782423573 233
1694735856426 3.3064796284129305 234
1694735856675 1.3491634339840248 235
1694735856868 2.9639832821537238 236
1694735857084 1.814555616647354 237
1694735857293 2.4249169369988612 238
1694735857526 3.516069862275753 239
1694735857774 1.3805726479685545 240
1694735857974 1.5572122788185143 241
1694735858179 1.9335147655386002 242
1694735858399 2.429409536069393 243
1694735858642 3.365123797385539 244
1694735858854 2.397256905570105 245
1694735859035 3.222306245687235 246
1694735859269 1.6979294470336461 247
1694735859524 2.719314095368306 248
1694735859794 1.6275284418114504 249
1694735860025 2.3588924676325504 250
1694735860254 1.4394041879414723 251
1694735860505 2.4377683899132236 252
1694735860740 2.5257041122433384 253
1694735860923 3.2935276924486705 254
1694735861140 2.064067707950223 255
1694735861355 2.7504725750252708 256
1694735861594 3.3543843597231873 257
1694735861812 1.9760690753231738 258
1694735862047 3.02828490324256 259
1694735862204 3.436309264311726 260
1694735862362 2.510857827196342 261
1694735862505 2.555131935398386 262
1694735862698 4.0017569517467155 263
1694735862885 2.191766286475964 264
1694735863077 2.206853443813937 265
1694735863369 2.7800895232780265 266
1694735863615 2.040051459442723 267
1694735863801 2.5420174855940894 268
1694735863979 2.2239402771957435 269
1694735864283 2.5817239455484073 270
1694735864532 1.465398702935999 271
1694735864752 1.726195371250382 272
1694735864998 2.2724626545960547 273
1694735865180 1.9626349895515764 274
1694735865424 2.396330420782956 275
1694735865654 2.6831520327769303 276
1694735865866 4.175512106854395 277
1694735865988 1.8599385788331109 278
1694735866145 1.9876632452647107 279
1694735866327 2.0334918302055995 280
1694735866609 2.489086896054811 281
1694735866830 1.8693902943956633 282
1694735866994 2.028708504196736 283
1694735867227 2.9668351004574416 284
1694735867474 2.0616197602283464 285
1694735867732 1.8050531893249124 286
1694735867942 1.777546088076209 287
1694735868113 2.1532850251324382 288
1694735868299 2.012742779504991 289
1694735868551 2.817904578905859 290
1694735868815 1.4873493702742495 291
1694735869004 4.40602109824424 292
1694735869210 2.437300606482549 293
1694735869436 1.3936522642693814 294
1694735869639 1.827626803559056 295
1694735869811 2.097822059957857 296
1694735869996 3.3759884477109208 297
1694735870223 3.212859971851676 298
1694735870451 1.714925144760259 299
1694735870731 2.5356217074194616 300
1694735870963 1.6378092272984823 301
1694735871172 2.4770737971163954 302
1694735871392 2.4995666228882607 303
1694735871629 2.0310829268760253 304
1694735871870 2.3417903703599396 305
1694735872063 1.3628396118057908 306
1694735872268 2.9263759111448753 307
1694735872515 2.154721976792191 308
1694735872778 1.6121437408467345 309
1694735872966 2.0041733704204874 310
1694735873213 2.6223077925572342 311
1694735873475 2.630360503947778 312
1694735873708 2.609320900589373 313
1694735873936 2.175932569984576 314
1694735874081 2.5238958419271493 315
1694735874250 2.603425990794112 316
1694735874412 1.8161607619409454 317
1694735874610 1.5314612612085912 318
1694735874833 2.3488796685740123 319
1694735875102 1.6254944505646933 320
1694735875365 1.8316614892268221 321
1694735875618 2.3303648151086502 322
1694735875854 2.6133798734966582 323
1694735876038 2.331230219794078 324
1694735876239 2.5219929483243657 325
1694735876484 3.0486532678659635 326
1694735876727 3.666465639311849 327
1694735876933 1.4762787742180816 328
1694735877167 2.0020840865599956 329
1694735877405 1.896852780630443 330
1694735877743 1.95600712383986 331
1694735877943 1.8874805516529607 332
1694735878111 2.2754017271990272 333
1694735878273 1.2942023754734482 334
1694735878473 2.671382052920475 335
1694735878641 3.185782706703818 336
1694735878872 2.516699446614913 337
1694735879079 1.4941123055119174 338
1694735879308 2.5013130701708435 339
1694735879539 3.4250853871646405 340
1694735879793 2.588444015402644 341
1694735880014 3.591001632331887 342
1694735880222 2.4147165086163116 343
1694735880425 3.1304609848222142 344
1694735880669 2.81350836459605 345
1694735880914 2.540277307438112 346
1694735881049 2.501747957193012 347
1694735881201 2.0793967464693455 348
1694735881357 1.9261907590546619 349
1694735881531 2.472685476966837 350
1694735881769 2.793087783171351 351
1694735882003 3.2259246726376714 352
1694735882205 2.2848198203398704 353
1694735882437 2.406835266422663 354
1694735882782 2.320778045023047 355
1694735882998 2.694547292751776 356
1694735883223 1.4539811244987 357
1694735883475 3.1869905183246443 358
1694735883698 1.8517126935943151 359
1694735883898 1.5552673728988828 360
1694735884076 3.2305486693552816 361
1694735884281 2.2961513300460026 362
1694735884576 2.059371170921019 363
1694735884843 2.3434354891886744 364
1694735885059 2.573914893934573 365
1694735885232 2.35738311684985 366
1694735885399 3.2473807636713143 367
1694735885657 1.9576230790533447 368
1694735885906 2.232990466699531 369
1694735886134 0.9323981629458638 370
1694735886299 1.922995266334647 371
1694735886552 3.985472552628901 372
1694735886807 3.212559706600063 373
1694735887031 1.8579372504407252 374
1694735887211 1.857572484416241 375
1694735887385 3.2000055408701407 376
1694735887593 1.8391310644468402 377
1694735887786 2.2521943454320295 378
1694735887998 2.0582291794509935 379
1694735888161 2.403902535200572 380
1694735888312 2.6203180841855063 381
1694735888540 1.3436965432701113 382
1694735888869 1.5677394795695496 383
1694735889073 1.894091408925403 384
1694735889231 2.1980343737417978 385
1694735889459 3.38323250443666 386
1694735889691 1.2268083726078716 387
1694735889897 1.6409128713974601 388
1694735890076 2.2051766399924215 389
1694735890233 1.650174519451857 390
1694735890390 2.069189172172337 391
1694735890617 1.9573199533272272 392
1694735890839 3.0633966871367053 393
1694735891087 2.2597087690011066 394
1694735891327 1.9668385271978714 395
1694735891545 2.700731495300253 396
1694735891776 2.318489152802226 397
1694735892029 2.4278465944879914 398
1694735892177 2.522688005696351 399
1694735892339 1.4717944452496967 400
1694735892510 2.42222249535156 401
1694735892677 1.8091747384199313 402
1694735892880 2.8091872209484925 403
1694735893122 3.0765935245619995 404
1694735893356 1.3943371712309416 405
1694735893513 1.6177601480568666 406
1694735893641 3.0875401500270274 407
1694735893860 2.6803736632394743 408
1694735894106 2.842005331136392 409
1694735894280 2.861013362382571 410
1694735894446 3.716968741412518 411
1694735894686 1.8535608091638087 412
1694735894988 2.31942174771833 413
1694735895185 1.3936448059425304 414
1694735895404 2.210356211154448 415
1694735895694 2.2605269946047737 416
1694735895934 2.2844859159162993 417
1694735896137 2.548846115329386 418
1694735896378 2.93478530723515 419
1694735896619 2.295283183908275 420
1694735896855 2.048420582867963 421
1694735897083 1.8822753359373523 422
1694735897257 3.033669769057 423
1694735897499 1.9116650801602408 424
1694735897779 2.749996020788029 425
1694735898033 2.042137141791087 426
1694735898198 2.3188496601872375 427
1694735898554 2.1708355089478095 428
1694735898780 2.6076113107889687 429
1694735899018 1.7551859743882439 430
1694735899188 1.5360058553398093 431
1694735899341 2.3509463166688334 432
1694735899521 2.8195984110795775 433
1694735899740 2.8526533968013794 434
1694735900010 2.1735544121594406 435
1694735900213 1.9684137116315268 436
1694735900365 2.0886199866508295 437
1694735900554 4.1088026732836544 438
1694735900763 1.9314062536374648 439
1694735901003 1.7131781001443642 440
1694735901182 2.446955257135792 441
1694735901384 2.3597054770759915 442
1694735901633 1.5596388286064977 443
1694735901867 3.223391180990343 444
1694735902107 2.420616319583823 445
1694735902346 1.5743854302646703 446
1694735902505 3.3957228490505975 447
1694735902759 1.876432935146909 448
1694735902993 1.6990759986053887 449
1694735903229 1.9716412503086538 450
1694735903410 2.9466447859533353 451
1694735903656 2.0413030916283392 452
1694735903911 1.3620340963185869 453
1694735904140 1.7826392192706841 454
1694735904408 2.0799319533695875 455
1694735904665 2.4089421118111662 456
1694735904932 2.255997830301866 457
1694735905159 1.4739452063400449 458
1694735905313 1.610276101811055 459
1694735905490 1.6551992417703638 460
1694735905678 1.5454384425314438 461
1694735905886 2.345298993058434 462
1694735906126 2.8286347771834723 463
1694735906281 3.063010186444615 464
1694735906463 2.451093146188134 465
1694735906770 1.628011134125245 466
1694735906981 4.126999193062838 467
1694735907141 2.6463506377248542 468
1694735907296 1.836848088531907 469
1694735907443 1.1606048612815112 470
1694735907574 2.2451065460422357 471
1694735907713 2.1619734414139256 472
1694735907906 1.753987400468519 473
1694735908136 2.4171740309955996 474
1694735908283 2.2180311503306633 475
1694735908431 2.7341351712372033 476
1694735908646 3.118912080096684 477
1694735908911 2.260691003086734 478
1694735909131 3.382392222074097 479
1694735909315 2.5108536064892566 480
1694735909555 1.9672318934493802 481
1694735909743 2.1787104376177244 482
1694735909948 2.7857435674651447 483
1694735910193 2.628989249045898 484
1694735910344 2.341349051482342 485
1694735910525 1.557853687708669 486
1694735910722 2.2921231829109763 487
1694735910951 2.248507525724964 488
1694735911246 2.1350351051544325 489
1694735911481 2.7703321765527127 490
1694735911724 2.943973101328729 491
1694735911936 1.6053428489852917 492
1694735912147 2.362636221019572 493
1694735912335 1.872088830926584 494
1694735912577 2.3423386926921568 495
1694735912819 2.258724401699698 496
1694735913019 1.745011009080686 497
1694735913289 1.7786630281523503 498
1694735913574 1.75849974542063 499
