1694753577871 183.6197788798061 0
1694753578270 1.6446641280794066e+42 1
1694753578639 3.169517152716083e+41 2
1694753579092 1.3685750823632407e+42 3
1694753579396 8.438752816752773e+41 4
1694753579749 1.5499808726032876e+42 5
1694753580085 1.4580270404791857e+42 6
1694753580357 2.0330190584505226e+42 7
1694753580753 2.234181046616071e+42 8
1694753581155 2.8293195071431423e+42 9
1694753581479 3.2900763363009354e+42 10
1694753581857 4.026067455035306e+42 11
1694753582250 4.778188647013601e+42 12
1694753582627 5.7757218946734e+42 13
1694753583015 6.905194276843494e+42 14
1694753583339 8.310087324610482e+42 15
1694753583669 9.961410830912941e+42 16
1694753584024 1.1969156084529674e+43 17
1694753584309 1.4361189240474304e+43 18
1694753584576 1.7245918950211794e+43 19
1694753584902 2.0699558366012055e+43 20
1694753585219 2.4852403055797985e+43 21
1694753585597 2.983295290277648e+43 22
1694753585920 3.58155575619015e+43 23
1694753586318 4.299506897589915e+43 24
1694753586724 5.161580308414644e+43 25
1694753586993 6.196357633442527e+43 26
1694753587497 7.438689090143241e+43 27
1694753587947 8.930024614529594e+43 28
1694753588288 1.0720403005626787e+44 29
1694753588739 1.2869694711795964e+44 30
1694753589138 1.5449917716558478e+44 31
1694753589414 1.854742491097622e+44 32
1694753589757 2.226595653844221e+44 33
1694753590174 2.6729997728261778e+44 34
1694753590474 3.2089029977603944e+44 35
1694753590851 3.852247613383024e+44 36
1694753591228 4.624575108910534e+44 37
1694753591589 5.551744332111644e+44 38
1694753591967 6.6647995415730206e+44 39
1694753592359 8.001008235078864e+44 40
1694753592745 9.605110112813082e+44 41
1694753593116 1.153081423803062e+45 42
1694753593410 1.3842597945438974e+45 43
1694753593731 1.6617865267202924e+45 44
1694753594115 1.994953891721413e+45 45
1694753594389 2.3949171345066156e+45 46
1694753594717 2.87506799423127e+45 47
1694753595017 3.451483080498881e+45 48
1694753595311 4.143462165429688e+45 49
1694753595590 4.974174380711642e+45 50
1694753595890 5.971433980446991e+45 51
1694753596258 7.168631626529408e+45 52
1694753596698 8.605852390958861e+45 53
1694753597077 1.0331217899361769e+46 54
1694753597449 1.2402497560511809e+46 55
1694753597803 1.488904282497298e+46 56
1694753598206 1.787410923992974e+46 57
1694753598550 2.1457644045761045e+46 58
1694753598895 2.575963265159583e+46 59
1694753599327 3.0924116036672535e+46 60
1694753599637 3.712401359072626e+46 61
1694753599953 4.45669128731028e+46 62
1694753600274 5.350202014620467e+46 63
1694753600604 6.422850440359359e+46 64
1694753601008 7.710551427122683e+46 65
1694753601328 9.256420317172357e+46 66
1694753601667 1.1112216538335986e+47 67
1694753601945 1.3340076634785678e+47 68
1694753602201 1.601459474876326e+47 69
1694753602541 1.922532021280517e+47 70
1694753602875 2.307975587789629e+47 71
1694753603194 2.7706957568826114e+47 72
1694753603540 3.3261855185216284e+47 73
1694753603860 3.993044012912795e+47 74
1694753604209 4.793599274686711e+47 75
1694753604526 5.754655829479531e+47 76
1694753604858 6.9083921742555505e+47 77
1694753605203 8.293438191182284e+47 78
1694753605488 9.956168569479458e+47 79
1694753605848 1.1952255542132341e+48 80
1694753606206 1.4348532926848822e+48 81
1694753606496 1.7225233883857776e+48 82
1694753606847 2.0678677316090193e+48 83
1694753607215 2.4824492858915854e+48 84
1694753607541 2.980149243988898e+48 85
1694753607937 3.5776318037682775e+48 86
1694753608354 4.294902125841975e+48 87
1694753608671 5.1559761547101496e+48 88
1694753609037 6.189684730645192e+48 89
1694753609376 7.430638915927271e+48 90
1694753609645 8.920388856887284e+48 91
1694753609925 1.0708814983260279e+49 92
1694753610269 1.2855798125566952e+49 93
1694753610569 1.5433224470091087e+49 94
1694753610901 1.8527392482192883e+49 95
1694753611282 2.2241902387569643e+49 96
1694753611584 2.6701124958282505e+49 97
1694753611893 3.2054365746891524e+49 98
1694753612252 3.8480864197325746e+49 99
1694753612567 4.619579501480615e+49 100
1694753612922 5.545747273519641e+49 101
1694753613333 6.65760007201808e+49 102
1694753613634 7.992365416753805e+49 103
1694753613909 9.594734478479906e+49 104
1694753614186 1.1518358447369655e+50 105
1694753614496 1.382764490457383e+50 106
1694753614827 1.6599914343753587e+50 107
1694753615115 1.9927989048142898e+50 108
1694753615509 2.3923301005004136e+50 109
1694753615858 2.8719622917966597e+50 110
1694753616210 3.4477547240561083e+50 111
1694753616534 4.13898631998224e+50 112
1694753616849 4.96880118457096e+50 113
1694753617207 5.964983525700496e+50 114
1694753617495 7.1608879365839726e+50 115
1694753617871 8.596556188190303e+50 116
1694753618179 1.0320057924543725e+51 117
1694753618510 1.2389100150621868e+51 118
1694753618842 1.4872959402398387e+51 119
1694753619166 1.785480129275471e+51 120
1694753619499 2.1434465097265498e+51 121
1694753619912 2.573180661452264e+51 122
1694753620283 3.08907112280428e+51 123
1694753620575 3.708391153677384e+51 124
1694753620836 4.45187708601166e+51 125
1694753621159 5.344422626319276e+51 126
1694753621477 6.415912357163093e+51 127
1694753621753 7.702222345231679e+51 128
1694753622007 9.246421358788237e+51 129
1694753622326 1.1100212914157776e+52 130
1694753622585 1.3325666434455307e+52 131
1694753622896 1.599729548393461e+52 132
1694753623219 1.920455266226806e+52 133
1694753623533 2.3054824693849767e+52 134
1694753623831 2.7677027994953166e+52 135
1694753624157 3.3225925107024014e+52 136
1694753624508 3.988730652073171e+52 137
1694753624799 4.7884211390775266e+52 138
1694753625134 5.748439542601613e+52 139
1694753625476 6.900929599795346e+52 140
1694753625757 8.284479464104886e+52 141
1694753626060 9.945413729943126e+52 142
1694753626342 1.193934449210785e+53 143
1694753626724 1.4333033373166788e+53 144
1694753627217 1.7206626863988239e+53 145
1694753627600 2.065633982202245e+53 146
1694753628045 2.479767697734404e+53 147
1694753628472 2.976930031026627e+53 148
1694753628914 3.5737671789679762e+53 149
1694753629385 4.290262692221972e+53 150
1694753629713 5.150406572816261e+53 151
1694753630073 6.182998517410249e+53 152
1694753630486 7.42261220076716e+53 153
1694753630770 8.910752885972566e+53 154
1694753631262 1.0697247120988212e+54 155
1694753631743 1.2841911051941474e+54 156
1694753632105 1.541655321231299e+54 157
1694753632532 1.850737884624628e+54 158
1694753632988 2.221787626853684e+54 159
1694753633368 2.6672281903611293e+54 160
1694753633677 3.2019740021378716e+54 161
1694753633973 3.843929644796786e+54 162
1694753634394 4.6145893452857985e+54 163
1694753634714 5.539756653571875e+54 164
1694753635067 6.650408407878216e+54 165
1694753635407 7.983731914119432e+54 166
1694753635704 9.58437006680994e+54 167
1694753636055 1.1505916101103713e+55 168
1694753636498 1.3812708023877584e+55 169
1694753636797 1.658198280574898e+55 170
1694753637156 1.9906462461585127e+55 171
1694753637546 2.3897458607731256e+55 172
1694753637815 2.868859944403973e+55 173
1694753638151 3.444030394906885e+55 174
1694753638511 4.134515309532399e+55 175
1694753638930 4.963433792581252e+55 176
1694753639246 5.958540038910557e+55 177
1694753639631 7.153152611477901e+55 178
1694753640033 8.587270027382161e+55 179
1694753640389 1.0308910004918848e+56 180
1694753640704 1.2375717212879308e+56 181
1694753641122 1.485689335342713e+56 182
1694753641511 1.7835514202392886e+56 183
1694753641810 2.141131118709815e+56 184
1694753642113 2.570401063565905e+56 185
1694753642446 3.085734250390933e+56 186
1694753642773 3.70438528018122e+56 187
1694753643151 4.447068085103181e+56 188
1694753643631 5.338649481021527e+56 189
1694753643920 6.4089817686139965e+56 190
1694753644273 7.693902260570787e+56 191
1694753644637 9.236433201465951e+56 192
1694753644960 1.1088222256518945e+57 193
1694753645425 1.3311271800292848e+57 194
1694753645888 1.5980014906095404e+57 195
1694753646337 1.918380754522744e+57 196
1694753646808 2.3029920440934538e+57 197
1694753647219 2.7647130751565647e+57 198
1694753647700 3.319003384117419e+57 199
1694753648099 3.9844219506065975e+57 200
1694753648387 4.7832485969872814e+57 201
1694753648735 5.7422299706730525e+57 202
1694753648991 6.89347508654765e+57 203
1694753649392 8.275530414412038e+57 204
1694753649717 9.934670507985633e+57 205
1694753650129 1.1926447388841093e+58 206
1694753650583 1.4317550562392559e+58 207
1694753650893 1.7188039943769626e+58 208
1694753651246 2.0634026457333622e+58 209
1694753651626 2.4770890062789034e+58 210
1694753651924 2.9737142955184055e+58 211
1694753652226 3.5699067288076625e+58 212
1694753652538 4.2856282702049317e+58 213
1694753652894 5.144843007288907e+58 214
1694753653226 6.176319526747898e+58 215
1694753653594 7.414594156214905e+58 216
1694753653901 8.901127324013871e+58 217
1694753654248 1.0685691754537344e+59 218
1694753654613 1.2828038979392687e+59 219
1694753654998 1.5399899963139388e+59 220
1694753655412 1.84873868294036e+59 221
1694753655732 2.2193876102967245e+59 222
1694753656009 2.664347000574719e+59 223
1694753656278 3.1985151699222204e+59 224
1694753656609 3.8397773600870244e+59 225
1694753656896 4.609604579551014e+59 226
1694753657257 5.533772504803808e+59 227
1694753657694 6.6432245123084525e+59 228
1694753657997 7.975107737556068e+59 229
1694753658248 9.574016850971296e+59 230
1694753658541 1.1493487195292938e+60 231
1694753658887 1.3797787278279235e+60 232
1694753659379 1.6564070637727108e+60 233
1694753659777 1.9884959128448795e+60 234
1694753660073 2.387164412589925e+60 235
1694753660402 2.8657609482249675e+60 236
1694753660776 3.440310088847675e+60 237
1694753661222 4.1300491287516744e+60 238
1694753661603 4.958072198548755e+60 239
1694753661946 5.9521035124955694e+60 240
1694753662393 7.145425642214701e+60 241
1694753662828 8.577993897658611e+60 242
1694753663137 1.0297774127485272e+61 243
1694753663591 1.2362348731636439e+61 244
1694753664075 1.4840844659302463e+61 245
1694753664544 1.7816247946306855e+61 246
1694753664972 2.138818228821767e+61 247
1694753665373 2.567624468253176e+61 248
1694753665738 3.082400982529584e+61 249
1694753666058 3.700383733904536e+61 250
1694753666474 4.442264278967431e+61 251
1694753666891 5.332882571983315e+61 252
1694753667286 6.402058666616283e+61 253
1694753667605 7.685591163420965e+61 254
1694753667947 9.226455833538025e+61 255
1694753668288 1.1076244551412794e+62 256
1694753668669 1.3296892715483462e+62 257
1694753669052 1.596275299505959e+62 258
1694753669458 1.9163084837450273e+62 259
1694753669812 2.300504309005914e+62 260
1694753670123 2.7617265803739714e+62 261
1694753670510 3.3154181345741103e+62 262
1694753670909 3.980117903479946e+62 263
1694753671259 4.778081642373759e+62 264
1694753671674 5.7360271064402395e+62 265
1694753671988 6.886028625804614e+62 266
1694753672338 8.26659103165007e+62 267
1694753672712 9.92393889105746e+62 268
1694753673061 1.1913564217266529e+63 269
1694753673392 1.4302084476440154e+63 270
1694753673776 1.7169473101489907e+63 271
1694753674146 2.0611737195958753e+63 272
1694753674485 2.474413208396026e+63 273
1694753674869 2.9705020337078486e+63 274
1694753675150 3.566050448777841e+63 275
1694753675448 4.2809988543772685e+63 276
1694753675773 5.1392854516291256e+63 277
1694753676173 6.169647750856225e+63 278
1694753676493 7.40658477290438e+63 279
1694753676880 8.891512159767277e+63 280
1694753677339 1.067414887040949e+64 281
1694753677704 1.2814181891716195e+64 282
1694753678085 1.538326470311707e+64 283
1694753678494 1.8467416408311478e+64 284
1694753678853 2.2169901862825445e+64 285
1694753679262 2.661468923103417e+64 286
1694753679659 3.195060074001839e+64 287
1694753680059 3.835629560752897e+64 288
1694753680445 4.604625198453461e+64 289
1694753681087 5.527794820225216e+64 290
1694753681444 6.636048376917115e+64 291
1694753681727 7.966492876989619e+64 292
1694753682085 9.563674818870136e+64 293
1694753682442 1.1481071715418793e+65 294
1694753682871 1.378288265034948e+65 295
1694753683173 1.6546177818764307e+65 296
1694753683524 1.986347902361529e+65 297
1694753683880 2.3845857529353576e+65 298
1694753684189 2.86266529963962e+65 299
1694753684498 3.4365938015326814e+65 300
1694753684806 4.125587772423004e+65 301
1694753685118 4.95271639621047e+65 302
1694753685543 5.945673938936869e+65 303
1694753685910 7.137707019768301e+65 304
1694753686257 8.568727788183983e+65 305
1694753686703 1.028665027923488e+66 306
1694753687064 1.2348994691277161e+66 307
1694753687439 1.4824813301277538e+66 308
1694753687851 1.7797002501991166e+66 309
1694753688116 2.1365078373606588e+66 310
1694753688484 2.564850872270663e+66 311
1694753688831 3.0790713153265508e+66 312
1694753689178 3.6963865101730265e+66 313
1694753689570 4.437465661992968e+66 314
1694753689965 5.327121892468165e+66 315
1694753690293 6.395143043082902e+66 316
1694753690631 7.677289044073822e+66 317
1694753691046 9.216489243349655e+66 318
1694753691322 1.1064279784847856e+67 319
1694753691677 1.3282529163230586e+67 320
1694753691995 1.5945509730663143e+67 321
1694753692348 1.9142384514729868e+67 322
1694753692740 2.298019261216374e+67 323
1694753693109 2.7587433116589265e+67 324
1694753693430 3.3118367578844535e+67 325
1694753693789 3.975818505665542e+67 326
1694753694107 4.7729202692012966e+67 327
1694753694450 5.729830942657454e+67 328
1694753694938 6.878590208867818e+67 329
1694753695265 8.257661305376646e+67 330
1694753695614 9.913218866622715e+67 331
1694753695969 1.1900694962335007e+68 332
1694753696301 1.4286635097243227e+68 333
1694753696642 1.7150926315460694e+68 334
1694753697003 2.0589472011861132e+68 335
1694753697384 2.471740300960095e+68 336
1694753697694 2.967293241842607e+68 337
1694753698097 3.5621983343738637e+68 338
1694753698454 4.276374439331199e+68 339
1694753698784 5.1337338993449525e+68 340
1694753699176 6.162983181941698e+68 341
1694753699608 7.398584041479559e+68 342
1694753699968 8.881907382001007e+68 343
1694753700248 1.0662618455121052e+69 344
1694753700614 1.280033977272507e+69 345
1694753700977 1.5366647412813868e+69 346
1694753701266 1.8447467559641877e+69 347
1694753701584 2.214595352010637e+69 348
1694753702025 2.6585939545852403e+69 349
1694753702388 3.1916087103407056e+69 350
1694753702782 3.8314862419491984e+69 351
1694753703120 4.599651196176508e+69 352
1694753703422 5.521823592853313e+69 353
1694753703797 6.628879993321447e+69 354
1694753704199 7.957887322356662e+69 355
1694753704674 9.553343958425472e+69 356
1694753705202 1.1468669646978203e+70 357
1694753705568 1.3767994122677562e+70 358
1694753705843 1.6528304327959185e+70 359
1694753706201 1.9842022121992738e+70 360
1694753706535 2.382009878797178e+70 361
1694753706808 2.859572995031775e+70 362
1694753707218 3.43288152862075e+70 363
1694753707617 4.1211312353348697e+70 364
1694753708037 4.947366379310029e+70 365
1694753708418 5.939251310723758e+70 366
1694753708920 7.1299967351222e+70 367
1694753709307 8.559471688134082e+70 368
1694753709662 1.0275538447173387e+71 369
1694753710017 1.233565507620201e+71 370
1694753710293 1.4808799260625332e+71 371
1694753710600 1.7777777846964348e+71 372
1694753710985 2.134199941627612e+71 373
1694753711316 2.5620802723783952e+71 374
1694753711664 3.0757452448922995e+71 375
1694753712001 3.6923936043173325e+71 376
1694753712305 4.432672228574294e+71 377
1694753712650 5.321367435746748e+71 378
1694753713058 6.388234889935379e+71 379
1694753713425 7.668995892831225e+71 380
1694753713888 9.206533419258346e+71 381
1694753714288 1.1052327942847445e+72 382
1694753714655 1.326818112675539e+72 383
1694753715013 1.5928285092763264e+72 384
1694753715364 1.9121706552885062e+72 385
1694753715703 2.2955368978219112e+72 386
1694753716062 2.7557632655265227e+72 387
1694753716465 3.3082592498648496e+72 388
1694753716826 3.9715237521410426e+72 389
1694753717206 4.767764471440626e+72 390
1694753717526 5.723641472086622e+72 391
1694753717856 6.8711598270480605e+72 392
1694753718290 8.248741225160485e+72 393
1694753718619 9.902510422158772e+72 394
1694753718892 1.1887839609013231e+73 395
1694753719266 1.427120240675451e+73 396
1694753719574 1.713239956401644e+73 397
1694753719882 2.0567230879031542e+73 398
1694753720295 2.469070280848738e+73 399
1694753720693 2.9640879161743166e+73 400
1694753721076 3.5583503810958735e+73 401
1694753721362 4.271755019664714e+73 402
1694753721634 5.128188343951343e+73 403
1694753721887 6.156325812219108e+73 404
1694753722172 7.390591952594412e+73 405
1694753722422 8.872312979495253e+73 406
1694753722769 1.0651100495202771e+74 407
1694753723162 1.278651260624967e+74 408
1694753723434 1.5350048072818342e+74 409
1694753723755 1.8427540260091571e+74 410
1694753724028 2.2122031046834898e+74 411
1694753724327 2.655722091661817e+74 412
1694753724712 3.188161074907135e+74 413
1694753725039 3.8273473988359467e+74 414
1694753725494 4.594682566909825e+74 415
1694753725901 5.515858815712886e+74 416
1694753726217 6.621719353147797e+74 417
1694753726489 7.949291063604773e+74 418
1694753726796 9.54302425756947e+74 419
1694753727134 1.1456280975483893e+75 420
1694753727576 1.37531216778717e+75 421
1694753727948 1.651045014443312e+75 422
1694753728316 1.982058839851663e+75 423
1694753728682 2.3794367871664157e+75 424
1694753729020 2.8564840307891936e+75 425
1694753729385 3.4291732657754402e+75 426
1694753729719 4.116679512281449e+75 427
1694753730110 4.942022141597907e+75 428
1694753730445 5.932835620353775e+75 429
1694753730833 7.122294779269795e+75 430
1694753731103 8.550225586696588e+75 431
1694753731395 1.0264438618320743e+76 432
1694753731677 1.232232987082858e+76 433
1694753732009 1.4792802518639355e+76 434
1694753732409 1.7758573958769436e+76 435
1694753732761 2.1318945389266986e+76 436
1694753733173 2.559312665339953e+76 437
1694753733500 3.0724227673415427e+76 438
1694753733865 3.6884050116732356e+76 439
1694753734293 4.4278839731120616e+76 440
1694753734744 5.3156191950971196e+76 441
1694753735211 6.381334199104104e+76 442
1694753735584 7.660711700005747e+76 443
1694753735967 9.196588349634484e+76 444
1694753736399 1.1040389011450357e+77 445
1694753736888 1.3253848589297617e+77 446
1694753737422 1.5911079061239505e+77 447
1694753737948 1.9101050927761524e+77 448
1694753738299 2.2930572159228338e+77 449
1694753738597 2.752786438495708e+77 450
1694753738912 3.3046856063363426e+77 451
1694753739346 3.967233637889645e+77 452
1694753739679 4.762614243069159e+77 453
1694753740059 5.717458687497694e+77 454
1694753740451 6.863737471665762e+77 455
1694753740802 8.239830780581866e+77 456
1694753741187 9.891813545156893e+77 457
1694753741557 1.1874998142284633e+78 458
1694753741877 1.42557863869468e+78 459
1694753742301 1.7113892825515742e+78 460
1694753742694 2.0545013771489795e+78 461
1694753743019 2.4664031449430663e+78 462
1694753743399 2.960886052958792e+78 463
1694753743787 3.554506584449015e+78 464
1694753744175 4.267140589981783e+78 465
1694753744514 5.122648778970425e+78 466
1694753744841 6.149675633911845e+78 467
1694753745168 7.382608496913188e+78 468
1694753745535 8.862728941042573e+78 469
1694753745862 1.0639594977200267e+79 470
1694753746313 1.2772700376138158e+79 471
1694753746664 1.5333466663740395e+79 472
1694753746981 1.8407634486383e+79 473
1694753747407 2.209813441506653e+79 474
1694753747735 2.6528533309784436e+79 475
1694753748057 3.1847171636738504e+79 476
1694753748433 3.823213026578451e+79 477
1694753748764 4.589719304849415e+79 478
1694753749132 5.5099004818362954e+79 479
1694753749483 6.614566448031593e+79 480
1694753749814 7.940704090692366e+79 481
1694753750095 9.532715704247361e+79 482
1694753750459 1.1443905686464253e+80 483
1694753750842 1.373826529855888e+80 484
1694753751136 1.649261524733004e+80 485
1694753751494 1.979917782814952e+80 486
1694753751783 2.37686647503736e+80 487
1694753752073 2.853398403303569e+80 488
1694753752346 3.425469008665024e+80 489
1694753752675 4.1122325980625423e+80 490
1694753752947 4.936683676831326e+80 491
1694753753274 5.926426860332526e+80 492
1694753753540 7.114601143214156e+80 493
1694753753861 8.540989473070811e+80 494
1694753754156 1.025335077971083e+81 495
1694753754464 1.2309019059591222e+81 496
1694753754833 1.4776823056633323e+81 497
1694753755186 1.7739390814973787e+81 498
1694753755594 2.129591626564911e+81 499
