1694722492352 169.31423218009755 0
1694722492801 8.54263909850557 1
1694722493149 69.28337898172116 2
1694722493531 11.69545864065248 3
1694722493883 32.21984122439713 4
1694722494183 10.611834733359364 5
1694722494559 16.87777828780395 6
1694722494945 8.341625024504651 7
1694722495227 9.87980116582854 8
1694722495568 6.3045428862089175 9
1694722495959 6.429903490134541 10
1694722496236 4.834039660920517 11
1694722496519 4.628384539983472 12
1694722496836 3.8692943876825274 13
1694722497183 3.6491386302197 14
1694722497503 3.2667969195338693 15
1694722497871 3.1024174039338144 16
1694722498244 2.900646568107386 17
1694722498550 2.7918225518416486 18
1694722498903 2.681556165701696 19
1694722499240 2.613376623932463 20
1694722499603 2.5516071172239827 21
1694722499934 2.510085185706397 22
1694722500247 2.4748850808008203 23
1694722500620 2.449970911828243 24
1694722500954 2.4296652170009034 25
1694722501292 2.414819843605524 26
1694722501665 2.4029915935053077 27
1694722501987 2.394157940800039 28
1694722502280 2.387202083839557 29
1694722502742 2.3819260659082135 30
1694722503123 2.377787845573627 31
1694722503402 2.3746061409990906 32
1694722503755 2.3721035503571364 33
1694722504126 2.370150865317778 34
1694722504484 2.368599995673196 35
1694722504861 2.3673671891794767 36
1694722505230 2.3663709050223076 37
1694722505554 2.3655592840766038 38
1694722505930 2.364886463295396 39
1694722506268 2.3643211092916196 40
1694722506593 2.363837062289771 41
1694722506970 2.3634156512323745 42
1694722507359 2.363041820608949 43
1694722507769 2.3627045341654025 44
1694722508142 2.362395078280604 45
1694722508458 2.362106960727998 46
1694722508781 2.361835120740584 47
1694722509133 2.361575750125003 48
1694722509447 2.3613259033303597 49
1694722509896 2.3610833504180806 50
1694722510253 2.360846374711941 51
1694722510576 2.3606136718072737 52
1694722510943 2.3603842404140387 53
1694722511298 2.3601573180029582 54
1694722511591 2.3599323202615596 55
1694722511863 2.3597088016012013 56
1694722512190 2.3594864209378117 57
1694722512567 2.359264917949061 58
1694722512946 2.359044093494822 59
