1694742766673 5.32265030717161 0
1694742766902 3.048593104821637 1
1694742767239 1.6731426549100001 2
1694742767516 0.15371399184971887 3
1694742767788 0.8775521775447447 4
1694742768011 2.9923892692926954 5
1694742768240 2.86409195918751 6
1694742768623 0.16294894592799417 7
1694742768874 1.8445079636801154 8
1694742769116 0.0007182753674026015 9
1694742769356 3.174900361056002 10
1694742769623 0.29493747163758693 11
1694742769889 0.1637379451982338 12
1694742770224 0.24824342672918298 13
1694742770597 2.154620241455683 14
1694742770896 1.0519764965273752 15
1694742771133 0.5259907896314846 16
1694742771438 1.0577090205682658 17
1694742771754 0.2685502557825595 18
1694742771978 0.011408580856820416 19
1694742772225 0.19707122138611724 20
1694742772444 0.38670377756531316 21
1694742772725 0.007565507921022923 22
1694742773022 6.922046098327504 23
1694742773266 0.5786205991202074 24
1694742773580 0.2972523267614021 25
1694742773864 4.572470875897238 26
1694742774085 0.8517103851843923 27
1694742774343 0.16051857290998248 28
1694742774651 2.6375588887358674 29
1694742774922 11.549449699199805 30
1694742775355 2.818208318622323 31
1694742775645 1.8490373599119294 32
1694742775924 0.008140167610606977 33
1694742776189 1.0853322137491335 34
1694742776447 1.0035489874577281 35
1694742776732 0.04072660920786903 36
1694742776956 5.455608663064875 37
1694742777177 0.550278617272361 38
1694742777464 4.370761026332333 39
1694742777710 4.9932185491363255 40
1694742777973 0.6451244238526124 41
1694742778225 0.593443456779062 42
1694742778496 1.9495981231343897 43
1694742778763 0.37628757215235964 44
1694742779082 0.565593126920805 45
1694742779320 0.0029210240017627613 46
1694742779598 0.0017339371266457478 47
1694742779869 0.001501289506422954 48
1694742780142 0.1640346840565781 49
1694742780374 0.35307303094552767 50
1694742780637 1.6179334041260558 51
1694742780898 0.331962698691989 52
1694742781145 2.2852106824716514 53
1694742781385 3.998146025791611 54
1694742781730 0.4877111141966219 55
1694742782039 5.832723422650248 56
1694742782290 0.06357670216606134 57
1694742782580 1.5332425767119202 58
1694742782886 0.005670625888208212 59
1694742783109 5.649529999170191 60
1694742783385 0.0009650810629255391 61
1694742783604 3.6149808476824186 62
1694742783850 0.545034597804148 63
1694742784172 1.2567304214599044 64
1694742784447 1.4504738466825025 65
1694742784684 0.9749782410130485 66
1694742784920 0.9519736236576646 67
1694742785151 1.9569611383979326 68
1694742785427 0.8683427972411771 69
1694742785735 3.374342756433179 70
1694742786028 0.6129878142695347 71
1694742786318 0.02226861765188293 72
1694742786575 1.1200678308623893 73
1694742786910 4.234829899754779 74
1694742787151 1.2803087065824952 75
1694742787378 0.6628391069888153 76
1694742787622 1.980125441223464 77
1694742787869 1.2279507212193548 78
1694742788098 0.14548998517162878 79
1694742788328 0.4743436942747127 80
1694742788694 3.1688533178078995 81
1694742788919 0.0827013750851241 82
1694742789172 0.001553481945700896 83
1694742789455 0.5805505999114108 84
1694742789757 0.09020042485029761 85
1694742790007 0.4394195065204154 86
1694742790318 0.6879501473333162 87
1694742790553 0.9017438530140295 88
1694742790861 4.3524802896710675 89
1694742791106 0.0050905775562723205 90
1694742791382 0.0023172007917086237 91
1694742791694 0.441764326234398 92
1694742791957 18.600928611421214 93
1694742792177 0.10056111576174798 94
1694742792386 0.39675886895208434 95
1694742792583 3.957969460237743 96
1694742792819 0.1831951789767655 97
1694742793098 4.639741499286557 98
1694742793332 0.019768408728110125 99
1694742793529 0.12370326014610672 100
1694742793745 0.10268090307333874 101
1694742794002 2.5243319342948842 102
1694742794213 3.0853996211086425 103
1694742794444 0.22234142516411015 104
1694742794691 0.2071672076449172 105
1694742794999 0.3540019351044371 106
1694742795289 0.026242604379103193 107
1694742795517 2.3599765267436834 108
1694742795753 5.106119817571832 109
1694742796005 0.535794466133991 110
1694742796259 1.5481486765054144 111
1694742796564 1.3858322901556372 112
1694742796862 6.619326978448295 113
1694742797123 5.846184193666439 114
1694742797408 1.311717773017746 115
1694742797694 3.7248014954826902 116
1694742797960 0.6984681353383994 117
1694742798247 0.007038323794029038 118
1694742798519 3.463139634669172 119
1694742798787 0.6114233369885331 120
1694742799072 0.4771291530355033 121
1694742799455 0.8498696653592098 122
1694742799739 1.510384523233553 123
1694742800008 0.2869023438921097 124
1694742800333 0.2498368818562783 125
1694742800583 1.6107529920974797 126
1694742800862 0.2981795310569344 127
1694742801158 0.43937425593982976 128
1694742801429 0.43543330653209994 129
1694742801676 1.109780202808671 130
1694742802033 0.02852867317837377 131
1694742802313 1.1366257438849314 132
1694742802610 0.7367368747758358 133
1694742802919 2.2291858686761192 134
1694742803226 0.5073451385214546 135
1694742803528 0.11689606823228348 136
1694742803840 2.5733726961976457 137
1694742804168 0.08729676483308675 138
1694742804429 1.2143773514092333 139
1694742804690 0.2428710996154925 140
1694742804929 1.3210755530303475 141
1694742805178 0.9174830768857981 142
1694742805439 2.3276547124289397 143
1694742805698 7.585773178660647 144
1694742805933 1.2221223292667813 145
1694742806190 0.09920615776933363 146
1694742806495 1.1690442111278765 147
1694742806764 6.252008972319712 148
1694742807038 0.08917476036784004 149
1694742807333 0.5090873073308592 150
1694742807535 0.18654234544951231 151
1694742807784 7.829193550301933 152
1694742808070 5.755134399777093 153
1694742808307 0.2295336799551792 154
1694742808637 0.815990505558369 155
1694742808930 0.012848262018065678 156
1694742809222 2.8391868455862648 157
1694742809487 0.06409539205955975 158
1694742809735 2.8647931951779033 159
1694742810059 1.078285337537561 160
