1694726464552 2.3461642470450275 0
1694726464887 0.005256429181220496 1
1694726465346 16.762789410539614 2
1694726465751 0.014100912257171973 3
1694726465984 2.560020342493537 4
1694726466219 1.9404366305892986 5
1694726466455 0.43261207932347706 6
1694726466729 0.0014437523339255198 7
1694726466999 3.8926396204294575 8
1694726467466 21.822560872745843 9
1694726467798 10.726610189978434 10
1694726468080 0.1352880526898827 11
1694726468413 0.33722231787913554 12
1694726468758 4.90361117437446 13
1694726468984 3.2842106394174597 14
1694726469226 0.9496762397911103 15
1694726469468 1.6031066831267116 16
1694726469828 4.793527160825289 17
1694726470110 0.48649804863262147 18
1694726470427 0.04469885564350545 19
1694726470748 0.09720706472908636 20
1694726471063 8.315267472866605 21
1694726471332 2.285909474813197 22
1694726471557 0.675100052482624 23
1694726471810 0.4129543897582446 24
1694726472128 3.843585827530436 25
1694726472425 5.938887947455099 26
1694726472741 1.8952378882601129 27
1694726472988 0.025166552025269726 28
1694726473279 0.46815413904057596 29
1694726473516 0.9751194115383662 30
1694726473951 0.6304434666007924 31
1694726474326 0.051129109218183005 32
1694726474652 0.0575326404516575 33
1694726474903 5.7635115217766755 34
1694726475155 1.342486155725805 35
1694726475402 1.0485307659700285 36
1694726475766 1.7214910969441577 37
1694726476000 0.5739193621413836 38
1694726476254 0.592628217155249 39
1694726476614 0.022323249641185355 40
1694726476918 1.6604824634927244 41
1694726477355 1.5673459746024054 42
1694726477673 0.006373565747553118 43
1694726477964 0.0033009486245493564 44
1694726478321 0.12651933307801277 45
1694726478667 0.002182626513716113 46
1694726478961 14.325078305860165 47
1694726479247 0.5489489755109087 48
1694726479550 0.1613345551343256 49
1694726479858 7.736233084735767 50
1694726480103 0.8248719583485273 51
1694726480326 0.007557866206251404 52
1694726480624 1.8808875115113148 53
1694726480993 8.940871160175567 54
1694726481231 0.04502501067789944 55
1694726481556 1.7409326417700859 56
1694726481888 4.200442588700821 57
1694726482124 0.038961548188591766 58
1694726482369 10.514322871679038 59
1694726482631 0.11981686109794211 60
1694726482896 0.013264286418946725 61
1694726483196 2.47969786480989 62
1694726483506 0.9829245580168283 63
1694726483787 0.002237472200411392 64
1694726484047 1.5710978133414002 65
1694726484332 0.040050831044788834 66
1694726484621 0.004588104034628902 67
1694726484926 0.18589528073014772 68
1694726485143 0.6999334185613901 69
1694726485455 0.04840907774059411 70
1694726485846 1.690599393747213 71
1694726486105 0.17240527491813532 72
1694726486338 5.451719962400545 73
1694726486616 7.160220511107464 74
1694726486953 1.160674974381707 75
1694726487182 4.192676061436467 76
1694726487588 0.013146996366321212 77
1694726487919 0.7370752811730934 78
1694726488185 0.22057292540521134 79
1694726488513 0.3849257918762351 80
1694726488798 1.1934202632001245 81
1694726489103 3.550464523865204 82
1694726489374 0.10391605404999739 83
1694726489611 0.04958829755084267 84
1694726489968 0.43079474276725627 85
1694726490231 0.0005183022065308472 86
1694726490490 4.586753365099562 87
1694726490805 1.5955200862976102 88
1694726491127 0.14533703724464808 89
1694726491374 0.5013503510884662 90
1694726491661 0.2708584995170239 91
1694726492039 0.1801449177356074 92
1694726492321 4.324969776000336 93
1694726492648 3.1483338498243496 94
1694726492910 0.21196409398478974 95
1694726493122 2.6283229198262634 96
1694726493366 1.4779955411754566 97
1694726493660 0.2995986414594987 98
1694726493955 0.6318866841657423 99
1694726494287 0.5555890959316949 100
1694726494552 7.696105461100837 101
1694726494837 10.17132860985756 102
1694726495146 0.9378222148574793 103
1694726495451 4.605935952022741 104
1694726495774 0.06420691883114636 105
1694726496086 0.009612634127508832 106
1694726496320 1.267610068380271 107
1694726496617 0.18670496067682138 108
