1694721591071 168.87260894317848 0
1694721591487 131.5903565665971 1
1694721591967 118.61714520848179 2
1694721592418 105.88753681110508 3
1694721592802 94.61450855009569 4
1694721593202 84.56539075293131 5
1694721593700 75.61125939601625 6
1694721594112 67.63256515124593 7
1694721594546 60.52306051036841 8
1694721594990 54.18805588715431 9
1694721595422 48.543178072634035 10
1694721595881 43.51324533278903 11
1694721596255 39.03126616071802 12
1694721596686 35.037547037696 13
1694721597114 31.478897397794608 14
1694721597505 28.30792120263445 15
1694721597924 25.482385691296187 16
1694721598402 22.96465889798978 17
1694721598839 20.721208445991707 18
1694721599212 18.722154942474088 19
1694721599647 16.940874026058477 20
1694721600016 15.353641766914954 21
1694721600424 13.939318696623074 22
1694721600782 12.679068259506602 23
1694721601134 11.556105935600984 24
1694721601550 10.555475693916097 25
1694721602005 9.663850798659114 26
1694721602385 8.869356315430025 27
1694721602917 8.161410953416397 28
1694721603336 7.530586137142698 29
1694721603802 6.968480430803675 30
1694721604138 6.467607642686322 31
1694721604573 6.021297119385384 32
1694721604976 5.6236049018681316 33
1694721605425 5.2692345601094255 34
1694721605831 4.9534666519232475 35
1694721606221 4.672095866479207 36
1694721606659 4.421375015342026 37
1694721607095 4.197965125071788 38
1694721607618 3.9988909666867722 39
1694721608026 3.821501429702599 40
1694721608438 3.6634342129842854 41
1694721608860 3.5225843621418615 42
1694721609134 3.3970762344309624 43
1694721609583 3.285238517769367 44
1694721610092 3.1855819711571134 45
1694721610418 3.0967795900332007 46
1694721610804 3.0176489323986715 47
1694721611157 2.9471363703143485 48
1694721611538 2.8843030570247863 49
1694721612028 2.828312422809848 50
1694721612479 2.778419033025808 51
1694721612858 2.7339586599404395 52
1694721613151 2.694339436132533 53
1694721613539 2.659033971631305 54
1694721613985 2.6275723298068416 55
1694721614363 2.5995357684600595 56
1694721614849 2.5745511627521562 57
1694721615257 2.5522860356945563 58
1694721615657 2.532444130012396 59
1694721616019 2.5147614624047967 60
1694721616452 2.4990028076501156 61
1694721617031 2.4849585657292903 62
1694721617399 2.4724419702416567 63
1694721617782 2.4612866009331853 64
1694721618206 2.4513441672074276 65
1694721618650 2.442482533098584 66
1694721619045 2.4345839574020394 67
1694721619516 2.4275435255233537 68
1694721619936 2.421267752160049 69
1694721620275 2.4156733362058764 70
1694721620708 2.41068605129456 71
1694721621029 2.40623975720662 72
1694721621399 2.4022755189725546 73
1694721621946 2.3987408219400463 74
1694721622379 2.3955888723509653 75
1694721622807 2.3927779741128274 76
1694721623166 2.390270973464153 77
1694721623605 2.388034764137421 78
1694721624025 2.386039846429093 79
1694721624348 2.384259934304103 80
1694721624760 2.3826716053020016 81
1694721625113 2.3812539885819723 82
1694721625493 2.3799884869519157 83
1694721625871 2.378858529179414 84
1694721626291 2.37784934928569 85
1694721626808 2.3769477898830615 86
1694721627161 2.3761421269366254 87
1694721627587 2.3754219136162207 88
1694721628039 2.3747778411590166 89
1694721628414 2.374201614889579 90
1694721628921 2.373685843746197 91
1694721629271 2.373223941842098 92
1694721629651 2.37281004075049 93
1694721630065 2.3724389113451787 94
1694721630457 2.3721058941557973 95
1694721630865 2.3718068373100616 96
1694721631308 2.3715380412365423 97
1694721631731 2.3712962093914545 98
1694721632187 2.371078404353225 99
1694721632568 2.370882008700077 100
1694721632978 2.3707046901495685 101
1694721633411 2.370544370495794 102
1694721633971 2.370399197930541 103
1694721634349 2.3702675223797476 104
1694721634707 2.370147873526786 105
1694721635101 2.3700389412298613 106
1694721635509 2.369939558072731 107
1694721635938 2.3698486838163175 108
1694721636395 2.36976539154416 109
1694721636797 2.3696888553171553 110
1694721637206 2.3696183391731895 111
1694721637608 2.3695531873251303 112
1694721638020 2.3694928154266455 113
1694721638422 2.3694367027895136 114
1694721638788 2.369384385448769 115
1694721639219 2.3693354499833332 116
1694721639530 2.3692895280098067 117
1694721640024 2.369246291276113 118
1694721640489 2.369205447289631 119
1694721640985 2.3691667354215955 120
1694721641409 2.36912992343588 121
1694721641862 2.3690948043959317 122
1694721642281 2.3690611939086588 123
1694721642626 2.369028927668571 124
1694721643065 2.3689978592694545 125
1694721643497 2.368967858254443 126
1694721643974 2.36893880837851 127
1694721644314 2.368910606060249 128
1694721644637 2.3688831590023067 129
1694721645009 2.3688563849621125 130
1694721645409 2.3688302106565184 131
1694721645852 2.3688045707857706 132
1694721646293 2.368779407163804 133
1694721646642 2.368754667943287 134
1694721647055 2.368730306925083 135
1694721647409 2.368706282942943 136
1694721647787 2.3686825593152285 137
1694721648236 2.3686591033563613 138
1694721648585 2.3686358859414978 139
1694721648910 2.368612881118625 140
1694721649309 2.3685900657629158 141
1694721649709 2.3685674192687394 142
1694721650307 2.368544923275219 143
1694721650660 2.368522561421696 144
1694721651056 2.368500319129824 145
1694721651444 2.368478183409405 146
1694721651846 2.3684561426853827 147
