1694714141918 4.362889294961273 0
1694714142162 0.4141743840587115 1
1694714142408 0.8946608771496389 2
1694714142678 1.3169737767077534 3
1694714142940 1.7471684014160085 4
1694714143237 0.5727263741475804 5
1694714143520 0.8788451412649456 6
1694714143836 0.046435759856630336 7
1694714144111 4.052474663965565 8
1694714144387 5.066403200670777 9
1694714144640 0.021493979520373126 10
1694714144891 10.053851905582809 11
1694714145122 20.343771335422343 12
1694714145403 2.0764312544089445 13
1694714145681 1.7582935127499066 14
1694714146035 0.13430587693228233 15
1694714146310 1.68131619886333 16
1694714146594 3.899267837439466 17
1694714146914 0.026599096516225402 18
1694714147158 0.30285623967269815 19
1694714147397 0.43443874348952716 20
1694714147735 0.7095782186419469 21
1694714147968 0.2770153374342915 22
1694714148252 3.1780637748655445 23
1694714148559 1.6802102603421303 24
1694714148847 0.04702333769435286 25
1694714149193 2.5353702291208515 26
1694714149445 2.965413895851453 27
1694714149715 3.4827304846750327 28
1694714149936 1.6260385316930868 29
1694714150153 0.42641402703701886 30
1694714150341 6.538964256231529 31
1694714150573 1.949465390377563 32
1694714150850 0.4107668114660169 33
1694714151060 0.021371797738699315 34
1694714151380 5.4558982016409985 35
1694714151668 0.52644195168646 36
1694714151907 0.4694006586630485 37
1694714152125 0.8210088181637072 38
1694714152406 2.143792739429144e-05 39
1694714152690 0.44345707182146527 40
1694714152924 0.4215628664937617 41
1694714153354 0.2481014546236231 42
1694714153938 4.929772928985791 43
1694714154179 0.09503652752472207 44
1694714154455 5.421023018983657 45
1694714154735 0.27852274631481816 46
1694714155071 0.8756558250938202 47
1694714155439 1.2685729886476096 48
1694714155727 0.17452257679118016 49
1694714156112 8.549219517081804 50
1694714156363 4.4607444966749235 51
1694714156658 0.1444965457250958 52
1694714156929 0.05690895719877599 53
1694714157133 0.0985125070281367 54
1694714157411 0.05560227321263473 55
1694714157773 1.9549355104178727 56
1694714158015 12.009976573257138 57
1694714158317 4.151286996792127 58
1694714158583 0.36447408629022926 59
1694714158867 0.7542558167615987 60
1694714159190 0.005718192336759254 61
1694714159478 0.3819298251888148 62
1694714159767 0.7031297903650977 63
1694714160019 0.7043784666670155 64
1694714160278 1.363379068918587 65
1694714160626 0.7218532062510514 66
1694714160917 1.800074173433781 67
1694714161125 0.03867367584806238 68
1694714161328 5.448230242977646 69
1694714161537 3.1270542281827165 70
1694714161768 0.04413019697505302 71
1694714162002 2.902595953336839 72
1694714162192 1.2440270264007218 73
1694714162401 2.8977264103821914 74
1694714162707 0.11821472653212106 75
1694714162987 0.2259748380048791 76
1694714163229 0.7301709814651425 77
1694714163512 0.3138561293461745 78
1694714163786 1.0615401765679262 79
1694714164023 1.1550266415068278 80
1694714164266 1.537481354677514 81
1694714164553 0.06684826208381306 82
1694714164843 0.013177116562556039 83
1694714165099 1.2074700979008925 84
1694714165290 0.15524853435876743 85
1694714165565 0.0023423616449885277 86
1694714165877 0.42567097317669633 87
1694714166186 0.5341133988138991 88
1694714166439 5.213057251991015 89
1694714166666 0.15566756746054985 90
1694714166883 2.471144425646422 91
1694714167160 0.18123977463047214 92
1694714167398 1.2201692581995127 93
1694714167649 0.3211164619013236 94
1694714167921 1.5316572932789705 95
1694714168204 0.10979990414748561 96
1694714168468 0.597976527170796 97
1694714168728 6.936213978745474 98
1694714169016 0.16042266262665153 99
1694714169233 0.0013243136576694986 100
1694714169562 1.527340953654095 101
1694714169839 0.33984700455696815 102
1694714170114 1.7411426535608425 103
1694714170346 0.04181424013978094 104
1694714170563 0.12724770897241128 105
1694714170862 0.8683859468932165 106
1694714171130 3.4587216504319773 107
1694714171378 1.5617109412843573 108
1694714171721 0.03551812320791673 109
1694714172007 6.034178590438477 110
1694714172234 4.36762977187247 111
1694714172500 0.3740317717142256 112
1694714172735 0.1597770331876583 113
1694714173019 0.4814809428000543 114
1694714173240 1.0128514451529653 115
1694714173497 0.7105118190299935 116
1694714173824 0.020643012023249207 117
1694714174128 0.0073975623496542265 118
1694714174381 0.6449725127025169 119
1694714174667 0.3477856250411717 120
1694714174967 0.3447042693926719 121
1694714175278 0.8058375558607108 122
1694714175606 0.3199317178360044 123
1694714175926 0.002899680256707733 124
1694714176268 0.0008896857476262167 125
1694714176472 0.6667245904648461 126
1694714176703 7.94279579164189 127
1694714176983 1.2928011199972314 128
1694714177251 0.09127377141246337 129
1694714177484 1.159712379823792 130
1694714177784 2.8676136418238807 131
1694714178029 0.02651449213728681 132
1694714178308 0.3379593038271815 133
1694714178567 7.110589886901794 134
1694714178864 6.247313392207654 135
1694714179162 0.6907333394764866 136
1694714179445 0.11708204772554065 137
1694714179682 7.2087254320511684 138
1694714179949 0.6797663943191259 139
1694714180211 0.011589960428236673 140
1694714180425 1.9913605769541258 141
1694714180714 0.7077626532231246 142
1694714180983 3.2226879402544815 143
1694714181253 0.2749347041358065 144
1694714181455 1.650545734426868 145
1694714181678 0.7086066101684515 146
1694714181922 0.08545255420236779 147
1694714182176 0.08870141385089014 148
1694714182406 0.44667422806245466 149
1694714182613 0.2649461030426162 150
1694714182941 0.39626618269354325 151
1694714183232 0.32317144847976603 152
1694714183455 0.0033269990010082063 153
1694714183765 0.3368554858033513 154
1694714184073 0.2122398935371266 155
1694714184350 0.7906133572299978 156
1694714184573 0.7483648265573623 157
1694714184786 1.338854181887463 158
1694714185075 0.7876827304908466 159
1694714185368 0.34933637495731407 160
1694714185583 0.021338028990762013 161
1694714185791 3.8202678692048506 162
1694714186111 0.07903056916431826 163
1694714186385 0.0012736551448386114 164
1694714186601 2.8392868788016234 165
1694714186930 3.387136352461643 166
1694714187233 0.006889989974347739 167
1694714187488 0.01141587417401391 168
1694714187740 0.1867039600121485 169
1694714188049 0.8638863731339708 170
1694714188354 0.057300360711563074 171
1694714188582 0.8584215660117088 172
1694714188787 0.10024473462122477 173
1694714189032 0.837388982551635 174
1694714189326 0.21313825852759846 175
1694714189635 0.23477932015909533 176
1694714189887 3.1845662932367826 177
1694714190173 0.16773062792340537 178
1694714190436 0.46050508899820597 179
1694714190650 1.006557840126424 180
1694714190866 1.8647632040471407 181
1694714191146 0.43051351015835876 182
1694714191470 2.569698726094537 183
1694714192036 0.17630880563523965 184
1694714192711 0.014881999491614346 185
1694714193377 1.5377470198791254 186
1694714193902 0.0026701184343308 187
1694714194713 4.318507850462984 188
1694714195534 5.9956278787551245 189
1694714196098 0.019403907035366565 190
1694714196687 0.34143008722180435 191
1694714196928 1.0571484320644733 192
1694714197176 0.020896988923544996 193
1694714197445 2.0417649489088903 194
1694714197691 5.338608241030098 195
1694714197942 9.859002735914032e-05 196
1694714198247 6.671099017470087 197
1694714198509 3.814839873194664 198
1694714198697 1.7840674944942918 199
1694714198970 0.4249257578381169 200
1694714199245 1.0783815782928243 201
1694714199490 0.046121561529279535 202
1694714199706 1.731084168446681 203
1694714199984 0.8956675760635237 204
1694714200244 0.02983215513962911 205
1694714200571 1.4066858576382795 206
1694714200804 0.06749218889130888 207
1694714201032 0.5522878605461577 208
1694714201252 2.946450741544481 209
1694714201530 0.47080547562699365 210
1694714201755 0.975191135513703 211
1694714202006 0.00034083472366774805 212
1694714202274 4.538183549371851 213
1694714202522 1.251763732983591 214
1694714202776 0.7556353731729548 215
1694714203013 0.11413264969436909 216
1694714203255 0.3694564948282169 217
1694714203478 0.05492347002898021 218
1694714203725 2.3756631189325494 219
1694714203978 0.4568303165501188 220
1694714204328 0.13384198680501422 221
1694714204645 0.7011721421777687 222
1694714204867 0.01903280977419286 223
1694714205227 1.0585524133304371 224
1694714205507 0.7503918931701038 225
1694714205774 0.753195442945837 226
1694714206070 0.2599083122127136 227
1694714206305 0.2651565625206973 228
1694714206579 0.00019596156963068214 229
1694714206833 0.028554077692671695 230
1694714207113 0.031223121970648905 231
1694714207401 0.8101856406952519 232
1694714207721 0.038569527834084474 233
1694714207932 0.39224707418225807 234
1694714208137 0.03819865598514318 235
1694714208367 0.5025151036933452 236
1694714208596 0.33885835853089813 237
1694714208850 0.8453700792984555 238
1694714209100 0.08096058135113118 239
1694714209357 0.3099607955570256 240
1694714209679 1.062310871732584 241
1694714209901 0.26724563545184576 242
1694714210157 3.870539792535973 243
1694714210477 1.123174568811673 244
1694714210758 0.8308488410096858 245
1694714210984 1.0668344019639573 246
1694714211215 0.02264365820819782 247
1694714211454 2.0292004724901482 248
1694714211799 1.1055038642434731 249
1694714212056 1.2020833255296612 250
1694714212333 1.2687095830876365 251
1694714212619 0.9095280598459535 252
1694714212907 0.3384465622005948 253
1694714213223 0.1346720398513411 254
1694714213532 1.6191648393414293 255
1694714213885 7.172462146717288 256
1694714214127 0.026643494030611635 257
1694714214343 6.527266173824212e-06 258
1694714214614 0.052536082927630456 259
1694714214918 1.7861830131677823 260
1694714215175 2.0346322390742273 261
1694714215433 0.005111678163831282 262
1694714215721 1.2115967379012962 263
1694714216072 0.044166340776625644 264
1694714216369 3.2386718576789812 265
1694714216616 0.039460589710682545 266
1694714216892 1.1419749835902457 267
1694714217117 1.2019154356059534 268
1694714217403 0.37332383074889974 269
1694714217748 1.7562172949731094 270
1694714218088 0.7516462666326096 271
1694714218435 0.9907411986966654 272
1694714218743 0.1811523892838774 273
1694714219044 2.5567136129923163 274
1694714219292 0.021763895650457873 275
1694714219566 0.017821955570139006 276
1694714219843 4.343528252477196 277
1694714220131 0.09831003280359898 278
1694714220417 0.07302808707961884 279
1694714220740 0.01932357933598458 280
1694714221024 1.853109771454517 281
1694714221288 0.4301561961215901 282
1694714221558 0.2925681608806161 283
1694714221822 1.755900224886598 284
1694714222101 0.007588581767871185 285
1694714222364 2.7456761206782314 286
1694714222659 0.6096220432586582 287
1694714222996 0.44330919614266806 288
1694714223230 0.12880939103597494 289
1694714223472 0.34072256599583034 290
1694714223741 1.3706690081267954 291
1694714224015 0.39621228281721166 292
1694714224248 0.6363993866842077 293
1694714224515 0.26326757936416006 294
1694714224791 0.034690875608693515 295
1694714225130 1.2271162977728822 296
1694714225367 0.6319948066852439 297
1694714225609 0.08283327354332537 298
1694714225843 3.1713271086784416 299
1694714226186 0.5289016014209018 300
1694714226404 0.28021215459203913 301
1694714226632 0.10656750912715646 302
1694714226866 0.006506582945580956 303
1694714227139 3.223214241647428 304
1694714227445 0.18774241887815413 305
1694714230075 0.4869389826641951 306
1694714230306 0.4783274102717636 307
1694714230960 0.9246600695141747 308
1694714231326 1.0527858093301146 309
1694714231815 0.1288871127236072 310
1694714232334 0.10080362606294739 311
1694714233122 0.5440141359808283 312
1694714233812 0.18592412478519663 313
1694714234271 0.9245892980942509 314
1694714236071 0.0454632682752552 315
1694714236647 0.8509312496237255 316
1694714236858 0.0017481397996973694 317
1694714237091 0.012417941261623735 318
1694714237336 0.3287270868042295 319
1694714237567 0.14874994078371212 320
1694714237856 0.03101235440420741 321
1694714238136 0.45815163934524517 322
1694714238449 1.0746976379186925 323
1694714238697 0.020204242153438884 324
1694714238952 2.6613995383652487 325
1694714239253 0.030806594178898743 326
1694714239505 0.29486973848371945 327
1694714239737 0.20205751490237656 328
1694714240016 0.017182523120659644 329
1694714240290 0.295564577981559 330
1694714240489 0.4140371712211351 331
1694714240744 0.25805084811630363 332
1694714240966 0.0003212678080845223 333
1694714241255 0.371769836398856 334
1694714241473 0.3911436995558632 335
1694714241708 0.2630888260049512 336
1694714241961 0.3404571653273942 337
1694714242279 0.3938930813311391 338
1694714242538 1.2339006778048478 339
1694714242834 0.5827340210120833 340
1694714243160 1.4693186975105155 341
1694714243436 0.20868830617259926 342
1694714243629 2.462746807807979 343
1694714243900 0.3613065817212772 344
1694714244179 0.01492594033379759 345
1694714244491 0.24812006058778285 346
1694714244735 1.296951161122597 347
1694714245029 0.0028543740907343686 348
1694714245352 0.7104105208626734 349
1694714245595 3.377705901496811 350
1694714245813 0.10096337549875922 351
1694714246156 3.9802055127610534 352
1694714246394 0.1353485503602001 353
1694714246664 0.043907872845092864 354
1694714246960 0.04860142719448211 355
1694714247241 0.07692201162522548 356
1694714247576 0.06931912552077046 357
1694714247834 0.534190281856626 358
1694714248061 0.22742823424108977 359
1694714248301 0.10975576090898344 360
1694714248612 0.004131875437389532 361
1694714248893 2.3398218227074636 362
1694714249112 0.627589552971817 363
1694714249533 0.29572024936597036 364
1694714249851 0.018163424533491897 365
1694714250395 0.07838437460348699 366
1694714250666 0.6669909439577411 367
1694714250943 0.20337820550506022 368
1694714251237 0.030409855382201055 369
1694714251543 0.5710525117792077 370
1694714251802 0.1645957722411663 371
1694714252039 0.01479916638406249 372
1694714252237 0.5222572334218732 373
1694714252472 1.0357720155706964 374
1694714252724 1.4897214773882645 375
1694714252996 2.203429130685361 376
1694714253238 0.42775952125894084 377
1694714253531 0.08986912451638494 378
1694714253767 0.3058580240677433 379
1694714254104 0.11251860044635296 380
1694714254363 0.866309125510939 381
1694714254651 0.3187685734705489 382
1694714254888 0.02597006514125618 383
1694714255141 3.771823169459329 384
1694714255384 2.1442306518106298 385
1694714255667 4.9777493789184195 386
1694714255911 0.9082204444219834 387
1694714256278 2.426232469840906 388
1694714256589 7.267909094182141 389
1694714256865 0.5465262335266702 390
1694714257100 2.8385397789828257 391
1694714257497 0.008252631087058763 392
1694714257828 1.5029544736404126 393
1694714258048 0.497414525668244 394
1694714258342 0.7838598583033825 395
1694714258686 1.9270453612610898 396
1694714258908 0.817229715655982 397
1694714259140 0.02574043515276593 398
1694714259447 2.1704233372155595 399
1694714259750 0.7638956339794148 400
1694714259960 0.09584174461754845 401
1694714260164 1.3580821714220743 402
1694714260471 0.4120430921485011 403
