1694739444840 168.8726089431785 0
1694739445147 131.5582063412076 1
1694739445457 102.63013652652957 2
1694739445807 80.1822684119157 3
1694739446195 62.762669015793094 4
1694739446546 49.244756187733294 5
1694739446859 38.754389392640526 6
1694739447199 30.613299526470733 7
1694739447559 24.29519610945444 8
1694739447884 19.391710803878617 9
1694739448194 15.585972901540707 10
1694739448519 12.632106435205797 11
1694739448833 10.339321866511709 12
1694739449169 8.559572701028818 13
1694739449527 7.177978130432971 14
1694739449824 6.1053918385567885 15
1694739450103 5.272636021604348 16
1694739450517 4.626027454977556 17
1694739450804 4.123906066736242 18
1694739451066 3.7339413639138583 19
1694739451325 3.4310424028086244 20
1694739451640 3.195736056768501 21
1694739451941 3.0129086433672767 22
1694739452268 2.8708294890567334 23
1694739452688 2.7603932555446584 24
1694739452974 2.6745320093297504 25
1694739453337 2.60775900038264 26
1694739453716 2.5558146388951744 27
1694739454023 2.515391771986601 28
1694739454333 2.483922493283962 29
1694739454716 2.4594126994900445 30
1694739455055 2.4403136970941977 31
1694739455380 2.4254225592008125 32
1694739455697 2.413804792173496 33
1694739456062 2.404734314781693 34
1694739456410 2.39764687217916 35
1694739456760 2.392103875800211 36
1694739457096 2.387764334351554 37
1694739457507 2.3843630641271387 38
1694739457823 2.3816937727274055 39
1694739458111 2.3795959251842818 40
1694739458415 2.377944545855796 41
1694739458723 2.3766422990696148 42
1694739458992 2.375613338630357 43
1694739459307 2.3747985304797 44
1694739459655 2.374151741396386 45
1694739459958 2.3736369553757437 46
1694739460357 2.3732260326816528 47
1694739460728 2.3728969679680283 48
1694739461018 2.3726325359988643 49
1694739461328 2.3724192384328364 50
1694739461681 2.3722464844921496 51
1694739462104 2.3721059533563524 52
1694739462438 2.3719910977806635 53
1694739462790 2.3718967574879812 54
1694739463103 2.3718188579084405 55
1694739463423 2.3717541752936677 56
1694739463798 2.3717001534664433 57
1694739464069 2.371654760753523 58
1694739464507 2.371616378201657 59
1694739464858 2.3715837121588206 60
1694739465144 2.37155572584202 61
1694739465501 2.3715315857086567 62
1694739465864 2.3715106193773225 63
