1694718744645 6.805356880029201 0
1694718744928 0.007110419747139732 1
1694718745236 8.834648118152872 2
1694718745609 3.0571053599929607 3
1694718745912 1.0743254155000201 4
1694718746162 30.491621747069402 5
1694718746481 1.7739752682946164 6
1694718746803 8.958687452268196 7
1694718747093 2.1134954883087973 8
1694718747410 5.719380168407592 9
1694718747765 1.1219275509762365 10
1694718748042 3.461821113682843 11
1694718748296 22.51702352749725 12
1694718748611 3.7334179955909863 13
1694718748906 78.20299593134904 14
1694718749197 2.212636715373156 15
1694718749595 2.451669687015492 16
1694718750060 4.221334089608702 17
1694718750489 1.1084361829186016 18
1694718750835 1.195620161798105 19
1694718751113 5.219121308736346 20
1694718751495 0.19671780220402965 21
1694718751996 0.13070726934221552 22
1694718752621 8.11413403193035 23
1694718753048 0.06940157176409295 24
1694718753364 4.203764114453198 25
1694718753654 1.481032600814886 26
1694718754224 4.144924882396514 27
1694718754732 2.187673849529096 28
1694718755133 2.368050944151958 29
1694718755456 2.765270127234149 30
1694718755765 5.458578796889148 31
1694718756053 0.35011755585415494 32
1694718756361 87.90785078284914 33
1694718756663 4.349482405160509 34
1694718756933 1.4522112440889334 35
1694718757250 2.0247396815951157 36
1694718757559 8.683031007663411 37
1694718757868 7.910947877005021 38
1694718758137 0.1492259239861177 39
1694718758464 3.184878205391248 40
1694718758731 41.360783486918436 41
1694718758992 7.155575282356816 42
1694718759246 1.2033537173650677 43
1694718759679 6.119198615905473 44
1694718759975 0.05943985716724268 45
1694718760212 1.9932720166063922 46
1694718760451 1.194850512767994 47
1694718760793 15.965303814435625 48
1694718761060 0.6057635383730728 49
1694718761352 0.06420934165256473 50
1694718761736 0.7118614274823529 51
1694718762020 2.979307599207047 52
1694718762289 27.062196700517788 53
1694718762560 13.280697150010285 54
1694718762911 0.06214918014228719 55
1694718763152 0.5820013124214419 56
1694718763417 0.04869978376605491 57
1694718763745 1.5264781314572067 58
1694718764033 0.5176836733050657 59
1694718764307 0.626026817254546 60
1694718764858 9.893279214356701 61
1694718765134 1.3791804432210295 62
1694718765452 2.3740447177740873 63
1694718765759 7.642811088073082 64
1694718766113 0.26448627836627 65
1694718766370 3.0674101764601476 66
1694718766662 7.500482686709777 67
1694718766979 0.486074169418474 68
1694718767286 0.8695952079005385 69
1694718767598 5.3196465347731285 70
1694718767933 4.33461254065726 71
1694718768247 0.024132578504897258 72
1694718768582 1.894449256926803 73
1694718768899 0.7538520876104065 74
1694718769187 0.1562512161987653 75
1694718769467 0.04958305267118309 76
1694718769820 3.910553118170984 77
1694718770087 5.511677007172822 78
1694718770380 0.8583028306939527 79
1694718770735 0.1321258220273539 80
1694718771051 10.196120124842023 81
1694718771393 0.9774421556608826 82
1694718771699 2.3137487708048816 83
1694718772006 0.021091429038716736 84
1694718772326 1.6822726796915566 85
1694718772675 0.7490936937459595 86
1694718773012 8.828987607702423 87
1694718773297 0.0016133395682551926 88
1694718773630 1.688944037952063 89
1694718773977 0.22283884043565444 90
1694718774470 4.287921566702157 91
1694718775015 0.20984163194748728 92
1694718775494 14.197771166305886 93
1694718775882 6.196419473592621 94
1694718776178 2.2848013762159223 95
1694718776424 0.0713882712096517 96
1694718776751 0.648536208094852 97
1694718777064 1.4646630969929761 98
1694718777319 18.848012122136634 99
1694718777603 4.2387642681911935 100
1694718777930 2.70700524694267 101
1694718778242 0.21247474120409887 102
1694718778576 47.28858649204802 103
1694718778913 1.0057988129589672 104
1694718779163 5.08018547388825 105
1694718779416 2.2249755205735737 106
1694718779936 2.525841620832803 107
1694718780262 5.072666848136474 108
1694718780488 0.44242605674533064 109
1694718780743 16.72080070249894 110
1694718781055 10.740848013239653 111
1694718781390 8.120281224071901 112
1694718781636 9.103971615520862 113
1694718781960 11.609340020196129 114
1694718782329 6.147174888472222 115
1694718782640 4.026417963076809 116
1694718782956 13.696645272294102 117
1694718783336 11.848965889474053 118
1694718783642 9.67746604795387 119
1694718783960 2.4148962713138324 120
1694718784560 3.3982999258001563 121
1694718785167 4.881909286632032 122
1694718785984 4.189007238612829 123
1694718786615 5.791301894289527 124
1694718786973 1.4872541984459537 125
1694718787357 1.7531548358274878 126
1694718787676 7.031762230775517 127
1694718788104 5.615952918630008 128
1694718788461 8.378611776228011 129
1694718788774 0.06396114258590882 130
1694718789169 6.0229922659565664 131
1694718789539 3.6573105176533414 132
1694718789903 0.39488314405032865 133
1694718790269 0.6482597897455616 134
1694718790589 1.0324542282416014 135
1694718790907 1.5706469293711267 136
1694718791340 4.697767724217695 137
1694718791635 2.759160261563769 138
1694718791974 0.07893196009788449 139
1694718792297 23.303478026232124 140
1694718792564 4.2050072406045365 141
1694718792895 3.922858028811323 142
1694718793190 2.2457088049940324 143
1694718793539 3.238531526169187 144
1694718793913 1.7723753223523016 145
1694718794226 0.019284942165863964 146
1694718794516 12.90548200791256 147
1694718794781 0.5881748561461829 148
1694718795127 2.5148431088392464 149
1694718795454 2.6436083955669494 150
1694718795764 3.112711218229573 151
1694718796194 3.1237903422563313 152
1694718796517 4.058369132232415 153
1694718796752 8.865199833491282 154
1694718797028 2.534108846310963 155
1694718797333 0.4911034875794789 156
1694718797626 1.6349522863016097 157
1694718797943 1.7063817210655798 158
1694718798236 0.0003712693317084966 159
1694718798562 0.20091122128195416 160
1694718798803 3.1732728964442125 161
1694718799131 4.3382957219320835 162
1694718799463 2.1325939815050163 163
1694718799782 3.1062979639622137 164
1694718800183 17.21775332038823 165
1694718800533 1.290813929972619 166
1694718800883 4.79140933786309 167
1694718801435 0.11649691325023255 168
1694718801733 6.7472629114548655 169
1694718802056 3.0941867617902545 170
1694718802461 0.5107531153977608 171
1694718802746 0.6610342656300588 172
1694718803059 3.321808697672365 173
1694718803375 4.912583694557663 174
1694718803694 17.18119385496479 175
1694718803917 0.01069500387329536 176
1694718804232 3.0123792616244716 177
1694718804596 0.34944115213090593 178
1694718804867 0.1565332871896628 179
1694718805182 0.5156264017735871 180
1694718805493 75.81423697071442 181
1694718805778 0.04454028880966268 182
1694718806002 0.31300695073191903 183
1694718806231 2.4367543108711067 184
1694718806509 1.467206321032558 185
1694718806908 1.6973905247287409 186
1694718807274 7.554262361434628 187
1694718807635 17.152514719261326 188
1694718808042 0.02032852011372423 189
1694718808545 0.09057311860726826 190
1694718809013 0.8613434644613062 191
1694718809887 7.164164041052031 192
1694718810328 28.362507104311096 193
1694718810806 3.7254631287989457 194
1694718811323 0.4951678259468485 195
1694718811747 0.1182308052677243 196
1694718812051 4.279555048298931 197
1694718812389 2.387852144541113 198
1694718812696 16.49169372331645 199
1694718813004 3.2603419384093346 200
1694718813238 4.397893301595899 201
1694718813538 3.856793694684162 202
1694718813859 22.053524957473112 203
1694718814147 0.005842410170739828 204
1694718814474 0.050513299663374825 205
1694718814782 13.292467539245708 206
1694718815071 0.11014814306457911 207
1694718815357 0.18387681864174565 208
1694718815744 3.699138060451688 209
1694718816198 8.489359077468785 210
1694718816558 0.6171204125258168 211
1694718816869 1.7284862387353879 212
1694718817126 0.3626698406037475 213
1694718817415 3.1308667947877566 214
1694718817744 2.0440792307732 215
1694718818053 0.3794304456611599 216
1694718818359 3.16699415897132 217
1694718818620 11.94498037723994 218
1694718818900 5.766787117229073 219
1694718819192 4.644160885476715 220
1694718819621 1.9707751808929663 221
1694718819966 1.8800648328741436 222
1694718820235 1.038716729517923 223
1694718820598 22.95283407419589 224
1694718820953 3.109269775574246 225
1694718821343 2.3291675957253615 226
1694718821767 1.5811119379904208 227
1694718822117 0.5244908388551994 228
1694718822460 1.8145226264033936 229
1694718823098 0.4064344025616782 230
1694718823468 7.017574612775156 231
1694718823900 8.509241800174683 232
1694718824322 44.511056802660185 233
1694718824698 0.007003613901814422 234
1694718825026 0.5533214921184595 235
1694718825357 0.3345098706653002 236
1694718825727 0.14914080206320665 237
1694718826036 4.353885659207401 238
1694718826371 4.8719725669736675 239
1694718826937 2.95378939633471 240
1694718827236 0.9443920296872137 241
1694718827601 0.4337805882199955 242
1694718827953 0.014371519378290483 243
1694718828268 14.508162279015792 244
1694718828618 6.464212291527721 245
1694718829010 0.2680691028383699 246
1694718829301 7.340224358675974 247
1694718829721 3.7038969216312627 248
1694718830027 0.09143424700446239 249
1694718830305 1.0782633656172276 250
1694718830693 62.93077797950569 251
1694718831022 0.040899018414961234 252
1694718831291 2.656218704329416 253
1694718831569 11.901625975904347 254
1694718831883 0.3634208480351746 255
1694718832201 5.576626649410993 256
1694718832464 13.847392836233803 257
1694718832822 0.00031834028502940515 258
1694718833178 0.09903385060442994 259
1694718833461 0.060556735050256376 260
1694718833783 5.906466719875661 261
1694718834192 1.8370812475613916 262
1694718834448 0.452652843241529 263
1694718834698 5.251869705529711 264
1694718835075 0.059190668165314826 265
1694718835366 0.5280751824583697 266
1694718835635 0.09545441055446482 267
1694718835947 10.57447562443807 268
1694718836284 1.0673750982049612 269
1694718836664 5.197500045463576 270
1694718837012 6.965108881741006 271
1694718837340 0.010422471930520677 272
1694718837713 0.6096396948432143 273
1694718838030 9.277434063308224 274
1694718838361 0.14573179231612948 275
1694718838682 4.531493615197797 276
1694718839020 0.06461664116854032 277
1694718839343 12.455037927891173 278
1694718839731 7.974697809604577 279
1694718839977 0.5045422918059992 280
1694718840353 0.17472756372594694 281
1694718840627 1.7064192380959002 282
1694718840999 0.035733433757760315 283
1694718841318 0.4314473287518802 284
1694718841614 7.116229897281707 285
1694718841902 6.47328626245645 286
1694718842161 0.3210069022289198 287
1694718842408 0.0001474858043663586 288
1694718842657 0.38924133256824284 289
1694718842935 18.585345497663933 290
1694718843287 5.672855390640887 291
1694718843530 0.38940024375821475 292
1694718843843 0.277887249982343 293
1694718844162 0.09492447303430872 294
1694718844452 0.04432663342712984 295
1694718844703 0.48481145786524515 296
1694718845012 0.2363596395200164 297
1694718845358 0.038423896320311415 298
1694718845689 6.346858518955882 299
1694718846029 13.262027514211036 300
1694718846375 0.49372452747207285 301
1694718846631 1.8930964162296726 302
1694718847030 2.706554396984159 303
1694718847369 1.347468057851822 304
1694718847762 6.0166405124944164 305
1694718848099 0.08051427808962854 306
1694718848515 1.660082031208643 307
1694718848959 0.5643920155707528 308
1694718849311 13.0891669923022 309
1694718849833 1.2425878020586767 310
1694718850313 5.631248508982623 311
1694718850602 30.22953401192064 312
1694718850883 1.9448876660820302 313
1694718851323 0.027573256708340023 314
1694718851720 1.5933222486078014 315
1694718852167 6.137152843230124 316
1694718852563 10.501714303609443 317
1694718852913 35.500207385288334 318
1694718853423 1.782452198447876 319
1694718853962 1.1594879725416927 320
1694718854603 4.827472755170982 321
1694718854933 7.273912640558272 322
1694718855219 23.20310351849622 323
1694718855603 6.2345522795579 324
1694718855835 0.1550836813316869 325
1694718856220 12.696432594477052 326
1694718856585 1.2717257552204606 327
1694718856917 0.1422596054292344 328
1694718857276 2.4056763363708535 329
1694718857600 0.15692628679496606 330
1694718857868 2.445265094742377 331
1694718858222 1.2522818741299377 332
1694718858593 1.5410466614636351 333
1694718859060 3.244984456982099 334
1694718859466 1.9827181275684838 335
1694718859822 1.445854893875407 336
1694718860056 11.760663876723179 337
1694718860419 17.80653381677816 338
1694718860733 8.652069572162285 339
1694718861059 0.012702722751026857 340
1694718861521 4.6005989240427 341
1694718861800 15.014934936542037 342
1694718862215 2.3722701128831165 343
1694718862686 8.825763346384003 344
1694718863028 0.21366342903733493 345
1694718863399 5.20740054299706 346
1694718863807 0.14068085681917264 347
1694718864152 0.722620707298542 348
1694718864881 9.2633775196128 349
1694718865382 4.881866201861261 350
1694718865955 6.921207878747051 351
1694718866321 19.712133688894056 352
1694718866567 1.878557151120479 353
1694718866817 15.709502705083349 354
1694718867345 1.7558193385388146 355
1694718867908 1.4961592093133844 356
1694718868344 1.1725462507790587 357
1694718868841 0.08037719949987886 358
1694718869323 3.3572844116540397 359
1694718869935 0.09034973799913008 360
1694718870472 0.5606917276684829 361
1694718871038 4.43923968311808 362
1694718871635 1.603943068909868 363
1694718872274 18.27327123617404 364
1694718872716 5.238042257421614 365
1694718873100 1.248541693752391 366
1694718873429 0.5435292910098174 367
1694718873779 9.381231727643137 368
1694718874122 0.1003419360202131 369
1694718874380 2.026164152293844 370
1694718874823 9.377664153596577 371
1694718875160 0.6321725828948025 372
1694718875622 42.22879615996233 373
1694718876182 0.019181209352961564 374
1694718876655 0.19419679760475703 375
1694718877255 11.058963814085033 376
1694718877854 15.14425251262764 377
1694718878281 13.107336316311384 378
1694718878712 0.08175346708743973 379
1694718879102 16.403445300328887 380
1694718879441 0.207811016727313 381
1694718879944 0.1563479335742433 382
1694718880368 29.52082057671116 383
1694718880668 2.7105461292485713 384
1694718881012 0.6538101629769594 385
1694718881478 0.08994605074182485 386
1694718881805 0.47089496202639836 387
1694718882193 2.482014491958562 388
1694718882535 3.098839355017273 389
1694718882894 0.5457727441633827 390
1694718883242 1.5718287297658513 391
1694718883487 8.249783554796704 392
1694718883741 3.5371053793543994 393
1694718884045 0.11888293274626545 394
1694718884336 5.171474138223347 395
1694718884735 0.07973039829077305 396
1694718885073 3.699907746517325 397
1694718885406 0.18390031203834584 398
1694718885746 3.6811202138092485 399
1694718886120 7.038203182273951 400
1694718886439 0.6031816194623125 401
1694718886744 1.1330200737528158 402
1694718887151 0.004875281820510264 403
1694718887445 6.848139746501504 404
1694718887817 0.0017368146464976635 405
1694718888237 8.617324211964037 406
1694718888627 0.48101648666182634 407
1694718889144 0.11120974165826891 408
1694718889560 1.1300758215831264 409
1694718890153 0.6391180874664207 410
1694718890956 1.2131681025507666 411
1694718891704 3.9433612879833513 412
1694718892114 2.2978880264896926 413
1694718892459 0.09025507572961323 414
1694718892862 32.80299365247056 415
1694718893242 0.6652115845419351 416
1694718893546 4.733896836114052 417
1694718893830 13.674638186852196 418
1694718894241 0.10571075844305905 419
1694718894639 1.8992346140973035 420
1694718895009 3.621643682046259 421
1694718895346 2.57601503333117 422
1694718895642 4.285755331759397 423
1694718896042 14.901182165570004 424
1694718896494 1.9935265733834466 425
1694718896786 15.84567423962316 426
1694718897114 8.612741103835198 427
1694718897424 1.8197769255648581 428
1694718897770 20.309084529944265 429
1694718898108 28.18181550255827 430
1694718898398 0.4974672135970428 431
1694718898655 3.767086663380828 432
1694718899012 7.626028487929512 433
1694718899341 32.93507165916058 434
1694718899761 2.8763540574162496 435
1694718900106 4.516734658162402 436
1694718900473 2.8905727035182047 437
1694718900728 6.380903025426206 438
1694718901104 5.331451499021053 439
1694718901475 0.19416378880282367 440
1694718901710 2.079801237881258 441
1694718901939 59.176905799783796 442
1694718902279 29.544968795467035 443
1694718902584 4.785060762808665 444
1694718902829 5.553722494706731 445
1694718903304 7.065089580667112 446
1694718903677 8.860077183266007 447
1694718903980 0.24938367572860293 448
1694718904297 6.8555263937015525 449
1694718904536 0.03819257743899455 450
1694718904818 0.5816215758491813 451
1694718905127 10.538487859538835 452
1694718905541 0.1939869295682735 453
1694718905856 0.07087933008358065 454
1694718906146 2.617309148245669 455
1694718906543 0.046329077597763335 456
1694718906841 2.0157490041555435 457
1694718907127 3.6390441058045604 458
1694718907497 2.2622786733321836 459
1694718907777 3.348698985963088 460
1694718908095 1.838013256363721 461
1694718908424 9.295174247261286 462
1694718908841 16.105205063507814 463
1694718909123 0.01764989034091654 464
1694718909843 15.323042287940675 465
1694718910151 0.6223039267433259 466
1694718910520 1.5721511912094313 467
1694718910872 14.196147967139664 468
1694718911208 1.9289367464425367 469
1694718911620 19.082922356113095 470
1694718911943 0.12559422298806205 471
1694718912327 0.6471648430076123 472
1694718912707 2.717968062117889 473
1694718913028 4.566083165109217 474
1694718913388 2.9888351423914736 475
1694718913692 1.271787590554586 476
1694718913955 4.711665172657278 477
1694718914291 0.01117571319605351 478
1694718914578 2.9722059069854168 479
1694718914882 3.643560171805183 480
1694718915209 0.007200238512108826 481
1694718915587 0.30575694671281206 482
1694718916005 0.8752177438822821 483
1694718916469 2.5697482622121095 484
1694718916903 2.7788503521447905 485
1694718917205 1.9123963430725883 486
1694718917678 0.15946463568110672 487
1694718918087 7.537309725017965 488
1694718918494 1.0600729414901826 489
1694718918884 1.7414605676934727 490
1694718919318 22.269336549300508 491
1694718919734 3.053512392869837 492
1694718920038 28.038747776541232 493
1694718920366 0.39388378507251554 494
1694718920651 0.013693457736739887 495
1694718920974 2.446218078148704 496
1694718921297 14.417973931494323 497
1694718921679 20.590648553505414 498
1694718921964 8.971154876696941 499
