1694732568578 7.306680077584967 0
1694732568844 19.196824024449995 1
1694732569176 3.3387180150219367 2
1694732569474 3.7752183818337124 3
1694732569752 0.04118148740098424 4
1694732570038 16.800082872091266 5
1694732570421 12.745541077689241 6
1694732570759 0.00825112342307244 7
1694732571078 3.315831710211526 8
1694732571462 0.08183598567133646 9
1694732571697 0.0007346194599948789 10
1694732571970 0.29218814226341394 11
1694732572368 4.680707203678687 12
1694732572692 1.140680613704617 13
1694732572981 4.505588251774246 14
1694732573292 29.073839982990123 15
1694732573600 0.08354088649989821 16
1694732573885 12.0460453941092 17
1694732574163 1.9993597122907605 18
1694732574385 2.014466144391406 19
1694732574700 14.652561334245018 20
1694732575015 35.85046297657482 21
1694732575328 33.4788422060538 22
1694732575607 31.576315663514006 23
1694732575836 22.789481025294634 24
1694732576109 0.8466488763777812 25
1694732576367 0.6021926043851377 26
1694732576675 25.49265340078562 27
1694732576951 4.191129096688984 28
1694732577221 1.0801823806326705 29
1694732577620 5.382423324175878 30
1694732577931 14.11311682804451 31
1694732578280 67.44976016596081 32
1694732578550 2.5101954589653235 33
1694732578783 26.70594501691429 34
1694732579066 0.9720526337076935 35
1694732579415 0.05921244200051279 36
1694732579702 0.0783664700334081 37
1694732580043 2.981837775036517 38
1694732580348 6.485501333126699 39
1694732580698 48.64766334023805 40
1694732580961 12.612075090722726 41
1694732581282 1.414208638576776 42
1694732581647 3.2772563808208086 43
1694732581878 1.107393984942472 44
1694732582186 35.16935860838278 45
1694732582553 0.0019166769945179211 46
1694732582821 2.5579197388853063 47
1694732583151 1.54319247529705 48
1694732583474 37.254891412686774 49
1694732583798 24.81328436754583 50
1694732584057 2.977970746344993 51
1694732584367 3.44445901936133 52
1694732584648 0.5076950635526026 53
1694732584872 34.96955049032242 54
1694732585203 1.9335696994273828 55
1694732585509 4.813686399706039 56
1694732585844 14.976680376602049 57
1694732586171 8.451427524052955 58
1694732586495 0.9725322919048209 59
1694732586832 16.048986365892535 60
1694732587079 50.534545113458854 61
1694732587406 3.158664067640713 62
1694732587776 14.390056757910704 63
1694732588038 0.04050093682954697 64
1694732588367 55.88601171578918 65
1694732588616 0.6832650248256111 66
1694732588884 6.47621333432318 67
1694732589168 3.395233001323412 68
1694732589481 0.004345703653351385 69
1694732589777 0.2327150976808346 70
1694732590010 5.299633081849315 71
1694732590345 1.257457781587365 72
1694732590731 27.10449781092651 73
1694732591031 1.9842826725599496 74
1694732591341 0.02412129051851701 75
1694732591670 3.786081496519241 76
1694732591967 3.506713307463644 77
1694732592324 19.931679962977135 78
1694732592708 0.14273330132792647 79
1694732592968 6.827875872912522 80
1694732593268 1.5748182312578245 81
1694732593603 70.0560344256317 82
1694732593904 15.96086011654898 83
1694732594171 0.8904286312950774 84
1694732594488 33.94782048307299 85
1694732594861 14.135803264179774 86
1694732595096 11.33538742097553 87
1694732595377 42.896182493959714 88
1694732595669 16.811313414394036 89
1694732595969 2.071228641421304 90
1694732596214 26.540533460249588 91
1694732596495 1.6112322236344658 92
1694732596734 0.7996525570968258 93
1694732597046 0.06432430716012046 94
1694732597255 0.17399357932510465 95
1694732597552 1.1910388688036972 96
1694732597962 24.35719276178223 97
1694732598222 4.431119364777242 98
1694732598480 29.043650504557995 99
1694732598767 5.238071212966065 100
1694732599120 21.951827149539906 101
1694732599365 4.1661129429536965 102
1694732599640 21.673837760938913 103
1694732599863 26.974477511000767 104
1694732600102 18.833837341243868 105
1694732600333 1.4269194495220545 106
1694732600613 3.557014513360948 107
1694732600931 0.2632158693250661 108
1694732601193 0.11303678001858877 109
1694732601475 8.49727114686687 110
1694732601702 0.1781114909597894 111
1694732601949 8.837586716419715 112
1694732602212 1.2363687169587714 113
1694732602505 1.0626287411109248 114
1694732602827 15.330141069338302 115
1694732603106 19.517680062083976 116
1694732603390 4.328571341354798 117
1694732603685 0.024495963829531994 118
1694732603935 2.024682706861408 119
1694732604174 2.391235038104756 120
1694732604471 11.712388016464299 121
1694732604755 6.672707416379608 122
1694732605026 4.332678154073868 123
1694732605257 3.7607052346620713 124
1694732605557 0.025810572867047743 125
1694732605890 13.448200634771206 126
1694732606114 0.665189613670154 127
1694732606346 10.91352423715567 128
1694732606668 7.001829792135393 129
1694732606991 0.09813633720225595 130
1694732607223 0.4189286801778551 131
1694732607496 1.0126913682200396 132
1694732607804 28.7917891818816 133
1694732608086 0.04450664310083327 134
1694732608307 1.427476447933983 135
1694732608546 2.3555782947056643 136
1694732608846 8.547633426813649 137
1694732609118 15.450433705729912 138
1694732609323 7.187503215290936 139
1694732609576 3.380135598712131 140
1694732609809 1.58473096736605 141
1694732610041 6.7115317016041836 142
1694732610329 13.217068089792871 143
1694732610646 19.824987280880585 144
1694732610963 11.498057686785595 145
1694732611249 41.59657801879924 146
1694732611487 2.615795675371191 147
1694732611816 10.572064980892074 148
1694732612086 5.333731055612284 149
1694732612391 0.029165998992208893 150
1694732612686 7.620549026851979 151
1694732612975 11.143172145254383 152
1694732613189 11.809585271263382 153
1694732613409 0.9984126066437434 154
1694732613656 28.894162018787657 155
1694732613954 1.9920665259479726 156
1694732614271 8.402006926609355 157
1694732614497 1.4778913287821382 158
1694732614778 2.33644369504605 159
1694732615058 4.902792951489219 160
1694732615337 51.47814575471978 161
1694732615546 7.495346375772359 162
1694732615756 0.07498659417749487 163
1694732615961 18.7380696865365 164
1694732616222 10.862560146458106 165
1694732616467 42.25976370971554 166
1694732616701 0.5991700001919217 167
1694732616991 99.17447873349519 168
1694732617248 2.0268031286671935 169
1694732617534 12.410324906674434 170
1694732617839 16.507365768633715 171
1694732618140 2.9716495053548804 172
1694732618384 7.078803966117718 173
1694732618650 1.683419087467457 174
1694732618889 5.417863299059005 175
1694732619175 1.9027032126494898 176
1694732619474 16.75056521810654 177
1694732619701 35.27120045665035 178
1694732619927 0.7257451358939351 179
1694732620180 46.56862592789948 180
1694732620477 14.154421182044175 181
1694732620778 0.799957411651175 182
1694732621051 1.2645299825216072 183
1694732621328 27.406632720519617 184
1694732621580 0.09546358934470604 185
1694732621782 0.01904341380486049 186
1694732621992 2.346495759079757 187
1694732622207 7.75093715297542 188
1694732622537 7.910088438422906 189
1694732622815 46.10799037062995 190
1694732623099 1.475559689261305 191
1694732623424 9.67321244008492 192
1694732623744 36.60123686793943 193
1694732624015 6.348953202754475 194
1694732624317 6.459011018692534 195
1694732624638 28.037507114821302 196
1694732624864 6.4941349729965685 197
1694732625092 4.0803114279209085 198
1694732625350 4.613894775541743 199
1694732625581 10.15839012298093 200
1694732625933 2.0038776166071877 201
1694732626195 2.6168809248449256 202
1694732626487 1.636617144471024 203
1694732626763 0.004970579747789128 204
1694732627020 8.769576744633254 205
1694732627357 0.20588463057513304 206
1694732627639 1.062299286655135 207
1694732627989 13.342891786547213 208
1694732628343 16.800218445209268 209
1694732628660 1.466273961047329 210
1694732628961 0.7635978545425783 211
1694732629251 2.8739750071986516 212
1694732629466 41.50600624871562 213
1694732629683 12.990513693068943 214
1694732629913 0.019389830599456953 215
1694732630272 1.908471589894858 216
1694732630723 10.676686283101171 217
1694732630958 16.073623757764484 218
1694732631252 22.42667610731944 219
1694732631555 82.79881272952424 220
1694732631849 21.5005182494584 221
1694732632077 0.004962664689685899 222
1694732632478 12.02355480077924 223
1694732632802 14.936627954917137 224
1694732633009 52.54906860490464 225
1694732633293 17.07692793456144 226
1694732633577 0.44456151771575086 227
1694732633821 3.253750324843604 228
1694732634058 46.4043374902551 229
1694732634320 3.991558868990663 230
1694732634644 20.172068464880297 231
1694732634906 3.0238505425955413 232
1694732635137 2.112661403938746 233
1694732635393 0.8630396336126963 234
1694732635686 0.009776438491163572 235
1694732636001 15.711767624607393 236
1694732636289 0.313016669330914 237
1694732636673 8.880741827255946 238
1694732637037 2.9877348849713754 239
1694732637295 2.091393960729184 240
1694732637607 7.764635012796991 241
1694732637956 1.5272418513030126 242
1694732638230 6.1140619474636395 243
1694732638518 10.617544804408615 244
1694732638824 48.790139413592385 245
1694732639134 0.6067289883367546 246
1694732639436 15.162693730043374 247
1694732639743 4.240980999034602 248
1694732640031 44.005300908273284 249
1694732640301 8.6697305090407 250
1694732640663 22.076584537596588 251
1694732640999 9.823453902026255 252
1694732641305 2.8467068840114766 253
1694732641650 26.094564814299247 254
1694732641967 1.1835071102254253 255
1694732642215 1.4735343256571067 256
1694732642516 4.6737058369665485 257
1694732642804 75.50841979237879 258
1694732643136 0.1874987428922011 259
1694732643398 6.434044501910945 260
1694732643757 0.32741035489983666 261
1694732644067 68.30617993946771 262
1694732644300 15.174465386050944 263
1694732644551 0.39135594515505806 264
1694732644831 12.852979157115309 265
1694732645117 0.08988644305613509 266
1694732645402 74.11267615393939 267
1694732645722 0.2417562496649968 268
1694732646036 1.194472913689391 269
1694732646289 0.021215658498364005 270
1694732646571 1.3307059518668893 271
1694732646886 17.65261364389105 272
1694732647249 6.435038211381055 273
1694732647540 0.4922717261688007 274
1694732647834 5.590655381834067 275
1694732648204 23.383625858583628 276
1694732648450 0.97288082672356 277
1694732648756 0.4614399017194021 278
1694732649067 13.63077228141728 279
1694732649362 4.295925527977142 280
1694732649682 2.5768469496243473 281
1694732649945 1.0305315181838983 282
1694732650284 0.8667687679554056 283
1694732650600 40.99539972808504 284
1694732650875 1.535341277069383 285
1694732651166 5.689171645101517 286
1694732651387 5.7062327157735515 287
1694732651688 0.530668743237342 288
1694732651975 5.210977490319887 289
1694732652274 9.195597952101735 290
1694732652650 1.8377321213149584 291
1694732652912 5.860226834777224 292
1694732653131 0.8955245102182416 293
1694732653402 9.586616338185575 294
1694732653725 0.3875539585425482 295
1694732653995 0.039440702176204004 296
1694732654292 1.3671836257868433 297
1694732654527 13.883998809228501 298
1694732654879 1.79623103898761 299
1694732655186 0.03124729291526586 300
1694732655422 34.957355867533195 301
1694732655694 2.901598949242621 302
1694732656029 17.914276852213433 303
1694732656322 19.940071457377588 304
1694732656587 48.93699726161734 305
1694732656843 15.564767293114858 306
1694732657182 2.901447656418308 307
1694732657481 0.8400550292677668 308
1694732657818 0.43408507421695125 309
1694732658248 8.69805995728949 310
1694732658521 15.255442055859247 311
1694732658825 2.017618342407072 312
1694732659178 5.1901536076879395 313
1694732659486 0.04161635002618079 314
1694732659772 18.97341543769854 315
1694732660037 34.643219777626314 316
1694732660346 0.006811353253106152 317
1694732660611 0.019330799488625504 318
1694732660952 0.1991019896308297 319
1694732661308 4.316641817367018 320
1694732661629 35.50394119710722 321
1694732661943 17.414865265706723 322
1694732662302 15.301622339966347 323
1694732662593 3.149258289494764 324
1694732662862 1.1609060235617428 325
1694732663160 4.164124839375995 326
1694732663453 0.7277832528984647 327
1694732663808 5.491313926043578 328
1694732664114 3.9374222662811347 329
1694732664365 146.93725329200555 330
1694732664663 1.00854947155153 331
1694732664937 9.22594274023986 332
1694732665256 4.026805952736017 333
1694732665515 81.82796783558082 334
1694732665847 94.48879768091545 335
1694732666163 5.100535275347133 336
1694732666437 19.767620760467544 337
1694732666708 14.08853741133155 338
1694732666989 22.266363037475546 339
1694732667299 7.979505930008327 340
1694732667712 17.99000996120714 341
1694732668077 0.47691320437880286 342
1694732668394 4.032269696899856 343
1694732668708 9.154692511493026 344
1694732668977 1.5114672582733597 345
1694732669296 0.11487625008052296 346
1694732669545 10.087211011323468 347
1694732669842 3.3611247913657527 348
1694732670217 4.294806617076212 349
1694732670485 23.53432877366375 350
1694732670793 0.30777275830569323 351
1694732671078 0.8714593983880917 352
1694732671358 11.98036074764143 353
1694732671574 4.834556397988702 354
1694732671877 55.95366394943124 355
1694732672216 26.38863551816663 356
1694732672596 18.594601041508742 357
1694732672920 0.2262369309232567 358
1694732673226 33.69682202616045 359
1694732673493 4.124054031451786 360
1694732673711 33.050598546318064 361
1694732674049 4.395015596429287 362
1694732674355 24.384016782801798 363
1694732674621 42.557998145722955 364
1694732674920 18.19008933113588 365
1694732675251 8.447793432632713 366
1694732675531 1.8873590902131614 367
1694732675790 5.831805461205939 368
1694732676050 19.49841736939215 369
1694732676378 6.220563409428105 370
1694732676624 20.60079093368526 371
1694732677004 0.026547068026829646 372
1694732677313 4.710380401398342 373
1694732677565 4.51905830530189 374
1694732677848 6.174510564421602 375
1694732678166 0.20720515691433425 376
1694732678486 61.74626336470911 377
1694732678728 1.5815964633322812 378
1694732679002 4.79949868696103 379
1694732679392 0.6667977179906089 380
1694732679656 0.09913242548305252 381
1694732680034 7.834107201572497 382
1694732680343 2.3073517529529344 383
1694732680687 1.1993382478946497 384
1694732680960 0.017793265130244307 385
1694732681213 15.522086560493438 386
1694732681553 2.590890448929189 387
1694732681858 1.7759644816567137 388
1694732682164 15.0898797409667 389
1694732682506 2.318239105991018 390
1694732682781 6.3628606217549715 391
1694732683098 105.58408193274727 392
1694732683387 0.4038435907533474 393
1694732683725 1.3294088256988963 394
1694732684006 37.45586526421164 395
1694732684323 12.645537056936123 396
1694732684633 44.15119894360444 397
1694732684886 14.505504445531411 398
1694732685194 1.0149949220089842 399
1694732685494 24.141224325569798 400
1694732685831 61.29614698229238 401
1694732686120 2.6761143291063925 402
1694732686421 0.8789722069802328 403
1694732686739 49.07110062868243 404
1694732686986 1.6367714168367034 405
1694732687223 15.50050481812674 406
1694732687493 0.9189177418265744 407
1694732687770 22.083510431712828 408
1694732688044 87.59666464502858 409
1694732688347 20.563108361066085 410
1694732688647 44.61668627630808 411
1694732688858 0.0234252653668283 412
1694732689167 0.40245235326752027 413
1694732689477 0.10688964781235943 414
1694732689772 0.02023790108080662 415
1694732690082 26.498157188907633 416
1694732690451 0.009381634136932038 417
1694732690818 56.38061841169023 418
1694732691153 0.18969266042801827 419
1694732691488 3.72830402594203 420
1694732691761 0.8443237349229915 421
1694732691973 0.16772447482208153 422
1694732692225 1.3531838958191997 423
1694732692592 8.663710294294601 424
1694732692876 4.570850932838189 425
1694732693194 5.9813946052882025 426
1694732693600 0.129109216649082 427
1694732693873 2.7166023640621226 428
1694732694121 22.837120808119863 429
1694732694422 1.0876337076766176 430
1694732694797 3.2617796567567883 431
1694732695151 11.65991019123515 432
1694732695433 36.83006276591276 433
1694732695744 10.046018641453799 434
1694732696049 1.3858017002154406 435
1694732696388 1.3934008814476764 436
1694732696695 6.664477013196032 437
1694732697003 11.243648116416256 438
1694732697293 5.3710478596957305 439
1694732697596 7.119060426073184 440
1694732697877 2.1229844391427113 441
1694732698134 62.41910637415848 442
1694732698452 26.17342808292418 443
1694732698761 14.071389198653897 444
1694732699081 1.9734434552891225 445
1694732699419 15.067879942553807 446
1694732699750 0.13538040437326473 447
1694732700043 14.856776470383506 448
1694732700420 8.631812435440747 449
1694732700797 24.135088098587257 450
1694732701015 33.231083467261435 451
1694732701353 6.529796759885819 452
1694732701666 4.873683098121872 453
1694732701953 0.1879925322955549 454
1694732702270 19.185657935349834 455
1694732702628 0.061153328157122634 456
1694732702906 23.98929244990316 457
1694732703222 5.471988196384996 458
1694732703581 9.391938988316797 459
1694732703900 26.41010343748213 460
1694732704145 2.6015011493878935 461
1694732704476 19.41832148412568 462
1694732704791 19.568494466512842 463
1694732705073 14.631664533729056 464
1694732705402 12.839649757833682 465
1694732705750 0.7805534457746212 466
1694732706079 3.0123840837364857 467
1694732706366 0.06282122111813597 468
1694732706643 1.5449998430674778 469
1694732706908 7.068216487940088 470
1694732707185 0.16481116520670044 471
1694732707495 26.347577157338083 472
1694732707833 5.8999020968265405 473
1694732708199 9.242964979224404 474
1694732708467 8.872340686615438 475
1694732708819 39.2985657851362 476
1694732709085 10.50564926551379 477
1694732709342 21.341216328226036 478
1694732709641 31.432919161790338 479
1694732709951 1.0546502399046098 480
1694732710266 7.972690512358133 481
1694732710629 8.895935747769034 482
1694732710998 0.33636109644198026 483
1694732711231 7.545126798622205 484
1694732711559 13.32209850011895 485
1694732711895 33.69816358352041 486
1694732712174 3.654875598788048 487
1694732712574 1.2259105419216758 488
1694732712901 1.340368562267623 489
1694732713186 92.51820862558209 490
1694732713454 5.76749686225722 491
1694732713757 0.7146069153742671 492
1694732714083 6.195324100091555 493
1694732714310 6.5566937481905 494
1694732714597 13.953700508764987 495
1694732714953 3.8626885754039466 496
1694732715241 0.26352968481066175 497
1694732715548 3.098054629923926 498
1694732715871 9.92452363457444 499
