1694744546085 167.9707597844811 0
1694744546497 130.8426665676691 1
1694744546851 117.94814319740979 2
1694744547185 105.29033439689462 3
1694744547533 94.08229905783503 4
1694744547886 84.09190720515522 5
1694744548177 75.19080743578228 6
1694744548531 67.26105730169397 7
1694744548910 60.195038003435826 8
1694744549200 53.8992181150004 9
1694744549541 48.28958716065079 10
1694744549864 43.291334735446775 11
1694744550222 38.83780573400818 12
1694744550566 34.86961346195788 13
1694744550925 31.333846848327518 14
1694744551307 28.1833642739617 15
1694744551670 25.376164403844726 16
1694744552038 22.874825635176247 17
1694744552333 20.646006677373766 18
1694744552661 18.66000159700181 19
1694744552982 16.89034338770242 20
1694744553348 15.313450773019557 21
1694744553688 13.90831352717341 22
1694744553938 12.656212113057352 23
1694744554188 11.540467894865555 24
1694744554507 10.546220590929373 25
1694744554888 9.660229995994905 26
1694744555577 8.870699326167866 27
1694744555888 8.167117828409728 28
1694744556210 7.540120553646148 29
1694744556550 6.981363421677008 30
1694744556931 6.483411910216963 31
1694744557232 6.039641882271122 32
1694744557528 5.64415122809045 33
1694744557912 5.291681142319605 34
1694744558241 4.9775459855723945 35
1694744558539 4.697570794265608 36
1694744558886 4.448035604639087 37
1694744559196 4.2256258478523705 38
1694744559501 4.027388154090449 39
1694744559826 3.850690975814684 40
1694744560246 3.6931895046239442 41
1694744560540 3.552794413504486 42
1694744560883 3.4276440073095564 43
1694744561217 3.3160794098038258 44
1694744561578 3.2166224561398202 45
1694744561931 3.127955995745493 46
1694744562236 3.0489063427755805 47
1694744562557 2.978427639944113 48
1694744562817 2.9155879270940264 49
1694744563135 2.8595567286132146 50
1694744563461 2.809593994078311 51
1694744563777 2.765040244568569 52
1694744564106 2.7253077931837195 53
1694744564420 2.6898729226361113 54
1694744564799 2.658268915560579 55
1694744565128 2.6300798445654903 56
1694744565381 2.6049350391873967 57
1694744565713 2.582504155945022 58
1694744566093 2.5624927857364677 59
1694744566363 2.544638539993924 60
1694744566710 2.5287075633987586 61
1694744567046 2.5144914266515244 62
1694744567425 2.5018043578626497 63
1694744567800 2.490480775647536 64
1694744568111 2.4803730910352475 65
1694744568415 2.4713497488862823 66
1694744568699 2.463293482710296 67
1694744569028 2.4560997596214293 68
1694744569322 2.4496753947053467 69
1694744569704 2.443937316331844 70
1694744570115 2.4388114659603364 71
1694744570383 2.434231817779315 72
1694744570679 2.43013950511909 73
1694744571061 2.426482042001121 74
1694744571372 2.423212629455852 75
1694744571725 2.4202895373713402 76
1694744572133 2.417675553642028 77
1694744572480 2.4153374932842873 78
1694744572823 2.4132457609847857 79
1694744573175 2.4113739612600034 80
1694744573508 2.4096985510397992 81
1694744573839 2.408198530053377 82
1694744574257 2.4068551648997265 83
1694744574550 2.4056517431334647 84
1694744574853 2.4045733540969034 85
1694744575180 2.4036066935854596 86
1694744575518 2.4027398897509995 87
1694744575823 2.4019623479305166 88
1694744576179 2.4012646123396 89
1694744576569 2.4006382427946433 90
1694744576887 2.4000757048278283 91
1694744577249 2.3995702717371583 92
1694744577566 2.3991159372726365 93
1694744577892 2.398707337801195 94
1694744578241 2.398339682919051 95
1694744578556 2.3980086935925313 96
1694744578935 2.3977105470084688 97
1694744579253 2.3974418274044873 98
1694744579541 2.3971994822289515 99
1694744579856 2.39698078305115 100
1694744580265 2.396783290705387 101
1694744580555 2.3966048242088736 102
1694744580944 2.39644343304337 103
1694744581313 2.3962973724352077 104
1694744581562 2.3961650813080513 105
1694744581875 2.396045162618208 106
1694744582237 2.395936365813879 107
1694744582541 2.3958375711878697 108
1694744582884 2.3957477759183443 109
