1694748973143 184.16502122380356 0
1694748973471 3661276.43776813 1
1694748973845 75112619698.18654 2
1694748974196 1540969253800187.8 3
1694748974497 3.1613678911467594e+19 4
1694748974846 6.485688743319775e+23 5
1694748975212 1.330568283211303e+28 6
1694748975562 2.7297208150967627e+32 7
1694748975929 5.600145308130122e+36 8
1694748976225 1.1488950554476427e+41 9
1694748976564 2.357009998500869e+45 10
1694748976927 4.835512266060267e+49 11
1694748977210 9.920271398972035e+53 12
1694748977510 2.03518839813519e+58 13
1694748977877 4.175280745175269e+62 14
1694748978216 8.565776670604485e+66 15
1694748978527 1.7573076985411688e+71 16
1694748978889 3.6051959630814575e+75 17
1694748979226 7.396222040686818e+79 18
1694748979582 1.5173682938550859e+84 19
1694748979945 3.112949457886867e+88 20
1694748980472 6.386356144781559e+92 21
1694748980835 1.3101897528293063e+97 22
1694748981177 2.687913341352864e+101 23
1694748981508 5.514375391061377e+105 24
1694748981858 1.1312989703097494e+110 25
1694748982318 2.320910836608028e+114 26
1694748982642 4.761453208084968e+118 27
1694748982965 9.768335902949448e+122 28
1694748983265 2.004018146200135e+127 29
1694748983671 4.111333568173888e+131 30
1694748983976 8.434586154244022e+135 31
1694748984263 1.7303933727022758e+140 32
1694748984514 3.549980010323729e+144 33
1694748984841 7.282944024466262e+148 34
1694748985160 1.4941287981695407e+153 35
1694748985447 3.065272584850271e+157 36
1694748985824 6.288544890471019e+161 37
1694748986139 1.2901233330738464e+166 38
1694748986440 2.64674617662927e+170 39
1694748986774 5.429919096812955e+174 40
1694748987131 1.1139723808152625e+179 41
1694748987442 2.2853645571765166e+183 42
1694748987762 4.688528413403061e+187 43
1694748988158 9.618727399205901e+191 44
1694748988451 1.973325287221218e+196 45
1694748988769 4.04836578434293e+200 46
1694748989156 8.305404907123776e+204 47
1694748989475 1.7038912575058106e+209 48
1694748989838 3.49560972628142e+213 49
1694748990184 7.171400935738175e+217 50
1694748990532 1.4712452306801366e+222 51
1694748990838 3.018325914553325e+226 52
1694748991177 6.192231679998446e+230 53
1694748991523 1.2703642437649344e+235 54
1694748991838 2.6062095141712423e+239 55
1694748992181 5.34675630638542e+243 56
1694748992500 1.0969111594607545e+248 57
1694748992952 2.2503626924469793e+252 58
1694748993307 4.616720510024501e+256 59
1694748993679 9.471410248320691e+260 60
1694748994045 1.94310250961062e+265 61
1694748994344 3.986362393630369e+269 62
1694748994743 8.178202155960814e+273 63
1694748995267 1.6777950396740516e+278 64
1694748995567 3.4420721589806853e+282 65
1694748995917 7.061566202944349e+286 66
1694748996385 1.448712140111926e+291 67
1694748996777 2.9720982634597235e+295 68
1694748997144 6.0973935698349614e+299 69
1694748997565 1.2509077779341913e+304 70
1694748998002 inf 71
