1694720435652 0.1820317787573112 0
1694720435912 1.7827401019165974 1
1694720436206 7.205668249919272 2
1694720436502 0.4026920454493234 3
1694720436791 0.5580807377948054 4
1694720437053 7.183615628840826 5
1694720437329 5.658463662010754 6
1694720437595 3.311959946441672 7
1694720437861 0.007964035634194584 8
1694720438151 5.303915882994445 9
1694720438421 2.3976894811250102 10
1694720438715 10.670530559474317 11
1694720438973 6.874865184177244 12
1694720439321 26.43802602033294 13
1694720439632 11.479053916291582 14
1694720439874 11.729952982043683 15
1694720440124 0.10163695698320409 16
1694720440394 53.14733671300332 17
1694720440728 15.855753172625633 18
1694720441091 0.02183652685494724 19
1694720441424 0.5250690793692794 20
1694720441713 0.08405246995279717 21
1694720442032 22.58366081402258 22
1694720442300 2.596854016694991 23
1694720442668 0.1194503626382798 24
1694720442933 8.4304157469427 25
1694720443229 5.331073063515805 26
1694720443576 2.695037746628292 27
1694720443868 5.971614720529505 28
1694720444176 6.1555081599274155 29
1694720444490 8.893643611902855 30
1694720444802 0.10261083783872439 31
1694720445044 26.72054685260394 32
1694720445315 1.4388967446761358 33
1694720445639 1.8646493297402376 34
1694720445932 6.744864244719656 35
1694720446137 13.48274901573182 36
1694720446379 0.8065360792502937 37
1694720446684 6.691747863861005 38
1694720446970 1.058589108634211 39
1694720447242 13.85272356475486 40
1694720447543 8.901725936116915 41
1694720447835 0.2470254565126597 42
1694720448144 0.0752898748957243 43
1694720448446 1.4562591021335416 44
1694720448703 1.135385835238212 45
1694720448975 2.4455060055825424 46
1694720449239 17.70770327938329 47
1694720449532 1.1655849307322053 48
1694720449874 20.01207578205003 49
1694720450188 1.6808356057210716 50
1694720450500 4.684207731736081 51
1694720450821 4.065744632932618 52
1694720451140 1.0390776832068493 53
1694720451428 0.6643691992528816 54
1694720451665 1.709758851763501 55
1694720451923 0.13585226104788165 56
1694720452203 4.380556499053997 57
1694720452581 0.01597874524119356 58
1694720452886 4.8190012832857665 59
1694720453173 2.0143487765044044 60
1694720453693 0.7122248698284473 61
1694720454076 0.8978584187142531 62
1694720454375 0.6108309040230806 63
1694720454718 0.17020364938881946 64
1694720455007 0.23698783615001592 65
1694720455255 7.05820089607398 66
1694720455533 0.9181502718532744 67
1694720455847 9.460631577482465 68
1694720456100 5.1974280822295205 69
1694720456393 10.702918228436493 70
1694720456732 0.09730092766685237 71
1694720457035 3.9115554439593465 72
1694720457250 124.5619257575558 73
1694720457609 2.5973432030793253 74
1694720457898 9.21589454435931 75
1694720458148 2.3324491838712564 76
1694720458439 0.794607514714371 77
1694720458718 4.995166108717941 78
1694720459041 1.735863272468311 79
1694720459317 0.22369006566634503 80
1694720459550 2.534784788547159 81
1694720459832 0.00937020821926184 82
1694720460136 1.814093364194157 83
1694720460353 8.55999134992092 84
1694720460598 6.907414560738917 85
1694720460904 0.0032224701668353744 86
1694720461252 2.700296901716064 87
1694720461545 15.170146053768333 88
1694720461835 15.998464309504591 89
1694720462127 5.340131375562195 90
1694720462466 0.5859315460552563 91
1694720462793 24.053533243658944 92
1694720463089 4.007736098613306 93
1694720463356 0.20811520296612837 94
1694720463676 0.64622386456395 95
1694720463936 0.980075348156557 96
1694720464301 3.5206306630526383 97
1694720464641 0.04345690993633281 98
1694720464900 0.08333837294471583 99
1694720465102 4.080875699371591 100
1694720465434 0.3043432813313094 101
1694720465784 0.6388923868587074 102
1694720466079 10.789386668191357 103
1694720466330 0.7208247613306535 104
1694720466625 0.9794741740657111 105
1694720466926 8.723316272067324 106
1694720467226 27.956711302048628 107
1694720467454 5.159473794834748 108
1694720467736 2.2999452424675133 109
1694720468075 0.2691600301054182 110
1694720468363 0.7449266307704917 111
1694720468687 0.15130362391250077 112
1694720468969 22.35212433221265 113
1694720469262 22.717929913661994 114
1694720469520 2.7871320810657685 115
1694720469827 9.243286393595021 116
1694720470162 12.495963521711241 117
1694720470650 0.3432612331416546 118
1694720471141 9.362164829813258 119
1694720471421 6.897919161841558 120
1694720471678 1.5052766610977513 121
1694720471952 41.259293022096465 122
1694720472250 6.330243226872828 123
1694720472586 6.027440120656362 124
1694720472872 1.748418736558751 125
1694720473161 5.184540260476794 126
1694720473429 9.673951899324798 127
1694720473680 0.922064081533747 128
1694720473945 8.480010374376684 129
1694720474209 27.00215653969467 130
1694720474502 1.5877147345584248 131
1694720474836 9.506105706511182 132
1694720475106 14.441391579617214 133
1694720475372 11.651444292065586 134
1694720475663 14.695466562627873 135
1694720475958 0.04534029795111955 136
1694720476366 0.6090049913931317 137
1694720476589 1.6469528437567447 138
1694720476911 5.6268567465566655 139
1694720477215 22.03742426143134 140
1694720477503 1.291089233165901 141
1694720477837 18.073545255396557 142
1694720478124 0.11194873484733474 143
1694720478384 0.2515312049502484 144
1694720478606 9.47099221573776 145
1694720478820 8.564288573120201 146
1694720479168 1.9421575110800127 147
1694720479487 0.14339402064063259 148
1694720479730 7.275183228199092 149
1694720479989 2.481138809342582 150
1694720480289 0.00014681392112881098 151
1694720480562 5.07013679877546 152
1694720480805 4.350685543396896 153
1694720481059 2.337767237037527 154
1694720481327 4.225227804864977 155
1694720481668 0.9945684585653127 156
1694720481980 0.044961453022115246 157
1694720482296 24.51050277543815 158
1694720482675 14.255333699047041 159
1694720482984 1.5397193366908486 160
1694720483355 0.07929647866470145 161
1694720483884 0.29504601778672734 162
1694720484183 0.4544785823908052 163
1694720484469 8.526158391906302 164
1694720484749 6.762506471173823 165
1694720485028 0.146179131648542 166
1694720485307 5.978058102722376 167
1694720485605 15.667575528683974 168
1694720486037 1.4349903670089483 169
1694720486299 3.468486157852426 170
1694720486588 0.4077007037777742 171
1694720486870 15.214118757562384 172
1694720487103 0.10355658314524066 173
1694720487393 12.99148529090492 174
1694720487672 7.0296072951442365 175
1694720487975 16.948562515754006 176
1694720488353 6.458992199237102 177
1694720488634 3.817897538741255 178
1694720488902 7.3375405684198105 179
1694720489180 0.002590357930357454 180
1694720489511 3.3874141236560065 181
1694720489756 1.0667537957090987 182
1694720490118 10.276034518754972 183
1694720490470 12.914067306130276 184
1694720490807 0.008189233601871041 185
1694720491170 0.1333435752411866 186
1694720491462 3.0391219050165694 187
1694720491740 7.587998989416631 188
1694720492022 1.9673904681911702 189
1694720492359 7.679109625043986 190
1694720492891 1.5970628424045443 191
1694720493246 0.04155142861168497 192
1694720493551 13.058134842126124 193
1694720493799 0.1374149832157095 194
1694720494065 11.284586599752204 195
1694720494371 1.6880607697566787 196
1694720494647 8.968855259460252 197
1694720494881 4.365919566592362 198
1694720495210 13.014375316800521 199
1694720495544 1.3247128774239554 200
1694720495776 2.270383427484192 201
1694720496031 0.07290698891595004 202
1694720496336 16.563273707013746 203
1694720496655 0.9419200764061142 204
1694720496915 33.90876167104706 205
1694720497265 1.678564195521563 206
1694720497596 3.7686574019547034 207
1694720497833 8.786870017808019 208
1694720498134 2.6212443064495363 209
1694720498451 4.660447095536146 210
1694720498752 6.740432736358263 211
1694720499012 0.3801734738457399 212
1694720499302 0.0516209375212536 213
1694720499689 6.2470753194365445 214
1694720499913 9.417780494946097 215
1694720500194 11.923055889996377 216
1694720500521 0.05332904643909503 217
1694720500834 2.2478693771994136 218
1694720501162 11.645969318977171 219
1694720501466 19.85011086388885 220
1694720501795 0.10435789821262043 221
1694720502032 0.7601659131439529 222
1694720502254 0.45121648039191214 223
1694720502519 22.876204298148263 224
1694720502774 6.92159399245069 225
1694720503058 1.5202594710621968 226
1694720503347 1.7295206204391231 227
1694720503649 2.3439301332157645 228
1694720503971 0.4847739621458636 229
1694720504239 0.389944285612864 230
1694720504540 0.7793457579996078 231
1694720504797 0.37947927653338714 232
1694720505091 11.499801158426143 233
1694720505376 1.53549352987764 234
1694720505677 0.001054114627665548 235
1694720505894 0.06127268819203126 236
1694720506223 0.8883641777333587 237
1694720506527 1.447008635054547 238
1694720506823 0.4814319059899311 239
1694720507171 2.929255580212362 240
1694720507485 0.18693989256668983 241
1694720507796 0.6670948445761946 242
1694720508057 0.9616782559533144 243
1694720508373 11.07903346480777 244
1694720508673 0.12570676421708163 245
1694720508892 13.415186675504192 246
1694720509177 0.13838776871057218 247
1694720509476 0.8483175267817494 248
1694720509721 6.005273110677981 249
1694720509929 5.25237861139509 250
1694720510193 0.0030193954951429135 251
1694720510532 0.2757149937445862 252
1694720510854 0.009727359259926722 253
1694720511142 2.0358186254517774 254
1694720511431 0.14919685576673364 255
1694720511687 5.460060975461778 256
1694720511900 3.773625352115137 257
1694720512150 0.3409960863769043 258
1694720512481 0.736437433720219 259
1694720512865 0.17291823606428863 260
1694720513080 1.6058653101878988 261
1694720513382 0.8169324976702812 262
1694720513693 0.01761410482426706 263
1694720513929 41.289368967741936 264
1694720514289 1.0762839404024902 265
1694720514608 0.3296548187691699 266
1694720514917 0.20156146030946032 267
1694720515175 0.0007270212266821533 268
1694720515473 0.08399470918078544 269
1694720515761 0.2587807287415453 270
1694720515979 13.706976490218311 271
1694720516196 6.6056868244699025 272
1694720516456 10.723026435662542 273
1694720516760 0.2686399718435713 274
1694720516989 33.74496390555693 275
1694720517300 3.4817175243381686 276
1694720517581 11.401565635659278 277
1694720517854 2.198152738423138 278
1694720518117 7.422372997213217 279
1694720518423 0.0008987611302355527 280
1694720518716 4.251155848906418 281
1694720518987 5.970113960829138 282
1694720519257 1.5612444282204943 283
1694720519595 0.10435430936299989 284
1694720519868 11.047484555198968 285
1694720520120 2.147738910610527 286
1694720520416 2.3620597427385954 287
1694720520677 1.0813625508630293 288
1694720521034 3.6541542203450983 289
1694720521302 1.4180271467770236 290
1694720521633 0.2681473495019217 291
1694720521937 0.25137791970105683 292
1694720522212 5.522871824975628 293
1694720522518 1.895816569054738 294
1694720522841 0.8673476986122902 295
1694720523107 12.327594486835334 296
1694720523395 0.3249740280405754 297
1694720523679 9.80176657403492 298
1694720523990 1.6295737713368954 299
1694720524262 2.132079470858868 300
1694720524583 3.8645019470497326 301
1694720524868 4.373109047637028 302
1694720525126 8.757897057600072 303
1694720525410 0.3191282502356918 304
1694720525677 2.437659143148247 305
1694720525961 1.1258801275073391 306
1694720526255 9.544120317034487 307
1694720526566 9.172782977452668 308
1694720526852 3.9745192539320016 309
1694720527120 1.7519431317133594 310
1694720527450 0.20517976176216146 311
1694720527744 4.896093797600433 312
1694720528022 1.9996615551889696 313
1694720528356 0.6138936884147198 314
1694720528638 0.8035806025052994 315
1694720528827 0.4041946863491731 316
1694720529055 4.762179671622299 317
1694720529432 2.9565617136027362 318
1694720529875 2.4594778918683944 319
1694720530143 2.5443162071708936 320
1694720530384 3.5640207442890826 321
1694720530720 0.004650063189281969 322
1694720531078 5.096190750151738 323
1694720531337 2.3757545513329674 324
1694720531615 5.843977651900266 325
1694720531913 0.3407525588174934 326
1694720532194 23.751759124182147 327
1694720532497 3.823762116820265 328
1694720532869 2.676003029010909 329
1694720533153 0.2550763386023106 330
1694720533405 2.486635316604618 331
1694720533688 1.4753887927449925 332
1694720533988 11.26194201019771 333
1694720534268 5.338729614549672 334
1694720534550 3.786602602945484 335
1694720534839 6.185036330522941 336
1694720535189 19.53996334094854 337
1694720535408 1.4691007844610884 338
1694720535692 0.3313543162800935 339
1694720536035 19.743551209301774 340
1694720536405 43.30587425734674 341
1694720536707 11.31935662428218 342
1694720536984 6.595525740943196 343
1694720537289 3.3073715410724014 344
1694720537532 21.903518836462528 345
1694720537812 12.320385562703533 346
1694720538106 0.36996662765448257 347
1694720538348 14.696023383993476 348
1694720538603 3.226933994693613 349
1694720538863 0.34400860205423217 350
1694720539127 0.03565109943626295 351
1694720539454 2.3304847872096617 352
1694720539747 1.914809530281083 353
1694720540009 94.87927126467991 354
1694720540287 0.0225001610635977 355
1694720540555 1.4479488559071316 356
1694720540838 24.59597932613779 357
1694720541160 27.501666679989075 358
1694720541440 1.6789483494788604 359
1694720541772 0.06127976129579627 360
1694720542069 0.2558305937371596 361
1694720542348 0.791776537120971 362
1694720542706 1.0500548750413021 363
1694720542945 8.046951836591614 364
1694720543213 8.273098192886655 365
1694720543504 12.11437997829084 366
1694720543913 0.9328234943448603 367
1694720544291 0.055935521351530265 368
1694720544556 0.20796129044583725 369
1694720544780 0.8190776773726987 370
1694720545088 12.128330223139052 371
1694720545368 12.580345625631141 372
1694720545599 4.398329066184555 373
1694720545884 0.2141694572560559 374
1694720546272 5.540287575434115 375
1694720546495 8.440050170546018 376
1694720546697 2.6887859648907875 377
1694720546904 0.18965116528890996 378
1694720547176 6.070215200527434 379
1694720547424 5.64196718268603 380
1694720547678 0.037007516903256446 381
1694720547965 0.023996695524129485 382
1694720548334 28.889069223984425 383
1694720548602 0.2254178372346171 384
1694720548876 0.8129447338647101 385
1694720549156 0.12616597563005275 386
1694720549447 7.770771816734153 387
1694720549731 0.39590725349876826 388
1694720550013 14.763530911253515 389
1694720550297 0.7951330202987457 390
1694720550660 0.06600594208837958 391
1694720551016 0.5811493353409529 392
1694720551316 0.056442524362202644 393
1694720551673 2.742592016333299 394
1694720551926 8.0313650456159 395
1694720552199 23.853889887765856 396
1694720552489 12.096408601263832 397
1694720552864 15.802561047709645 398
1694720553147 0.03268741911199083 399
1694720553443 0.6846773255011884 400
1694720553711 0.8914066062870672 401
1694720553999 33.49590429346939 402
1694720554310 0.018772614526585202 403
1694720554584 7.4265049709593836 404
1694720554854 15.543055441789692 405
1694720555181 0.2547209038914616 406
1694720555449 3.6724491328967335 407
1694720555680 0.9715067660287038 408
1694720555964 5.064695380805616 409
1694720556247 0.0016940421786967945 410
1694720556543 4.28978433775387 411
1694720556808 0.111654494978934 412
1694720557070 10.920146174942406 413
1694720557432 1.167400933355089 414
1694720557678 24.028784452242185 415
1694720557979 5.616451366752093 416
1694720558268 0.2325198827631762 417
1694720558551 4.997064133790825 418
1694720558807 8.566289554491771 419
1694720559101 2.1698996899970844 420
1694720559421 0.048353883677291806 421
1694720559680 108.67436431173213 422
1694720559993 0.47707962284744676 423
1694720560283 3.921586652724725 424
1694720560575 0.001806057417466046 425
1694720560798 0.014033034008798767 426
1694720561154 7.939778400508963 427
1694720561418 2.869880823848912 428
1694720561737 21.465814040779993 429
1694720562026 0.15144437505314373 430
1694720562304 8.526120590927052 431
1694720562616 13.366270749525585 432
1694720562874 0.024486642122017132 433
1694720563145 5.170243027731002 434
1694720563405 0.0013889190688598002 435
1694720563631 0.7920127068080974 436
1694720563930 5.1907944976144185 437
1694720564254 4.726638952655168 438
1694720564683 0.4543680660708924 439
1694720564941 1.4389257940042768 440
1694720565156 0.5738964152077157 441
1694720565441 7.044659592649199 442
1694720565684 44.00496370700203 443
1694720565919 2.712040721775987 444
1694720566238 3.238073049716926 445
1694720566589 10.440085591555773 446
1694720566831 0.4127220097669899 447
1694720567116 3.3739111606809273 448
1694720567424 17.57413819226432 449
1694720567703 0.3761174088630581 450
1694720567975 0.4071660264671628 451
1694720568283 4.188379390359759 452
1694720568588 5.709693973667035 453
1694720568822 3.4022410325806236 454
1694720569079 5.446867293866275 455
1694720569334 0.00996773612926058 456
1694720569620 0.5015727710299371 457
1694720569859 29.63407498557987 458
1694720570132 1.5915530184891775 459
1694720570446 2.850413092785229 460
1694720570750 1.432612275204533 461
1694720571071 2.609210063392264 462
1694720571352 5.8025669210395865 463
1694720571646 16.44382857426942 464
1694720571916 3.7513982316580026 465
1694720572209 0.29312754575450933 466
1694720572492 0.9999505192146907 467
1694720572851 7.979165915315056 468
1694720573066 0.10485932915908946 469
1694720573403 1.2088761544837605 470
1694720573689 2.283665950623227 471
1694720573971 4.152663205878401 472
1694720574260 14.25376428825617 473
1694720574629 2.24248870178962 474
1694720574968 11.423783473693062 475
1694720575275 31.175993462090013 476
1694720575569 2.973235564571631 477
1694720575821 2.629791040583405 478
1694720576088 1.4740305115965466 479
1694720576362 3.2025028564272047 480
1694720576662 0.07285604791185385 481
1694720576921 4.634667647107674 482
1694720577279 0.11870002467467451 483
1694720577576 3.9434811113154593 484
1694720577820 1.739276392257443 485
1694720578051 3.320630741551463 486
1694720578329 3.397861418112194 487
1694720578633 0.4075362021197291 488
1694720578884 1.7148784826427723 489
1694720579115 4.801678573132443 490
1694720579501 5.611575449659917 491
1694720579784 7.604450814603692 492
1694720580041 1.0873463348680337 493
1694720580345 10.931070834894287 494
1694720580618 0.7846440560310678 495
1694720580900 0.04950541225421998 496
1694720581199 2.630967920144879 497
1694720581496 0.7083438048827368 498
1694720581826 0.3001532995407199 499
