1694731055143 2.4573401726474176 0
1694731055387 2.6268683911300785 1
1694731055554 2.153773807302047 2
1694731055786 1.829696893985732 3
1694731056040 1.695851313248048 4
1694731056247 2.12379583699871 5
1694731056467 1.1743604768694618 6
1694731056647 2.234962430011547 7
1694731056851 2.8559779955792637 8
1694731057066 2.3571022113426014 9
1694731057282 1.972813842676451 10
1694731057495 2.0502484566388137 11
1694731057642 2.4497475015835235 12
1694731057785 1.7147542634445698 13
1694731058032 1.3161166693889934 14
1694731058301 2.801634642375459 15
1694731058524 2.2147003159775878 16
1694731058778 2.5716161775813378 17
1694731059018 2.589488376039647 18
1694731059275 2.129550765697127 19
1694731059579 2.401142124461756 20
1694731059797 2.212067933238172 21
1694731060011 2.6615211265162415 22
1694731060245 2.355063643329716 23
1694731060526 2.7621802662255828 24
1694731060736 2.0403678142171042 25
1694731060978 1.8782603997356841 26
1694731061270 2.0271999155111726 27
1694731061570 1.43297103920657 28
1694731061741 1.9962547512579156 29
1694731061939 2.184896487794167 30
1694731062175 2.1525430915980484 31
1694731062438 2.4224082647451377 32
1694731062688 1.9189527114464713 33
1694731062881 2.6165225165755754 34
1694731063036 1.4424156771968826 35
1694731063237 2.0363770246465505 36
1694731063420 2.719491997036018 37
1694731063624 2.2699172069889464 38
1694731063815 1.6600228832585182 39
1694731064488 2.3985834511644333 40
1694731064703 1.7283914646943308 41
1694731064898 2.432847275622441 42
1694731065085 1.390735623251636 43
1694731065293 1.921615184261268 44
1694731065474 2.7972505100258314 45
1694731065646 2.5954263440856553 46
1694731065877 1.805050321439876 47
1694731066106 3.5787619737766785 48
1694731066340 2.2707048735413218 49
1694731066591 1.4272641632480183 50
1694731066799 1.5065505739151175 51
1694731067083 2.1703214197211884 52
1694731067319 2.1418356140465264 53
1694731067569 1.618557452976471 54
1694731067745 2.0291059933123607 55
1694731067938 2.649020978116506 56
1694731068143 2.676457304153229 57
1694731068321 1.3645279648602524 58
1694731068573 2.8807618007173477 59
1694731068833 1.6159159900527076 60
1694731069080 2.6184466476144475 61
1694731069364 2.23863464009658 62
1694731069655 2.546041968151575 63
1694731069903 2.053629533289738 64
1694731070138 2.5966039605705875 65
1694731070380 2.5906625089446176 66
1694731070628 1.5745570645721025 67
1694731070797 1.7784861792524707 68
1694731071012 1.6950880288414207 69
1694731071329 2.5442026387715733 70
1694731071609 2.3216845438455884 71
1694731071798 2.318620837970925 72
1694731072028 1.9228312042138234 73
1694731072273 1.219465185758036 74
1694731072504 2.8058105794670105 75
1694731072700 2.3391777847476374 76
1694731072928 1.5289855106429124 77
1694731073187 2.0355610216035642 78
1694731073439 1.2013749422920603 79
1694731073722 3.3009824458048413 80
1694731073927 2.3477636999193443 81
1694731074145 2.264215565690412 82
1694731074388 1.4001735582172379 83
1694731074622 3.011263459008941 84
1694731074825 1.5712158716308624 85
1694731075083 2.372988841314171 86
1694731075305 1.6234574685355974 87
1694731075574 2.5337443089998883 88
1694731075803 2.470536793952415 89
1694731076083 2.7736296463011216 90
1694731076330 1.8850459928175183 91
1694731076602 1.3747886787758212 92
1694731076784 3.6156999761630795 93
1694731076942 1.9869459923072175 94
1694731077153 2.6211685650876024 95
1694731077378 1.956599736352384 96
1694731077613 1.812560826153511 97
1694731077797 1.1358434071905077 98
1694731077955 1.7158909004130698 99
1694731078153 2.330975024914284 100
1694731078386 1.8509150857017147 101
1694731078673 1.5261565024959576 102
1694731078963 1.9336378865994288 103
1694731079203 2.155316601741636 104
1694731079472 2.1511733402723614 105
1694731079730 1.9365705499402535 106
1694731079869 2.2409100541262057 107
1694731079998 3.1932705245665995 108
1694731080263 1.5635660687348167 109
1694731080555 2.367751145434695 110
1694731080841 2.4761271932397526 111
1694731081021 1.6169744485166366 112
1694731081288 3.044051968054193 113
1694731081537 2.836535422663553 114
1694731081741 2.053531123666467 115
1694731081938 1.8455151146759265 116
1694731082175 1.906549565771277 117
1694731082409 2.909758688738968 118
1694731082691 2.300240472624342 119
1694731082868 2.246833957318799 120
1694731083073 2.3850889981021584 121
1694731083224 1.8185498263254556 122
1694731083468 1.6640169840630887 123
1694731083652 1.4683880078421006 124
1694731083819 2.137752806769527 125
1694731083969 2.128155161067172 126
1694731084159 2.363804944587346 127
1694731084384 1.949629213201128 128
1694731084638 1.5176959329072586 129
1694731084878 3.153932830301111 130
1694731085106 3.845237193753908 131
1694731085338 1.4861329793446578 132
1694731085618 1.7928773703531347 133
1694731085834 1.8049211837338188 134
1694731085976 2.4378686362149633 135
1694731086189 3.183648963465172 136
1694731086436 2.104650116233316 137
1694731086684 2.4964396250402077 138
1694731086860 3.034573090534085 139
1694731087101 2.404729383080114 140
1694731087330 2.299723757856976 141
1694731087555 1.3611224660773056 142
1694731087794 1.8233762352306147 143
1694731087973 1.8986883119784472 144
1694731088135 2.250261358890695 145
1694731088305 1.8674087353253552 146
1694731088519 2.5954815938550633 147
1694731088767 2.4694021767943553 148
1694731088970 2.1730192478133303 149
1694731089207 1.1068784633312936 150
1694731089512 1.4176828252683524 151
1694731089794 1.896592261224457 152
1694731089957 2.3516984604780515 153
1694731090163 2.512060856373045 154
1694731090406 3.6438568998561722 155
1694731090666 1.7154127834466721 156
1694731090900 2.1353370769098503 157
1694731091129 1.829705340030684 158
1694731091414 1.5718995888136666 159
1694731091650 1.7915991847591424 160
1694731091881 2.2418347476175065 161
1694731092020 2.6572301059664154 162
1694731092167 1.4497971872068367 163
1694731092304 1.5492087687626748 164
1694731092519 1.61754837732184 165
1694731092740 2.1267445372919727 166
1694731092920 1.6246491700793486 167
1694731093152 2.0965722062922856 168
1694731093390 3.001672871782961 169
1694731093653 2.9032439688339706 170
1694731093870 1.1823893068795077 171
1694731094078 2.517207945235769 172
1694731094314 2.2337698850412773 173
1694731094572 1.7480554487057351 174
1694731094811 2.503814345657011 175
1694731095020 2.091695624485466 176
1694731095191 1.8833860064493055 177
1694731095353 2.5040270346434896 178
1694731095532 2.8205954797263497 179
1694731095767 2.03466239718867 180
1694731095972 1.7387386593966059 181
1694731096187 2.5472042219895794 182
1694731096465 2.40324246676197 183
1694731096714 1.6647950134361076 184
1694731096900 2.5807165480414684 185
1694731097069 1.508613588696248 186
