1694723317527 2.859463412617767 0
1694723317749 3.2188296062084962 1
1694723318017 1.8762315512096122 2
1694723318306 3.0207161882051916 3
1694723318515 1.8772928594192329 4
1694723318723 2.3445043445723015 5
1694723318963 1.7131258927769986 6
1694723319190 3.2939638080655116 7
1694723319435 2.2574354158292707 8
1694723319673 1.610371256278061 9
1694723319936 1.7460115473631634 10
1694723320167 2.1852282460481685 11
1694723320439 1.8918327624818634 12
1694723320708 1.6138633210660371 13
1694723320914 2.0473356339753384 14
1694723321322 2.664877943283786 15
1694723321637 2.1248590310548385 16
1694723321862 2.0948681187196225 17
1694723322121 2.046504249481926 18
1694723322403 2.5483415805674716 19
1694723322742 2.477536107544569 20
1694723322971 1.8965211691445671 21
1694723323286 2.9134418989711035 22
1694723323629 1.3712776320597075 23
1694723323838 1.551500626406599 24
1694723324079 2.317076036168683 25
1694723324312 3.591659906937803 26
1694723324576 1.3221624933549816 27
1694723324860 2.7149038108714767 28
1694723325164 1.7896923292930025 29
1694723325470 2.181704032979041 30
1694723325761 2.194433267806312 31
1694723326012 3.0926675492465026 32
1694723326337 0.835684895976675 33
1694723326818 1.2744454000911947 34
1694723327103 2.1515230527921068 35
1694723327299 1.5357009932784893 36
1694723327504 2.5599361618341043 37
1694723327743 1.7259182862028237 38
1694723327955 1.7829871309031993 39
1694723328254 2.750654219442635 40
1694723328465 1.5191657561477743 41
1694723328672 1.4367162659634598 42
1694723328882 2.2938536318620804 43
1694723329104 1.5916596571283237 44
1694723329345 1.2457259899237754 45
1694723329576 2.154498620557479 46
1694723329805 2.4156449855032864 47
1694723329983 1.4251073871158768 48
1694723330242 1.5248506617568307 49
1694723330499 1.712189679093941 50
1694723330752 1.7598683880066508 51
1694723330932 2.353624082310922 52
1694723331072 1.6039807324835595 53
1694723331317 1.8180108684918481 54
1694723331544 1.7848724662049555 55
1694723331761 1.5611543269346404 56
1694723331950 1.7684522027031684 57
1694723332215 1.2987339635216486 58
1694723332499 0.94243496970673 59
1694723332806 1.1651551602884964 60
1694723332992 1.5768784031884575 61
1694723333200 1.5131155922666704 62
1694723333469 1.6346434263761171 63
1694723333714 1.207812075377061 64
1694723333942 1.8998343008630079 65
1694723334162 2.450884564212299 66
1694723334410 1.701776125921933 67
1694723334627 1.1007235594451452 68
1694723334919 1.4819553884599346 69
1694723335086 1.861245123724592 70
1694723335319 1.6073925017529602 71
1694723335569 1.253001099656839 72
1694723335810 2.155996130952607 73
1694723335999 1.7308660074390816 74
1694723336202 2.046461813834257 75
1694723336442 0.8081654796423237 76
1694723336659 1.404675831143223 77
1694723336891 1.4352226433021606 78
1694723337113 1.9438336628171347 79
1694723337265 1.218951077800597 80
1694723337476 1.32855691867404 81
1694723337862 1.595053171792145 82
1694723338071 1.0193908342851525 83
1694723338299 1.0345216917303353 84
1694723338499 1.0587823467446469 85
1694723338739 1.6247264834851771 86
1694723338915 1.720598459637349 87
1694723339141 1.357608435722212 88
1694723339431 1.612255056186885 89
1694723339666 1.3172986192289442 90
1694723339873 1.6434576305192259 91
1694723340063 1.6132451187038461 92
1694723340225 0.6912262325358758 93
1694723340439 0.9110230535734529 94
1694723340640 1.3318259663442849 95
1694723340815 1.0865163845408579 96
1694723340998 1.02593248451887 97
1694723341151 1.2223295273412922 98
1694723341313 1.4996079855167113 99
1694723341595 1.2948325189540402 100
1694723341840 1.4403096781107814 101
1694723342043 1.3964041232736264 102
1694723342283 1.8456405628743273 103
1694723342505 1.4040928667983574 104
1694723342718 1.481165996779729 105
1694723342949 1.2465133911646298 106
1694723343110 1.1580345767554465 107
1694723343355 1.4167086796058006 108
1694723343588 1.5763220188856502 109
1694723343887 1.7200044742671354 110
1694723344076 1.2458411684086808 111
1694723344229 1.388388115446503 112
1694723344472 1.521565427843591 113
1694723344701 1.3871660478859935 114
1694723344991 1.7413716278107 115
1694723345164 0.8697506028321844 116
1694723345391 1.2600351967148236 117
1694723345665 1.6110364038379372 118
1694723345875 2.505615094463913 119
1694723346117 1.1086281077609341 120
1694723346311 1.239799827882641 121
1694723346472 1.2452495170964129 122
1694723346676 1.4536371469534053 123
1694723346902 1.4089320066433708 124
1694723347114 1.1973592669922342 125
1694723347353 1.0114646315743108 126
1694723347595 1.416382124259717 127
1694723347845 1.05283714067288 128
1694723348036 1.9835249878414427 129
1694723348287 1.5488898830117837 130
1694723348469 1.5464900789550253 131
1694723348697 1.1295809583125909 132
1694723348917 1.140741580235281 133
1694723349092 1.2913012720732882 134
1694723349262 1.5277248977863942 135
1694723349454 1.8520725451056048 136
1694723349644 1.4673118915882566 137
1694723349878 0.9985201596910708 138
1694723350081 1.1861705741775672 139
1694723350223 1.4086874776720408 140
1694723350531 0.7213074268289409 141
1694723350753 0.7987402727636304 142
1694723350974 1.0818725470015522 143
1694723351135 1.1982713322969742 144
1694723351313 1.2895958933436118 145
1694723351558 0.6857512763874212 146
1694723351764 1.191794863345245 147
1694723352001 1.0271885085187684 148
1694723352178 0.9205134041017962 149
1694723352389 1.0341252274933934 150
1694723352659 1.2253686643493829 151
1694723352914 0.7996863419242564 152
1694723353137 1.024143519535854 153
1694723353345 0.884026499313237 154
1694723353585 1.2065972904656412 155
1694723353825 0.6719728949009066 156
1694723354034 1.499529885273569 157
1694723354230 0.9855588244458643 158
1694723354453 0.9322589654484587 159
1694723354730 1.2152540021816454 160
1694723355110 1.1181721802165634 161
1694723355310 0.9367029187266962 162
1694723355539 0.9736165716790165 163
1694723355775 0.8337827618473376 164
1694723356004 0.9968119518155653 165
1694723356240 0.770212403780496 166
1694723356459 1.5070599566089775 167
1694723356739 1.6555513963346071 168
1694723357000 1.2769655135876563 169
1694723357240 0.7634442288907033 170
1694723357495 1.1226165115307787 171
1694723357734 1.5703660434650877 172
1694723357960 0.7948053612488232 173
1694723358170 0.9337248131244733 174
1694723358429 1.5346861535143164 175
1694723358654 1.4269615118275663 176
1694723358881 1.0353108775034137 177
1694723359115 1.31299286942599 178
1694723359332 1.15673659955488 179
1694723359623 1.0735773715021657 180
1694723359873 1.2141040690882712 181
1694723360104 1.2021400241904188 182
1694723360277 1.470642756752588 183
1694723360558 0.8382582569477887 184
1694723360790 1.0195051808201978 185
1694723361009 1.922450177117458 186
1694723361189 0.6288126345147692 187
1694723361379 1.7834394270006315 188
1694723361613 1.3051431539235752 189
1694723361901 0.7804381854711069 190
1694723362122 1.220086858480295 191
1694723362323 1.7812194758409041 192
1694723362513 1.2820224195720757 193
1694723362746 0.5977353007752993 194
1694723362972 1.3565650424487044 195
1694723363214 0.8598574801355443 196
1694723363507 1.9758244067952775 197
1694723363736 1.2419375985233847 198
1694723363921 1.4732451737895764 199
1694723364106 1.2402990208076468 200
1694723364262 1.232744614487833 201
1694723364440 0.7228092983046323 202
1694723364665 1.048877190310109 203
1694723364867 0.8319821143863657 204
1694723365222 1.4651979886396738 205
1694723365465 1.2634398412363819 206
1694723365730 1.442135415563168 207
1694723366020 0.742825891597079 208
1694723366284 1.2347631269828319 209
1694723366473 1.2186571023648616 210
1694723366781 1.3470704447600665 211
1694723367143 1.0824119588581989 212
1694723367331 0.7869730400417247 213
1694723367553 0.9189365622312502 214
1694723367852 0.6998555392429419 215
1694723368110 0.9307738616768273 216
1694723368315 1.449021254389339 217
1694723368535 0.903047723545444 218
1694723368768 1.1127576175640304 219
1694723369013 1.256064696755506 220
1694723369221 1.0892493514431523 221
1694723369429 0.8480416468842051 222
1694723369672 1.2276899333598037 223
1694723369889 1.091910373977754 224
1694723370117 1.1758140890449202 225
1694723370310 1.4519357184598176 226
1694723370453 0.8142605122339237 227
1694723370686 0.7643556134044867 228
1694723370932 0.9295364564515468 229
1694723371181 1.1533200679563789 230
1694723371403 1.2446331609564054 231
1694723371630 1.3256161882849453 232
1694723371845 1.1776791372268156 233
1694723372050 0.7917179435822977 234
1694723372260 0.8776082244578737 235
1694723372455 1.034249282007367 236
1694723372670 1.0590361444187961 237
1694723372912 0.9107875382395525 238
1694723373166 1.5921329516751435 239
1694723373445 0.6276959521293279 240
1694723373683 1.0738338691182385 241
1694723373926 0.9092088619041331 242
1694723374170 1.0096317482630728 243
1694723374411 1.045746438731915 244
1694723374637 1.2812483599117122 245
1694723374908 0.8844522534008996 246
1694723375307 0.8282593876297719 247
1694723375598 0.8893321057277858 248
1694723375814 0.8910103379737275 249
1694723376044 0.8936883152062209 250
1694723376273 0.8681102849261582 251
1694723376453 1.2858921788276927 252
1694723376688 1.4192004023215468 253
1694723376920 0.838611146259087 254
1694723377131 1.207705809821003 255
1694723377319 0.7566105310976853 256
1694723377605 0.9318281884627083 257
1694723377835 0.9074496196246249 258
1694723378050 0.8188877183895803 259
1694723378279 0.8141864901836469 260
1694723378443 1.257791209681825 261
1694723378691 0.850476926133255 262
1694723378902 1.0699432872910413 263
1694723379144 0.9265891132791556 264
1694723379374 0.8623709740970974 265
1694723379599 1.3843463194516705 266
1694723379883 0.9640115080778783 267
1694723380092 1.015186765009711 268
1694723380327 1.0137301028215737 269
1694723380528 0.9749351780725424 270
1694723380757 0.88441479299514 271
1694723380991 1.0374654605329392 272
1694723381197 0.8155893803464235 273
1694723381392 0.9731816275222723 274
1694723381536 1.3129623934175605 275
1694723381701 0.944351340414897 276
1694723381921 1.1404209765023625 277
1694723382186 1.04291658600843 278
1694723382416 1.4079448662737626 279
1694723382623 1.095810145995455 280
1694723382852 0.7933536072116557 281
1694723383114 0.8838015792178444 282
1694723383391 0.5923250265044057 283
1694723383569 1.2475286886119337 284
1694723383799 1.1180914820223626 285
1694723384022 0.907337760195741 286
1694723384313 1.1658906162876634 287
1694723384558 1.1876890544587067 288
1694723384795 0.959035801826179 289
1694723385091 1.9904008092653205 290
1694723385326 1.0494115331237648 291
1694723385565 0.8449874805963884 292
1694723385816 0.9518164973291613 293
1694723385999 0.7490825241514028 294
1694723386151 1.2538480216996597 295
1694723386372 0.745339250303237 296
1694723386557 1.0201204958643626 297
1694723386710 0.8517654769719697 298
1694723386898 1.746192230554562 299
1694723387047 1.610577967213434 300
1694723387232 1.3677870355040367 301
1694723387457 0.7016473759964542 302
1694723387617 1.6631360151842218 303
1694723387855 1.93507768348159 304
1694723388074 0.9770935258578741 305
1694723388306 0.9295974681968927 306
1694723388464 1.0932086325059898 307
1694723388666 1.1195768498201708 308
1694723388897 0.8893069506392404 309
1694723389176 1.3464174654510799 310
1694723389499 0.9381861118542153 311
1694723389810 1.0811038469125551 312
1694723390069 1.087803660564865 313
1694723390286 0.8632020364032214 314
1694723390483 0.9484026675337546 315
1694723390657 0.5641545269808853 316
1694723390923 0.7970199102239452 317
1694723391137 1.5610492319047033 318
1694723391328 1.0491429987674816 319
1694723391536 0.7618860124391176 320
1694723391738 0.8491882361399478 321
1694723391897 0.9895579246453244 322
1694723392100 1.1223020386827958 323
1694723392269 2.1799998376452128 324
1694723392492 0.7684865769531023 325
1694723392743 0.7514080268526129 326
1694723392975 0.8347679706748062 327
1694723393326 1.0538816620412295 328
1694723393532 1.0662303709993506 329
1694723393765 1.4413652584941055 330
1694723394022 1.0755651751767417 331
1694723394267 0.9633371011531898 332
1694723394474 0.9666603496524094 333
1694723394668 1.0915897134904036 334
1694723394995 0.8914709167347563 335
1694723395238 0.8392627910606542 336
1694723395523 1.0295026803049918 337
1694723395671 1.0909385292242084 338
1694723395856 1.0207285514631312 339
1694723396023 0.748663649520572 340
1694723396184 0.9403125540009644 341
1694723396338 0.7745311254285074 342
1694723396510 1.216520143640769 343
1694723396653 0.8643599374044532 344
1694723396844 0.7227866513373906 345
1694723396985 0.9081444874112657 346
1694723397178 1.1644770679178909 347
1694723397348 1.081710426698193 348
1694723397580 0.7907103787264 349
1694723397772 1.0776877198855728 350
1694723397971 0.9317287278423843 351
1694723398164 0.7190228315193732 352
1694723398362 1.03279310302231 353
1694723398504 1.4695361862479397 354
1694723398634 0.8050383076563151 355
1694723398829 1.0991147201982934 356
1694723399066 0.7822883747473567 357
1694723399277 0.8414805263960056 358
1694723399511 1.2795578160993433 359
1694723399664 1.0335557048093846 360
1694723399902 0.9646723041698623 361
1694723400138 1.0363611599930165 362
1694723400370 0.8880885822806253 363
1694723400591 0.9375816052170349 364
1694723400766 0.6913784762480045 365
1694723401026 1.1680180126866304 366
1694723401249 0.5864757039215744 367
1694723401467 1.0886600053255917 368
1694723401664 1.478494851401151 369
1694723401873 0.7855199408795311 370
1694723402163 0.7284954354321713 371
1694723402404 0.656734252765326 372
1694723402627 0.7266746103055945 373
1694723402786 1.5203005604269009 374
1694723403026 0.8691740524341707 375
1694723403335 1.2241404799538256 376
1694723403571 1.2168110964249774 377
1694723403783 0.9773200821047056 378
1694723404019 0.9798790297438694 379
1694723404279 0.9378103294213449 380
1694723404548 0.992625113034508 381
1694723404779 1.0157213985605675 382
1694723405100 1.264094743270373 383
1694723405331 1.2710271773258377 384
1694723405589 0.6833887368820745 385
1694723405763 0.922001185207218 386
1694723405994 1.1035122141494138 387
1694723406220 0.9302595173023278 388
1694723406448 0.8358639837450411 389
1694723406707 0.8059050861455851 390
1694723406970 1.196021432813232 391
1694723407169 0.9587523250369903 392
1694723407407 0.9058821666071301 393
1694723407675 1.3681014988753026 394
1694723407823 1.3191176968539453 395
1694723408017 0.6947966001211626 396
1694723408153 0.7737631338819411 397
1694723408365 0.8991212265086002 398
1694723408606 0.8510136681522064 399
1694723408892 0.7932293751896808 400
1694723409119 1.1678604390518625 401
1694723409362 1.0532029673746808 402
1694723409601 0.7952122293059846 403
1694723409769 0.9847356782573126 404
1694723409934 1.0048986732126892 405
1694723410161 1.2968655276773147 406
1694723410393 0.92664078299629 407
1694723410614 1.1674477276341177 408
1694723410783 0.830661871280336 409
1694723411051 0.8638167952320642 410
1694723411288 1.3711577255087453 411
1694723411532 0.8408847977908789 412
1694723411732 0.7966298581861538 413
1694723411976 1.0104898496448875 414
1694723412213 0.8809479588004373 415
1694723412458 0.8746537526696454 416
1694723412691 0.7558906940881797 417
1694723412858 1.0298263681828217 418
1694723413090 1.2164345325897954 419
1694723413421 0.9446293273748063 420
1694723413683 0.819730803369154 421
1694723413849 0.743009275591652 422
1694723414074 0.8192415884786362 423
1694723414258 1.3223941715342542 424
1694723414516 1.0559775792126163 425
1694723414739 1.3492890320519773 426
1694723414960 0.9039966058968304 427
1694723415210 0.8789562957807442 428
1694723415425 1.2324451018339064 429
1694723415660 1.0674619007870865 430
1694723415872 0.9877822749206476 431
1694723416126 0.980276902953633 432
1694723416347 2.2225233532486777 433
1694723416557 0.7111858240817671 434
1694723416893 1.0876985936331411 435
1694723417138 0.9218839203540654 436
1694723417384 1.2239614547574986 437
1694723417662 1.4373972054990465 438
1694723417901 0.7065969864810383 439
1694723418168 1.9192343845239737 440
1694723418413 0.7331795468870994 441
1694723418635 1.2868679953963376 442
1694723418850 0.788379925910687 443
1694723419090 0.8848776688253589 444
1694723419361 0.840775875304565 445
1694723419652 1.2376082855914559 446
1694723419948 1.3804512572467245 447
1694723420203 1.0548023054103441 448
1694723420453 1.2394607908188857 449
1694723420684 0.8386475437349223 450
1694723420886 0.9296203011694747 451
1694723421070 0.7167062546379463 452
1694723421320 0.6112373964454513 453
1694723421564 0.8518281002930147 454
1694723421794 1.0059106669870341 455
1694723421986 1.5307790529420493 456
1694723422220 1.3963830806538349 457
1694723422464 0.913584184110771 458
1694723422700 1.0045327286197474 459
1694723422912 1.3946890498473026 460
1694723423132 0.7736067626917196 461
1694723423406 0.9403945655557158 462
1694723423630 0.8864955945759868 463
1694723423834 0.7300871100242023 464
1694723424045 0.990325972222114 465
1694723424323 0.930968698960433 466
1694723424591 0.97201775347643 467
1694723424809 1.11055668237634 468
1694723425017 1.2612579148111283 469
1694723425239 0.749342504959254 470
1694723425483 0.9060491123196883 471
1694723425709 0.5869977599334029 472
1694723425888 1.7366219433999686 473
1694723426087 0.919357025910374 474
1694723426323 0.9325668212206324 475
1694723426599 0.76715519718035 476
1694723426854 0.8276367334441752 477
1694723427076 1.051592612811804 478
1694723427305 0.9220149097733998 479
1694723427622 1.2024309458930398 480
1694723427826 1.3487945363295173 481
1694723427948 0.8095080962037904 482
1694723428098 1.1436841859651634 483
1694723428356 0.7692307813125657 484
1694723428598 0.8501847438833763 485
1694723428861 1.6699526789411059 486
1694723429092 1.0623746862372294 487
1694723429335 0.8528050094636166 488
1694723429587 0.8204390430425396 489
1694723429824 1.0959954231474336 490
1694723430041 0.7358449294984653 491
1694723430281 0.7288232616776203 492
1694723430547 0.9257589826211153 493
1694723430813 1.0705300359212302 494
1694723430982 1.3997962762647436 495
1694723431257 0.8336673657584553 496
1694723431480 0.9201981298870948 497
1694723431724 0.7767151373783663 498
1694723431915 0.9325641714463201 499
