1694722295057 169.2068636753653 0
1694722295369 8.609222066223174 1
1694722295658 69.39624075862473 2
1694722296017 11.800736380916662 3
1694722296385 32.3664304051714 4
1694722296725 10.724008447398417 5
1694722297106 17.00740690441995 6
1694722297428 8.442513598008585 7
1694722297782 9.983434932264025 8
1694722298149 6.388342457106255 9
1694722298551 6.510317553682144 10
1694722298869 4.901384524950572 11
1694722299252 4.690832951779466 12
1694722299562 3.9231996721929137 13
1694722299873 3.6985557455876332 14
1694722300217 3.3106247628390255 15
1694722300514 3.1427275253811553 16
1694722300910 2.937298499981419 17
1694722301292 2.8259251119874134 18
1694722301610 2.7132693348458 19
1694722301934 2.643324842459864 20
1694722302316 2.5800009507499513 21
1694722302644 2.5372921953488508 22
1694722302978 2.501085958132507 23
1694722303333 2.4753891276634836 24
1694722303676 2.454435472519482 25
1694722304134 2.4390807985509535 26
1694722304485 2.4268370863897646 27
1694722304830 2.4176749497827728 28
1694722305190 2.4104535204244777 29
1694722305538 2.404966733988203 30
1694722305920 2.4006589252621073 31
1694722306278 2.397342182105217 32
1694722306612 2.394731080318873 33
1694722306986 2.392691628864628 34
1694722307386 2.3910708888351553 35
1694722307712 2.389781859399179 36
1694722308060 2.3887400236930025 37
1694722308400 2.3878913887722923 38
1694722308771 2.3871882502489763 39
1694722309122 2.3865979015657066 40
1694722309468 2.3860930398900253 41
1694722309781 2.385654122262867 42
1694722310158 2.3852653832212356 43
1694722310557 2.3849152380206293 44
1694722310882 2.3845945325447637 45
1694722311224 2.384296431866494 46
1694722311539 2.384015602413791 47
1694722311822 2.3837480229860306 48
1694722312192 2.3834905794531367 49
1694722312640 2.3832409100317093 50
1694722312936 2.382997194114356 51
1694722313265 2.382758045969626 52
1694722313606 2.3825224003799965 53
1694722313923 2.3822894447978484 54
1694722314268 2.38205855567607 55
1694722314628 2.3818292567417236 56
1694722314989 2.3816011828811385 57
1694722315301 2.381374054990838 58
1694722315598 2.381147659242177 59
1694722315920 2.380921832097839 60
