1694717441510 2.3656865294690697 0
1694717441681 2.5911196491821893 1
1694717441827 1.4263181489503791 2
1694717442067 2.068401356980582 3
1694717442297 3.2538703627787524 4
1694717442576 1.6204328784816422 5
1694717442794 1.8888990815729911 6
1694717443020 3.275271082998018 7
1694717443283 2.371222981462953 8
1694717443516 2.1182293649543014 9
1694717443747 3.0137030546023595 10
1694717443996 3.203028999069852 11
1694717444272 2.9627135618478917 12
1694717444501 2.177506142150872 13
1694717444682 2.0068881279354414 14
1694717444947 1.9277950486811335 15
1694717445179 2.501702477435213 16
1694717445434 2.8582927624088477 17
1694717445644 2.1688847286918453 18
1694717445843 2.131888388244556 19
1694717446163 1.6513551124599133 20
1694717446581 3.190682776710806 21
1694717446766 1.8468916500218722 22
1694717447029 1.7475831848043146 23
1694717447346 2.468106947729295 24
1694717447625 2.1306381103346634 25
1694717447800 2.092332286649009 26
1694717448093 2.9763804762080706 27
1694717448348 2.045998067248927 28
1694717448659 3.881520626316945 29
1694717448843 1.7607991446827598 30
1694717449146 2.2009586509558563 31
1694717449511 3.0982312712526467 32
1694717449861 2.1664676051252285 33
1694717450135 2.047203700023464 34
1694717450431 3.228819167908162 35
1694717450701 2.405209124069582 36
1694717450962 2.5210246757131993 37
1694717451291 2.1064942890511897 38
1694717451710 1.5162088469388515 39
1694717452167 3.1765384636325673 40
1694717452540 2.9482604180412992 41
1694717452831 1.8543144259068702 42
1694717453203 2.6552055027898134 43
1694717453542 2.421478240396087 44
1694717453848 1.6713304485989262 45
1694717454210 1.6212558942487583 46
1694717454480 2.4714261296090405 47
1694717454708 2.475046469188732 48
1694717454926 2.7323691447872007 49
1694717455177 1.5461344720722714 50
1694717455408 1.711154378568174 51
1694717455648 2.5168815007803516 52
1694717455822 2.8806691123358097 53
1694717456021 2.440059414031817 54
1694717456300 2.251551346966431 55
1694717456540 2.842630636700987 56
1694717456752 2.2005296224189053 57
1694717456980 1.552690767058812 58
1694717457190 2.275092942276465 59
1694717457431 2.069159641525652 60
1694717457677 2.2725958613457733 61
1694717457875 1.7829387474152518 62
1694717458243 1.763951652691379 63
1694717458694 2.241291308365093 64
1694717458956 1.9611738458799135 65
1694717459243 2.014200920513781 66
1694717459523 3.079478003561879 67
1694717459772 2.431189844673875 68
1694717460011 1.933948951667834 69
1694717460505 1.1312467862090148 70
1694717460814 1.3224886830228317 71
1694717461104 3.0775526192629727 72
1694717461425 1.5281318382553166 73
1694717461675 2.410254822040784 74
1694717461962 3.033117579078636 75
1694717462377 2.0349572179290942 76
1694717462847 1.6708514132227439 77
1694717463193 2.378518049583796 78
1694717463448 2.2543819943474115 79
1694717463673 1.7291740975680776 80
1694717463900 1.4774242811526348 81
1694717464134 2.115931493821503 82
1694717464411 2.190549136641829 83
1694717464656 2.0802157243813064 84
1694717464884 2.4339563785614016 85
1694717465070 0.8960314724669711 86
1694717465304 2.2052342954561563 87
1694717465552 2.9338314596495487 88
1694717465831 2.147084850723465 89
1694717466074 2.2567675665743256 90
1694717466312 3.0257301806290733 91
1694717466626 1.0623133462872005 92
1694717466963 2.692273752340363 93
1694717467280 1.8018819703825415 94
1694717467620 3.068018747553461 95
1694717467865 2.0337768609306686 96
1694717468054 1.3325300526839525 97
1694717468453 1.5616435644458495 98
1694717468777 2.0459624649165375 99
1694717469047 1.5918892604516006 100
1694717469369 2.238009516632363 101
1694717469659 1.9759816580056428 102
1694717470005 1.8765459926669739 103
1694717470261 2.0714656060508374 104
1694717470580 2.952127310650445 105
1694717470901 2.049006219321634 106
1694717471184 2.267978269903176 107
1694717471456 2.012985192820693 108
1694717471712 2.040345061000104 109
1694717471929 2.6321647643163475 110
1694717472191 1.2972342483545014 111
1694717472524 1.8524649167450036 112
1694717472771 1.6335893181692642 113
1694717472976 1.4299398842514952 114
1694717473371 2.656300921449368 115
1694717473707 1.2044285704753424 116
1694717473935 1.9518636706242682 117
1694717474136 1.83337269796209 118
1694717474421 1.397441406704891 119
1694717474684 2.024379224142768 120
1694717474909 2.1211232227729675 121
1694717475208 1.9313779500409691 122
1694717475454 2.1638383738783546 123
1694717475719 1.7743445014276957 124
1694717476003 1.986954619380783 125
1694717476259 1.5158724555557193 126
1694717476507 1.884927424695005 127
1694717476803 1.7667802829712358 128
1694717476971 2.3227635629699086 129
1694717477212 3.172588742774604 130
1694717477459 2.6480254415879276 131
1694717477706 1.594556845501983 132
1694717477928 2.2269596932034412 133
1694717478099 2.278208803106552 134
1694717478322 1.9770461839480766 135
1694717478562 1.716161772484524 136
1694717478861 1.4886668382187722 137
1694717479159 1.8243199440330642 138
1694717479372 1.844256682127239 139
1694717479619 1.7278755466060796 140
1694717479842 1.7858740970360116 141
1694717480042 1.127457258287042 142
1694717480400 2.659314795789071 143
1694717480674 1.7213062307805267 144
1694717480906 1.6343382175568202 145
1694717481182 1.7461676655899445 146
1694717481516 2.4602047344281464 147
1694717481774 2.506103076799311 148
1694717482023 1.3515218080950273 149
1694717482267 1.6987432015960469 150
1694717482519 2.276681947136838 151
1694717482798 2.1940018365525074 152
1694717482996 1.9019572416888366 153
1694717483172 1.1834287471917089 154
1694717483424 1.59634415834389 155
1694717483721 1.501639539056492 156
1694717483925 1.1779449069930479 157
1694717484135 1.9380206131131732 158
1694717484400 1.532961702607485 159
1694717484595 1.6997577099277228 160
1694717484840 2.25517356800779 161
1694717485075 1.9997548434893873 162
1694717485282 1.0534627484201413 163
1694717485531 1.6952580250110607 164
1694717485796 1.7278744858031896 165
1694717486021 2.613846563338772 166
1694717486251 1.6639662081441173 167
1694717486487 1.591307930578471 168
1694717486722 2.2461282352728875 169
1694717486972 1.7701114528139748 170
1694717487180 1.9485596727819186 171
1694717487428 1.6752837695293465 172
1694717487669 2.70538297947524 173
1694717487908 1.9738501449837056 174
1694717488187 1.2882014491080649 175
1694717488409 1.7559702136712347 176
1694717488670 1.755702937193358 177
1694717488935 2.1439847702609884 178
1694717489120 1.6411687966875241 179
1694717489355 2.69269733032689 180
1694717489610 2.947325524090902 181
1694717489862 1.5720905362849182 182
1694717490070 1.769422044882574 183
1694717490402 1.0435933731311804 184
1694717490648 2.4074455101951284 185
1694717490889 2.180633289036683 186
1694717491077 2.2907002762333595 187
1694717491444 2.8245831471943954 188
1694717491721 2.0666433840206815 189
1694717491963 1.6388107321481729 190
1694717492165 2.212875082973594 191
1694717492429 1.6986654048020686 192
1694717492705 1.8076950329082038 193
1694717492939 3.4787138058418683 194
1694717493154 1.2504530894179113 195
1694717493404 1.673060192588359 196
1694717493626 1.7281199625500692 197
1694717493845 3.683527025138839 198
1694717494046 2.55732315954254 199
1694717494241 1.2925418736498158 200
1694717494499 2.311020775128308 201
1694717494727 1.3189713960477667 202
1694717495004 1.4400242502165304 203
1694717495208 2.0092941781146485 204
1694717495425 1.4532202297248773 205
1694717495686 1.6101012547434495 206
1694717495938 2.3803668285390254 207
1694717496147 1.7334512223066865 208
1694717496361 1.601700234337696 209
1694717496530 1.193692865526403 210
1694717496767 1.515694018863849 211
1694717497007 1.2650152498801146 212
1694717497250 1.770308271710509 213
1694717497506 2.254974071063546 214
1694717497757 1.5511890390074623 215
1694717497999 1.2458861657467617 216
1694717498195 1.7233904392894583 217
1694717498456 1.4726554146032396 218
1694717498828 1.3402554370321011 219
1694717499080 1.5820847520365906 220
1694717499406 1.8953138718252873 221
1694717499725 1.7556472411002435 222
1694717500013 2.021675521013052 223
1694717500206 1.4758199358392636 224
1694717500513 1.6116140964397745 225
1694717500750 2.313453802544751 226
1694717501017 1.6679002235422733 227
1694717501238 1.3646823911108605 228
1694717501501 2.0869303774679984 229
1694717501735 1.4035231040982803 230
1694717502044 1.50434516117158 231
1694717502292 1.3263322667889195 232
1694717502465 1.145331987890005 233
1694717502709 2.012196407834086 234
1694717502960 2.463058968571581 235
1694717503185 1.795220967858145 236
1694717503428 1.4189605079723886 237
1694717503708 2.005048800114893 238
1694717503992 1.5067827796794555 239
1694717504209 2.083947067664122 240
1694717504496 1.8677593701566042 241
1694717504740 1.4364537886632818 242
1694717505027 1.4614348803970774 243
1694717505272 1.1734015599196006 244
1694717505527 2.5000833468871773 245
1694717505771 1.7841425359634586 246
1694717506069 1.3078897442356485 247
1694717506250 1.946065479601943 248
1694717506475 1.6023986882564352 249
1694717506674 1.1904169677940895 250
1694717506901 1.3215170547587458 251
1694717507123 2.059164132235584 252
1694717507307 1.452416040605377 253
1694717507574 1.778992225441912 254
1694717507826 1.7082566796640373 255
1694717508068 2.0023722008459117 256
1694717508346 1.9690185630799804 257
1694717508632 1.7646630843125592 258
1694717508880 1.4863093389458797 259
1694717509115 1.795426529289114 260
1694717509318 1.7142466853796423 261
1694717509566 1.1891563226948179 262
1694717509829 1.221200798436314 263
1694717510052 2.66906989270295 264
1694717510334 1.4344856423088934 265
1694717510664 2.0669478041990863 266
1694717510912 1.5820114201394178 267
1694717511153 1.1634525281698724 268
1694717511314 1.5841924168425898 269
1694717511535 1.6503489483733649 270
1694717511805 2.1431058073687876 271
1694717511974 1.232612222245123 272
1694717512221 1.4407966548842677 273
1694717512473 1.3542121332399628 274
1694717512722 2.4509184768040337 275
1694717513013 1.3253232501918923 276
1694717513281 1.7466955237266066 277
1694717513542 1.7609157863305913 278
1694717513782 1.9128730160075624 279
1694717514039 1.650404577370135 280
1694717514290 1.633051788153627 281
1694717514515 1.380856441054668 282
1694717514770 1.5662441618642078 283
1694717515070 1.8462148434221934 284
1694717515241 1.9781390402666645 285
1694717515385 1.2671960648814284 286
1694717515538 1.5733547688365401 287
1694717515719 1.232909594862465 288
1694717515944 1.3765289168562795 289
1694717516190 1.2489786706353894 290
1694717516406 1.7423406653396079 291
1694717516638 1.7319713242699404 292
1694717516867 1.7428690671988496 293
1694717517108 0.897030432349602 294
1694717517427 1.739101342105707 295
1694717517664 1.6833747791819214 296
1694717517912 1.7598442910855916 297
1694717518149 1.131907040608538 298
1694717518338 1.5592298620234555 299
1694717518623 1.334224510697619 300
1694717518891 1.2835590256816218 301
1694717519138 1.1099605289394272 302
1694717519368 1.7936919106221223 303
1694717519651 1.1377847754242765 304
1694717519868 1.0374678144267866 305
1694717520096 1.6300767073363336 306
1694717520342 2.256396872988241 307
1694717520651 2.053938719048801 308
1694717520879 2.0954864453189073 309
1694717521138 1.2269192384106904 310
1694717521312 1.202022873148378 311
1694717521530 1.4682992240794295 312
1694717521818 2.0497079816771473 313
1694717522059 0.6176261598390091 314
1694717522275 1.6541209822237093 315
1694717522546 1.2862089147866274 316
1694717522785 1.6415592008334652 317
1694717523023 1.826581035429715 318
1694717523252 2.249830911527785 319
1694717523457 1.4994454899684324 320
1694717523685 1.0981586230673825 321
1694717523967 1.1774640135340093 322
1694717524229 0.8754966302167771 323
1694717524464 2.176501694592002 324
1694717524729 1.4271410878653725 325
1694717524970 1.710417026354827 326
1694717525210 1.4978712189673198 327
1694717525391 1.1603666876718817 328
1694717525628 1.2583132666363073 329
1694717525882 1.377047318131801 330
1694717526157 1.5066905483854056 331
1694717526378 0.9355980381018103 332
1694717526544 0.9665097295649514 333
1694717526713 1.1267740216415103 334
1694717526937 1.4632137437878725 335
1694717527169 1.7358576916552053 336
1694717527351 1.011261719663562 337
1694717527499 1.1640324180427546 338
1694717527766 1.225523532408298 339
1694717528029 1.831471748984191 340
1694717528264 2.1128086843110148 341
1694717528568 1.4421025478609983 342
1694717528800 1.3814907509292322 343
1694717528997 1.4394390957537393 344
1694717529292 1.2936064759708021 345
1694717529638 1.6208967838549138 346
1694717529986 1.7058220826374972 347
1694717530276 1.255119000992113 348
1694717530516 1.5057986650120707 349
1694717530784 1.657061251642271 350
1694717531031 1.0892258341005798 351
1694717531246 2.700332011120215 352
1694717531415 1.4706368865257466 353
1694717531548 1.585378072828622 354
1694717531711 1.6022340679867126 355
1694717531858 1.5765802019524486 356
1694717532070 1.04500321519609 357
1694717532344 1.353801812300959 358
1694717532562 1.2631692075175234 359
1694717532832 1.9872058541250308 360
1694717533115 1.3353575513112947 361
1694717533367 1.462936951219798 362
1694717533519 1.317118114634923 363
1694717533782 1.687740610140919 364
1694717534038 1.3846051532446266 365
1694717534291 1.9538163833443989 366
1694717534526 1.410555606391446 367
1694717534765 1.4133097341037573 368
1694717535086 1.1432830195064418 369
1694717535331 1.4799624559159252 370
1694717535530 1.206384584819807 371
1694717535857 1.4715796156735526 372
1694717536102 1.5142038207964212 373
1694717536358 1.2495809540071765 374
1694717536557 1.25123829709714 375
1694717536859 1.005116653595145 376
1694717537119 1.7722151037838725 377
1694717537436 1.568981654214771 378
1694717537652 1.332086946279827 379
1694717537825 1.6722843749135794 380
1694717538063 0.7402297650529718 381
1694717538298 1.21347346817953 382
1694717538496 1.6983183672540934 383
1694717538805 1.5509008166549563 384
1694717539051 1.3365128991970512 385
1694717539296 2.044632664878041 386
1694717539508 1.0374093269933773 387
1694717539782 1.526816630273237 388
1694717540028 1.0822183747518508 389
1694717540290 1.207711280418936 390
1694717540507 0.9171896983067264 391
1694717540726 1.4176931168581142 392
1694717540951 1.943807488263629 393
1694717541196 1.5826055978512377 394
1694717541437 0.7816025964600936 395
1694717541608 1.1514578916678964 396
1694717541842 1.5134206350902755 397
1694717542099 1.2282731381701166 398
1694717542319 1.1225971322166943 399
1694717542525 1.2163104056462302 400
1694717542704 1.3018250876187227 401
1694717542913 1.6581352802441776 402
1694717543147 1.2726576847629654 403
1694717543328 1.1468062182287588 404
1694717543508 1.623712844114707 405
1694717543673 1.309073729465119 406
1694717543854 0.9916535718407227 407
1694717544141 0.5534264193936068 408
1694717544395 1.4074695175111334 409
1694717544616 1.2244388581686763 410
1694717544865 1.24378856522935 411
1694717545106 1.1057525050866837 412
1694717545335 1.9573286692522565 413
1694717545528 0.7946274894454696 414
1694717545696 1.4897049967330946 415
1694717545911 1.1086433079770563 416
1694717546194 1.5295276134871647 417
1694717546518 1.0046437605379286 418
1694717546744 1.1726822093266225 419
1694717546983 1.4170539613718411 420
1694717547235 1.8351744990367453 421
1694717547483 1.5126658374322222 422
1694717547736 1.353696239059472 423
1694717547981 0.9559325762674548 424
1694717548228 1.5048180102504907 425
1694717548467 1.2572536328575048 426
1694717548768 1.202354448132999 427
1694717548995 0.8957425980436979 428
1694717549235 1.7002445400265034 429
1694717549478 1.0269682237182913 430
1694717549671 0.8360528810956828 431
1694717549936 1.1806481316358528 432
1694717550181 1.4638720955810502 433
1694717550447 1.900586294335942 434
1694717550697 1.611184780467666 435
1694717551011 1.730687361730055 436
1694717551258 1.690989880859825 437
1694717551502 1.4444919785887287 438
1694717551675 1.5060751713793916 439
1694717551911 1.0123213818741583 440
1694717552185 1.2301814501956392 441
1694717552439 0.9856359167243879 442
1694717552666 1.5608022401800454 443
1694717552908 1.2821350332347716 444
1694717553216 1.4383031518296108 445
1694717553428 1.9640369010864756 446
1694717553581 1.124920685895112 447
1694717553810 1.3874761167255716 448
1694717554054 1.5829174482554247 449
1694717554311 1.5130248693569113 450
1694717554547 1.6678145457919349 451
1694717554737 1.7882590669375087 452
1694717555008 1.1823615166141732 453
1694717555259 0.879214642324504 454
1694717555561 1.1216169153106135 455
1694717555779 1.0934215592519767 456
1694717556004 1.588882190657534 457
1694717556218 1.3083706885469826 458
1694717556474 0.9367406501584234 459
1694717556660 1.1246203236383794 460
1694717556870 1.1741368499291729 461
1694717557100 1.411009285892766 462
1694717557312 1.6099223117637598 463
1694717557548 0.9828802016669158 464
1694717557763 1.6527097106625224 465
1694717557973 1.3833591256342217 466
1694717558181 1.0244920463363079 467
1694717558401 0.8996456841769748 468
1694717558648 1.6133276021328047 469
1694717558879 0.9641950604350544 470
1694717559052 1.1285536073423506 471
1694717559273 1.6313954635952665 472
1694717559527 2.236565885402133 473
1694717559710 1.2975763069982333 474
1694717559979 1.55154172847171 475
1694717560201 0.9626648385551069 476
1694717560499 1.3169762113200625 477
1694717560705 1.4541178804466535 478
1694717560945 1.6208765162540317 479
1694717561185 1.1524772766224487 480
1694717561402 1.0873016079846975 481
1694717561597 0.8934038058316642 482
1694717561839 1.3732346749139832 483
1694717562100 0.9508414912744758 484
1694717562367 1.323462829962863 485
1694717562600 1.2178659482879566 486
1694717562838 1.229491740781546 487
1694717563081 1.47599491681777 488
1694717563306 1.188754637438888 489
1694717563543 0.9335468197003204 490
1694717563767 1.5564196292172856 491
1694717563995 1.0391307478326166 492
1694717564329 1.1445484555062917 493
1694717564759 1.1574150905332594 494
1694717565131 1.227393485308606 495
1694717565377 1.6313235288258765 496
1694717565611 1.8778244109930853 497
1694717565846 1.5098761354239034 498
1694717566097 1.4247372873191846 499
