1694755815652 nan 0
1694755815982 nan 1
1694755816321 nan 2
1694755816659 nan 3
1694755817006 nan 4
1694755817263 nan 5
1694755817558 nan 6
1694755817866 nan 7
1694755818194 nan 8
1694755818535 nan 9
1694755818810 nan 10
1694755819340 nan 11
1694755819679 nan 12
1694755819925 nan 13
1694755820363 nan 14
1694755820678 nan 15
1694755821070 nan 16
1694755821465 nan 17
1694755821789 nan 18
1694755822169 nan 19
1694755822544 nan 20
1694755822884 nan 21
1694755823313 nan 22
1694755823690 nan 23
1694755823991 nan 24
1694755824245 nan 25
1694755824603 nan 26
1694755824999 nan 27
1694755825268 nan 28
1694755825628 nan 29
1694755826015 nan 30
1694755826376 nan 31
1694755826735 nan 32
1694755827083 nan 33
1694755827414 nan 34
1694755827818 nan 35
1694755828190 nan 36
1694755828547 nan 37
1694755828870 nan 38
1694755829277 nan 39
1694755829573 nan 40
1694755829875 nan 41
1694755830167 nan 42
1694755830511 nan 43
1694755830912 nan 44
1694755831209 nan 45
1694755831579 nan 46
1694755831893 nan 47
1694755832151 nan 48
1694755832490 nan 49
1694755832895 nan 50
1694755833207 nan 51
1694755833542 nan 52
1694755833894 nan 53
1694755834183 nan 54
1694755834714 nan 55
1694755835265 nan 56
1694755835542 nan 57
1694755835884 nan 58
1694755836236 nan 59
1694755836540 nan 60
1694755836878 nan 61
1694755837234 nan 62
1694755837593 nan 63
1694755837909 nan 64
1694755838193 nan 65
1694755838503 nan 66
1694755838846 nan 67
1694755839318 nan 68
1694755839704 nan 69
1694755840034 nan 70
1694755840359 nan 71
1694755840620 nan 72
1694755840983 nan 73
1694755841261 nan 74
1694755841640 nan 75
1694755842027 nan 76
1694755842379 nan 77
1694755842741 nan 78
1694755843114 nan 79
1694755843429 nan 80
1694755843778 nan 81
1694755844161 nan 82
1694755844429 nan 83
1694755844777 nan 84
1694755845131 nan 85
1694755845418 nan 86
1694755845732 nan 87
1694755846077 nan 88
1694755846415 nan 89
1694755846738 nan 90
1694755847050 nan 91
1694755847315 nan 92
1694755847592 nan 93
1694755847916 nan 94
1694755848238 nan 95
1694755848598 nan 96
1694755848843 nan 97
1694755849198 nan 98
1694755849496 nan 99
1694755849809 nan 100
1694755850118 nan 101
1694755850454 nan 102
1694755850865 nan 103
1694755851224 nan 104
1694755851499 nan 105
1694755851811 nan 106
1694755852176 nan 107
1694755852465 nan 108
1694755852773 nan 109
1694755853192 nan 110
1694755853479 nan 111
1694755853789 nan 112
1694755854051 nan 113
1694755854457 nan 114
1694755854777 nan 115
1694755855121 nan 116
1694755855493 nan 117
1694755855797 nan 118
1694755856126 nan 119
1694755856453 nan 120
1694755856728 nan 121
1694755857063 nan 122
1694755857499 nan 123
1694755857828 nan 124
1694755858165 nan 125
1694755858479 nan 126
1694755858812 nan 127
1694755859198 nan 128
1694755859505 nan 129
1694755859857 nan 130
1694755860193 nan 131
1694755860501 nan 132
1694755860800 nan 133
1694755861151 nan 134
1694755861528 nan 135
1694755861941 nan 136
1694755862251 nan 137
1694755862559 nan 138
1694755862834 nan 139
1694755863096 nan 140
1694755863430 nan 141
1694755863720 nan 142
1694755864110 nan 143
1694755864524 nan 144
1694755864817 nan 145
1694755865102 nan 146
1694755865378 nan 147
1694755865631 nan 148
1694755865940 nan 149
1694755866316 nan 150
1694755866722 nan 151
1694755867102 nan 152
1694755867374 nan 153
1694755867708 nan 154
1694755867990 nan 155
1694755868235 nan 156
1694755868551 nan 157
1694755868852 nan 158
1694755869258 nan 159
1694755869623 nan 160
1694755869921 nan 161
1694755870230 nan 162
1694755870580 nan 163
1694755870958 nan 164
1694755871228 nan 165
1694755871553 nan 166
1694755871840 nan 167
1694755872159 nan 168
1694755872514 nan 169
1694755872795 nan 170
1694755873046 nan 171
1694755873336 nan 172
1694755873666 nan 173
1694755873933 nan 174
1694755874263 nan 175
1694755874636 nan 176
1694755874900 nan 177
1694755875150 nan 178
1694755875475 nan 179
1694755875822 nan 180
1694755876159 nan 181
1694755876488 nan 182
1694755876828 nan 183
1694755877131 nan 184
1694755877471 nan 185
1694755877865 nan 186
1694755878176 nan 187
1694755878554 nan 188
1694755878881 nan 189
1694755879213 nan 190
1694755879572 nan 191
1694755879876 nan 192
1694755880219 nan 193
1694755880568 nan 194
1694755880924 nan 195
1694755881207 nan 196
1694755881484 nan 197
1694755881817 nan 198
1694755882146 nan 199
1694755882408 nan 200
1694755882696 nan 201
1694755882972 nan 202
1694755883280 nan 203
1694755883592 nan 204
1694755883915 nan 205
1694755884219 nan 206
1694755884577 nan 207
1694755884824 nan 208
1694755885073 nan 209
1694755885377 nan 210
1694755885709 nan 211
1694755886031 nan 212
1694755886348 nan 213
1694755886696 nan 214
1694755886951 nan 215
1694755887219 nan 216
1694755887510 nan 217
1694755887818 nan 218
1694755888119 nan 219
1694755888458 nan 220
1694755888832 nan 221
1694755889226 nan 222
1694755889547 nan 223
1694755889853 nan 224
1694755890125 nan 225
1694755890400 nan 226
1694755890787 nan 227
1694755891164 nan 228
1694755891466 nan 229
1694755891820 nan 230
1694755892125 nan 231
1694755892411 nan 232
1694755892757 nan 233
1694755893098 nan 234
1694755893395 nan 235
1694755893739 nan 236
1694755894165 nan 237
1694755894403 nan 238
1694755894731 nan 239
1694755895076 nan 240
1694755895402 nan 241
1694755895781 nan 242
1694755896128 nan 243
1694755896455 nan 244
1694755896808 nan 245
1694755897137 nan 246
1694755897457 nan 247
1694755897868 nan 248
1694755898178 nan 249
1694755898456 nan 250
1694755898764 nan 251
1694755899167 nan 252
1694755899405 nan 253
1694755899710 nan 254
1694755900102 nan 255
1694755900437 nan 256
1694755900839 nan 257
1694755901177 nan 258
1694755901436 nan 259
1694755901730 nan 260
1694755901974 nan 261
1694755902318 nan 262
1694755902602 nan 263
1694755902924 nan 264
1694755903237 nan 265
1694755903570 nan 266
1694755903847 nan 267
1694755904119 nan 268
1694755904489 nan 269
1694755904991 nan 270
1694755905486 nan 271
1694755905804 nan 272
1694755906202 nan 273
1694755906553 nan 274
1694755906955 nan 275
1694755907371 nan 276
1694755907750 nan 277
1694755908242 nan 278
1694755908584 nan 279
1694755909019 nan 280
1694755909406 nan 281
1694755909691 nan 282
1694755910118 nan 283
1694755910516 nan 284
1694755910885 nan 285
1694755911322 nan 286
1694755911847 nan 287
1694755912177 nan 288
1694755912590 nan 289
1694755912930 nan 290
1694755913397 nan 291
1694755913780 nan 292
1694755914139 nan 293
1694755914657 nan 294
1694755915097 nan 295
1694755915851 nan 296
1694755916236 nan 297
1694755916656 nan 298
1694755917085 nan 299
1694755917487 nan 300
1694755917806 nan 301
1694755918253 nan 302
1694755918660 nan 303
1694755919156 nan 304
1694755919655 nan 305
1694755920203 nan 306
1694755920675 nan 307
1694755921255 nan 308
1694755921650 nan 309
1694755921962 nan 310
1694755922440 nan 311
1694755922841 nan 312
1694755923296 nan 313
1694755923694 nan 314
1694755924083 nan 315
1694755924519 nan 316
1694755924882 nan 317
1694755925485 nan 318
1694755925978 nan 319
1694755926424 nan 320
1694755926814 nan 321
1694755927404 nan 322
1694755927787 nan 323
1694755928166 nan 324
1694755928606 nan 325
1694755929038 nan 326
1694755929352 nan 327
1694755929774 nan 328
1694755930286 nan 329
1694755930709 nan 330
1694755931109 nan 331
1694755931455 nan 332
1694755931940 nan 333
1694755932336 nan 334
1694755932783 nan 335
1694755933141 nan 336
1694755933570 nan 337
1694755933832 nan 338
1694755934150 nan 339
1694755934624 nan 340
1694755935003 nan 341
1694755935422 nan 342
1694755935847 nan 343
1694755936130 nan 344
1694755936400 nan 345
1694755936822 nan 346
1694755937128 nan 347
1694755937461 nan 348
1694755937845 nan 349
1694755938214 nan 350
1694755938621 nan 351
1694755939237 nan 352
1694755939640 nan 353
1694755939982 nan 354
1694755940314 nan 355
1694755940798 nan 356
1694755941283 nan 357
1694755941684 nan 358
1694755942120 nan 359
1694755942750 nan 360
1694755943095 nan 361
1694755943586 nan 362
1694755943962 nan 363
1694755944360 nan 364
1694755944733 nan 365
1694755945044 nan 366
1694755945437 nan 367
1694755945897 nan 368
1694755946201 nan 369
1694755946730 nan 370
1694755947122 nan 371
1694755947620 nan 372
1694755948052 nan 373
1694755948377 nan 374
1694755948771 nan 375
1694755949137 nan 376
1694755949598 nan 377
1694755950027 nan 378
1694755950412 nan 379
1694755950971 nan 380
1694755951463 nan 381
1694755951950 nan 382
1694755952278 nan 383
1694755952770 nan 384
1694755953150 nan 385
1694755953492 nan 386
1694755953842 nan 387
1694755954128 nan 388
1694755954414 nan 389
1694755954879 nan 390
1694755955380 nan 391
1694755955832 nan 392
1694755956200 nan 393
1694755956663 nan 394
1694755957255 nan 395
1694755957747 nan 396
1694755958109 nan 397
1694755958453 nan 398
1694755958819 nan 399
1694755959336 nan 400
1694755959798 nan 401
1694755960207 nan 402
1694755960627 nan 403
1694755960996 nan 404
1694755961322 nan 405
1694755961631 nan 406
1694755961965 nan 407
1694755962296 nan 408
1694755962546 nan 409
1694755962866 nan 410
1694755963201 nan 411
1694755963530 nan 412
1694755963815 nan 413
1694755964207 nan 414
1694755964526 nan 415
1694755964822 nan 416
1694755965143 nan 417
1694755965466 nan 418
1694755965809 nan 419
1694755966272 nan 420
1694755966673 nan 421
1694755966967 nan 422
1694755967261 nan 423
1694755967651 nan 424
1694755967921 nan 425
