1694738603697 4.7600533257433604e-05 0
1694738604006 0.3772575606312657 1
1694738604352 3.2710133689544207 2
1694738604671 7.858181097942821 3
1694738604980 0.1813648161709879 4
1694738605263 6.827728205997034 5
1694738605599 1.9427144777932863 6
1694738605889 0.052400349915969605 7
1694738606212 1.4594851473026311 8
1694738606533 0.7893073125266178 9
1694738606851 1.0232068460098347 10
1694738607197 1.6223123588887005 11
1694738607494 0.47195165673165573 12
1694738607802 0.05048844668554449 13
1694738608057 0.030314247182492766 14
1694738608337 0.14410567931184415 15
1694738608571 4.032606511955445 16
1694738608864 5.47623166564408 17
1694738609093 0.726547369843807 18
1694738609391 1.0314122002789972 19
1694738609667 2.2077970580989366 20
1694738609960 1.6140141569461555 21
1694738610196 0.0005477931134211575 22
1694738610433 0.9003474388590942 23
1694738610724 1.164211273930473 24
1694738611034 0.1745680219540327 25
1694738611345 0.8611023064002071 26
1694738611645 0.11630165540251453 27
1694738611929 0.04687712321089502 28
1694738612230 0.020922407658991796 29
1694738612708 0.056413382387889614 30
1694738613038 0.7677375263826263 31
1694738613346 0.28015601414862634 32
1694738613686 0.49995606425529926 33
1694738613947 0.06005792152731945 34
1694738614216 8.872380029565656 35
1694738614489 0.26160816935184816 36
1694738614803 1.2057276423435719 37
1694738615067 2.4697297960939495 38
1694738615444 0.29605925937153815 39
1694738615739 0.5863845425531024 40
1694738616090 2.0853101968215606 41
1694738616347 0.055704563424894264 42
1694738616604 3.2495322442186034 43
1694738616838 0.019979183722076875 44
1694738617142 1.7501866686744616 45
1694738617410 3.076567281741946 46
1694738617705 3.465022698328776 47
1694738617971 13.505489586914004 48
1694738618321 0.08593447560164272 49
1694738618680 1.0237674574509195 50
1694738618988 0.7024630630138614 51
1694738619357 0.2954502401772916 52
1694738619655 0.20603158740331332 53
1694738619872 0.3845430914540784 54
1694738620158 1.351363252325047 55
1694738620479 2.540741769509976 56
1694738620738 6.556417818818093 57
1694738621060 0.7901815099217381 58
1694738621292 3.639758052006446 59
1694738621560 1.7359782007174058 60
1694738621837 0.7357916429965609 61
1694738622116 1.7321887107707215 62
1694738622383 1.8019117877565154 63
1694738622742 0.10540020408174958 64
1694738623001 0.32647316749754557 65
1694738623287 0.865298843097571 66
1694738623614 8.011605834541426 67
1694738623963 0.0015657204792325395 68
1694738624263 0.19282063132547833 69
1694738624589 1.630231931104153 70
1694738624977 3.1229335840511 71
1694738625306 0.022201824930326724 72
1694738625601 6.655126029533533 73
1694738625892 3.209880951034947 74
1694738626204 2.2918358037548945 75
1694738626462 4.350448796063769 76
1694738626774 1.173136077797142 77
1694738627296 0.2816524034038762 78
1694738627577 1.5802788795676823 79
1694738627943 0.07380486102582784 80
1694738628255 0.15999858316139892 81
1694738628557 0.1024039038550362 82
1694738628881 0.14060996984797483 83
1694738629209 0.6576587479221021 84
1694738629586 0.004031093369861719 85
1694738629887 0.03010198382054343 86
1694738630204 5.51835204702543 87
1694738630537 0.2798913779875372 88
1694738630850 0.04073680203559109 89
1694738631158 5.630460393337177 90
1694738631487 1.7831387011066668 91
1694738631852 11.376722057275122 92
1694738632174 3.9247017721296293 93
1694738632467 10.941702532325396 94
1694738632761 3.043856565336501 95
1694738633060 7.736923359916155 96
1694738633378 13.580347988286281 97
1694738633611 6.0999054880768595 98
1694738633995 0.003830104185758032 99
1694738634321 0.49349675982758245 100
1694738634607 30.816674469440326 101
1694738634915 0.7447635110275113 102
1694738635247 0.11060150441780259 103
1694738635580 0.24139841526921563 104
1694738635818 2.2027372612108715 105
1694738636193 0.4668795170785357 106
1694738636509 1.9073537209132643 107
1694738636796 1.1356789854961875 108
1694738637166 0.00379448285364526 109
1694738637487 1.4425474808263652 110
1694738637790 0.7663634366208475 111
1694738638129 1.2423402396284293 112
1694738638505 1.4131423797235867 113
1694738638751 0.04745372579799437 114
1694738639007 6.941928225979794 115
1694738639373 0.28543011154471104 116
1694738639625 0.5334401416654213 117
1694738639875 2.040286966612493 118
1694738640225 2.304883372938922 119
1694738640615 10.24048569650783 120
1694738640847 1.8813763600832782 121
1694738641065 0.00527059496399151 122
1694738641327 0.188859766540483 123
1694738641574 1.0776702596182823 124
1694738641809 0.6614859381266908 125
1694738642054 0.025730862892106052 126
1694738642317 0.060490063561952516 127
1694738642554 0.12364129691452988 128
1694738642889 5.651801301018441 129
1694738643183 1.04669571408261 130
1694738643524 0.5783895850751622 131
1694738643798 1.122880888272321 132
1694738644084 4.191050044134027 133
1694738644426 7.444321528893303 134
1694738644733 0.0008876858796274799 135
1694738645037 2.2167675816619057 136
1694738645503 3.5687837297261713 137
1694738645795 6.54766305827344 138
1694738646104 4.361111911764865 139
1694738646424 2.9812714804269773 140
1694738646758 1.4381062412838679 141
1694738647049 2.103049393143045 142
1694738647363 0.9305292125440576 143
1694738647683 0.7544603919866736 144
1694738647921 1.0918106470094036 145
1694738648175 9.287330586619573 146
1694738648488 1.1671383378986058 147
1694738648789 0.09724393490819756 148
1694738649080 11.135355402166386 149
1694738649448 0.6723081223166805 150
1694738649784 0.656593497222779 151
1694738650026 1.1235214546839911 152
1694738650269 0.6690774612030557 153
1694738650561 0.03030187109020888 154
1694738650892 0.4969345111734144 155
1694738651183 0.36044551715744255 156
1694738651501 1.6950212546912513 157
1694738651834 5.579223475633876 158
1694738652152 0.9744804662836504 159
1694738652480 4.695378004733373 160
1694738652798 1.6281395012562556 161
1694738653059 0.21833172776370546 162
1694738653273 4.221477399272295 163
1694738653560 5.5591605615585165 164
1694738653896 0.020851543384903505 165
1694738654200 0.2725324757608101 166
1694738654514 10.088144945567661 167
1694738654822 1.7959723142216262 168
1694738655121 2.3871749242738125 169
1694738655503 0.7203357870814443 170
1694738655822 0.12171201044129645 171
1694738656127 0.48767688513767327 172
1694738656461 4.781008147846967 173
1694738656771 1.0169978502171202 174
1694738657127 4.633493384275529 175
1694738657472 5.4288847159509706 176
1694738657802 20.19880923615618 177
1694738658061 3.629450648955599 178
1694738658448 0.007624094915930068 179
1694738658885 0.8395972493883468 180
1694738659162 0.039668274995320184 181
1694738659504 0.5602365422987737 182
1694738659816 0.7091343903380903 183
1694738660083 5.0209895382326675 184
1694738660411 0.009591877014236838 185
1694738660776 2.193249062441196 186
1694738661050 0.5270314609540072 187
1694738661334 0.9839277159290798 188
1694738661650 1.2701149412937967 189
1694738661942 5.971963424467233 190
1694738662187 0.060547971626460126 191
1694738662612 0.0005471114219759441 192
1694738662975 1.6969997408504693 193
1694738663221 2.325030744790247 194
1694738663516 0.2873539769976246 195
1694738663841 1.1921556036942107 196
1694738664140 5.324769271994506 197
1694738664397 0.6653106634695872 198
1694738664736 0.029328933274053497 199
1694738665098 3.1399026369514558 200
1694738665415 7.826467242201162 201
1694738665779 2.1959056556517513 202
1694738666091 0.32607002449836675 203
1694738666356 0.7115175389341416 204
1694738666631 1.242775621918611 205
1694738666989 0.5132677461404843 206
1694738667386 0.6834187987156065 207
1694738667698 0.03295401616468764 208
1694738668115 0.9684765086441165 209
1694738668360 0.06351098674045746 210
1694738668668 2.3328087420052555 211
1694738668985 0.9032437655705147 212
1694738669268 9.028529180587372 213
1694738669624 0.7758621839506965 214
1694738669929 4.72674917268296 215
1694738670255 0.08501609889977835 216
1694738670528 0.7145544150355562 217
1694738670824 0.015493767283121015 218
1694738671087 0.03798076010181832 219
1694738671398 6.792759245969256 220
1694738671769 1.6903797122452886 221
1694738672086 0.35844414284207515 222
1694738672502 0.5293893370812088 223
1694738672813 0.03626679534687319 224
1694738673127 2.1904440997705983e-05 225
1694738673398 2.0503507965112773 226
1694738673688 0.45164624144404125 227
1694738674065 1.3091091289038135 228
1694738674341 0.5934345639415118 229
1694738674641 0.8461638352678144 230
1694738674941 0.08010043625562882 231
1694738675273 1.0885633274358912 232
1694738675592 0.6782200448799549 233
1694738675905 0.013084298065131455 234
1694738676288 1.0183391023946324 235
1694738676547 9.441564761134636 236
1694738676796 4.150364929083275 237
1694738677154 0.34624645247051455 238
1694738677446 0.007985673295242638 239
1694738677706 3.321255214782843 240
1694738678030 0.019347342659697512 241
1694738678403 1.2359800520639064 242
1694738678668 0.030297517206887878 243
1694738678943 1.5784022580054842 244
1694738679251 0.6048426863779381 245
1694738679569 0.4796231049978695 246
1694738679898 0.28222180674418057 247
1694738680212 0.2096663147177162 248
1694738680537 2.8186477804369785 249
1694738680801 3.788118897647558 250
1694738681117 3.647608115387985 251
1694738681429 7.406669991316069 252
1694738681709 3.1596746807114275 253
1694738681975 0.039611051757776336 254
1694738682308 18.33301894617097 255
1694738682563 2.0405618409480333 256
1694738682896 0.5531952249721902 257
1694738683180 3.4611714541955205 258
1694738683448 3.505146206440856 259
1694738683658 1.1022239150061763 260
1694738683947 0.10672392595580209 261
1694738684263 2.84595568830106 262
1694738684542 0.20700508477998011 263
1694738684872 1.0801629407253341 264
1694738685220 0.48582178496412814 265
1694738685625 0.9108325983033394 266
1694738685919 2.2949371082017502 267
1694738686224 2.0710794947220372 268
1694738686528 0.669136927782721 269
1694738686836 9.390854104147039 270
1694738687254 0.06252786006309038 271
1694738687525 3.7535095889179413 272
1694738687890 0.6692300387019678 273
1694738688224 0.8888953379401886 274
1694738688504 0.6971500619655591 275
1694738688813 0.2855592542911165 276
1694738689128 0.0021106102696963635 277
1694738689528 2.4205344373892212 278
1694738689833 1.6656305855906735 279
1694738690145 3.8174703828849235 280
1694738690472 8.508578282098693 281
1694738690708 0.3539518804342371 282
1694738690992 1.1585172214123451 283
1694738691262 0.6414593276432936 284
1694738691710 0.24244288746913342 285
1694738692134 0.4566091924593303 286
1694738692465 1.231781450955963 287
1694738692750 0.013872100872474747 288
1694738693014 0.8557643555029284 289
1694738693346 3.6771476682442046 290
1694738693650 2.0151591301538985 291
1694738693967 0.09622109420245617 292
1694738694241 0.8357474878277104 293
1694738694548 0.009257079242849936 294
1694738694797 1.9797414925410994 295
1694738695055 2.9579168646512284 296
1694738695467 1.2260008526964765 297
1694738695736 3.7846968555700102 298
1694738696085 0.17615363638723502 299
1694738696433 11.394469504075024 300
1694738696709 0.7887304082663175 301
1694738697008 0.7845454647882816 302
1694738697324 3.308564836128121 303
1694738697649 0.05015994581224094 304
1694738697935 3.502739724940367 305
1694738698282 0.030687012794054672 306
1694738698626 0.27550520985627086 307
1694738698920 3.2851159655259905 308
1694738699220 0.7573072601451065 309
1694738699506 0.8639250551955651 310
1694738699762 4.4971934392553194 311
1694738700011 2.7281407000948805 312
1694738700330 0.1761286080600556 313
1694738700711 3.8697764789966933 314
1694738701022 1.4713914561549244 315
1694738701332 0.16215276555084088 316
1694738701669 0.770834043695261 317
1694738701950 0.5321135809197707 318
1694738702203 0.010068724248820455 319
1694738702452 0.003999286501375937 320
1694738702837 0.3920999565839655 321
1694738703085 15.437747372628472 322
1694738703376 0.16880488062401522 323
1694738703661 0.05938978660498464 324
1694738703970 1.275215745448483 325
1694738704269 1.3237353292557514 326
1694738704563 0.13328233960841515 327
1694738704899 6.458006748582828 328
1694738705210 2.2171954577239106 329
1694738705591 0.13478686989373692 330
1694738705922 0.9803862532959705 331
1694738706161 1.0188516337494655 332
1694738706469 0.9477449141965093 333
1694738706770 0.8209031194945889 334
1694738707091 0.8064882162589764 335
1694738707457 0.057267066236312975 336
1694738707762 1.6302411969503705 337
1694738708039 0.9631529073145594 338
1694738708300 3.5971074598846626 339
1694738708628 0.1198444416040271 340
1694738708943 0.2663564449755243 341
1694738709233 1.3390153919862362 342
1694738709594 0.2728646447456387 343
1694738709870 4.1981873178906834 344
1694738710139 1.4057999461773882 345
1694738710400 2.8427440202638885 346
1694738710680 3.753509007547688 347
1694738710995 0.6295926879056638 348
1694738711324 9.800613081418405 349
1694738711669 0.03496158122047541 350
1694738711996 2.0348776790853544 351
1694738712255 0.00047901368460659876 352
1694738712518 0.39759354170482214 353
1694738712827 1.1374779085239002 354
1694738713136 1.4605191350505116 355
1694738713473 1.3592843964161268 356
1694738713804 9.46800054043845 357
1694738714178 8.574245033614588 358
1694738714445 1.20785785921012 359
1694738714762 1.6496367463349395 360
1694738715075 3.9591784035570528 361
1694738715438 0.5620984036464112 362
1694738715696 0.03931502262839752 363
1694738715995 9.13313400327359 364
1694738716332 0.007440981324346749 365
1694738716627 0.005434445273592329 366
1694738716959 3.6624023975815665 367
1694738717232 1.4950402155024247 368
1694738717686 0.41073851244110066 369
1694738717974 0.2701966331543086 370
1694738718215 0.03568328237275099 371
1694738718552 0.17079292428791784 372
1694738718963 1.1527153774657037 373
1694738719249 9.009826666066557 374
1694738719555 1.6616691586967602 375
1694738719880 0.07969341619816928 376
1694738720158 0.9195420026711993 377
1694738720404 2.4941806207057953 378
1694738720688 0.9031874857921773 379
1694738720957 2.1030407490626137 380
1694738721236 2.3599059806341383 381
1694738721488 3.037297926386345 382
1694738721815 0.6023272047370437 383
1694738722105 0.39659141083334093 384
1694738722409 4.773151952064996 385
1694738722686 0.06725673269360113 386
1694738723054 0.4601294778700003 387
1694738723314 0.057711435243416084 388
1694738723555 0.2353810005458095 389
1694738723838 1.464024503597803 390
1694738724191 1.874028635152938 391
1694738724460 0.44588504278776137 392
1694738724770 0.5736634173705377 393
1694738725115 0.14021680324218302 394
1694738725444 2.4580111298662377 395
1694738725701 0.011780820371484067 396
1694738725976 3.953827195484683 397
1694738726284 0.4576431092168157 398
1694738726575 6.726267874250401 399
1694738726881 0.7173522778277762 400
1694738727300 0.7348436551475699 401
1694738727556 0.12188820659677609 402
1694738727808 2.4075195078667444 403
1694738728091 22.798997669435483 404
1694738728372 0.24465794463055507 405
1694738728679 1.1880189821447114 406
1694738728989 1.0063771403121047 407
1694738729244 8.381766364949744 408
1694738729592 0.6888139037362059 409
1694738729897 0.3361066951863836 410
1694738730218 5.124312501304858 411
1694738730548 0.33458826313564527 412
1694738730864 1.2597622856752608 413
1694738731182 2.1426102153686806 414
1694738731517 1.8315666364145844 415
1694738731856 0.3270533880552551 416
1694738732156 0.3044740439907163 417
1694738732491 0.04368987185447957 418
1694738732815 0.024388924309375296 419
1694738733138 1.2457439745934697 420
1694738733460 0.054247907339735314 421
1694738733747 0.02934582567195022 422
1694738734121 0.30695483864304624 423
1694738734443 1.77687615513954 424
1694738734759 0.5991940584497201 425
1694738735072 0.37743465807808446 426
1694738735457 4.752803782192523 427
1694738735769 1.4477222251603872 428
1694738736020 2.406118065637243 429
1694738736397 0.859137249722064 430
1694738736687 2.476560666893473 431
1694738737063 0.004455647963821174 432
1694738737368 2.172293256240971 433
1694738737648 2.1535341419965013 434
1694738737937 0.2003771867927851 435
1694738738202 1.1871321036340454 436
1694738738563 4.9089118447913265 437
1694738738802 0.03441623004063347 438
1694738739105 0.5206200966760425 439
1694738739403 0.05136425071368156 440
1694738739707 0.9674255148325492 441
1694738739943 0.07107331919276773 442
1694738740233 1.4373981400620712 443
1694738740598 1.597188986396438 444
1694738740867 0.2151526660372033 445
1694738741175 10.392685356842422 446
1694738741458 4.291965084201335 447
1694738741720 19.378599999991142 448
1694738742018 0.02019107948492962 449
1694738742329 0.2203705892437772 450
1694738742625 1.4794884807631579 451
1694738742963 0.05658672222899504 452
1694738743317 3.7646178888172392 453
1694738743636 1.3932814490921204 454
1694738743904 1.695303173916538 455
1694738744215 1.4184381839259619 456
1694738744547 1.786620519905636 457
1694738744808 0.4317859553759539 458
1694738745112 0.13003736037250874 459
1694738745505 1.3281266353330046 460
1694738745770 0.10426388238531317 461
1694738746084 0.40146272192918947 462
1694738746422 0.05551189432527283 463
1694738746742 0.10438667021398577 464
1694738746980 7.42373834236459 465
1694738747379 0.42210602993955 466
1694738747715 0.6243741679290681 467
1694738747986 4.636460542490645 468
1694738748293 0.9131401590282038 469
1694738748628 0.006046067766999401 470
1694738748921 0.1625951665874842 471
1694738749236 0.00040808595865111713 472
1694738749637 8.168230947459086e-05 473
1694738749920 2.578873626252783 474
1694738750205 12.551492282143174 475
1694738750527 0.09356982363564041 476
1694738750868 2.0075390891686324 477
1694738751115 0.37165082946651246 478
1694738751443 1.690506827722931 479
1694738751782 0.7267536206699534 480
1694738752023 1.6824321011713317 481
1694738752299 0.10271007135879111 482
1694738752591 9.781321641690289 483
1694738752928 0.007465607322606933 484
1694738753236 2.985426202629425 485
1694738753557 3.0806968701966344 486
1694738753933 0.07181865031785899 487
1694738754232 0.04917086289450614 488
1694738754520 0.830030523849607 489
1694738754826 1.482895165428756 490
1694738755126 1.273229395641498 491
1694738755532 0.8400511228042123 492
1694738755845 0.14564669177636824 493
1694738756381 2.5166266433353655 494
1694738756728 4.227536825744915 495
1694738757059 2.4443439639247964 496
1694738757337 0.5144558025550942 497
1694738757688 2.073173792894373 498
1694738757995 0.3152530296821731 499
