1694742399313 0.43862664842712445 0
1694742399690 0.9806743510809458 1
1694742400019 0.11060014516115887 2
1694742400312 1.0179142123061506 3
1694742400559 7.658355153923708 4
1694742400880 1.000736334422485 5
1694742401209 0.15229494456557435 6
1694742401491 0.6440494364987271 7
1694742401856 0.06450626149956856 8
1694742402146 0.7387246910331865 9
1694742402459 0.13768439782486372 10
1694742402702 0.31637315693776724 11
1694742402926 1.5331374635379926 12
1694742403187 2.961995841724594 13
1694742403482 5.612214002338123 14
1694742403739 0.2220853051901951 15
1694742404032 3.9312209160813274 16
1694742404414 0.3814899458386673 17
1694742404724 0.9586039576225571 18
1694742405028 0.02532538376460895 19
1694742405338 0.4043728016683357 20
1694742405616 18.595905101762277 21
1694742405876 8.933123561781105 22
1694742406185 11.560088656439623 23
1694742406498 0.5632926663707953 24
1694742406745 0.8721187786769824 25
1694742407036 1.7972281432866744 26
1694742407301 0.05541209090876688 27
1694742407588 1.5765808782432147 28
1694742407847 5.66832904245365 29
1694742408283 1.1987637070460166 30
1694742408713 0.005008817963436887 31
1694742408990 0.047121407748727966 32
1694742409283 0.6236845529074129 33
1694742409545 0.04696762722545247 34
1694742409874 5.874553134902208 35
1694742410199 0.00027417736178124647 36
1694742410492 3.4924631989873562 37
1694742410798 1.9659289938499633 38
1694742411021 0.23483058425890177 39
1694742411292 0.03014284848472993 40
1694742411583 1.154943922862061 41
1694742411853 2.3770206163324366 42
1694742412171 1.1194997233957724 43
1694742412589 0.00526285819703346 44
1694742412895 1.046539738997078 45
1694742413242 0.25513324273819166 46
1694742413542 0.6637042303085505 47
1694742413760 7.308127983165283 48
1694742414031 0.4632134706813419 49
1694742414330 6.27194358693528 50
1694742414586 0.6920562115366748 51
1694742414823 3.7925631746342288 52
1694742415164 2.8328448924987883 53
1694742415463 3.6596408330303722 54
1694742415701 0.01568627919323538 55
1694742415927 0.266835408195448 56
1694742416221 0.24087678503504031 57
1694742416524 7.898136600989521 58
1694742416767 0.03467776756187626 59
1694742417034 0.5304621230658496 60
1694742417389 9.450201089789172 61
1694742417714 3.2125325482777356 62
1694742417944 0.8924331804264627 63
1694742418287 1.31000827797824 64
1694742418520 1.0090674532734105 65
1694742418789 3.602786331576386 66
1694742419035 1.2032328361511675 67
1694742419288 0.49496556846739104 68
1694742419637 0.028852312664099752 69
1694742419888 0.35342433050047006 70
1694742420208 0.5454050421299302 71
1694742420545 2.3901899027754006 72
1694742420813 3.0625670246264263 73
1694742421126 2.477334921666908 74
1694742421452 3.2300031777331535 75
1694742421792 0.9663513165316447 76
1694742422127 1.3230066298164418 77
1694742422471 1.4744693505999447 78
1694742422743 0.3972716217408835 79
1694742423014 0.36585991885389874 80
1694742423317 4.525971671285261 81
1694742423636 0.8150776612748395 82
1694742423907 0.3308578025249201 83
1694742424216 0.3385449915275504 84
1694742424465 0.8338246234971008 85
1694742424734 1.4651531757521334 86
1694742424997 0.31759354711762916 87
1694742425293 0.21172678105315287 88
1694742425551 1.466996013844094 89
1694742425868 0.05862255434569511 90
1694742426114 1.4133159194163263 91
1694742426484 0.0007286637958826957 92
1694742426755 6.455134516723982 93
1694742427023 0.6374926035797595 94
1694742427284 0.0003912107042901998 95
1694742427613 0.08674820508878188 96
1694742427929 3.381982902942289 97
1694742428206 0.037427842222713045 98
1694742428576 0.6207648823644538 99
1694742428965 5.187530010826854 100
1694742429214 24.156396200394337 101
1694742429538 0.03236578958336215 102
1694742429903 0.4031176874996585 103
1694742430197 4.5689996304862115 104
1694742430498 3.651079461811933 105
1694742430863 2.988559913515432 106
1694742431147 10.25243404348463 107
1694742431482 1.1719009622145384 108
1694742431798 0.2893781837887312 109
1694742432089 3.0281347994820873 110
1694742432400 1.3454983018623148 111
1694742432696 0.14211315774406774 112
1694742433053 1.1660664360101294 113
1694742433347 0.10694703305968228 114
1694742433644 0.022491724361872016 115
1694742433921 0.4522389616246871 116
1694742434160 2.261580943833783 117
1694742434446 6.255340271353244 118
1694742434714 1.7088054234589845 119
1694742434982 3.3981845148204513 120
1694742435284 0.05200662298105713 121
1694742435538 0.07556848517463627 122
1694742435753 2.173071457513946 123
1694742435985 0.7464110669117479 124
1694742436211 2.3583350742991245 125
1694742436558 8.996652655487171 126
1694742436864 3.864263165802007 127
1694742437144 0.7735902975426909 128
1694742437522 3.315858904689325 129
1694742437817 1.1979940985765634 130
1694742438128 1.0000210171928008 131
1694742438426 0.47538006750262546 132
1694742438731 1.9257536767158285 133
1694742439005 0.0059528197871499345 134
1694742439356 0.0004119127482777434 135
1694742439750 11.659047818715905 136
1694742440117 7.327139208480491 137
1694742440359 3.032499265696751e-05 138
1694742440703 5.684256127629782 139
1694742441017 0.06416389363863097 140
1694742441244 2.635522670766289 141
1694742441488 3.3622797397586126 142
1694742441862 0.14716726161430646 143
1694742442168 0.16470987495272246 144
1694742442428 4.53008862973187 145
1694742442658 15.806986948718333 146
1694742442953 5.363915095457223 147
1694742443228 0.5482514167324519 148
1694742443465 0.00449421914186646 149
1694742443783 0.08103754522286992 150
1694742444169 1.371972443412991 151
1694742444448 0.4236272531644985 152
1694742444765 4.278100258818316 153
1694742445174 0.4193867428506079 154
1694742445436 0.11089222170158768 155
1694742445676 1.332261177949403 156
1694742445945 1.6273767640865135 157
1694742446305 0.16932292213500885 158
1694742446671 0.45735518544249687 159
1694742447005 0.7362409539623258 160
1694742447316 0.19270685741375163 161
1694742447585 1.6802596920008734 162
1694742447856 1.3623852456078906 163
1694742448189 1.3440821674932768 164
1694742448546 1.4275007058896225 165
1694742448828 0.28768690752735776 166
1694742449123 0.5778499785025877 167
1694742449366 0.0031182935147010954 168
1694742449658 10.261802579335075 169
1694742450001 3.039655747914016 170
1694742450304 10.047108589784886 171
1694742450554 0.7548483814342939 172
1694742450941 3.6489941010775397 173
1694742451244 0.940267848119671 174
1694742451479 3.4662534953358364 175
1694742451814 0.43992885333548515 176
1694742452108 9.333304797406772 177
1694742452346 1.3939061433419258 178
1694742452694 8.561136784711422 179
1694742453072 0.15843248761769965 180
1694742453360 1.2748876394268767 181
1694742453648 10.930903457483927 182
1694742453960 1.0474517405049806 183
1694742454212 1.4777843516214832 184
1694742454493 1.675239197278555 185
1694742454786 0.7279872238582922 186
1694742455048 6.236958677038763 187
1694742455380 0.8050457369871393 188
1694742455668 0.5052373149937807 189
1694742455943 0.17349213218591894 190
1694742456245 0.4092232182461097 191
1694742456537 0.9245563844589388 192
1694742456839 0.25137230297129737 193
1694742457153 4.499289754621583 194
1694742457485 0.0023468014982670734 195
1694742457807 2.889452208924687 196
1694742458167 0.26162244832622616 197
1694742458484 10.682787696484262 198
1694742458763 4.326316359783075 199
1694742459071 0.07610864308989111 200
1694742459389 0.5575419712004357 201
1694742459732 9.733251065844378 202
1694742460055 0.3030560565330431 203
1694742460389 8.159284022033003 204
1694742460633 0.7245079186136152 205
1694742460880 3.048582566550809 206
1694742461147 0.6827336749004452 207
1694742461498 5.975050607200231 208
1694742461749 1.8227237054944359 209
1694742462117 1.0744795135587935 210
1694742462410 4.706933611642828 211
1694742462697 0.6156447052480006 212
1694742463010 0.018274484102903502 213
1694742463339 0.3535890465123136 214
1694742463634 0.17670578572945572 215
1694742463920 1.382666177709221 216
1694742464286 0.020968913551701527 217
1694742464597 4.615561397757176 218
1694742464907 2.280705928177586 219
1694742465205 4.505238262758557 220
1694742465511 1.3185909971010907 221
1694742465790 0.5776255300171425 222
1694742466066 0.29650454599864856 223
1694742466346 0.16915607037784158 224
1694742466579 3.5459477777852415 225
1694742466860 0.4433901226538695 226
1694742467163 0.3055344528293251 227
1694742467457 1.058114252033008 228
1694742467713 0.052179168257610625 229
1694742467967 1.7733536614381595 230
1694742468239 5.915703529485594 231
1694742468619 0.04147254013347754 232
1694742468945 0.9408335348948502 233
1694742469263 2.5600631956994775 234
1694742469575 3.4976683380240776 235
1694742469817 0.6756783883754792 236
1694742470115 1.4721176175874666 237
1694742470393 0.5400622660583517 238
1694742470669 1.421895501506125 239
1694742470979 1.950490083467936 240
1694742471286 0.7218414221820703 241
1694742471594 0.0002856315484708429 242
1694742471823 0.7513862411927772 243
1694742472139 8.102699276135867 244
1694742472475 4.114480351613161 245
1694742472796 4.4966605973148495 246
1694742473182 0.7458364780458611 247
1694742473499 1.9450120618056879 248
1694742473740 0.5058948891236976 249
1694742473951 3.1371646697387945 250
1694742474327 2.2949868277845207 251
1694742474609 1.2678205019354882 252
1694742474842 0.14242499374049297 253
1694742475086 0.4709192793287647 254
1694742475459 4.904078766188332 255
1694742475730 2.1760076357753437 256
1694742475995 0.2190844974412677 257
1694742476269 0.9585284638521584 258
1694742476568 0.07190085481514975 259
1694742476803 0.31196924956454986 260
1694742477054 0.04733441899884191 261
1694742477403 0.19422513452576182 262
1694742477719 0.013531795358670056 263
1694742477957 0.45839380527987666 264
1694742478327 2.418120378897139 265
1694742478662 0.0005600738786983102 266
1694742478938 0.949486695999552 267
1694742479261 0.9438712683588485 268
1694742479605 2.026756914690876 269
1694742479926 0.4079394473264211 270
1694742480217 0.34818164382356737 271
1694742480516 5.700252977615544 272
1694742480843 0.13692108041527873 273
1694742481153 0.9291236713814089 274
1694742481484 3.345134827685342 275
1694742481826 8.579783187951339 276
1694742482116 0.017980686490358243 277
1694742482365 0.31252311577633696 278
1694742482627 0.7662600868493433 279
1694742482937 0.09819081114956751 280
1694742483253 1.9043900981378912 281
1694742483574 38.8514500125477 282
1694742483861 2.1584376509377594 283
1694742484133 7.227802306839944 284
1694742484464 2.9774635880342655 285
1694742484779 0.1955891434929844 286
1694742485040 12.418216105185087 287
1694742485272 1.9433772969436711 288
1694742485515 0.8864855339133912 289
1694742485822 1.2387712502304629 290
1694742486089 0.42913765163537654 291
1694742486461 1.340349483834808 292
1694742486747 0.7048220544970764 293
1694742486988 0.01083416390569198 294
1694742487305 1.4285121309281816 295
1694742487594 0.05283480024297378 296
1694742487892 1.619459180627251 297
1694742488210 5.000626881287981 298
1694742488596 7.015696122870629 299
1694742488916 0.5014037349020718 300
1694742489174 0.7023837277208645 301
1694742489483 2.575279508177917 302
1694742489771 3.0324669351829896 303
1694742490074 1.0962234372882034 304
1694742490377 0.06459775365489898 305
1694742490712 2.698108148599578 306
1694742491032 0.11523541527285347 307
1694742491319 3.0252508349254135 308
1694742491658 3.6780539345868486 309
1694742491960 1.9326092041457068 310
1694742492220 3.5402303484340747 311
1694742492557 0.31977206935681907 312
1694742492866 3.046264166879313 313
1694742493177 0.8720978297036227 314
1694742493497 2.759834222402762 315
1694742493805 1.3855196388037108 316
1694742494090 1.4635689563726446 317
1694742494321 1.2853091444413933 318
1694742494628 0.16836856541366063 319
1694742494927 18.191973021856725 320
1694742495236 0.00641737628320394 321
1694742495586 0.9910805918022537 322
1694742495885 1.7911285455301105 323
1694742496167 4.024178028409275 324
1694742496476 0.3863001769187919 325
1694742496810 4.537035615167884 326
1694742497129 4.512161549252694 327
1694742497449 3.1757709001811314 328
1694742497797 9.495088058806088 329
1694742498104 7.634950193883291 330
1694742498412 3.091456444078977 331
1694742498695 0.9737907761728324 332
1694742499043 1.0026629842586 333
1694742499399 0.9566826536787325 334
1694742499737 0.7366992291644814 335
1694742500109 0.45217060927821884 336
1694742500352 0.27389218086156897 337
1694742500682 2.5070420544369596 338
1694742501014 1.9890008385936815 339
1694742501284 10.984199616213246 340
1694742501577 1.5060705367941332 341
1694742501898 0.01700686960691248 342
1694742502199 0.020873053306806916 343
1694742502463 0.034396217780248504 344
1694742502760 0.27055439013144866 345
1694742503068 0.41240110079631886 346
1694742503371 0.49928305645018495 347
1694742503649 0.034882520869231465 348
1694742503975 23.72797337157943 349
1694742504341 3.8576390723944134 350
1694742504645 0.9968189102887617 351
1694742504947 0.7578733171975932 352
1694742505255 0.005592172562684695 353
1694742505536 0.017272362660701052 354
1694742505843 0.015223643443786138 355
1694742506127 1.239487073206523 356
1694742506475 1.6420223563650946 357
1694742506785 1.3645082119607639 358
1694742507076 3.3356619193005437 359
1694742507437 0.9486589154778265 360
1694742507732 1.3018063569661888 361
1694742508029 0.9391293485065929 362
1694742508384 0.31386896497725586 363
1694742508746 0.05591893549899076 364
1694742509048 1.3288023607288892 365
1694742509351 8.022230042126171 366
1694742509638 8.343564556389996 367
1694742510076 0.039051076224015664 368
1694742510364 4.004981802160789 369
1694742510641 0.15653343941867892 370
1694742511004 0.15066702886118408 371
1694742511347 1.5431895362563894 372
1694742511592 1.5404969890844415 373
1694742511920 5.150474987841454 374
1694742512245 0.08214378937157635 375
1694742512515 0.4509646080808629 376
1694742512801 5.041602650561104 377
1694742513131 6.1527344296752675 378
1694742513451 7.940069290080719 379
1694742513757 0.8628629648663468 380
1694742514130 3.058393797970493 381
1694742514447 0.12305868636865962 382
1694742514728 2.1252745670304245 383
1694742515021 1.4617655890246049 384
1694742515402 0.0036381311657208977 385
1694742515661 1.4930750252246623 386
1694742515909 0.26845633890115783 387
1694742516180 1.358593906281285 388
1694742516440 0.8982329051505625 389
1694742516704 3.509936943374462 390
1694742516991 0.03355115479889249 391
1694742517311 0.263478418525149 392
1694742517667 5.9876359329246895 393
1694742517934 0.6245225103583449 394
1694742518264 0.7180123365193746 395
1694742518625 2.3968426792681385 396
1694742518890 5.523039883656291 397
1694742519172 0.01830506766400536 398
1694742519494 1.6834650033648728 399
1694742519871 4.497795468334621 400
1694742520170 0.39605685104522315 401
1694742520460 2.482407904487414 402
1694742520792 2.1788438109505823 403
1694742521041 0.8098712904552577 404
1694742521348 0.9474400446983485 405
1694742521735 0.4504747418573324 406
1694742522162 0.13586484161152362 407
1694742522488 1.606836470175541 408
1694742522755 0.036825738926463056 409
1694742523065 1.1347871409720403 410
1694742523392 1.276717132173825 411
1694742523679 0.12833484812334453 412
1694742523966 0.09089959321709971 413
1694742524243 0.3310685213037 414
1694742524454 4.385972804759863 415
1694742524715 0.06871495782942423 416
1694742524958 2.12588834700927 417
1694742525165 0.13782727503102604 418
1694742525466 2.8042528986274857 419
1694742525768 0.7224358398953459 420
1694742526100 0.19663163763463395 421
1694742526437 1.8666328938261403 422
1694742526700 0.10392523772076782 423
1694742526956 1.897920547512141 424
1694742527269 1.6338471772944871 425
1694742527587 1.0493130152989674 426
1694742527840 11.639683601291487 427
1694742528167 1.6404379466104735 428
1694742528512 6.020167653451953 429
1694742528812 3.878474285047353 430
1694742529117 0.5117740014663729 431
1694742529430 0.42188885270878873 432
1694742529703 4.732219356439633 433
1694742530023 0.09384187409221914 434
1694742530332 19.11513365477528 435
1694742530582 5.500553184587351 436
1694742530856 3.1292742022499414 437
1694742531067 1.9860933263348066 438
1694742531312 1.6804088042834622 439
1694742531573 0.10354847342369042 440
1694742531814 2.2864718551018033 441
1694742532083 5.9518492881581215 442
1694742532409 2.2364666178915056 443
1694742532745 2.0141844516472256 444
1694742533116 0.5582891506501301 445
1694742533457 2.712564784674013 446
1694742533770 12.176471699646394 447
1694742533998 0.0007450616058908285 448
1694742534234 0.0025887765242113996 449
1694742534514 1.4778941687144938 450
1694742534800 1.3472033455906856 451
1694742535009 0.2969258495334686 452
1694742535285 1.3118206231217302 453
1694742535576 0.0966960626958335 454
1694742535816 0.46227752024036545 455
1694742536057 0.776172659507696 456
1694742536295 1.2805246905522991 457
1694742536525 0.438941822410653 458
1694742536792 1.3602598562843935 459
1694742537040 0.5630985055792822 460
1694742537274 0.04823680700936122 461
1694742537580 0.2524857931831725 462
1694742537854 0.10781120067195811 463
1694742538074 0.6821916145562362 464
1694742538407 0.6171694320962124 465
1694742538750 0.4297656488724157 466
1694742538980 1.6323347804900987 467
1694742539209 0.3218999516387513 468
1694742539487 0.13751340826867864 469
1694742539859 0.2795486211964321 470
1694742540146 0.16255479897798322 471
1694742540425 0.037097106904392 472
1694742540732 7.802664287538747 473
1694742540985 2.846301334531902 474
1694742541266 3.3578823192615324 475
1694742541586 0.1007194157187956 476
1694742541951 0.9567663486677288 477
1694742542248 0.029316493151883886 478
1694742542561 0.18232114199957963 479
1694742542930 1.9091432717987094 480
1694742543254 0.28342155572812494 481
1694742543572 1.7186561012498238 482
1694742543855 0.5709123813374473 483
1694742544121 1.468400178643649 484
1694742544419 0.2645694697194585 485
1694742544711 0.2629020169225113 486
1694742544977 7.960832031270164 487
1694742545297 0.11480491782933469 488
1694742545618 5.362353456250814 489
1694742545902 9.644636630580312 490
1694742546155 5.071484517159743 491
1694742546493 0.041692408901519755 492
1694742546807 2.477336462204115 493
1694742547036 19.25372513598406 494
1694742547296 3.9320782359455246 495
1694742547586 0.6215060139864561 496
1694742547896 1.0375379036626726 497
1694742548130 0.041944091256915894 498
1694742548506 1.9963840263815626 499
