1694745873888 2.327793708314141 0
1694745874063 2.626616414361318 1
1694745874305 1.7746245982917972 2
1694745874540 4.684779393218006 3
1694745874808 2.041074046198124 4
1694745875040 2.608774998510177 5
1694745875271 2.684356183284405 6
1694745875521 2.6793587869625037 7
1694745875788 2.5197662974867945 8
1694745876017 2.996058913828944 9
1694745876226 2.9518788089580106 10
1694745876436 1.243287053653153 11
1694745876632 2.5576406745269327 12
1694745876814 4.338764725051111 13
1694745877033 2.682468278960241 14
1694745877248 1.8811506984103903 15
1694745877497 2.5603422567129503 16
1694745877754 3.3683594280103186 17
1694745877954 2.7294446374033234 18
1694745878157 2.246055737635721 19
1694745878390 1.632152448086996 20
1694745878628 2.1529489952433942 21
1694745878832 3.658215694047794 22
1694745879022 2.868001077450419 23
1694745879321 1.9671666993704575 24
1694745879578 1.8170757254514278 25
1694745879829 2.2149208361184436 26
1694745880077 1.3437718728459138 27
1694745880364 1.7341873702717443 28
1694745880613 2.680484610882345 29
1694745880858 2.620317220239101 30
1694745881092 3.0355117973811616 31
1694745881294 2.252181253346606 32
1694745881483 2.069640335656919 33
1694745881698 2.426620071337465 34
1694745881911 3.0114497892155576 35
1694745882099 2.1311959830367693 36
1694745882369 2.8889629257800626 37
1694745882643 1.7627825804978061 38
1694745882941 3.6599838054855565 39
1694745883253 2.245713209010337 40
1694745883533 2.0384413086178204 41
1694745883780 2.1631065473074096 42
1694745883952 1.9167812365632906 43
1694745884211 2.5287957166166444 44
1694745884453 2.298691404129157 45
1694745884737 2.1175781925459787 46
1694745884930 3.846807884653849 47
1694745885168 2.5733525936698105 48
1694745885408 2.1630174461831024 49
1694745885645 2.979497237132557 50
1694745885878 1.8328347567718843 51
1694745886032 2.106104783445067 52
1694745886232 2.3371184987539584 53
1694745886466 1.399420943456539 54
1694745886692 2.9113082381303346 55
1694745886939 3.030691829554703 56
1694745887104 1.7359008513285752 57
1694745887332 2.319497941448633 58
1694745887584 2.626969248692465 59
1694745887803 2.6675927842945883 60
1694745887962 2.305096001392119 61
1694745888127 1.8052378965484883 62
1694745888355 3.1599635522882226 63
1694745888567 3.796270280121562 64
1694745888798 2.5954998454033684 65
1694745889024 2.407867053313126 66
1694745889271 1.729125307563122 67
1694745889454 3.8592828491726108 68
1694745889668 2.6937916170664127 69
1694745889910 1.8268637209087957 70
1694745890057 2.753325358073744 71
1694745890223 2.047955141751379 72
1694745890466 3.0123820415408225 73
1694745890681 2.3474527733777095 74
1694745890912 2.2528305753661693 75
1694745891129 2.28109820753892 76
1694745891327 2.30288942462798 77
1694745891574 1.696904597396015 78
1694745891816 1.5971248786997858 79
1694745892015 2.51349242145297 80
1694745892211 2.392052415205612 81
1694745892441 2.8598924293557535 82
1694745892731 2.1449211620919653 83
1694745892949 3.1523764893155275 84
1694745893085 3.8772016725630998 85
1694745893286 2.0902439014359784 86
1694745893481 2.639535971536926 87
1694745893732 2.202940079335172 88
1694745893967 2.329767654698133 89
1694745894161 1.9771322534388107 90
1694745894411 3.0135296964957794 91
1694745894657 2.5852793188297705 92
1694745894893 2.3852150100232135 93
1694745895109 1.8727136439383625 94
1694745895309 2.5186528161058632 95
1694745895556 1.9428334157160125 96
1694745895851 2.342387786757741 97
1694745896063 2.784171789782647 98
1694745896269 1.608621237281017 99
1694745896510 1.9690932629595506 100
1694745896753 1.237870028311316 101
1694745897008 1.7370900467820503 102
1694745897182 1.7197347507623382 103
1694745897359 1.4634632204537745 104
1694745897601 3.347838770762216 105
1694745897849 2.126388978617872 106
1694745898063 1.7219349247856135 107
1694745898262 1.1866791106065488 108
1694745898487 3.6520907880785543 109
1694745898742 1.7199808393187366 110
1694745898946 2.0143200312665455 111
1694745899173 2.8969624129193794 112
1694745899383 2.8401846370298602 113
1694745899619 2.025766910539391 114
1694745899859 2.970266605795293 115
1694745900122 1.9850011133220977 116
1694745900393 2.2271462145679326 117
1694745900622 1.9853110406526049 118
1694745900847 3.824821179789235 119
1694745901081 2.6119774632112076 120
1694745901341 1.441112651841607 121
1694745901513 1.6109115298968597 122
1694745901729 3.4867034540045205 123
1694745901965 2.471849181599552 124
1694745902152 1.9540734137680529 125
1694745902364 3.0267522165887457 126
1694745902594 2.3033823955998107 127
1694745902822 2.2830263032476448 128
1694745903049 2.5807848721996733 129
1694745903204 3.105548407160112 130
1694745903438 1.623051229646422 131
1694745903689 2.9051141088233203 132
1694745903935 2.4868894040156575 133
1694745904127 3.932234789265518 134
1694745904313 2.409603642233538 135
1694745904488 2.977621074561963 136
1694745904773 1.9271502398875004 137
1694745905009 2.908195072191654 138
1694745905202 2.1615260035561596 139
1694745905376 1.7235143599183922 140
1694745905605 2.171228716768452 141
1694745905832 2.283169099561227 142
1694745906062 1.9649043824691168 143
1694745906233 2.701802131081543 144
1694745906475 2.9727723640196624 145
1694745906664 1.6472631885960054 146
1694745906901 2.438943978813505 147
1694745907117 2.4962669466256115 148
1694745907321 1.4859576643833836 149
1694745907590 1.5858210019834462 150
1694745907796 2.8604658874774853 151
1694745908030 2.065803873714461 152
1694745908229 2.448910130617562 153
1694745908424 2.077184123815963 154
1694745908633 1.5939667585734107 155
1694745908859 3.0201835633697947 156
1694745909125 3.4230783583711393 157
1694745909301 1.6259644421966606 158
1694745909546 3.689728635300965 159
1694745909793 2.303254415796403 160
1694745910029 2.578834625225641 161
1694745910236 2.4127615938685625 162
1694745910400 1.7891922602470882 163
1694745910647 2.0885738446777555 164
1694745910881 1.6797219483202563 165
1694745911147 1.9236341839655287 166
1694745911353 1.8841183783343967 167
1694745911523 1.869594616021282 168
1694745911681 1.9203042520975622 169
1694745911916 2.4168715616841765 170
1694745912136 2.441652500184013 171
1694745912375 2.234181209493926 172
1694745912616 1.6982406645585217 173
1694745912918 2.545396558342222 174
1694745913180 2.150861895080717 175
1694745913435 2.749569401128712 176
1694745913683 2.498253628248547 177
1694745913942 2.499620532963992 178
1694745914166 2.4344479120795826 179
1694745914434 2.65603169466969 180
1694745914670 3.075140939239726 181
1694745914894 2.247560318665746 182
1694745915112 1.8260318485538602 183
1694745915294 2.2360392207773505 184
1694745915544 1.9937680336913868 185
1694745915833 3.1056083526119678 186
1694745916070 2.8258462727518734 187
1694745916256 2.1399210020260813 188
1694745916502 2.3327909708926926 189
1694745916724 3.6437115528782478 190
1694745916961 1.878360198370001 191
1694745917206 2.091813947416308 192
1694745917510 2.4152953625531275 193
1694745917757 1.7294109212273907 194
1694745918044 2.2238348262718106 195
1694745918240 2.757729606171297 196
1694745918441 2.092185601713124 197
1694745918695 2.560592701166705 198
1694745918967 2.1871243876458415 199
1694745919201 2.3075211166817287 200
1694745919365 1.3056048205807518 201
1694745919593 2.56473803241742 202
1694745919888 4.191747670198527 203
1694745920134 2.556481949782352 204
1694745920376 2.438183779442976 205
1694745920645 2.1391764089296674 206
1694745920904 2.0643691431582747 207
1694745921202 2.586461253477015 208
1694745921358 2.4658529241168456 209
1694745921589 1.6924964151296196 210
1694745921797 1.6791064272990817 211
1694745921977 6.212635596065949 212
1694745922184 1.493435830555608 213
1694745922417 2.162175788787709 214
1694745922672 2.0612226562029656 215
1694745922942 1.348017201898687 216
1694745923168 2.311118488596769 217
1694745923323 2.9908895988707456 218
1694745923460 2.043926171402739 219
1694745923631 1.556449281581754 220
1694745923834 2.0830998594545482 221
1694745924087 1.8120741298830099 222
1694745924279 3.3149555799593524 223
1694745924516 2.3607694464142512 224
1694745924787 2.662177517171488 225
1694745925033 2.2049643762800235 226
1694745925208 1.9285019057453894 227
1694745925370 2.595501560831302 228
1694745925616 2.2092134785734685 229
1694745925851 1.6683485231473707 230
1694745926114 2.673037318649748 231
1694745926306 2.6419379229503592 232
1694745926555 1.6754173949126134 233
1694745926843 2.2801923400951325 234
1694745927086 1.8737336961109026 235
1694745927301 2.127948867920262 236
1694745927479 2.0993996152418837 237
1694745927625 1.973325895250824 238
1694745927817 2.457734095837593 239
1694745928044 1.9914853937568413 240
1694745928288 1.647573007610637 241
1694745928486 2.8762894953268003 242
1694745928684 1.9399891685727302 243
1694745928919 1.9545856917257196 244
1694745929199 2.2973890792711464 245
1694745929434 2.3547818334392785 246
1694745929636 3.0092425153162488 247
1694745929804 2.179643790382099 248
1694745930031 1.8546411152358047 249
1694745930165 2.7759735864059096 250
1694745930310 1.965247946163501 251
1694745930564 1.8242518463241468 252
1694745930767 2.089243440998442 253
1694745931037 2.3613475348514363 254
1694745931330 2.370513958723695 255
1694745931510 2.760975852048266 256
1694745931744 3.0482153336405307 257
1694745931976 3.06385686006715 258
1694745932209 1.3386030245882024 259
1694745932404 1.402138202039885 260
1694745932662 1.7893966257774931 261
1694745932944 2.7496742333781343 262
1694745933135 1.64755507328456 263
1694745933330 2.428789896712828 264
1694745933560 1.5385908644253596 265
1694745933718 2.173686241241617 266
1694745933923 2.0234569725923595 267
1694745934131 2.838126748224553 268
1694745934293 2.238349242114289 269
1694745934463 2.64843086817185 270
1694745934680 2.6210547882522497 271
1694745934912 1.4506554084525716 272
1694745935145 2.8536658024001156 273
1694745935291 1.5409983393126252 274
1694745935532 2.155094503409998 275
1694745935824 3.113117933850037 276
1694745936060 1.634254710934067 277
1694745936296 1.6654819176840192 278
1694745936488 1.9328524147249917 279
1694745936740 2.200519654317619 280
1694745936984 2.1658403336265963 281
1694745937224 1.4891829117961237 282
1694745937456 1.8028859166273739 283
1694745937707 1.706836254407445 284
1694745937998 2.570650668475796 285
1694745938250 1.8591368723147645 286
1694745938474 2.011452831452856 287
1694745938704 2.9899900156057626 288
1694745938920 2.5903069702696015 289
1694745939185 1.8720842640380084 290
1694745939395 2.173541024932541 291
1694745939595 1.2745563397599273 292
1694745939818 2.3184344295270205 293
1694745940087 2.1265592289900335 294
1694745940382 2.040672145406208 295
1694745940531 2.529255096315995 296
1694745940768 2.600550829963978 297
1694745941047 2.3738226450767446 298
1694745941300 3.1928985257820104 299
1694745941493 1.6792052246736449 300
1694745941726 3.6668856042077267 301
1694745941927 2.2355917419947913 302
1694745942165 1.5344867346220143 303
1694745942431 2.9568182080230714 304
1694745942606 2.499543934347995 305
1694745942844 1.511396190561331 306
1694745943007 2.374591209544871 307
1694745943212 2.019020271167529 308
1694745943408 1.7282496338424114 309
1694745943631 2.9282673344946164 310
1694745943865 1.8907577196408678 311
1694745944126 1.4075941925620297 312
1694745944368 2.0616714259127633 313
1694745944610 2.437405809215134 314
1694745944875 2.323180394232321 315
1694745945112 2.034565472454555 316
1694745945352 1.8222045347000064 317
1694745945556 2.2017364519991323 318
1694745945792 2.769174689400576 319
1694745946031 2.2558247366848203 320
1694745946274 1.887935877236337 321
1694745946594 1.934857232115911 322
1694745946799 1.8413536827268187 323
1694745947052 2.251999734311473 324
1694745947309 2.3068524476439713 325
1694745947528 2.0173473613239854 326
1694745947671 1.9725837121185066 327
1694745947853 1.8169726140744036 328
1694745948054 2.665810728012733 329
1694745948267 2.9166625624937246 330
1694745948508 1.3420421800122466 331
1694745948728 2.292706743041434 332
1694745948919 2.5300381681613278 333
1694745949156 1.714561402580453 334
1694745949398 2.874503920233447 335
1694745949624 2.7466958994857826 336
1694745949820 1.3958132990780259 337
1694745950049 2.6086525604901927 338
1694745950272 1.9659702279462927 339
1694745950456 2.3952839676766864 340
1694745950654 2.9663885311119578 341
1694745950816 1.6470274638790265 342
1694745951018 2.1852149576257407 343
1694745951296 2.505119677494569 344
1694745951565 1.884836700654141 345
1694745951750 2.060730062956373 346
1694745951983 1.968332940051416 347
1694745952215 2.342977680255154 348
1694745952440 1.8399838723510575 349
1694745952639 1.6580044152363749 350
1694745952908 1.7575891588789196 351
1694745953158 2.6799806037302143 352
1694745953405 2.3794186190371316 353
1694745953658 2.163721449706244 354
1694745953907 2.4407539573253207 355
1694745954173 2.5527828610889434 356
1694745954423 2.6105305824610068 357
1694745954629 2.501128748623052 358
1694745954794 1.6308733678259282 359
1694745954982 2.5682680801216544 360
1694745955175 1.5282305881044267 361
1694745955414 1.6718296128228236 362
1694745955605 1.9468566144215953 363
1694745955819 2.434176938660123 364
1694745956018 2.4946516297537085 365
1694745956295 3.701977398430234 366
1694745956535 2.435627434404191 367
1694745956760 2.4374431794597786 368
1694745956938 1.7154635221255146 369
1694745957177 1.830167474492505 370
1694745957419 2.2033610127588017 371
1694745957718 2.7029829838025705 372
1694745957924 3.08530624408213 373
1694745958178 1.9098516469087115 374
1694745958355 1.9846872180235757 375
1694745958593 2.191423883315179 376
1694745958814 2.9231091791862926 377
1694745959049 1.4692160554107165 378
1694745959276 2.2840022764268473 379
1694745959524 2.0237627626907178 380
1694745959726 1.7440517962081021 381
1694745959938 2.4272479597654772 382
1694745960215 1.7823807613349072 383
1694745960508 1.314611591915179 384
1694745960752 3.852588326036471 385
1694745960971 2.1755001073286726 386
1694745961250 1.3485797371706838 387
1694745961485 2.5567004637300172 388
1694745961692 1.31403803359413 389
1694745961903 2.3589241562364345 390
1694745962126 2.7537217460183454 391
1694745962405 2.0905698570774276 392
1694745962636 2.7107492469902374 393
1694745962891 2.871561239135533 394
1694745963115 3.3514057230549055 395
1694745963341 2.8924530654541347 396
1694745963575 2.0205676978329206 397
1694745963751 2.023786640958586 398
1694745963889 2.3895420825547835 399
1694745964064 1.7758159852250124 400
1694745964278 1.7666987387202546 401
1694745964511 1.565602836447211 402
1694745964788 2.1480979701700127 403
1694745965004 2.756330459806118 404
1694745965214 1.6299624277568334 405
1694745965430 1.9960344068266718 406
1694745965688 2.458424340746011 407
1694745965849 3.551500568081276 408
1694745966094 2.0841358680430657 409
1694745966330 2.8305602183091896 410
1694745966579 1.6203486473284299 411
1694745966778 1.288127091895362 412
1694745967035 1.7976448734977355 413
1694745967251 2.1379482896029782 414
1694745967496 2.8954484627871993 415
1694745967726 1.961305015328231 416
1694745967963 2.0265447196824784 417
1694745968202 2.4815769091573707 418
1694745968439 1.6961211305846644 419
1694745968689 2.3702129970396957 420
1694745968863 1.8526580922493214 421
1694745969063 1.9301378511885054 422
1694745969342 1.5910083289639418 423
1694745969583 1.4199220690470977 424
1694745969758 2.1704488720543256 425
1694745969985 2.915390725787391 426
1694745970184 1.8386610958263263 427
1694745970398 1.242396043740898 428
1694745970645 2.8668136523555625 429
1694745970879 1.5711759810642403 430
1694745971190 2.944608271912892 431
1694745971476 2.3077769185464128 432
1694745971720 2.313200238715423 433
1694745971887 2.0259385384682265 434
1694745972087 2.0816316805242807 435
1694745972282 1.4525230306969639 436
1694745972510 2.217929780061072 437
1694745972774 1.6625990923863965 438
1694745972961 1.596448882532947 439
1694745973176 2.26292092127369 440
1694745973392 2.2374955492050406 441
1694745973685 2.075257187793912 442
1694745973867 1.6287823001166843 443
1694745974053 2.0209794042381346 444
1694745974313 2.4324825867682387 445
1694745974555 2.0060345919902782 446
1694745974788 2.52451603288229 447
1694745974940 1.8092745079335852 448
1694745975104 1.8006293764271748 449
1694745975332 2.160447582783164 450
1694745975571 2.244344531807434 451
1694745975837 2.5144799716497843 452
1694745976078 2.0524109363794123 453
1694745976324 2.06016747804904 454
1694745976573 1.500741300584293 455
1694745976798 2.036664945980339 456
1694745976973 2.3717830740210717 457
1694745977210 2.1094342056735313 458
1694745977555 2.5035418902454323 459
1694745977828 1.3888844436841108 460
1694745978089 2.321741997150212 461
1694745978365 2.747426044055711 462
1694745978612 1.7735553799679442 463
1694745978840 2.3185007907844346 464
1694745979058 2.2799108136526063 465
1694745979247 1.9338190525004118 466
1694745979418 1.5492231323900143 467
1694745979747 2.266932762261793 468
1694745979998 2.407805494143346 469
1694745980200 2.3201034881950484 470
1694745980453 2.282975951824434 471
1694745980692 2.0396616230016478 472
1694745980901 2.962445265628382 473
1694745981196 2.3403867290404454 474
1694745981436 1.1385428468549545 475
1694745981683 2.0668310911641274 476
1694745981887 1.5634335493431706 477
1694745982068 2.263550317768225 478
1694745982280 2.1444792420956222 479
1694745982535 2.1225308498852073 480
1694745982821 2.400977252626583 481
1694745983031 1.6026581343928596 482
1694745983284 2.4077344931473146 483
1694745983510 2.424983217717049 484
1694745983723 1.6676082312498002 485
1694745983898 2.1774172522575266 486
1694745984075 2.323191612805341 487
1694745984338 2.1565591095057774 488
1694745984552 2.4116093365904625 489
1694745984835 2.0819623151457414 490
1694745985027 2.769818924268101 491
1694745985260 1.558428928202691 492
1694745985477 2.3254523074653504 493
1694745985684 1.7587435035596743 494
1694745985871 2.903798613559607 495
1694745986003 2.8027084974077936 496
1694745986157 2.949973207566762 497
1694745986364 2.0462628600393624 498
1694745986547 2.5170660769858424 499
