1694732877619 2.5371962145318876 0
1694732877869 1.4869160379657658 1
1694732878083 0.695572069241078 2
1694732878366 2.0558942515860372 3
1694732878712 0.8790929727219187 4
1694732878986 1.2170218163229944 5
1694732879339 3.5025469054811857 6
1694732879655 2.8878682203477384 7
1694732879986 1.4056752487264583 8
1694732880319 0.7345905398091049 9
1694732880615 0.0043707824462190245 10
1694732880979 0.2120757229065464 11
1694732881302 2.5581084084725405 12
1694732881670 0.22987390349550987 13
1694732881924 1.177067578272687 14
1694732882155 0.039223049160356384 15
1694732882413 0.13861876697739467 16
1694732882717 0.7003776067506745 17
1694732882969 0.9324864587022972 18
1694732883226 0.27887254713505194 19
1694732883537 4.818521982641141 20
1694732883880 3.970765436184058 21
1694732884177 2.317605557045937 22
1694732884468 3.1146785270759527 23
1694732884773 5.236092229393683 24
1694732885077 0.016001182597753117 25
1694732885357 0.4146570883516839 26
1694732885626 6.300845606060488 27
1694732886035 0.758041118298586 28
1694732886455 12.69343716210355 29
1694732886736 0.005367270559001779 30
1694732886982 0.45987424452340947 31
1694732887312 1.5508570448550005 32
1694732887669 3.4462077768665673 33
1694732887977 4.505163046510142 34
1694732888347 2.7888457967415334 35
1694732888670 0.04840005191151394 36
1694732888952 4.783891711908801 37
1694732889274 0.18720939829513994 38
1694732889613 0.8623937645683329 39
1694732890012 5.726997481531645 40
1694732890312 3.0267196069298947 41
1694732890659 5.165699637416892 42
1694732891025 0.7659058710872276 43
1694732891303 1.015083748950837 44
1694732891631 0.8528470604389993 45
1694732891943 5.724746152210064 46
1694732892168 0.0572790272267773 47
1694732892457 0.05767420608045928 48
1694732892868 0.3853867037204636 49
1694732893139 0.18371453195694004 50
1694732893431 7.508186970543243 51
1694732893746 0.004265467314464987 52
1694732894069 0.8754721479726241 53
1694732894379 1.0371081827327517 54
1694732894717 0.03961463915811234 55
1694732895093 1.6221741443590927 56
1694732895396 0.15732368619643544 57
1694732895693 8.757566101747933 58
1694732896003 8.199190721685904 59
1694732896289 1.2879745520430113 60
1694732896596 1.7604426822948982 61
1694732896905 1.058523396641325 62
1694732897259 0.03481872058595015 63
1694732897573 0.05710918228572491 64
1694732897931 0.45288900044266195 65
1694732898314 0.006115585231878783 66
1694732898614 2.823581195847825 67
1694732898946 0.1547179044488633 68
1694732899240 0.45302928188298647 69
1694732899571 0.030590293038297224 70
1694732899862 0.04408808004749588 71
1694732900163 2.1235633651663353 72
1694732900490 5.493389221292121 73
1694732900820 1.669851761616702 74
1694732901165 2.446000581754221 75
1694732901536 2.873290212307493 76
1694732901883 0.5423107917272776 77
1694732902187 2.342311801892446 78
1694732902532 2.3811563116424694 79
1694732902887 0.7706906309182621 80
1694732903178 2.0513578370499155 81
1694732903430 22.19901050579867 82
1694732903678 6.103411020278721 83
1694732904054 1.1790890350741596 84
1694732904297 1.265226348303011 85
1694732904552 25.55958432933096 86
1694732904853 1.515465021919396 87
1694732905099 0.048204583303882075 88
1694732905326 2.0652189616686356 89
1694732905644 1.3510798165093552 90
1694732905964 0.04657100519722618 91
1694732906272 1.7500909070222324 92
1694732906519 0.49616527291156204 93
1694732906856 0.0005051795027277579 94
1694732907173 0.7030036954172463 95
1694732907458 5.680532128790159 96
1694732907777 0.47503711944331445 97
1694732908112 1.3381562351389893 98
1694732908465 7.921781095952692 99
1694732908794 0.1284857509660429 100
1694732909122 3.1064268961834878 101
1694732909406 6.74870498193272 102
1694732909713 0.1573223271787391 103
1694732910058 1.2613182939282872 104
1694732910352 0.7200299814911472 105
1694732910680 13.448808207592585 106
1694732911033 1.0335507780251256 107
1694732911323 9.3614499223036 108
1694732911560 0.0027168492035789804 109
1694732911834 0.19073542048257458 110
1694732912152 3.0141140656417966 111
1694732912466 0.5375413299600778 112
1694732912863 8.170093463095887 113
1694732913167 1.4385030930478542 114
1694732913473 3.607718670215305 115
1694732913763 0.9359032580280789 116
1694732914065 0.035205796512025524 117
1694732914320 0.100768838122658 118
1694732914562 1.597847980564341 119
1694732914823 0.21164163837071717 120
1694732915108 0.20981674285713686 121
1694732915402 5.832764283259488 122
1694732915647 3.651632125892219 123
1694732915936 0.1383004061132899 124
1694732916227 0.4526574679949837 125
1694732916529 0.003907507944372502 126
1694732916798 0.26044618371012374 127
1694732917087 0.4587304570341088 128
1694732917402 0.04755046230877781 129
1694732917710 0.38358006983757237 130
1694732918022 3.1805541228805367 131
1694732918339 0.039849108135917494 132
1694732918609 0.31264469090854535 133
1694732918917 0.2907555825714098 134
1694732919248 0.3867165694803747 135
1694732919578 2.3901909408134565 136
1694732919928 0.26020015246695505 137
1694732920235 5.470794880026298 138
1694732920522 7.989019449371907 139
1694732920882 10.655395421626814 140
1694732921180 0.21743612045386662 141
1694732921456 0.08560296271176646 142
1694732921831 2.0387441343083337 143
1694732922147 0.20952027847923654 144
1694732922426 2.561607471938373 145
1694732922727 6.823085763364471 146
1694732923051 0.4477980803996829 147
1694732923374 0.0014947005924130343 148
1694732923634 5.313265726244434 149
1694732924015 0.9449115873676441 150
1694732924318 1.5305730006609939 151
1694732924560 0.7676164649397225 152
1694732924874 0.015518648482078947 153
1694732925207 2.4162732889323926 154
1694732925485 0.6079252213840732 155
1694732925798 0.40940011593881503 156
1694732926187 0.006788981351661797 157
1694732926463 0.054926371481965865 158
1694732926717 1.1393581832338573 159
1694732927047 0.061506801215452635 160
1694732927376 0.8629940135775954 161
1694732927602 0.16921975107985768 162
1694732927864 2.405069136809802 163
1694732928128 1.0421322687698087 164
1694732928490 0.5173528332568512 165
1694732928750 2.0833382298649377 166
1694732929044 6.228560709257996 167
1694732929349 0.11861089641712871 168
1694732929643 0.5127542363442105 169
1694732929930 0.7362153744511933 170
1694732930223 5.406732043999086 171
1694732930544 0.061420168307552724 172
1694732930806 0.00906915316043335 173
1694732931136 0.5820274229684536 174
1694732931482 0.05713944291945063 175
1694732931712 5.505550205659784 176
1694732931996 1.0425494153264907 177
1694732932290 0.048225259684063444 178
1694732932652 0.586349505153223 179
1694732933008 9.285465734939015 180
1694732933319 0.052148704397358595 181
1694732933610 3.2087039312366814 182
1694732933862 2.239256441599767 183
1694732934167 0.26790109286494834 184
1694732934439 0.07748086315490274 185
1694732934688 1.0598256101446704 186
1694732934947 3.4956674194498905 187
1694732935250 0.16759457329355704 188
1694732935552 0.04860315708850679 189
1694732935818 3.1761866211217376 190
1694732936129 0.042995355874634544 191
1694732936413 1.4183111148964402 192
1694732936665 0.8276607859411126 193
1694732936982 0.3043316711266904 194
1694732937382 0.0007809086394071024 195
1694732937631 0.4545863549666381 196
1694732937964 2.9066383340226434 197
1694732938238 6.055234213277169 198
1694732938548 2.4268143323984477 199
1694732938775 0.29266710090432474 200
1694732939059 1.0806425574516314 201
1694732939392 0.6675717597491714 202
1694732939652 0.6799058918324961 203
1694732939937 0.0001407221168751045 204
1694732940220 3.439117599916088 205
1694732940550 2.1503982951947274 206
1694732940799 0.00016973437855983712 207
1694732941164 21.765700600387106 208
1694732941491 0.8830132390709553 209
1694732941832 0.07698635758417607 210
1694732942181 0.014568120521519907 211
1694732942476 0.7695089139218696 212
1694732942795 1.915927175359911 213
1694732943049 3.9858409090839135 214
1694732943356 0.9100097567548626 215
1694732943672 0.002534878144632715 216
1694732943958 5.752117635566996 217
1694732944230 1.4665644149310548 218
1694732944550 4.413679574701713 219
1694732944790 0.8863160335585846 220
1694732945100 0.06529881731197047 221
1694732945434 6.0771121030364545 222
1694732945714 0.2890628886085719 223
1694732945939 0.43076956534207594 224
1694732946216 0.03598991534987557 225
1694732946543 0.7979670728681523 226
1694732946813 0.022688623777181862 227
1694732947140 0.8978167573421074 228
1694732947462 0.649445930940684 229
1694732947729 2.210541364328029 230
1694732947956 0.008516100007911637 231
1694732948212 0.043941965898392416 232
1694732948515 0.5644942446784845 233
1694732948748 0.226177429715178 234
1694732949017 0.17828645278636815 235
1694732949324 2.8699337453211284 236
1694732949662 0.922989181246858 237
1694732949886 0.12716151623947458 238
1694732950117 0.5213981019012716 239
1694732950453 9.88721035339362 240
1694732950832 2.5156161027886723 241
1694732951111 6.358948143756768 242
1694732951356 0.44346504978485823 243
1694732951742 0.04535793673089805 244
1694732952053 0.22635576164221732 245
1694732952335 0.006505804477955956 246
1694732952694 0.0076167197524784815 247
1694732953017 3.796691627400282 248
1694732953329 18.149153735662257 249
1694732953652 0.1977302954358383 250
1694732953943 2.5626202145032515 251
1694732954259 12.416363447180693 252
1694732954557 0.805913191584217 253
1694732954821 1.4603932575943994 254
1694732955106 3.147826683412623 255
1694732955410 1.969593096464036 256
1694732955690 0.3019538915294395 257
1694732955949 0.38645669627941126 258
1694732956216 2.076070234520304 259
1694732956539 0.5631031271820659 260
1694732956824 3.5276712646579926 261
1694732957064 7.290637115256868 262
1694732957433 0.7719900722904429 263
1694732957747 1.1960596747624987 264
1694732958158 0.3577377695001329 265
1694732958456 0.4332839103806212 266
1694732958745 0.38424746826223166 267
1694732958984 2.7397951360949864 268
1694732959246 0.7355465590314132 269
1694732959613 24.740964389239355 270
1694732959929 1.2285684375308504e-05 271
1694732960159 1.539796050618995 272
1694732960394 1.5620534248665965 273
1694732960699 0.8698235008506822 274
1694732961051 5.524821214495266 275
1694732961330 0.024485581567813008 276
1694732961651 0.08340463491914431 277
1694732961944 0.20822933550883585 278
1694732962168 1.4933781675669726 279
1694732962401 0.13022120624141584 280
1694732962687 1.8437645659235289 281
1694732962967 12.78160904771388 282
1694732963169 2.681962670581097 283
1694732963420 7.323347686154451 284
1694732963717 3.571924958953454 285
1694732964073 1.5165773864367933 286
1694732964344 0.3639468078090801 287
1694732964664 1.3037510985840297 288
1694732964972 10.261973655150728 289
1694732965195 2.4731193235888824 290
1694732965461 1.4957030855804343 291
1694732965771 3.7935097531326605 292
1694732966149 0.00024497753035945287 293
1694732966476 4.230376865437601 294
1694732966769 0.6449007515412585 295
1694732967025 0.24514267920950208 296
1694732967242 16.728310136627314 297
1694732967481 0.021309875591484517 298
1694732967817 0.613427329249295 299
1694732968127 0.9191045128337575 300
1694732968468 0.30192872835323664 301
1694732968746 0.46801796860407474 302
1694732969016 0.5810117238407765 303
1694732969307 3.624399121216111 304
1694732969622 1.4743428799124334 305
1694732969885 8.20249581312353 306
1694732970165 0.5160892106854214 307
1694732970389 1.383336651146602 308
1694732970690 7.885877990489379 309
1694732971067 1.5314690299313047 310
1694732971360 1.2548663835666525 311
1694732971662 0.16150112726554358 312
1694732971966 0.6008094707487839 313
1694732972247 3.3556900259716387 314
1694732972533 0.4545433856543604 315
1694732972927 0.2231961736042098 316
1694732973205 5.523433841982076 317
1694732973450 0.3228077074384773 318
1694732973688 4.629055779996862 319
1694732973983 1.8672803179232336 320
1694732974248 3.497493931175063 321
1694732974534 8.937439841174278 322
1694732974848 0.09606838150612512 323
1694732975193 0.02162392725198093 324
1694732975428 1.7072311842000198 325
1694732975675 0.33701963373576077 326
1694732975919 0.4809556731209972 327
1694732976210 5.616830755713981 328
1694732976468 0.7529716742457532 329
1694732976756 23.219977850545764 330
1694732977033 7.588121737671745 331
1694732977335 7.890805046137484 332
1694732977604 9.081094640177028 333
1694732977954 0.9792192291237809 334
1694732978243 1.6455433115589162 335
1694732978539 0.12982751952863777 336
1694732978848 0.0007936155081880483 337
1694732979143 0.9387721598495556 338
1694732979384 1.6091354612585351 339
1694732979753 0.3423419932806738 340
1694732980003 0.08153317685890192 341
1694732980273 0.8864438074480392 342
1694732980552 3.1556286000055986 343
1694732980801 0.20337375868162175 344
1694732981150 0.39190806026536185 345
1694732981399 0.7681992225180267 346
1694732981785 1.4993550439797316 347
1694732982070 0.5128995562394123 348
1694732982340 0.0014745298182206486 349
1694732982669 0.033160865325349696 350
1694732983027 0.5676182534527177 351
1694732983299 22.070290562641983 352
1694732983531 0.3730985262223509 353
1694732983740 6.352201717627479 354
1694732984088 1.7803412438430015 355
1694732984382 9.423568629408317 356
1694732984664 0.04345262522542888 357
1694732984980 0.15845523225266245 358
1694732985310 1.5511681107717437 359
1694732985536 1.3808064342517392 360
1694732985758 1.515101440782903 361
1694732986082 0.9746802728067039 362
1694732986375 0.5280446032768594 363
1694732986607 1.4199038829060353 364
1694732986841 1.0041718718300836 365
1694732987058 0.8507640283704289 366
1694732987363 0.29253646385151433 367
1694732987695 7.743804955736595 368
1694732987969 1.2786663070191333 369
1694732988195 1.0117467599020347 370
1694732988501 1.152017094243586 371
1694732988749 0.5992097835076211 372
1694732988994 2.2277909650421606 373
1694732989294 3.1351212528802046 374
1694732989536 0.5088593434303712 375
1694732989783 0.0006024693249932347 376
1694732990117 0.00035610387783406816 377
1694732990425 1.9715561925759857 378
1694732990718 0.36673182991921216 379
1694732991068 1.6943807506241269 380
1694732991398 0.23230614555127302 381
1694732991642 2.4011052674253333 382
1694732991864 3.3427964095804352 383
1694732992132 0.2886386750800893 384
1694732992426 0.1509405483481803 385
1694732992835 0.0234881388295749 386
1694732993136 10.339766582496832 387
1694732993412 1.3069059305161181 388
1694732993697 0.3721770624997034 389
1694732994008 0.19951888434344014 390
1694732994348 0.17573227587881454 391
1694732994603 0.045837762857442066 392
1694732994915 1.1184401408217495 393
1694732995259 1.0012408331990543 394
1694732995495 3.379600277982638 395
1694732995743 0.181137986910393 396
1694732995961 0.06897087790671108 397
1694732996267 5.8866082025922575 398
1694732996515 0.011825426685627374 399
1694732996750 7.047095474090841 400
1694732997028 0.3289435754801223 401
1694732997342 0.5575845280956669 402
1694732997575 0.42817694750476454 403
1694732997815 0.9182235199395448 404
1694732998131 0.1691214160447628 405
1694732998412 0.38122513109270373 406
1694732998645 0.6744326621381282 407
1694732998932 0.04045075186021261 408
1694732999241 8.455347184803369 409
1694732999602 6.616648285631309 410
1694732999820 0.2400069462833822 411
1694733000135 0.4012324645786973 412
1694733000431 0.11891919652382903 413
1694733000689 0.9788138775574322 414
1694733001041 0.03587260945704312 415
1694733001300 0.7892694737573267 416
1694733001576 2.177091466196904e-06 417
1694733001865 5.376032212468696 418
1694733002176 1.4725010729709882 419
1694733002488 0.1874531586499381 420
1694733002755 9.38529921515761 421
1694733002984 0.14200430778571735 422
1694733003265 2.221857969102897 423
1694733003578 9.70380552651067 424
1694733003813 0.5668825296863063 425
1694733004081 0.06210828171076759 426
1694733004361 0.653282084003226 427
1694733004572 1.5493683137463699 428
1694733004852 0.11978931636217365 429
1694733005142 2.4008833964404404 430
1694733005439 0.3758634802514108 431
1694733005698 1.0329967424631794 432
1694733005932 0.250732430626964 433
1694733006285 0.07700380880332466 434
1694733006591 0.05280016541083978 435
1694733006898 0.7355611640950046 436
1694733007189 2.9424805010556163 437
1694733007454 0.2322509033523624 438
1694733007721 2.4782112291766967 439
1694733007969 0.2482144085547393 440
1694733008289 0.12880498102664256 441
1694733008666 2.1128498310021255 442
1694733008894 0.003080179745825453 443
1694733009193 0.21091344226778053 444
1694733009529 0.04861408709185259 445
1694733009809 0.0016260966192995787 446
1694733010122 3.710428552278021 447
1694733010437 0.001047302029502851 448
1694733010794 0.2872162947715819 449
1694733011147 5.3327474095962835 450
1694733011526 8.436559101554403 451
1694733011823 8.620839364668967 452
1694733012072 0.02360049134710629 453
1694733012400 0.09749456108530027 454
1694733012811 0.13489387125676913 455
1694733013060 2.0829080527586132 456
1694733013290 0.5989106193273863 457
1694733013543 0.00021842642889760629 458
1694733013846 0.8913474069912655 459
1694733014129 0.5981129999663196 460
1694733014458 4.014976798329605 461
1694733014741 3.4009585558933826 462
1694733014995 1.7636029758174223 463
1694733015323 0.39922264462321805 464
1694733015644 2.7760265888838638 465
1694733015936 0.04737453836966415 466
1694733016245 5.958532336647948 467
1694733016577 0.44558138261831987 468
1694733016874 1.415679733331598 469
1694733017149 2.4213651576937005 470
1694733017460 0.5569403600875112 471
1694733017709 0.02055629165842221 472
1694733017996 0.08525523936383968 473
1694733018268 1.3164338342186481 474
1694733018607 0.190437785095935 475
1694733018896 7.374776932884167 476
1694733019161 2.9502398032896484 477
1694733019462 1.677941846914566 478
1694733019774 0.0781747858501207 479
1694733020026 1.3189357569843876 480
1694733020258 1.7241875616979894 481
1694733020614 4.666470304619219 482
1694733021053 2.7482535363656537 483
1694733021400 7.603495780887069 484
1694733021827 3.3431063963894267 485
1694733022156 9.770856689668765 486
1694733022413 1.2942116228073723 487
1694733022807 0.38521436368702866 488
1694733023058 0.3225338442425368 489
1694733023336 6.635921283465504 490
1694733023608 0.10241886332132691 491
1694733023819 0.24383462561501817 492
1694733024156 0.39866387182485435 493
1694733024477 0.0002835990943784855 494
1694733024800 0.35757195092735594 495
1694733025076 0.6978577397543142 496
1694733025383 0.009020953698576384 497
1694733025700 1.3910463923010203 498
1694733025982 2.022164141759653 499
