1694748568760 3.8830955453813316 0
1694748569041 15.137164481990181 1
1694748569354 4.415384936316061 2
1694748569623 13.841230088792168 3
1694748569936 0.7444861947131756 4
1694748570242 34.4227878551088 5
1694748570595 0.2824256986042309 6
1694748570901 0.002871967136387799 7
1694748571200 0.01962015260310143 8
1694748571494 12.61709302121852 9
1694748571734 1.4891934795482007 10
1694748571975 16.231401686117493 11
1694748572201 3.9660661399340498 12
1694748572451 1.0868949528929106 13
1694748572769 0.07018804102398181 14
1694748573085 94.3627550378205 15
1694748573373 3.845401003826446 16
1694748573631 0.5165767624995061 17
1694748573935 19.77846351475227 18
1694748574208 25.490850712134964 19
1694748574509 9.438928853921553 20
1694748574907 25.62840785439933 21
1694748575237 1.127397116772529 22
1694748575512 4.426266688746838 23
1694748575785 12.608340196513973 24
1694748576084 16.44470594111938 25
1694748576383 0.20734363639209302 26
1694748576653 0.07859296287137725 27
1694748576920 0.7585291917992828 28
1694748577288 3.9210024808696184 29
1694748577600 37.28686130320404 30
1694748577932 3.9568152584611256 31
1694748578333 26.655987133394287 32
1694748578616 0.41404289289400914 33
1694748578850 1.628449187189754 34
1694748579074 2.6304706012702606 35
1694748579428 17.745393634381568 36
1694748579724 11.704629269578984 37
1694748579973 0.024615685580257618 38
1694748580214 29.358833184146384 39
1694748580529 20.842608315809446 40
1694748580779 1.3622911028580633 41
1694748581021 44.50733201287381 42
1694748581409 24.7060473378646 43
1694748581779 10.806080500496863 44
1694748582034 10.062711264122477 45
1694748582292 26.93861501488625 46
1694748582621 10.430774529121807 47
1694748582902 57.7641761295883 48
1694748583239 41.7420217861621 49
1694748583626 31.091988166426137 50
1694748583946 9.409784221898388 51
1694748584209 49.42772937183621 52
1694748584554 0.18609440053306592 53
1694748584929 0.9836461722039059 54
1694748585231 54.23344572217801 55
1694748585544 10.871165355466928 56
1694748585845 0.24280602362941067 57
1694748586206 6.7366432922440636 58
1694748586607 1.0146812167249157 59
1694748586879 3.677042252302164 60
1694748587183 0.7966594743557939 61
1694748587489 16.166618127466037 62
1694748587784 0.04390801643050377 63
1694748588047 1.4964429901609662 64
1694748588328 25.955383781521597 65
1694748588604 13.578260368031659 66
1694748588851 25.143246888093703 67
1694748589166 13.166422148308305 68
1694748589465 4.310908306067845 69
1694748589760 6.746476168282016 70
1694748590068 1.2810279554133752 71
1694748590376 6.322027549123637 72
1694748590685 3.6100454633113133 73
1694748591037 0.34160666040961307 74
1694748591351 0.2759917943712207 75
1694748591649 37.09277738601564 76
1694748591922 0.5044258631773043 77
1694748592159 37.00760992710985 78
1694748592462 0.4910806491167517 79
1694748592815 3.113161764537657 80
1694748593171 1.9013733742440215 81
1694748593487 12.937451323011784 82
1694748593866 2.5492816457604115 83
1694748594162 2.140058640202576 84
1694748594454 1.3053556517272165 85
1694748594775 73.88353660647674 86
1694748595088 1.3056763160504088 87
1694748595365 11.08723405837223 88
1694748595672 0.005745927161299018 89
1694748595967 4.035417966891968 90
1694748596218 16.49817371683254 91
1694748596522 0.47155094743541714 92
1694748596792 7.718201094586019 93
1694748597022 9.701724894609908 94
1694748597355 0.5925162597527923 95
1694748597673 13.789052747888784 96
1694748597949 11.086741563667658 97
1694748598165 0.4245862716891631 98
1694748598384 5.554493261331612 99
1694748598689 0.13242125271994806 100
1694748598978 1.9105736830712947 101
1694748599201 5.525065426025212 102
1694748599489 35.26919516422441 103
1694748599798 10.287134978232533 104
1694748600106 12.44118116571433 105
1694748600374 10.348331470115816 106
1694748600741 0.7035098416268094 107
1694748601043 27.705582171731674 108
1694748601323 0.786374966962382 109
1694748601709 9.920377660425654 110
1694748602022 6.116547335321075 111
1694748602258 0.024235229129438755 112
1694748602516 10.733026599915698 113
1694748602839 0.6743596322595712 114
1694748603209 0.35692498317100796 115
1694748603514 4.04828232617967 116
1694748603874 10.993316863651437 117
1694748604167 33.85854421794903 118
1694748604398 68.5348143486236 119
1694748604629 6.5096269730145115 120
1694748604940 4.643092761769615 121
1694748605165 0.8778730830292161 122
1694748605342 0.14474260931028363 123
1694748605583 0.5447380504770644 124
1694748605850 4.898429413770595 125
1694748606262 0.016269394544668112 126
1694748606484 32.8221945181706 127
1694748606766 8.023614764144487 128
1694748607070 2.966915156449969 129
1694748607335 2.221098946864336 130
1694748607636 70.6470991860583 131
1694748607854 1.1881885444425404 132
1694748608095 0.4844710913077578 133
1694748608354 0.0034673832345422325 134
1694748608606 1.5680929229662848 135
1694748608814 10.051944149387765 136
1694748609085 3.6287933317482524 137
1694748609336 2.531122411339973 138
1694748609576 30.0855974485657 139
1694748609789 1.319988385135225 140
1694748610001 0.03971447664714934 141
1694748610265 3.013388216400491 142
1694748610599 0.7009966309340051 143
1694748610903 16.191823430182957 144
1694748611210 0.7008717544703028 145
1694748611476 5.007782698360145 146
1694748611713 24.56863324897393 147
1694748611952 2.2309944634539223 148
1694748612175 17.039930835929802 149
1694748612377 3.018685373265581 150
1694748612673 3.189983222056088 151
1694748612973 0.739016902462081 152
1694748613296 11.750860321280523 153
1694748613598 17.39955794599764 154
1694748613897 5.0587645234423375 155
1694748614202 0.07845385551631086 156
1694748614422 13.841597815778378 157
1694748614675 0.3692659077339437 158
1694748615041 39.25809293412466 159
1694748615327 0.23720982381510303 160
1694748615547 14.56299391802153 161
1694748615776 1.037446594400866 162
1694748616087 1.8292002173823878 163
1694748616387 0.9460359432055566 164
1694748616701 0.03210934829492353 165
1694748616978 1.582796970768486 166
1694748617332 1.8407889912442075 167
1694748617613 4.0695708301024425 168
1694748617915 0.00014098157003071342 169
1694748618216 30.470235742522572 170
1694748618453 0.0064902114002898526 171
1694748618743 3.865839666885689 172
1694748619055 4.927897689005691 173
1694748619349 5.308992785611535 174
1694748619651 3.6819470727298285 175
1694748620006 8.425919772733966 176
1694748620383 3.9511838010054676 177
1694748620678 20.247011188220164 178
1694748620990 0.18410044710749773 179
1694748621296 0.43281791397459213 180
1694748621553 4.945932464491967 181
1694748621831 20.384402944706643 182
1694748622051 7.833916839592401 183
1694748622281 14.74806366867608 184
1694748622545 19.43785199620499 185
1694748622834 8.612855185587868 186
1694748623190 0.5418467272419694 187
1694748623467 30.91167853769938 188
1694748623736 1.3054345096973143 189
1694748624097 5.856962113162981 190
1694748624399 1.989788759433549 191
1694748624654 4.986335833066879 192
1694748624945 11.341260629218375 193
1694748625257 14.187049340226753 194
1694748625525 7.391087489985541 195
1694748625944 0.006890729904320323 196
1694748626286 4.479048726551272 197
1694748626562 13.185847340034682 198
1694748626886 1.4347967726637165 199
1694748627184 17.17030747121209 200
1694748627454 7.783023003904581 201
1694748627728 23.911867072932722 202
1694748628097 1.6519816820027322 203
1694748628451 9.465669197184637 204
1694748628692 1.6837800462427954 205
1694748629002 14.76611343299179 206
1694748629325 14.819565431600124 207
1694748629604 3.7302807521475505 208
1694748629930 1.0193567262175403 209
1694748630225 11.674303609607355 210
1694748630543 7.6203061595835795 211
1694748630869 1.129205533972883 212
1694748631105 9.85199494780495 213
1694748631359 2.487732366893839 214
1694748631689 18.429277272947687 215
1694748632012 5.272192282739296 216
1694748632322 3.026490848528618 217
1694748632581 14.916944490938166 218
1694748632934 0.1944682691067241 219
1694748633280 11.58819287952155 220
1694748633549 58.94156011514065 221
1694748633807 18.614466357094 222
1694748634128 1.4285218485737758 223
1694748634418 18.758426840740775 224
1694748634646 28.238170185871514 225
1694748635027 3.8021260510996537 226
1694748635322 28.719053260103642 227
1694748635639 0.2974227529268367 228
1694748635936 0.20317079931521448 229
1694748636254 0.548371136187705 230
1694748636555 0.6645569055148005 231
1694748636852 4.308794153167213 232
1694748637182 6.624830276661335 233
1694748637529 12.455489998843904 234
1694748637830 6.097416002143635 235
1694748638125 9.377655174591006 236
1694748638444 3.18587901331283 237
1694748638696 0.2944814973598152 238
1694748638919 13.711906656486807 239
1694748639242 0.0195992205960911 240
1694748639598 61.795954044203356 241
1694748639866 11.23999224971188 242
1694748640159 14.447663290214784 243
1694748640442 32.511757920076676 244
1694748640720 1.6185552332352668 245
1694748641021 1.9487531160055849 246
1694748641313 9.136832728584846 247
1694748641670 8.153292718435203 248
1694748642015 34.76585760787864 249
1694748642311 0.0010806886937412795 250
1694748642605 8.742928100629308 251
1694748642895 63.59004015454652 252
1694748643255 0.7030499261869756 253
1694748643565 1.604949630074329 254
1694748643869 12.833114294479765 255
1694748644192 23.70374478516508 256
1694748644502 14.604051794136142 257
1694748644770 0.24463064989162212 258
1694748645127 3.052879189065475 259
1694748645403 2.418150171983808 260
1694748645668 2.248473190044043 261
1694748645877 0.017648728492684534 262
1694748646242 3.699798660853731 263
1694748646554 14.262547357835235 264
1694748646789 0.731197861461394 265
1694748647208 35.33920249431062 266
1694748647519 13.121637090802377 267
1694748647821 2.2418215175568075 268
1694748648170 9.382120750290355 269
1694748648531 16.53550631078014 270
1694748648781 0.19001644723830005 271
1694748649012 12.05578610037524 272
1694748649293 4.28025604689549 273
1694748649597 19.21605368242517 274
1694748649844 0.2939785766094514 275
1694748650068 14.341143874469696 276
1694748650345 10.125758320247279 277
1694748650698 3.061433917839129 278
1694748650905 0.8470245376239822 279
1694748651130 4.746889548375829 280
1694748651466 8.749559964313166 281
1694748651742 0.6967077699239755 282
1694748651964 11.007749734447135 283
1694748652177 0.9704755282096095 284
1694748652491 0.09271707032584248 285
1694748652807 9.17801737069678 286
1694748653071 0.07966288043568241 287
1694748653448 9.071601569615181 288
1694748653739 2.4487991891720275 289
1694748654001 11.774783631596527 290
1694748654311 8.200498729750159 291
1694748654671 18.648214447646872 292
1694748655013 1.3622860347769958 293
1694748655338 29.524636398865326 294
1694748655666 0.2622094146784159 295
1694748656000 1.1584944859636312 296
1694748656302 0.2728555171885856 297
1694748656631 0.05906786015818928 298
1694748656892 10.835591896286394 299
1694748657233 10.675788109392455 300
1694748657483 0.8468704661898117 301
1694748657750 4.673986465566893 302
1694748658020 1.1816960729630692 303
1694748658306 1.7229404243722208 304
1694748658597 12.193052393653184 305
1694748658856 2.66967491109479 306
1694748659087 1.2539098582539898 307
1694748659399 0.11884426025354394 308
1694748659700 17.421113472326233 309
1694748659966 10.739064573905065 310
1694748660270 6.193364870607657 311
1694748660574 0.4571517082095663 312
1694748660837 3.874164946057551 313
1694748661078 6.941773536667668 314
1694748661387 14.207413877331758 315
1694748661672 3.627021766731976 316
1694748661933 0.0176793562616936 317
1694748662248 0.003660006165327167 318
1694748662558 29.701256559282648 319
1694748662827 35.32686322483259 320
1694748663046 33.36092504625955 321
1694748663363 33.70857608327763 322
1694748663691 0.7372345968322224 323
1694748664002 3.626066083802194 324
1694748664300 5.676795442767867 325
1694748664613 0.3389520253271014 326
1694748664942 5.118815870063408 327
1694748665239 10.614315899787266 328
1694748665524 26.489318956149717 329
1694748665824 0.32305242856022 330
1694748666146 0.3066271951574939 331
1694748666449 0.3319318400545074 332
1694748666693 1.9602088439307308 333
1694748666939 5.377760947035094 334
1694748667147 6.810884545329901 335
1694748667480 0.001935562108033022 336
1694748667786 0.6935127752537467 337
1694748668007 27.156383626149662 338
1694748668321 8.537667026452741 339
1694748668654 15.393766961763335 340
1694748668936 0.8773764236036723 341
1694748669185 18.744882100799064 342
1694748669458 25.849590688056246 343
1694748669721 5.619826808904801 344
1694748669977 84.98229488731684 345
1694748670180 0.6242944373217674 346
1694748670481 0.016132777520087942 347
1694748670835 0.3076766911661194 348
1694748671056 9.666611378065578 349
1694748671304 21.42308786209899 350
1694748671515 1.1777931891797546 351
1694748671778 14.792679155094959 352
1694748672024 30.651480469062854 353
1694748672256 2.0571250155178675 354
1694748672532 15.20118451136986 355
1694748672910 4.889043080185407 356
1694748673159 12.124135682030046 357
1694748673423 6.36861869303404 358
1694748673721 3.10549110487503 359
1694748674003 2.661193384825707 360
1694748674221 1.850935972094716 361
1694748674461 0.6352470613348796 362
1694748674711 29.283037444739858 363
1694748675061 0.021204050985442608 364
1694748675259 5.508190392863981 365
1694748675467 36.52582995426943 366
1694748675710 2.9993813896517474 367
1694748675990 0.05368538904580147 368
1694748676258 3.178979025029998 369
1694748676543 35.85727342507221 370
1694748676805 5.58442169427414 371
1694748677156 19.732282402874972 372
1694748677452 0.12956135782232472 373
1694748677761 0.14113622719691035 374
1694748678060 3.3336042676531945 375
1694748678286 0.43825867294692866 376
1694748678552 1.55171268596158 377
1694748678854 84.25190377979045 378
1694748679122 44.906288912637464 379
1694748679381 7.037001736390434 380
1694748679697 15.5924042831475 381
1694748680137 41.18436784634746 382
1694748680460 8.30079770472112 383
1694748680754 4.683060590319739 384
1694748680995 0.6095428679170598 385
1694748681363 0.005015994476876224 386
1694748681583 0.9002250035991449 387
1694748681867 5.70942909038537 388
1694748682164 20.476264642048875 389
1694748682414 14.911605270194974 390
1694748682697 13.11521679539667 391
1694748682975 23.726750374634534 392
1694748683313 0.14813473402182184 393
1694748683633 0.6201513667884124 394
1694748683992 19.142084028687947 395
1694748684285 6.0019027027538305 396
1694748684611 0.13236436492813794 397
1694748684995 9.940582737728839 398
1694748685289 4.652230819708877 399
1694748685553 10.326953666674036 400
1694748685860 0.014322183280364161 401
1694748686173 7.936139677035308 402
1694748686400 10.029831672113072 403
1694748686654 4.031088816318839 404
1694748686882 12.36731575155333 405
1694748687177 0.17992934578427078 406
1694748687460 1.7604272849704414 407
1694748687786 4.663077073557021 408
1694748688124 2.2360239479102506 409
1694748688425 1.6821204434892352 410
1694748688651 11.620731654179973 411
1694748688884 37.866996010770535 412
1694748689214 42.05941359477386 413
1694748689451 10.631538016776137 414
1694748689708 4.851031806748044 415
1694748690035 9.07548954219082 416
1694748690337 0.10518939380686601 417
1694748690617 0.14943053356097122 418
1694748690834 32.157494201085704 419
1694748691106 0.5891616326252879 420
1694748691404 3.940235189352447 421
1694748691694 2.863918577786456 422
1694748691941 8.741129677508146 423
1694748692183 0.8957321211663198 424
1694748692452 8.591704816193344 425
1694748692710 4.368126606401982 426
1694748692966 15.489083899945634 427
1694748693260 19.53770370546177 428
1694748693506 0.07225440691400427 429
1694748693807 6.5942537097934375 430
1694748694111 15.613245000594688 431
1694748694400 7.0403615829053265 432
1694748694658 3.391455027449208 433
1694748695043 23.75423598451068 434
1694748695341 21.302615725777372 435
1694748695593 2.087095981807465 436
1694748695820 0.058326467518913856 437
1694748696069 0.01063133456424192 438
1694748696330 1.8916090812318254 439
1694748696547 9.609505117304476 440
1694748696808 2.1243150656108014 441
1694748697138 0.5280074878060537 442
1694748697454 4.594600891818469 443
1694748697759 0.00046745739407571066 444
1694748698031 2.6838738849168515 445
1694748698329 1.121277197575918 446
1694748698595 2.2953632056807 447
1694748698886 17.44530506799129 448
1694748699189 3.73965585306731 449
1694748699555 0.07647094719964848 450
1694748699790 1.5687666850181987 451
1694748700073 1.391825766612327 452
1694748700348 15.560082926409493 453
1694748700573 3.6937177708162454 454
1694748700860 6.092177942038015 455
1694748701141 0.45444575646008073 456
1694748701417 0.12975673724318562 457
1694748701687 9.922459918910835 458
1694748702052 9.969643589934474 459
1694748702342 14.7588831565124 460
1694748702612 22.31734057596161 461
1694748702912 5.376637425095702 462
1694748703298 18.8775030880434 463
1694748703572 6.946990361282396 464
1694748703834 18.831062056206637 465
1694748704159 25.22780025755912 466
1694748704471 3.4754103683349937 467
1694748704685 0.6442032733297601 468
1694748705013 3.1980236538248543 469
1694748705333 1.7270208435899437 470
1694748705608 37.746134964783025 471
1694748706024 3.70057008846945 472
1694748706381 1.6249503723306047 473
1694748706654 0.7569796007118658 474
1694748706873 32.3337771007027 475
1694748707148 4.223685613249491 476
1694748707474 83.32271855303706 477
1694748707813 1.2839457180957288 478
1694748708121 0.7580749961225663 479
1694748708489 13.288164994657082 480
1694748708706 13.722197857161119 481
1694748708992 4.151116722363853 482
1694748709305 2.83394365540162 483
1694748709622 2.018955757819563 484
1694748709886 0.7231255583961631 485
1694748710178 1.733715211487298 486
1694748710465 45.83980489418314 487
1694748710768 3.4562580903608056 488
1694748711058 5.475730884854284 489
1694748711363 10.3142514817805 490
1694748711678 1.2863235817796064 491
1694748711974 3.297686733972305 492
1694748712288 0.11404457427667078 493
1694748712628 32.78411744734488 494
1694748712916 0.8984511380702287 495
1694748713341 2.543295327754139 496
1694748713577 8.002759581084453 497
1694748713870 41.1882992445303 498
1694748714184 0.9000913465705632 499
