1694723197534 2.5125900403209074 0
1694723197742 2.7716140448205757 1
1694723197997 1.827560131976312 2
1694723198305 3.045263417838672 3
1694723198542 3.036776935280583 4
1694723198741 2.611902774477902 5
1694723198912 3.150064059560043 6
1694723199103 2.4253863444738486 7
1694723199351 2.7435864778949117 8
1694723199587 2.109676643442375 9
1694723199812 3.4002263357890867 10
1694723200045 2.1001672265825277 11
1694723200324 3.0533947310974217 12
1694723200581 2.039414551136812 13
1694723200767 1.8304547432975873 14
1694723200976 2.330603307995597 15
1694723201160 1.49422524751213 16
1694723201396 2.9977928095959143 17
1694723201638 2.4782689936166498 18
1694723201858 2.4375464411911594 19
1694723202099 2.0744486716100163 20
1694723202327 2.8998003769842406 21
1694723202639 1.6606778500225916 22
1694723202906 1.9898589949474035 23
1694723203212 3.9400675895850132 24
1694723203441 1.42026038485984 25
1694723203689 2.638212209637914 26
1694723203913 1.851403133697799 27
1694723204159 2.286527440988389 28
1694723204410 2.1040020596374718 29
1694723204635 2.134966440658232 30
1694723204925 2.647728843085923 31
1694723205161 1.7279427798289433 32
1694723205396 2.1249061684485695 33
1694723205631 2.3638665142280977 34
1694723205864 1.6759773166764125 35
1694723206086 1.1537097260481897 36
1694723206486 1.6417389224804815 37
1694723206689 2.185586244429757 38
1694723206925 2.652440926432969 39
1694723207210 1.7247267109035216 40
1694723207474 1.4037018346090313 41
1694723207690 1.6971052758028795 42
1694723207913 2.2934445965460335 43
1694723208158 1.4719788386795807 44
1694723208406 1.84785546841227 45
1694723208659 1.2984864721128482 46
1694723208845 1.8664785768515817 47
1694723209096 2.375616794801944 48
1694723209393 1.2558634926942456 49
1694723209641 1.7697964426606365 50
1694723209810 1.291504763072775 51
1694723210053 1.2410601016797642 52
1694723210232 2.1350651104624707 53
1694723210475 2.485805444191093 54
1694723210635 2.1880898718985833 55
1694723210821 2.1939815160047136 56
1694723211049 1.5107721763716153 57
1694723211279 2.734449497245139 58
1694723211561 1.2111690956184067 59
1694723211781 1.6075965911777823 60
1694723212016 1.6977269996276807 61
1694723212272 1.3987020857694776 62
1694723212484 1.9421843418019904 63
1694723212695 1.7685174708516136 64
1694723212910 1.3921651572905873 65
1694723213204 1.8159643046182392 66
1694723213466 2.568241902861255 67
1694723213715 1.5843266770283082 68
1694723213964 1.9207354807725647 69
1694723214209 0.897314380394596 70
1694723214464 1.0990398199424618 71
1694723214692 1.404099095996073 72
1694723214920 1.1036056722731609 73
1694723215161 1.2889621978321983 74
1694723215414 1.2575336016402692 75
1694723215626 2.0065311149157883 76
1694723215847 1.6825644805635511 77
1694723216141 1.7390580206020865 78
1694723216377 0.9237999579318479 79
1694723216649 1.236533590749199 80
1694723216812 1.2923916942397138 81
1694723216995 1.48196990332968 82
1694723217231 1.118761588999424 83
1694723217493 1.1054754196843384 84
1694723217729 0.9556809885963712 85
1694723217948 1.4945082729541639 86
1694723218210 1.1706435856735897 87
1694723218479 1.057918449010255 88
1694723218707 0.8057823951483282 89
1694723218939 1.2799379370605681 90
1694723219174 1.2292926474640382 91
1694723219419 1.2555768654083395 92
1694723219678 1.413977694804794 93
1694723219836 1.390277617273168 94
1694723220057 1.2699268612012233 95
1694723220248 1.8957694832030443 96
1694723220541 1.330291608457167 97
1694723220787 1.2967410582026178 98
1694723220991 1.3545210704512425 99
1694723221203 1.0607249551724434 100
1694723221423 2.2753007029698464 101
1694723221658 1.154581256521377 102
1694723221870 1.2059573301208466 103
1694723222034 1.2731511698500875 104
1694723222266 1.1269351984591098 105
1694723222510 0.8426086394806953 106
1694723222795 1.792442551559035 107
1694723222999 1.8168264284348057 108
1694723223298 1.736833230901236 109
1694723223541 1.9061397192286547 110
1694723223787 1.2982059673238648 111
1694723223973 1.2097588775547263 112
1694723224213 1.9448797660900297 113
1694723224450 0.9936538321400666 114
1694723224694 1.130610180009853 115
1694723225002 1.447683089931621 116
1694723225256 1.4850009034630827 117
1694723225490 1.175043922126578 118
1694723225724 0.8430404839362028 119
1694723225953 1.1724804230871377 120
1694723226191 1.0092457680907423 121
1694723226421 1.6131222635080507 122
1694723226652 1.4498006260982315 123
1694723226869 2.0015166176141634 124
1694723227112 1.5823224726163219 125
1694723227417 1.3982918851823516 126
1694723227680 0.895091918830983 127
1694723227893 1.0480927121137105 128
1694723228124 1.7561307140105118 129
1694723228355 1.5064649760515643 130
1694723228575 1.3505692796640727 131
1694723228829 1.5601842386022684 132
1694723229034 1.0489561814099082 133
1694723229316 1.2943884034441167 134
1694723229728 1.2281737538816675 135
1694723230001 1.1063724281502487 136
1694723230208 0.9809868060226234 137
1694723230472 1.1363255743776801 138
1694723230706 0.7486823187839189 139
1694723230925 2.1483037176070745 140
1694723231119 1.6102419393948209 141
1694723231348 1.4500467988692023 142
1694723231600 1.0652964487974073 143
1694723231889 0.7870584022246477 144
1694723232104 1.4004983212431188 145
1694723232338 1.0373260600229457 146
1694723232581 1.0363423201027988 147
1694723232827 1.3104536607927668 148
1694723233081 1.4571205633471986 149
1694723233370 1.3838961223382766 150
1694723233620 1.1358160134236295 151
1694723233839 1.3355760405002524 152
1694723234076 0.9399242520790475 153
1694723234323 0.7393275529503391 154
1694723234555 1.0750164364610049 155
1694723234778 1.6284916976418369 156
1694723234974 1.3408978944700003 157
1694723235218 0.9303843834286069 158
1694723235485 1.1574688776851672 159
1694723235742 1.359522137471041 160
1694723235946 1.3110783055640998 161
1694723236237 1.0415286829308579 162
1694723236490 0.9827628296259266 163
1694723236843 1.7232715555902403 164
1694723237027 0.7183629668119981 165
1694723237262 1.0002325844059996 166
1694723237532 1.6728095910614762 167
1694723237782 0.9456859866009566 168
1694723237970 1.030783743855806 169
1694723238122 1.6910906887612283 170
1694723238288 1.1187564373763597 171
1694723238572 1.1224638005001226 172
1694723238806 1.6013059290892693 173
1694723238985 1.5429698099554434 174
1694723239194 1.2156828429611584 175
1694723239450 0.846897990556311 176
1694723239677 0.9005272450297278 177
1694723239911 1.0019577498223424 178
1694723240102 1.1272949636470047 179
1694723240262 0.8876836931071678 180
1694723240431 1.3080289938313818 181
1694723240671 1.2186897630129732 182
1694723240920 1.2498641656710305 183
1694723241131 1.029995384183352 184
1694723241373 1.4472213541471775 185
1694723241635 1.2535991293641546 186
1694723241913 0.9029040866992674 187
1694723242140 1.0500810130571552 188
1694723242368 1.5145878627058587 189
1694723242529 1.2964688959442026 190
1694723242781 1.0405891432008834 191
1694723243038 1.3226539572924902 192
1694723243276 0.885956818841818 193
1694723243506 1.1376273669492154 194
1694723243769 1.3648574960374074 195
1694723243993 0.9731382112750468 196
1694723244237 0.9260004966750738 197
1694723244473 1.4045828097358184 198
1694723244726 0.7681856949189235 199
1694723245000 0.9841033079477319 200
1694723245228 1.0357520828142055 201
1694723245468 1.0389083876759606 202
1694723245716 1.1264945967500883 203
1694723245958 0.8116132558418697 204
1694723246139 0.7792997879438083 205
1694723246360 0.8759811047830753 206
1694723246581 1.0063301814136032 207
1694723246828 0.9239045773705206 208
1694723247044 1.7497259352136203 209
1694723247260 0.7871374806145304 210
1694723247566 0.8744560803728839 211
1694723247801 1.0410428474588416 212
1694723248049 1.9300319035785802 213
1694723248262 0.8883001188470342 214
1694723248465 1.170456525700804 215
1694723248682 0.9742583700773565 216
1694723248921 0.7171881569321087 217
1694723249174 1.5113459036413843 218
1694723249426 1.1983996052772934 219
1694723249712 0.736034212473383 220
1694723249946 1.2971799144453784 221
1694723250142 1.3575054626281948 222
1694723250362 1.3692935084076414 223
1694723250565 0.6715392622916544 224
1694723250788 0.8012998169452459 225
1694723251016 1.0582036240984591 226
1694723251244 1.0049925948635916 227
1694723251470 0.9756010614615507 228
1694723251684 1.0340288693133208 229
1694723251964 1.573551243661962 230
1694723252197 1.1035141805754434 231
1694723252448 1.2050984194348455 232
1694723252688 1.211338073720125 233
1694723252934 0.8216045567963021 234
1694723253189 1.0188824484373886 235
1694723253448 0.777771760710707 236
1694723253690 1.402597084503164 237
1694723253937 1.0840578756998547 238
1694723254168 1.2705103889056337 239
1694723254407 0.7105071653621349 240
1694723254648 1.1235753640848898 241
1694723254942 0.48296929615499823 242
1694723255134 1.0616409904462492 243
1694723255316 1.2517418104346751 244
1694723255521 0.772933366799469 245
1694723255802 0.6040838370314797 246
1694723256034 1.9950071212113798 247
1694723256221 0.7459167197828124 248
1694723256487 1.0419878921601147 249
1694723256727 1.0077489782665652 250
1694723256964 1.1069639961461657 251
1694723257165 0.7876723226609025 252
1694723257430 1.4616281086645264 253
1694723257691 1.009655494189136 254
1694723257926 1.2510504633638229 255
1694723258133 1.218693257443588 256
1694723258312 0.6231423106750227 257
1694723258608 1.37692355866643 258
1694723258931 0.9337225555112116 259
1694723259140 1.524551121614544 260
1694723259358 1.3890409887518917 261
1694723259603 0.9820015302801656 262
1694723259860 1.3401172763467033 263
1694723260110 1.2374249282890517 264
1694723260267 1.0972342250409137 265
1694723260435 0.6077022708847054 266
1694723260695 1.1216367499527675 267
1694723260970 1.4127156733045731 268
1694723261157 0.9459839111627679 269
1694723261313 1.1786022702922512 270
1694723261514 1.2087364332132207 271
1694723261764 0.983896854116979 272
1694723262028 1.120682735291771 273
1694723262216 1.6058966697723738 274
1694723262433 1.194945543395909 275
1694723262681 0.9419188027685447 276
1694723262965 0.7531329994716418 277
1694723263262 1.0226461474732444 278
1694723263499 0.7482432935986406 279
1694723263755 0.5877517987219353 280
1694723264002 0.977926292242372 281
1694723264253 0.821930884834038 282
1694723264529 0.9716376856742195 283
1694723264921 1.1386862503085633 284
1694723265218 0.5838477636935969 285
1694723265378 0.646101660080535 286
1694723265590 0.923865118298925 287
1694723265834 0.92284564576545 288
1694723266072 1.1195785276667014 289
1694723266296 1.5772820001206005 290
1694723266532 1.1440248210251938 291
1694723266718 0.9048918733226646 292
1694723266933 1.0467854344614596 293
1694723267178 1.3511277826613635 294
1694723267417 1.3187426397088962 295
1694723267670 1.4434117217387155 296
1694723267926 1.2875323549052238 297
1694723268171 0.8073652064714834 298
1694723268361 1.1565873862227438 299
1694723268611 1.4367916446727715 300
1694723268832 1.522875186725636 301
1694723269001 0.8111079455778784 302
1694723269234 0.7543573958352797 303
1694723269391 0.6564459268110504 304
1694723269679 0.6322538810233166 305
1694723269947 1.0826330707111536 306
1694723270160 0.9223012288800022 307
1694723270322 0.8761397534011598 308
1694723270483 1.211238991801081 309
1694723270706 1.0295783257651312 310
1694723270946 0.9321666795865742 311
1694723271181 1.0018267525867743 312
1694723271358 0.8365492037550659 313
1694723271544 1.2282402721552346 314
1694723271835 1.3009573028243795 315
1694723272109 0.8092067335643476 316
1694723272327 1.3189737281596339 317
1694723272553 1.3179416656977103 318
1694723272810 0.6234363769839316 319
1694723273049 0.9567626912467331 320
1694723273321 1.4744020486451772 321
1694723273541 0.9311662811520282 322
1694723273789 0.9156863213678818 323
1694723274038 0.5969293925695875 324
1694723274304 1.097727105212461 325
1694723274530 0.7889181345990349 326
1694723274825 1.0923528273625953 327
1694723275113 0.926481081856163 328
1694723275341 0.8607249823125306 329
1694723275503 1.0227548982614783 330
1694723275711 1.0066800800073243 331
1694723275977 0.8272245937000524 332
1694723276211 1.168539526567834 333
1694723276449 1.5508105735315427 334
1694723276660 1.4606691505331086 335
1694723276883 0.9556866407626751 336
1694723277113 1.5911105368550356 337
1694723277331 0.9475232312243791 338
1694723277511 1.370927182216482 339
1694723277723 0.7149315129509386 340
1694723277926 0.8901736414880141 341
1694723278178 1.2688726214428725 342
1694723278384 1.2044392474242769 343
1694723278582 1.0353198941654556 344
1694723278837 1.4534208153024677 345
1694723279080 1.2433128738402692 346
1694723279315 0.7630840574649055 347
1694723279469 1.3736278254666792 348
1694723279701 1.3682815404770647 349
1694723279941 0.6532636687897707 350
1694723280195 0.9403972118638709 351
1694723280422 1.4403163658330165 352
1694723280634 1.0592666859799575 353
1694723280903 0.8591006897333981 354
1694723281148 1.3888697249381143 355
1694723281386 0.7571839990212084 356
1694723281569 1.0313399824049923 357
1694723281792 0.8365372011936828 358
1694723282018 1.1214247691261618 359
1694723282248 0.8615065771280518 360
1694723282452 0.49570032039502365 361
1694723282645 0.8890605429586204 362
1694723282891 0.8664570239472621 363
1694723283216 0.8571251621435447 364
1694723283459 1.166611808774017 365
1694723283674 0.801866282830941 366
1694723283906 1.0628275770464908 367
1694723284135 1.0255658818928879 368
1694723284377 0.8915324352128152 369
1694723284574 0.8755526855442334 370
1694723284768 0.9530356766486268 371
1694723285053 0.7472365056412076 372
1694723285412 0.5108535025687767 373
1694723285640 0.947702573610707 374
1694723285917 1.1635719332014725 375
1694723286151 0.9877875860486656 376
1694723286395 0.9112268988907352 377
1694723286642 1.1549319604868147 378
1694723286853 1.6492869054567365 379
1694723287065 0.7431970138039405 380
1694723287308 1.1378704794533574 381
1694723287525 1.3313480491347565 382
1694723287827 0.7264685076155674 383
1694723288059 1.0602293139618328 384
1694723288294 1.8044334006484801 385
1694723288520 0.6987509535037031 386
1694723288766 0.973538802041908 387
1694723289015 0.7502064207976952 388
1694723289260 1.1268512748628847 389
1694723289492 0.8340799645124175 390
1694723289725 0.9683288268689546 391
1694723290073 1.0081355420253313 392
1694723290370 0.9391681064080153 393
1694723290570 0.9377823706721534 394
1694723290811 0.9331593463290275 395
1694723291054 0.7578436720383038 396
1694723291289 0.9859696931912912 397
1694723291502 1.2394356680884375 398
1694723291661 0.8553901812329062 399
1694723291911 1.0234442837968245 400
1694723292221 1.002302311222575 401
1694723292476 1.0429097497703792 402
1694723292699 0.6639460304533272 403
1694723292926 0.9574497370071517 404
1694723293187 1.2400923218569382 405
1694723293471 0.9682971734370233 406
1694723293658 1.371887496825219 407
1694723293921 0.8855184897111914 408
1694723294164 0.931004937801795 409
1694723294465 1.2641071161286768 410
1694723294698 1.005050398696364 411
1694723294985 0.9420846449972174 412
1694723295226 1.0177203481278683 413
1694723295447 1.250715102109183 414
1694723295659 0.8715657095335386 415
1694723295896 1.2467103589401898 416
1694723296109 1.1194026695147632 417
1694723296315 1.210281158156065 418
1694723296543 1.1826461365022214 419
1694723296904 0.8110697160993405 420
1694723297127 0.5360944681212251 421
1694723297344 0.9362702590577502 422
1694723297583 1.000881463308022 423
1694723297839 1.451300459935551 424
1694723298084 1.3021468309430533 425
1694723298331 0.8757150099145568 426
1694723298550 1.5366352697118157 427
1694723298750 0.7105912979933146 428
1694723299019 0.7603846307268111 429
1694723299253 0.9625153933201925 430
1694723299506 0.9388172488232773 431
1694723299677 0.9130508322433779 432
1694723299947 0.9326918440150719 433
1694723300159 0.821101557623371 434
1694723300416 1.0347624766948396 435
1694723300612 0.9625521594927434 436
1694723300815 1.0739707869215451 437
1694723301085 0.42604474448753055 438
1694723301355 1.0355286900511302 439
1694723301594 0.9876082933797136 440
1694723301839 0.8844613899476305 441
1694723302100 1.1138448785511292 442
1694723302361 0.7786195755077898 443
1694723302625 1.070875061793606 444
1694723302902 0.8948432672387856 445
1694723303201 0.7401198380877178 446
1694723303502 0.7910726066985424 447
1694723303690 1.1073202663061046 448
1694723303919 0.9302295829911754 449
1694723304162 0.8898524096270325 450
1694723304418 0.7404952255515506 451
1694723304624 1.2312175066280522 452
1694723304771 0.8883660046337948 453
1694723305055 1.0944662980847664 454
1694723305289 0.7861468312755573 455
1694723305583 1.0407983526365001 456
1694723305814 1.04491183009836 457
1694723306039 0.6804971145144222 458
1694723306247 0.8580224585447193 459
1694723306503 1.2010009914493154 460
1694723306693 1.0046816518506096 461
1694723306901 1.0418678361447145 462
1694723307130 0.8260890284765239 463
1694723307339 1.0377827867104947 464
1694723307601 1.1015130075728763 465
1694723307853 0.8786342074046153 466
1694723308099 0.7145100961558732 467
1694723308338 0.8433050608334094 468
1694723308596 1.5580154324699091 469
1694723308785 1.13087849156647 470
1694723309002 0.8383817535579867 471
1694723309247 1.7590063595706897 472
1694723309501 1.693344786125593 473
1694723309702 1.169778239706751 474
1694723309905 1.4136727175350046 475
1694723310192 0.6894264915539462 476
1694723310425 0.9727586668496127 477
1694723310665 0.8593687958434099 478
1694723310887 0.7941776133700885 479
1694723311120 1.0529427127386717 480
1694723311330 0.7242595907960094 481
1694723311573 1.277872359820097 482
1694723311782 0.6880175854107508 483
1694723312044 0.7383240349662054 484
1694723312348 1.0442374099680187 485
1694723312596 1.2382115957687312 486
1694723312823 1.0928629708007185 487
1694723312992 1.264882537201216 488
1694723313246 0.6872785450114259 489
1694723313497 1.1070672875219654 490
1694723313728 0.7703880099848978 491
1694723313981 0.9011894359945565 492
1694723314213 0.9835006259677416 493
1694723314504 0.9392308569288487 494
1694723314737 1.1612782669618396 495
1694723315021 0.7345683896862288 496
1694723315297 0.9192214024482454 497
1694723315541 1.0583900397006467 498
1694723315752 1.3711228535071953 499
