1694753226687 190.21934188783152 0
1694753227141 3785274.846222197 1
1694753227510 78203419847.11732 2
1694753227836 1615638035558567.0 3
1694753228193 3.337816288398119e+19 4
1694753228520 6.895738603921042e+23 5
1694753228889 1.4246203740732911e+28 6
1694753229249 2.9431846634538626e+32 7
1694753229619 6.080452112602165e+36 8
1694753229930 1.256186822143235e+41 9
1694753230319 2.595210525309117e+45 10
1694753230648 5.361557335225141e+49 11
1694753230953 1.1076672500579705e+54 12
1694753231234 2.2883775368588236e+58 13
1694753231544 4.727657833095632e+62 14
1694753231928 9.767072184037685e+66 15
1694753232258 2.017821560189737e+71 16
1694753232589 4.168704573946696e+75 17
1694753232958 8.612306542710358e+79 18
1694753233293 1.7792535467532536e+84 19
1694753233632 3.675836627428903e+88 20
1694753234051 7.594069398486751e+92 21
1694753234411 1.5688915442732996e+97 22
1694753234735 3.241240695249294e+101 23
1694753235005 6.696218921497387e+105 24
1694753235325 1.3834007425101433e+110 25
1694753235728 2.8580272491295087e+114 26
1694753236053 5.9045217381809335e+118 27
1694753236426 1.2198406074424175e+123 28
1694753236801 2.520121313032734e+127 29
1694753237182 5.206427293577071e+131 30
1694753237557 1.0756182658002128e+136 31
1694753237850 2.2221661582604623e+140 32
1694753238217 4.590868890874022e+144 33
1694753238552 9.484474009672376e+148 34
1694753238896 1.959438384724268e+153 35
1694753239242 4.048088254146075e+157 36
1694753239570 8.3631200864024e+161 37
1694753239842 1.7277730421996746e+166 38
1694753240168 3.5694808331229857e+170 39
1694753240469 7.374344376742443e+174 40
1694753240921 1.5234976045301885e+179 41
1694753241295 3.147459397650918e+183 42
1694753241605 6.502472094740196e+187 43
1694753241848 1.343373750092914e+192 44
1694753242138 2.7753337594458417e+196 45
1694753242492 5.733681691924563e+200 46
1694753242783 1.1845460255877545e+205 47
1694753243142 2.447204714401865e+209 48
1694753243546 5.055785748146979e+213 49
1694753243896 1.0444965793314766e+218 50
1694753244262 2.1578705241514896e+222 51
1694753244632 4.4580377678040124e+226 52
1694753244915 9.210052464561943e+230 53
1694753245224 1.9027444543559235e+235 54
1694753245575 3.9309618186354377e+239 55
1694753245897 8.121143532540353e+243 56
1694753246218 1.67778206248303e+248 57
1694753246530 3.4662023124091607e+252 58
1694753246897 7.160976827210615e+256 59
1694753247253 1.4794170823862237e+261 60
1694753247614 3.056391546107982e+265 61
1694753248008 6.314331093198495e+269 62
1694753248365 1.3045048892804614e+274 63
1694753248754 2.6950329037855755e+278 64
1694753249083 5.567784691472598e+282 65
1694753249413 1.1502726488812871e+287 66
1694753249758 2.3763978675231873e+291 67
1694753250088 4.909502829838716e+295 68
1694753250471 1.0142753604351646e+300 69
1694753250844 2.0954352048304607e+304 70
1694753251190 inf 71
