1694747671862 nan 0
1694747672196 nan 1
1694747672484 nan 2
1694747672801 nan 3
1694747673132 nan 4
1694747673375 nan 5
1694747673590 nan 6
1694747673876 nan 7
1694747674250 nan 8
1694747674451 nan 9
1694747674716 nan 10
1694747675009 nan 11
1694747675295 nan 12
1694747675521 nan 13
1694747675752 nan 14
1694747676020 nan 15
1694747676319 nan 16
1694747676638 nan 17
1694747676898 nan 18
1694747677167 nan 19
1694747677407 nan 20
1694747677634 nan 21
1694747677872 nan 22
1694747678117 nan 23
1694747678393 nan 24
1694747678670 nan 25
1694747678983 nan 26
1694747679226 nan 27
1694747679523 nan 28
1694747679850 nan 29
1694747680173 nan 30
1694747680502 nan 31
1694747681031 nan 32
1694747681365 nan 33
1694747681656 nan 34
1694747681958 nan 35
1694747682274 nan 36
1694747682602 nan 37
1694747682892 nan 38
1694747683154 nan 39
1694747683593 nan 40
1694747683817 nan 41
1694747684172 nan 42
1694747684485 nan 43
1694747684728 nan 44
1694747685037 nan 45
1694747685348 nan 46
1694747685705 nan 47
1694747686015 nan 48
1694747686311 nan 49
1694747686609 nan 50
1694747686878 nan 51
1694747687159 nan 52
1694747687453 nan 53
1694747687799 nan 54
1694747688104 nan 55
1694747688423 nan 56
1694747688721 nan 57
1694747688988 nan 58
1694747689288 nan 59
1694747689591 nan 60
1694747689912 nan 61
1694747690249 nan 62
1694747690557 nan 63
1694747690832 nan 64
1694747691108 nan 65
1694747691358 nan 66
1694747691659 nan 67
1694747691914 nan 68
1694747692260 nan 69
1694747692632 nan 70
1694747692908 nan 71
1694747693130 nan 72
1694747693388 nan 73
1694747693676 nan 74
1694747693934 nan 75
1694747694263 nan 76
1694747694602 nan 77
1694747694906 nan 78
1694747695189 nan 79
1694747695489 nan 80
1694747695786 nan 81
1694747696028 nan 82
1694747696240 nan 83
1694747696580 nan 84
1694747696848 nan 85
1694747697127 nan 86
1694747697399 nan 87
1694747697686 nan 88
1694747697936 nan 89
1694747698255 nan 90
1694747698555 nan 91
1694747698868 nan 92
1694747699157 nan 93
1694747699450 nan 94
1694747699738 nan 95
1694747700004 nan 96
1694747700223 nan 97
1694747700513 nan 98
1694747700806 nan 99
1694747701121 nan 100
1694747701416 nan 101
1694747701691 nan 102
1694747701973 nan 103
1694747702278 nan 104
1694747702664 nan 105
1694747702928 nan 106
1694747703244 nan 107
1694747703592 nan 108
1694747703902 nan 109
1694747704179 nan 110
1694747704425 nan 111
1694747704708 nan 112
1694747704954 nan 113
1694747705171 nan 114
1694747705462 nan 115
1694747705798 nan 116
1694747706132 nan 117
1694747706459 nan 118
1694747706787 nan 119
1694747707037 nan 120
1694747707304 nan 121
1694747707535 nan 122
1694747707849 nan 123
1694747708071 nan 124
1694747708354 nan 125
1694747708656 nan 126
1694747708952 nan 127
1694747709177 nan 128
1694747709444 nan 129
1694747709747 nan 130
1694747710107 nan 131
1694747710403 nan 132
1694747710704 nan 133
1694747710990 nan 134
1694747711235 nan 135
1694747711504 nan 136
1694747711782 nan 137
1694747712083 nan 138
1694747712500 nan 139
1694747712821 nan 140
1694747713067 nan 141
1694747713340 nan 142
1694747713635 nan 143
1694747713930 nan 144
1694747714224 nan 145
1694747714577 nan 146
1694747714847 nan 147
1694747715073 nan 148
1694747715328 nan 149
1694747715584 nan 150
1694747715881 nan 151
1694747716153 nan 152
1694747716475 nan 153
1694747716828 nan 154
1694747717099 nan 155
1694747717408 nan 156
1694747717808 nan 157
1694747718088 nan 158
1694747718328 nan 159
1694747718593 nan 160
1694747718965 nan 161
1694747719200 nan 162
1694747719471 nan 163
1694747719766 nan 164
1694747720209 nan 165
1694747720416 nan 166
1694747720659 nan 167
1694747720969 nan 168
1694747721245 nan 169
1694747721470 nan 170
1694747721682 nan 171
1694747721975 nan 172
1694747722266 nan 173
1694747722638 nan 174
1694747722943 nan 175
1694747723219 nan 176
1694747723488 nan 177
1694747723789 nan 178
1694747724115 nan 179
1694747724412 nan 180
1694747724715 nan 181
1694747725024 nan 182
1694747725304 nan 183
1694747725626 nan 184
1694747725945 nan 185
1694747726227 nan 186
1694747726485 nan 187
1694747726784 nan 188
1694747727088 nan 189
1694747727383 nan 190
1694747727701 nan 191
1694747727966 nan 192
1694747728258 nan 193
1694747728574 nan 194
1694747728878 nan 195
1694747729196 nan 196
1694747729416 nan 197
1694747729678 nan 198
1694747730027 nan 199
1694747730301 nan 200
1694747730608 nan 201
1694747730908 nan 202
1694747731202 nan 203
1694747731478 nan 204
1694747731794 nan 205
1694747732137 nan 206
1694747732507 nan 207
1694747732852 nan 208
1694747733148 nan 209
1694747733404 nan 210
1694747733668 nan 211
1694747733973 nan 212
1694747734361 nan 213
1694747734708 nan 214
1694747735006 nan 215
1694747735276 nan 216
1694747735548 nan 217
1694747735806 nan 218
1694747736057 nan 219
1694747736319 nan 220
1694747736620 nan 221
1694747736924 nan 222
1694747737299 nan 223
1694747737561 nan 224
1694747737861 nan 225
1694747738167 nan 226
1694747738461 nan 227
1694747738732 nan 228
1694747739118 nan 229
1694747739420 nan 230
1694747739693 nan 231
1694747739918 nan 232
1694747740246 nan 233
1694747740548 nan 234
1694747740854 nan 235
1694747741192 nan 236
1694747741489 nan 237
1694747741727 nan 238
1694747742026 nan 239
1694747742381 nan 240
1694747742723 nan 241
1694747743045 nan 242
1694747743424 nan 243
1694747743692 nan 244
1694747743995 nan 245
1694747744360 nan 246
1694747744636 nan 247
1694747744908 nan 248
1694747745312 nan 249
1694747745662 nan 250
1694747745976 nan 251
1694747746332 nan 252
1694747746654 nan 253
1694747746957 nan 254
1694747747256 nan 255
1694747747575 nan 256
1694747747866 nan 257
1694747748148 nan 258
1694747748451 nan 259
1694747748737 nan 260
1694747749008 nan 261
1694747749289 nan 262
1694747749589 nan 263
1694747749855 nan 264
1694747750192 nan 265
1694747750499 nan 266
1694747750754 nan 267
1694747751062 nan 268
1694747751373 nan 269
1694747751693 nan 270
1694747751987 nan 271
1694747752318 nan 272
1694747752678 nan 273
1694747752894 nan 274
1694747753188 nan 275
1694747753496 nan 276
1694747753795 nan 277
1694747754188 nan 278
1694747754548 nan 279
1694747754844 nan 280
1694747755082 nan 281
1694747755432 nan 282
1694747755744 nan 283
1694747756107 nan 284
1694747756436 nan 285
1694747756784 nan 286
1694747757051 nan 287
1694747757368 nan 288
1694747757676 nan 289
1694747757939 nan 290
1694747758259 nan 291
1694747758560 nan 292
1694747758881 nan 293
1694747759155 nan 294
1694747759468 nan 295
1694747759740 nan 296
1694747760039 nan 297
1694747760336 nan 298
1694747760665 nan 299
1694747760971 nan 300
1694747761228 nan 301
1694747761554 nan 302
1694747761856 nan 303
1694747762155 nan 304
1694747762542 nan 305
1694747762871 nan 306
1694747763110 nan 307
1694747763401 nan 308
1694747763611 nan 309
1694747763918 nan 310
1694747764191 nan 311
1694747764409 nan 312
1694747764693 nan 313
1694747764998 nan 314
1694747765222 nan 315
1694747765555 nan 316
1694747765813 nan 317
1694747766064 nan 318
1694747766360 nan 319
1694747766665 nan 320
1694747766985 nan 321
1694747767312 nan 322
1694747767674 nan 323
1694747768022 nan 324
1694747768259 nan 325
1694747768545 nan 326
1694747768829 nan 327
1694747769140 nan 328
1694747769479 nan 329
1694747769801 nan 330
1694747770133 nan 331
1694747770329 nan 332
1694747770571 nan 333
1694747770843 nan 334
1694747771168 nan 335
1694747771382 nan 336
1694747771665 nan 337
1694747771925 nan 338
1694747772260 nan 339
1694747772605 nan 340
1694747772883 nan 341
1694747773131 nan 342
1694747773385 nan 343
1694747773638 nan 344
1694747773905 nan 345
1694747774264 nan 346
1694747774562 nan 347
1694747774811 nan 348
1694747775120 nan 349
1694747775426 nan 350
1694747775729 nan 351
1694747776030 nan 352
1694747776297 nan 353
1694747776613 nan 354
1694747776912 nan 355
1694747777194 nan 356
1694747777419 nan 357
1694747777722 nan 358
1694747778006 nan 359
1694747778290 nan 360
1694747778496 nan 361
1694747778843 nan 362
1694747779122 nan 363
1694747779362 nan 364
1694747779677 nan 365
1694747780093 nan 366
1694747780367 nan 367
1694747780718 nan 368
1694747781080 nan 369
1694747781357 nan 370
1694747781587 nan 371
1694747781949 nan 372
1694747782282 nan 373
1694747782578 nan 374
1694747782830 nan 375
1694747783141 nan 376
1694747783480 nan 377
1694747783764 nan 378
1694747784121 nan 379
1694747784458 nan 380
1694747784752 nan 381
1694747785036 nan 382
1694747785345 nan 383
1694747785661 nan 384
1694747785963 nan 385
1694747786321 nan 386
1694747786618 nan 387
1694747786919 nan 388
1694747787246 nan 389
1694747787560 nan 390
1694747787900 nan 391
1694747788190 nan 392
1694747788476 nan 393
1694747788774 nan 394
1694747789087 nan 395
1694747789401 nan 396
1694747789621 nan 397
1694747789986 nan 398
1694747790294 nan 399
1694747790578 nan 400
1694747790903 nan 401
1694747791166 nan 402
1694747791437 nan 403
1694747791667 nan 404
1694747791993 nan 405
1694747792343 nan 406
1694747792706 nan 407
1694747793037 nan 408
1694747793331 nan 409
1694747793617 nan 410
1694747793892 nan 411
1694747794333 nan 412
1694747794614 nan 413
1694747794833 nan 414
1694747795128 nan 415
1694747795424 nan 416
1694747795665 nan 417
1694747795890 nan 418
1694747796198 nan 419
1694747796538 nan 420
1694747796777 nan 421
1694747797041 nan 422
1694747797311 nan 423
1694747797665 nan 424
1694747797952 nan 425
1694747798268 nan 426
1694747798575 nan 427
1694747798901 nan 428
1694747799209 nan 429
1694747799512 nan 430
1694747799753 nan 431
1694747800032 nan 432
1694747800342 nan 433
1694747800656 nan 434
1694747800959 nan 435
1694747801235 nan 436
1694747801529 nan 437
1694747801750 nan 438
1694747801988 nan 439
1694747802239 nan 440
1694747802619 nan 441
1694747802866 nan 442
1694747803168 nan 443
1694747803510 nan 444
1694747803802 nan 445
1694747804054 nan 446
1694747804405 nan 447
1694747804729 nan 448
1694747804949 nan 449
1694747805222 nan 450
1694747805585 nan 451
1694747805878 nan 452
1694747806189 nan 453
1694747806499 nan 454
1694747806811 nan 455
1694747807096 nan 456
1694747807359 nan 457
1694747807714 nan 458
1694747807981 nan 459
1694747808233 nan 460
1694747808537 nan 461
1694747808817 nan 462
1694747809074 nan 463
1694747809368 nan 464
1694747809672 nan 465
1694747810042 nan 466
1694747810341 nan 467
1694747810651 nan 468
1694747810925 nan 469
1694747811241 nan 470
1694747811516 nan 471
1694747811819 nan 472
1694747812170 nan 473
1694747812503 nan 474
1694747812803 nan 475
1694747813062 nan 476
1694747813354 nan 477
1694747813671 nan 478
1694747813961 nan 479
1694747814437 nan 480
1694747814732 nan 481
1694747815020 nan 482
1694747815311 nan 483
1694747815651 nan 484
1694747815947 nan 485
1694747816195 nan 486
1694747816553 nan 487
1694747816870 nan 488
1694747817114 nan 489
1694747817344 nan 490
1694747817602 nan 491
1694747817832 nan 492
1694747818100 nan 493
1694747818328 nan 494
1694747818597 nan 495
1694747818943 nan 496
1694747819197 nan 497
1694747819520 nan 498
1694747819817 nan 499
