1694741891483 15.529800790981223 0
1694741891751 35.473268946855804 1
1694741891978 4.46588754319486 2
1694741892232 0.13555870709520687 3
1694741892506 4.146056542434746 4
1694741892738 4.603223848648626 5
1694741893053 0.5558279979386818 6
1694741893345 20.532233231836283 7
1694741893624 33.374122736111026 8
1694741893909 2.142208943974583 9
1694741894195 60.05953809040648 10
1694741894491 2.8816669841536884 11
1694741894770 2.528187978484592 12
1694741895060 0.3232856313253303 13
1694741895401 0.7603769806271695 14
1694741895640 1.4739316411854895 15
1694741895949 7.92406081986078 16
1694741896260 6.152476330428764 17
1694741896550 5.253820767159161 18
1694741896782 13.08245857542394 19
1694741897089 1.3739774454752096 20
1694741897425 34.58071145104686 21
1694741897734 16.14173259391797 22
1694741898103 1.8696607788748674 23
1694741898402 23.216124866686226 24
1694741898640 14.897300336703383 25
1694741898876 5.076466853300665 26
1694741899248 11.940334440056796 27
1694741899566 24.671573970556057 28
1694741899863 6.9763105501100355 29
1694741900163 5.040456504171602 30
1694741900629 23.332037034111206 31
1694741900967 29.792784119487294 32
1694741901312 1.8934763333836342 33
1694741901660 4.758831381793648 34
1694741902001 20.702410604401496 35
1694741902298 1.5005576875435156 36
1694741902657 39.61578780535764 37
1694741902935 0.010679336179538574 38
1694741903315 3.185492781401364 39
1694741903651 61.86427422347281 40
1694741903909 47.462979590249084 41
1694741904273 1.9919275378207513 42
1694741904571 2.039009520052405 43
1694741904841 0.34780999892458503 44
1694741905082 10.114008951786023 45
1694741905359 17.607101559411028 46
1694741905621 1.1137539015845253 47
1694741905879 0.00010068919136695781 48
1694741906168 0.120836370298109 49
1694741906491 23.307600436513912 50
1694741906766 0.8432801911791536 51
1694741906995 2.8279438850275613 52
1694741907291 6.0013270950449975 53
1694741907626 1.3432508323501329 54
1694741907974 1.1231950886059099 55
1694741908212 0.06413203956488345 56
1694741908503 0.33363769897433165 57
1694741908855 31.90839518148994 58
1694741909108 5.824466375531129 59
1694741909418 0.2977149486790427 60
1694741909792 29.899354465275156 61
1694741910117 3.5386579466858348 62
1694741910425 12.831455028685525 63
1694741910806 0.038816853438099534 64
1694741911070 7.2969363267075 65
1694741911353 3.084426406554278 66
1694741911674 27.941265739495975 67
1694741911945 0.8618606799096186 68
1694741912232 3.232651097452977 69
1694741912551 0.5780187785185746 70
1694741912854 18.26461261681552 71
1694741913193 1.0737567340294967 72
1694741913542 27.535066098963394 73
1694741913819 7.281864660506288 74
1694741914050 1.0044417046642191 75
1694741914318 23.597753691692116 76
1694741914631 26.66838939662533 77
1694741914873 3.2358324661965816 78
1694741915104 17.286869772090984 79
1694741915408 2.17957528930027 80
1694741915713 2.0124318493120383 81
1694741915987 15.819160420343882 82
1694741916316 16.320618200240915 83
1694741916635 0.9404977636264709 84
1694741916957 1.5854812361981014 85
1694741917184 0.18321759919345748 86
1694741917528 8.430202452460161 87
1694741917847 73.32502844707761 88
1694741918096 1.249207587178803 89
1694741918329 0.021590514988400797 90
1694741918646 9.38930278609928 91
1694741918937 12.811697269840952 92
1694741919178 0.2438017155203131 93
1694741919552 5.541207285324453 94
1694741919926 0.006993434738836734 95
1694741920205 0.5296929377004693 96
1694741920444 18.092826464730216 97
1694741920769 11.391155773043835 98
1694741921009 1.284990583257601 99
1694741921304 0.17906444944173378 100
1694741921617 2.7761325652545334 101
1694741921987 2.0609489485091173 102
1694741922264 29.399198511716538 103
1694741922579 4.433708238023582 104
1694741922902 21.300752125858445 105
1694741923173 1.7688346189630832 106
1694741923442 17.586463306069064 107
1694741923762 0.032187258003649744 108
1694741924155 48.30786442150038 109
1694741924393 0.8382566176828323 110
1694741924644 9.30874055000247 111
1694741924953 18.255475103666196 112
1694741925198 13.390866432085884 113
1694741925524 1.420522035347646 114
1694741925857 44.950398332637846 115
1694741926157 1.6453631915558569 116
1694741926446 3.5439251389188957 117
1694741926738 14.407233615868835 118
1694741927081 32.9306498446784 119
1694741927359 1.929900320922001e-06 120
1694741927681 0.024844871170681626 121
1694741928088 2.8153273834649064 122
1694741928367 2.236037722242989 123
1694741928692 18.14706056738007 124
1694741928980 0.34768550632876033 125
1694741929315 0.003445953704619563 126
1694741929677 26.47255157897593 127
1694741930000 0.31307100947309907 128
1694741930363 10.273427451673918 129
1694741930733 48.13802440431883 130
1694741931064 38.657578169273926 131
1694741931313 8.144736542220173 132
1694741931573 3.3502109383038854 133
1694741931842 11.329737813742993 134
1694741932160 14.656025802770078 135
1694741932389 12.266004325126255 136
1694741932705 8.469051562315176 137
1694741933060 0.932725880807794 138
1694741933333 7.09345084678038 139
1694741933621 3.5811830487966283 140
1694741933936 2.153505484243184 141
1694741934245 7.033045101558942 142
1694741934480 4.497749164150107 143
1694741934784 2.1046843205314403 144
1694741935112 3.2354469305473748 145
1694741935415 0.0028897641414560625 146
1694741935657 6.220815700714783 147
1694741935899 0.19546718406048905 148
1694741936181 0.0487173157070935 149
1694741936437 2.6788381744400303 150
1694741936675 0.6256212464848084 151
1694741936901 4.695508021412802 152
1694741937197 11.19542584052592 153
1694741937496 1.3090700057250968 154
1694741937859 0.19968709761515638 155
1694741938181 0.22181052931750278 156
1694741938440 0.813277366879085 157
1694741938729 10.471375243043026 158
1694741939045 6.140053813167905 159
1694741939370 12.064981834618077 160
1694741939708 9.472811275816742 161
1694741939952 0.34951442848366665 162
1694741940297 15.46980264091152 163
1694741940529 5.541893509196341 164
1694741940756 7.977824945636741 165
1694741941007 0.5553190039259353 166
1694741941304 0.9014324981595901 167
1694741941529 17.478644957274394 168
1694741941774 8.913051670753388 169
1694741942144 1.6118281249714226 170
1694741942470 1.5285192883957037 171
1694741942765 18.16768690971916 172
1694741943083 22.18562801022953 173
1694741943418 38.15900888801606 174
1694741943672 0.22444334347716507 175
1694741943974 1.2450288785046482 176
1694741944295 0.54543978973186 177
1694741944554 1.7924040969006134 178
1694741944813 0.08537152686739566 179
1694741945104 0.19765190504661914 180
1694741945379 33.8700070060531 181
1694741945629 16.447387441772953 182
1694741945885 7.101794431615777 183
1694741946225 2.9826222796305952 184
1694741946567 48.99164153254894 185
1694741946844 38.87169664889178 186
1694741947058 0.1276542735884369 187
1694741947314 1.2689584463629243e-06 188
1694741947552 0.19147580664736505 189
1694741947854 12.50784132124119 190
1694741948145 4.718117541772684 191
1694741948428 24.363989728332484 192
1694741948712 2.829455787764249 193
1694741948997 15.202223953956667 194
1694741949311 13.28530391304872 195
1694741949648 3.3947830625402826 196
1694741949930 8.070006152370942 197
1694741950238 29.057445219854795 198
1694741950544 0.01003039040106209 199
1694741950843 0.09688232244128515 200
1694741951078 0.4431167639039576 201
1694741951400 2.690294131363985 202
1694741951714 0.8636310049075195 203
1694741952001 0.07143046721937536 204
1694741952298 12.152767107044061 205
1694741952633 33.12267781061663 206
1694741952886 24.52786983152977 207
1694741953223 30.82565413170777 208
1694741953529 0.034279897435818836 209
1694741953817 0.05265948460284285 210
1694741954073 0.8565614574914939 211
1694741954328 0.3620618753836293 212
1694741954613 0.11119470973722004 213
1694741954862 3.183611024694025 214
1694741955222 25.56493202040768 215
1694741955528 8.722057010711067 216
1694741955787 1.9881555235532007 217
1694741956026 3.7416445038459627 218
1694741956359 0.2722919096280148 219
1694741956697 4.468712771322912 220
1694741956972 7.6034912413299365 221
1694741957262 1.7883210298032135 222
1694741957628 0.6992001856619897 223
1694741957945 10.22329119468424 224
1694741958188 0.0030125510606813085 225
1694741958511 15.133202749642889 226
1694741958816 6.629765136610574 227
1694741959051 32.53156797029897 228
1694741959470 1.6307878512126575 229
1694741959836 3.876102399888953 230
1694741960057 3.5867924997371228 231
1694741960337 22.20487027829691 232
1694741960667 78.05659778515954 233
1694741960923 28.33560041971804 234
1694741961247 12.702442446271416 235
1694741961617 0.6263989594704622 236
1694741961972 0.48734621832447933 237
1694741962267 0.6787485612039558 238
1694741962575 1.4726082118479809 239
1694741962889 13.937599365392794 240
1694741963150 10.333758571281987 241
1694741963447 3.61478250427396 242
1694741963782 4.940975348307889 243
1694741964139 1.6079883797722614 244
1694741964459 2.291043849220621 245
1694741964775 15.963299037133408 246
1694741964990 0.1390357968263899 247
1694741965263 13.834099884290993 248
1694741965581 13.008855581037995 249
1694741965904 19.732742161638335 250
1694741966189 2.7131076300524635 251
1694741966537 0.005981570826369187 252
1694741966777 16.320602543056847 253
1694741967054 9.033310204656594 254
1694741967318 2.9011457033899286 255
1694741967636 0.0639170953070187 256
1694741967982 1.7840767594202918 257
1694741968275 62.69412147696547 258
1694741968635 29.306928645264986 259
1694741968907 2.93487937964367 260
1694741969194 0.0600155890947191 261
1694741969519 0.2697856714955472 262
1694741969833 9.878658881381646 263
1694741970113 25.25237303017063 264
1694741970377 1.049849248699833 265
1694741970723 2.3229080152132218 266
1694741971031 0.02644638202711732 267
1694741971335 2.299929567596109 268
1694741971638 21.2527577909943 269
1694741971940 1.0489430226422778 270
1694741972199 0.09888816733324315 271
1694741972476 27.36921885876914 272
1694741972776 11.055270513502274 273
1694741973103 1.1741784720304322 274
1694741973371 0.7483746748328944 275
1694741973683 4.233478457103115 276
1694741973964 0.5760483331799772 277
1694741974175 12.874847594862924 278
1694741974427 0.029396343533469007 279
1694741974709 22.162048060364963 280
1694741975011 1.0811068916325646 281
1694741975306 14.06410081706793 282
1694741975599 1.3320415569642539 283
1694741975984 0.6838979142950603 284
1694741976238 7.100969264584741 285
1694741976532 9.335483627261066 286
1694741976814 3.574618350732575 287
1694741977027 5.208227941902653 288
1694741977262 35.077425931275776 289
1694741977620 1.5375871302308952 290
1694741978000 9.181137015797514 291
1694741978267 11.969674306838801 292
1694741978628 14.127492246268092 293
1694741978940 0.1233209624495959 294
1694741979222 45.573162706488425 295
1694741979631 1.4040617010811622 296
1694741979925 6.115546512078942 297
1694741980171 29.11498408874986 298
1694741980465 4.345242521453174 299
1694741980789 2.392989670622912 300
1694741981104 11.705883979768991 301
1694741981339 44.69743117630584 302
1694741981641 0.4760675153392627 303
1694741982029 0.25308380082394033 304
1694741982278 0.15495784781404073 305
1694741982529 3.826806696538853 306
1694741982863 12.36277846348733 307
1694741983182 1.6328656325160047 308
1694741983409 0.10874573809061647 309
1694741983661 15.020366833729199 310
1694741983982 3.3141489038684497 311
1694741984294 10.300730775931672 312
1694741984556 18.69129401474968 313
1694741984866 14.458534200249332 314
1694741985181 1.5536881985838529 315
1694741985434 4.093143052318495 316
1694741985692 0.1237322163761574 317
1694741985965 5.540943494984799 318
1694741986292 10.710945434149643 319
1694741986594 1.183724323133566 320
1694741986895 0.012527271854286735 321
1694741987244 2.625379080714533 322
1694741987488 0.25311315216144187 323
1694741987863 0.9475838795138322 324
1694741988209 6.953994631861888 325
1694741988455 3.048439448760386 326
1694741988731 5.335298628084377 327
1694741989040 42.58637689591943 328
1694741989314 0.0009227957292249531 329
1694741989604 21.269447793589762 330
1694741989830 0.06830186084856325 331
1694741990057 30.412382601708966 332
1694741990331 0.0011825343855192854 333
1694741990554 3.5606326296692643 334
1694741990852 5.038094562607995 335
1694741991155 20.62568750939434 336
1694741991417 10.166923600886888 337
1694741991707 1.6960787064840133 338
1694741991995 9.558805425184717 339
1694741992296 0.5493310040145134 340
1694741992615 1.5969712600065604 341
1694741992931 2.427173874437648 342
1694741993254 36.51503213164102 343
1694741993509 14.500923083826015 344
1694741993807 60.81600383304635 345
1694741994116 11.610353696641715 346
1694741994386 15.275002115935518 347
1694741994746 14.86871676579758 348
1694741995120 23.325940304376005 349
1694741995418 33.604685773954174 350
1694741995652 16.06216701288794 351
1694741995911 72.95659340195947 352
1694741996235 3.8273400019412414 353
1694741996486 0.19370888549813842 354
1694741996777 0.41421707127274643 355
1694741997095 22.613860330271738 356
1694741997438 5.11083857669657 357
1694741997677 25.386480814147664 358
1694741997979 1.280499017584762 359
1694741998242 15.72732694534388 360
1694741998459 5.491726615770183 361
1694741998665 8.448696395858956 362
1694741998937 18.357804279957485 363
1694741999194 5.003610254598399 364
1694741999416 1.1693380280576857 365
1694741999772 0.11574576258864093 366
1694742000085 5.861746521251128 367
1694742000445 0.9020613489462422 368
1694742000769 43.77849957129014 369
1694742001103 2.2384500233229145 370
1694742001430 0.7120251458331649 371
1694742001676 1.2879807027768904 372
1694742002087 4.499156830523559 373
1694742002427 0.31094179421274953 374
1694742002668 42.97062634944715 375
1694742002904 43.03386009494636 376
1694742003201 3.0826336915831325 377
1694742003491 30.858722135729124 378
1694742003719 14.639762471131089 379
1694742004008 0.07413929730732034 380
1694742004297 1.0682108136277293 381
1694742004632 4.84832187520414 382
1694742004948 1.97001149319329 383
1694742005272 1.5190922249109846 384
1694742005565 10.810572053674335 385
1694742005811 1.733185214764837 386
1694742006128 0.05800432660011813 387
1694742006487 1.9296240132213918 388
1694742006744 1.612192906629504 389
1694742007052 4.8300605676210715 390
1694742007342 28.356979150570307 391
1694742007591 6.814947116185377 392
1694742007928 5.705708955886106 393
1694742008251 27.78936856838398 394
1694742008588 21.526104802893222 395
1694742008843 30.39190825836334 396
1694742009131 0.6307941989305175 397
1694742009452 11.021472439470893 398
1694742009716 4.095907196810003 399
1694742010038 4.815762132123477 400
1694742010337 0.35324033124900756 401
1694742010647 11.371725533161909 402
1694742010970 3.9122738571886 403
1694742011285 8.71842438960763 404
1694742011590 0.007945412454786369 405
1694742011829 7.80230061270042 406
1694742012085 13.282877038269852 407
1694742012393 0.41136413897532403 408
1694742012656 26.4695476678209 409
1694742012976 14.180779828842509 410
1694742013289 34.291496744098374 411
1694742013608 4.909200030304653 412
1694742013913 5.572389270075815 413
1694742014232 68.29940132875639 414
1694742014536 9.794716822529898 415
1694742014762 21.84136363050522 416
1694742015051 0.00034250499814568415 417
1694742015425 5.81411281097899 418
1694742015702 16.831367002109506 419
1694742015970 3.0794100823505675 420
1694742016296 3.363212809630122 421
1694742016614 32.12216856544941 422
1694742016843 1.879865362518108 423
1694742017061 12.401758438373292 424
1694742017379 3.5465910425641725 425
1694742017743 0.019398036414494193 426
1694742018097 0.8164976617326585 427
1694742018386 0.14825449296529675 428
1694742018675 21.73674981672845 429
1694742018960 11.1832045342517 430
1694742019309 15.179488067443614 431
1694742019709 7.223207810653764 432
1694742019926 25.76500628533874 433
1694742020220 0.03635447193152555 434
1694742020566 3.641472583738659 435
1694742020882 22.475294750635754 436
1694742021141 1.1088282871946378 437
1694742021405 0.08651604394228245 438
1694742021746 44.47869636214111 439
1694742022120 46.02083555850719 440
1694742022380 0.002939963197035197 441
1694742022682 0.0439569530637781 442
1694742022932 3.8221358424677145 443
1694742023186 2.838622944450417 444
1694742023478 1.0715984354571404 445
1694742023773 6.813990550995659 446
1694742024002 1.807543912382 447
1694742024350 6.730845915086729 448
1694742024657 24.368587034239038 449
1694742025010 4.595927691600552 450
1694742025251 37.66323747047809 451
1694742025543 0.5086969387993574 452
1694742025869 2.1772956903911096 453
1694742026103 3.325116226455484 454
1694742026415 2.591978438536978 455
1694742026695 7.64380110427397 456
1694742026980 4.764469623682302 457
1694742027235 0.7485627528157847 458
1694742027506 5.3729808805412755 459
1694742027839 0.9855840920346791 460
1694742028166 0.05951147651405019 461
1694742028500 0.6460533777074196 462
1694742028786 44.53097308047259 463
1694742029035 0.672187472560851 464
1694742029329 4.913953463077897 465
1694742029685 11.811878078399921 466
1694742029940 1.4928592460249854 467
1694742030192 28.295248452212274 468
1694742030528 11.127635485057013 469
1694742030910 14.950311474570873 470
1694742031181 5.363255849668026 471
1694742031457 1.5888470346222934 472
1694742031709 107.48294816416995 473
1694742031961 27.57976325971041 474
1694742032250 25.898318904752728 475
1694742032567 0.9957895122991277 476
1694742032847 1.093226685539246 477
1694742033145 60.518039285441176 478
1694742033433 0.0034975245891805578 479
1694742033741 23.07607909699308 480
1694742034045 1.3453452272568183 481
1694742034352 2.388436898109934 482
1694742034658 0.8413363604938277 483
1694742034933 17.484531766962252 484
1694742035237 11.965353937561181 485
1694742035572 10.95133446992444 486
1694742035901 0.14427262282762865 487
1694742036183 8.044920076568179 488
1694742036508 0.21315084995403555 489
1694742036825 56.520899907088676 490
1694742037135 9.311057073294325 491
1694742037415 9.011272457269737 492
1694742037734 0.30832136134992916 493
1694742038098 2.6874184280279283 494
1694742038348 13.191484236953492 495
1694742038644 37.858734237565216 496
1694742038873 0.15481482269261804 497
1694742039211 9.593645467764993 498
1694742039448 1.307273072146245 499
