1694720137557 10.92647462952322 0
1694720137858 7.949932341797344 1
1694720138109 0.28458253641420744 2
1694720138402 0.405646336217489 3
1694720138676 3.6360913175527236 4
1694720138918 4.057031714344553 5
1694720139219 0.14892044509974386 6
1694720139490 1.1859845521007075 7
1694720139766 0.025518089982603714 8
1694720140105 1.366429429399878 9
1694720140450 1.809507216217454 10
1694720140794 4.573643233612718 11
1694720141072 0.9106218340767217 12
1694720141351 5.779283379493315 13
1694720141631 3.165041407481318 14
1694720141833 15.861715791454237 15
1694720142148 4.551820409121175 16
1694720142497 0.030635554991946732 17
1694720142765 0.07606485835272436 18
1694720143058 0.00888337218022176 19
1694720143327 7.302977492762866 20
1694720143588 9.491813679786723 21
1694720143836 0.3026882288798165 22
1694720144123 1.3109762839539578 23
1694720144473 2.5001233086712658 24
1694720144730 0.06824811836690999 25
1694720144928 10.579524748666477 26
1694720145171 6.400648577995315 27
1694720145495 0.4705579755344231 28
1694720145753 11.250923945437995 29
1694720145988 2.5548626914715316 30
1694720146236 6.55680866724972 31
1694720146587 1.5971266801447672 32
1694720146827 1.2302708171753882 33
1694720147073 1.4828272934651674 34
1694720147376 7.564776965107846 35
1694720147679 8.290598068909691 36
1694720147935 2.483974639560653 37
1694720148183 27.37282170491306 38
1694720148457 4.233623571069651 39
1694720148790 11.485070921813305 40
1694720149031 3.1460644584863164 41
1694720149306 1.539111915842613 42
1694720149593 0.32596023171981164 43
1694720149888 0.9738004779640412 44
1694720150108 7.491386930816657 45
1694720150412 3.62314780767424e-06 46
1694720150759 4.504334636642621 47
1694720151097 10.132177508001014 48
1694720151412 2.9769046844842766 49
1694720151688 0.5381412395730254 50
1694720151934 2.825937783822128 51
1694720152132 6.083957609676359 52
1694720152365 5.185175206483834 53
1694720152596 3.160651672903122 54
1694720152794 2.131612165494802 55
1694720153059 0.058830709269901624 56
1694720153584 7.745360509309701 57
1694720154007 5.526723947473137 58
1694720154211 13.824656392970851 59
1694720154430 15.055480229488275 60
1694720154687 13.318569464244257 61
1694720154967 0.4415469196068195 62
1694720155305 1.833891074549333 63
1694720155628 35.50601521281357 64
1694720155876 4.507140605010592 65
1694720156134 1.3871986160600192 66
1694720156501 6.441839774741384 67
1694720156760 0.05253615770670663 68
1694720157008 2.0821821809725676 69
1694720157206 1.0553914539345643 70
1694720157430 1.0997082000897005 71
1694720157774 0.11574355071068637 72
1694720158025 1.5428751601221002 73
1694720158276 2.7089953735785173 74
1694720158570 0.5661122150759669 75
1694720158852 101.80942056513842 76
1694720159133 1.3689882604672594 77
1694720159428 3.503382859903989 78
1694720159708 2.4254045397481856 79
1694720160037 0.06407292366398536 80
1694720160329 2.1751830498235747 81
1694720160716 0.9051320205455771 82
1694720161053 8.70776589980416 83
1694720161330 46.54958272781875 84
1694720161586 17.361938707879414 85
1694720161820 22.145327659638717 86
1694720162046 1.9996969768708173 87
1694720162326 2.3497854709824946 88
1694720162614 0.9368364987115 89
1694720162946 0.41815988151086275 90
1694720163137 7.259619462416934 91
1694720163398 2.545123300426674 92
1694720163651 0.1358130652589502 93
1694720163957 5.525740614191335 94
1694720164161 3.514683502867988 95
1694720164451 0.11603272056092094 96
1694720164714 13.673816263313434 97
1694720165019 0.9532591882533169 98
1694720165228 1.1845298842001142 99
1694720165485 0.7609032560284089 100
1694720165736 1.1906210739595575 101
1694720166011 3.2050757139561785 102
1694720166234 2.560081760107295 103
1694720166558 0.3438951197026575 104
1694720166857 6.378217560507435 105
1694720167136 6.2675277364483275 106
1694720167405 2.0843300173941324 107
1694720167689 1.0029516217368324 108
1694720167990 0.24331728418274384 109
1694720168244 0.7976055380235183 110
1694720168532 4.288786458931632 111
1694720168850 2.1843080548056273 112
1694720169147 11.294860161233556 113
1694720169393 0.3843606305955403 114
1694720169673 0.45643009042939614 115
1694720169965 2.4028009067912466 116
1694720170230 10.132197794262238 117
1694720170548 0.04833257504224782 118
1694720170898 0.6302149154337408 119
1694720171207 1.3614962136532531 120
1694720171504 0.025660792304579003 121
1694720171771 9.77262173944504 122
1694720172053 0.13161687089937163 123
1694720172272 23.084484455710946 124
1694720172579 2.795964331473616 125
1694720172846 1.0881353609828763 126
1694720173116 1.9578454398509098 127
1694720173439 0.33071738188788646 128
1694720173714 1.611339727897872 129
1694720174002 7.868522538277241 130
1694720174240 0.5845189327767063 131
1694720174521 1.8386446931488796 132
1694720174771 1.1810784827008969 133
1694720175032 1.0449155046762195 134
1694720175247 4.311159952502856 135
1694720175519 12.704666397147383 136
1694720175771 8.851656537865512 137
1694720176027 3.213526561195097 138
1694720176367 18.977662405941363 139
1694720176630 2.325198123528623 140
1694720176848 2.6810409650695597 141
1694720177087 0.3237577312438589 142
1694720177340 0.6180712426835738 143
1694720177653 3.0360871783131236 144
1694720178002 4.287137871350622 145
1694720178278 4.032648547595703 146
1694720178561 3.8752102222413694 147
1694720178841 0.026581398976873404 148
1694720179126 22.217518338242257 149
1694720179353 4.096635350077679 150
1694720179574 0.03709498446718902 151
1694720179900 13.79174871162331 152
1694720180258 0.8131028197217074 153
1694720180481 3.9209266055127427 154
1694720180744 11.127783645997157 155
1694720181026 1.9214394140271476 156
1694720181318 0.6880617933899137 157
1694720181598 0.3110273218345063 158
1694720181835 27.175332620012284 159
1694720182133 7.948756186657133 160
1694720182452 1.6912503101723806 161
1694720182700 0.7741308858209675 162
1694720182984 0.19261812370383127 163
1694720183215 8.84287893202305 164
1694720183431 2.365701510159545 165
1694720183724 7.92863159325932 166
1694720184055 7.688978651211081 167
1694720184329 5.346886308759778 168
1694720184566 1.8860829858100856 169
1694720184824 1.9590884805982367 170
1694720185137 13.016143008746317 171
1694720185403 19.470232008475826 172
1694720185663 0.027191013591103014 173
1694720185923 1.4773303286964055 174
1694720186220 0.019306684484010243 175
1694720186449 24.524194783556094 176
1694720186735 4.28834213202291 177
1694720187064 1.1722470274496697 178
1694720187360 17.752329005646835 179
1694720187595 0.09848324476689586 180
1694720187881 0.8438271112343846 181
1694720188184 0.07082247193249364 182
1694720188449 4.122106641476052 183
1694720188757 3.6164497282470793 184
1694720189044 5.487047573993108 185
1694720189324 1.1692295597265476 186
1694720189586 7.838565125196647 187
1694720189874 1.5870882825140906 188
1694720190165 1.8158027599048983 189
1694720190446 1.131008515018903 190
1694720190734 0.0007988828525733987 191
1694720191056 26.07168480192964 192
1694720191354 14.06628255772378 193
1694720191659 0.17464174445804861 194
1694720192027 2.9741983076493623 195
1694720192315 0.4995015102690153 196
1694720192664 0.812845539691147 197
1694720192945 0.08787366988938347 198
1694720193289 9.296743229934863 199
1694720193597 7.1242055254023855 200
1694720193848 8.265582746551054 201
1694720194109 10.964748911732073 202
1694720194391 2.5792187440313232 203
1694720194615 0.15204116412568577 204
1694720194897 5.740869961616855 205
1694720195185 2.6871353541742686 206
1694720195518 4.485766778624615 207
1694720195798 0.8297961313272546 208
1694720196057 6.067782686557452 209
1694720196331 2.587934032836708 210
1694720196619 0.382403290656725 211
1694720196903 14.889479575334596 212
1694720197165 7.95552917477493 213
1694720197457 4.2605109437230295 214
1694720197762 8.076971105982544 215
1694720198069 0.7118584344637789 216
1694720198369 6.176597808422267 217
1694720198623 3.132276854370583 218
1694720198972 9.539355238151726 219
1694720199280 22.514246638765567 220
1694720199577 1.0586496089605544 221
1694720199923 0.14023303305997223 222
1694720200310 0.020810386709857662 223
1694720200636 1.777072480980453 224
1694720200875 5.244037430887307 225
1694720201117 1.5509554268494268 226
1694720201406 3.6028110473637276 227
1694720201670 4.009871078616242 228
1694720201976 2.7527306252510684 229
1694720202322 2.1704830458429583 230
1694720202605 1.969182061233384 231
1694720202816 21.306591675495554 232
1694720203075 2.713749943124632 233
1694720203393 13.033347165649959 234
1694720203651 0.04817931106792956 235
1694720203931 2.45385668175984 236
1694720204233 3.1279859857071166 237
1694720204581 5.6942245392847415 238
1694720204805 0.5408606194554239 239
1694720205081 2.9800584178973937 240
1694720205390 4.19406841781955 241
1694720205665 40.20006073597594 242
1694720205894 3.0971551664575094 243
1694720206180 8.8586481138717 244
1694720206480 6.746651839489904 245
1694720206772 1.6408558834864342 246
1694720207042 12.191747117535296 247
1694720207343 3.010613830549264 248
1694720207661 2.075067264342781 249
1694720207917 6.461829280677702 250
1694720208216 0.9092193452545863 251
1694720208532 0.29575806755559897 252
1694720208862 0.5391789598407494 253
1694720209164 0.7189195599778962 254
1694720209458 0.162875471186878 255
1694720209727 7.739920741420266 256
1694720209989 0.03722097223535268 257
1694720210222 0.0038894686630819124 258
1694720210544 0.025487847144708854 259
1694720210944 18.643838640170245 260
1694720211269 1.78280223857705 261
1694720211588 4.386234718778956 262
1694720211872 29.04409964526082 263
1694720212171 18.332191949867656 264
1694720212534 12.731728339603604 265
1694720212766 0.4889360545454283 266
1694720213006 3.0414637180284636 267
1694720213436 8.5431615179431 268
1694720213727 3.8589242107957493 269
1694720214008 21.005773670503803 270
1694720214289 0.2785390748167653 271
1694720214568 0.38458707812640625 272
1694720214791 3.769978321462284 273
1694720215028 11.592175569994577 274
1694720215308 13.195611321389363 275
1694720215653 1.2810030746356182 276
1694720215873 4.954645592834354 277
1694720216164 8.05313474443972 278
1694720216447 0.10796530680401759 279
1694720216747 0.03142187879377101 280
1694720216953 15.481782109948858 281
1694720217239 0.10610092706291398 282
1694720217532 23.05493419346351 283
1694720217874 4.046152454164446 284
1694720218130 4.693344455002836 285
1694720218335 0.3177321504822346 286
1694720218577 0.9210196437868049 287
1694720218776 51.646342307848215 288
1694720219038 1.076034235552201 289
1694720219344 0.027557118480301478 290
1694720219627 0.03391005724886559 291
1694720219929 0.4910814655504142 292
1694720220218 0.6633944549628518 293
1694720220672 46.194078990407476 294
1694720220953 2.1666045870884507 295
1694720221234 21.088399400799226 296
1694720221529 0.000369438346556564 297
1694720221835 4.4080213193098805 298
1694720222112 6.885245686258897 299
1694720222502 22.30193289467909 300
1694720222878 4.258886485958329 301
1694720223108 17.151663275372677 302
1694720223459 1.1431783099624215 303
1694720223757 0.00030264828105363325 304
1694720224043 3.0202450569804364 305
1694720224443 1.3689721934257175 306
1694720224731 0.1867795071335132 307
1694720225066 0.0021549583309163466 308
1694720225358 0.04861828635656921 309
1694720225647 1.0943862008284384 310
1694720225918 6.107210407366942 311
1694720226172 17.53835357988962 312
1694720226452 18.945231294603364 313
1694720226770 0.3162614403505478 314
1694720227039 0.2698134050482384 315
1694720227287 0.6429591163920451 316
1694720227548 16.44523760601839 317
1694720227863 11.25559000850994 318
1694720228118 0.5027870937495573 319
1694720228362 2.8647012240014185 320
1694720228619 1.7719346881230418 321
1694720228957 0.9550521278622868 322
1694720229218 0.182655496651615 323
1694720229822 5.500650746357247 324
1694720230213 31.300267152274674 325
1694720230469 26.80288742145079 326
1694720230773 14.212574546646792 327
1694720231112 26.918828084350693 328
1694720231427 3.0544462942428496 329
1694720231736 7.990573002607438 330
1694720232047 6.585219183123607 331
1694720232393 12.882993401861894 332
1694720232693 5.881957050881003 333
1694720232987 7.958839451873364 334
1694720233315 0.14308095105818636 335
1694720233608 31.41819682304258 336
1694720233891 8.671030748520764 337
1694720234164 11.679862714207198 338
1694720234375 0.0555107274996352 339
1694720234606 0.3320595978310012 340
1694720234876 2.7638126308894924 341
1694720235159 0.15413432446720926 342
1694720235470 3.2576075403144906 343
1694720235768 0.0007597843856512772 344
1694720236089 0.20824878379514677 345
1694720236489 3.451045750121567 346
1694720236817 1.1857076849810404 347
1694720237108 28.877761395139522 348
1694720237377 85.13507966717735 349
1694720237707 2.2625636309981774 350
1694720238008 6.03789636711141 351
1694720238284 1.8549186458541882 352
1694720238572 3.797939331871789 353
1694720238881 0.408145816215004 354
1694720239215 0.7047427983025705 355
1694720239475 4.466038056881278 356
1694720239748 0.537011743344008 357
1694720240101 0.9358999666529513 358
1694720240340 0.455318277989906 359
1694720240654 7.293300376400942 360
1694720240985 8.227225290540048 361
1694720241260 6.55352895822488 362
1694720241536 37.1095257146285 363
1694720241813 3.282948029727067 364
1694720242121 0.012873603118596321 365
1694720242490 5.121051023893655 366
1694720242780 5.135589445281429 367
1694720243042 15.89674345976649 368
1694720243295 4.123008936943619 369
1694720243546 5.090480840125833 370
1694720243812 2.281875358905053 371
1694720244205 15.876247494346746 372
1694720244528 1.203832456926721 373
1694720244796 6.192528822065637 374
1694720245093 4.728144500664083 375
1694720245377 2.5718921545496105 376
1694720245631 5.973136102832454 377
1694720245913 0.8035692605057461 378
1694720246199 11.851630763692288 379
1694720246518 13.712624134136412 380
1694720246895 4.213366302248847 381
1694720247197 0.3263911494972681 382
1694720247456 0.6191812369116093 383
1694720247822 10.871628794149588 384
1694720248152 6.976855789453431 385
1694720248449 1.9734346955137645 386
1694720248760 3.971854773006977 387
1694720249251 1.8038549329294193 388
1694720249501 7.097653521468871 389
1694720249727 0.381816942395398 390
1694720250025 5.1809810256282685 391
1694720250313 2.775314340381462 392
1694720250599 27.705043424036113 393
1694720250935 0.04068060346691997 394
1694720251257 0.8297181754642752 395
1694720251555 1.1176215071452185 396
1694720251834 7.2496079003223395 397
1694720252114 0.18137286395915264 398
1694720252403 5.537595661137014 399
1694720252633 4.20888382294177 400
1694720252883 10.51223327518747 401
1694720253168 2.1639508079878707 402
1694720253517 0.0002870402608006111 403
1694720253742 5.101500905114087 404
1694720253987 0.9049345515557117 405
1694720254314 3.9598414233233186 406
1694720254571 1.5462599201575873 407
1694720254826 4.8500466186494435 408
1694720255103 35.64255087992145 409
1694720255371 0.6942297552580226 410
1694720255671 0.15379486418895116 411
1694720255987 4.158077955528622 412
1694720256281 2.962288262022666 413
1694720256551 11.890247140636406 414
1694720256809 4.897553084498985 415
1694720257110 0.2730511379486628 416
1694720257387 5.201329726140515 417
1694720257617 0.2992337126302237 418
1694720257935 4.566095970969755 419
1694720258276 0.8567778235538122 420
1694720258547 0.46753064726132254 421
1694720258801 1.8735469779589191 422
1694720259104 2.1742745693822676 423
1694720259392 27.51677594109724 424
1694720259617 47.052777332542625 425
1694720259873 0.7536508232829627 426
1694720260213 0.5236747154134918 427
1694720260509 16.2896923784825 428
1694720260805 9.962340828045814 429
1694720261080 0.2726316693396255 430
1694720261367 1.8358990646347573 431
1694720261603 0.9453070177068432 432
1694720261817 1.4064040506889495 433
1694720262084 0.8813600218181388 434
1694720262484 0.2391787549660032 435
1694720262722 2.1368529643503504 436
1694720262994 9.70387651454176 437
1694720263297 17.959820220049046 438
1694720263612 3.888347738175942 439
1694720263825 7.769145730668344 440
1694720264134 2.048210646738141 441
1694720264677 1.1036363054273997 442
1694720265038 9.439229710934045 443
1694720265349 0.1871363495929303 444
1694720265668 5.42494485497653 445
1694720265867 9.82144183732494 446
1694720266107 14.23067146728569 447
1694720266382 5.520695352596929 448
1694720266688 0.0987989779003494 449
1694720266999 1.4093016754381398 450
1694720267302 0.48354850976000885 451
1694720267611 1.7219933063376969 452
1694720267941 4.447735923504436 453
1694720268213 0.6949705142307161 454
1694720268491 0.7741586678790184 455
1694720268803 0.4473875646842721 456
1694720269057 11.851792195989324 457
1694720269367 14.758071709695624 458
1694720269656 2.181015294765698 459
1694720269918 0.2857177594897518 460
1694720270191 0.0020646189501180236 461
1694720270505 5.5342228832945555 462
1694720270865 7.549717163357012 463
1694720271148 0.30002286607846984 464
1694720271523 10.877947701308791 465
1694720271810 2.5699102161753804 466
1694720272091 0.20259702657836862 467
1694720272492 3.9690453883505863 468
1694720272787 7.31048592245276 469
1694720273046 0.28958905987580336 470
1694720273313 8.99238713524311 471
1694720273676 29.935429554666513 472
1694720273961 11.442859158455274 473
1694720274250 0.0018910104696435814 474
1694720274546 1.0146741076585262 475
1694720274859 2.45562173887673 476
1694720275120 0.33271339589487736 477
1694720275461 15.345923500615609 478
1694720275773 1.7608937807288447 479
1694720276051 0.9085380796318928 480
1694720276320 12.319788520856756 481
1694720276603 0.20560127041573173 482
1694720276915 0.00045575725491866137 483
1694720277157 1.2096461695901575 484
1694720277472 0.012488545743402803 485
1694720277777 0.35709298047922 486
1694720278095 4.271670503104808 487
1694720278330 2.8328738686311694 488
1694720278573 9.769821463196044 489
1694720278822 3.9995543938829305 490
1694720279050 7.230581427402475 491
1694720279255 4.533563621437634 492
1694720279519 0.5934064956652452 493
1694720279777 0.010759179534109908 494
1694720280059 2.1022059632977803 495
1694720280406 7.651641152119496 496
1694720280722 3.0646129270240317 497
1694720281035 0.3581775321339667 498
1694720281296 13.761302688174345 499
