1694730863934 2.165592226383738 0
1694730864161 3.1692403370666353 1
1694730864338 2.390809279795511 2
1694730864529 4.3533676779544646 3
1694730864765 3.84436460383824 4
1694730864984 2.5728634579466982 5
1694730865209 1.336412231188888 6
1694730865389 1.9409145027302641 7
1694730865564 1.7121398464880937 8
1694730865731 1.7590632136159 9
1694730866068 2.6321144455904144 10
1694730866280 3.4772679452849355 11
1694730866518 1.8893930620908306 12
1694730866743 2.2166086697047116 13
1694730866947 2.482528884414396 14
1694730867185 1.6528495462243065 15
1694730867396 2.4413756971079392 16
1694730867707 2.114476250006931 17
1694730867920 2.7504038132177255 18
1694730868173 2.3114799155091994 19
1694730868385 2.2990124987502627 20
1694730868630 1.397671080640446 21
1694730868845 2.7493424697697173 22
1694730869083 2.4190921803248173 23
1694730869345 1.205851450054637 24
1694730869617 1.4451721705737046 25
1694730869889 2.086184705853142 26
1694730870115 2.796718352140266 27
1694730870342 3.0234174447397386 28
1694730870619 1.6939891785115797 29
1694730870835 2.6190464932427764 30
1694730871087 2.394465199064407 31
1694730871301 2.6784771844199122 32
1694730871558 1.6484546795812205 33
1694730871796 2.359226841569889 34
1694730872083 2.2286251937513 35
1694730872285 1.7062300388287546 36
1694730872499 1.9601773582151996 37
1694730872868 3.0075861210831247 38
1694730873099 1.8581772187255439 39
1694730873331 2.638878968073379 40
1694730873585 2.386154290437861 41
1694730873817 1.8993890820253911 42
1694730874002 1.3163350101538216 43
1694730874290 2.1050511227407496 44
1694730874476 2.1542990790438226 45
1694730874688 2.3190424356704713 46
1694730874876 1.7207943782592943 47
1694730875104 2.061489608000606 48
1694730875325 1.8747283912176709 49
1694730875589 2.047715531492243 50
1694730875878 1.5313878429814243 51
1694730876099 1.7128849243935858 52
1694730876325 3.0562121196943446 53
1694730876543 2.2658261207050403 54
1694730876800 1.9620210145707586 55
1694730877020 1.6776707681218501 56
1694730877235 2.154882101415191 57
1694730877443 1.6332812508335148 58
1694730877734 2.2271400032383917 59
1694730877991 2.667601655786027 60
1694730878199 1.4760163907862878 61
1694730878369 2.2738361152438666 62
1694730878554 1.5122752810945614 63
1694730878829 2.583393022878473 64
1694730878985 1.842633643035437 65
1694730879176 3.2827645680725053 66
1694730879416 1.5528910844860422 67
1694730879628 1.7542345016366436 68
1694730879881 1.790231155716633 69
1694730880152 1.868744244147778 70
1694730880418 1.6897866900557703 71
1694730880683 2.322242103037912 72
1694730881020 2.075463554708475 73
1694730881300 2.577796371102674 74
1694730881481 1.337643419995506 75
1694730881634 1.8946832154592224 76
1694730881814 2.3242077432907142 77
1694730881967 2.0386825470605556 78
1694730882187 1.3619576374719353 79
1694730882398 1.840066311940904 80
1694730882583 2.127802900920254 81
1694730882791 2.5885963591359094 82
1694730883043 2.5327272360521254 83
1694730883317 2.9736480178867604 84
1694730883507 1.2257780653156822 85
1694730883821 2.7041657868333284 86
1694730884048 2.1132587013111257 87
1694730884331 3.137736747488797 88
1694730884617 1.648602182921862 89
1694730884863 2.0591455485210166 90
1694730885099 3.379730658157318 91
1694730885390 3.0612571295592983 92
1694730885582 2.1857644121524533 93
1694730885822 1.6220587977103056 94
1694730886026 1.7577253985985528 95
1694730886272 2.1733164548873725 96
1694730886556 2.451389295364715 97
1694730886818 1.8079635336653497 98
1694730887016 1.866906403548946 99
1694730887246 1.853199193318547 100
1694730887482 2.081100552595668 101
1694730887702 2.599517448395079 102
1694730887944 3.75547287368567 103
1694730888180 2.2550454794554957 104
1694730888424 2.613711256340089 105
1694730888599 1.7759899635483773 106
1694730888820 2.38348557050775 107
1694730889048 1.947894033289965 108
1694730889262 2.214814474006827 109
1694730889519 2.263497671619124 110
1694730889768 2.170716620335761 111
1694730890022 2.966212607215154 112
1694730890242 2.0919735111463407 113
1694730890487 2.0526413229579057 114
1694730890647 1.3397616433784716 115
1694730890829 1.4982082478035734 116
1694730891109 2.2150529578396565 117
1694730891347 3.3321378011758576 118
1694730891551 3.411061285089817 119
1694730891759 2.5395235983637208 120
1694730892046 2.9282175850348318 121
1694730892315 2.689048384186973 122
1694730892514 2.7259326286863006 123
1694730892749 2.6836831453034615 124
1694730892947 2.4285741529288267 125
1694730893179 1.7475498823712419 126
1694730893420 2.686967751504673 127
1694730893607 2.2114174116392937 128
1694730893852 2.5130787522542413 129
1694730894088 2.6546515018660486 130
1694730894399 2.514718248816349 131
1694730894593 2.780164106573689 132
1694730894761 2.9599580139610544 133
1694730894992 1.4475645922298244 134
1694730895228 3.175353724602057 135
1694730895498 1.4600167869244491 136
1694730895707 2.487202293472431 137
1694730895955 3.6001345242558425 138
1694730896154 2.7965695315386148 139
1694730896377 2.2154044263582686 140
1694730896630 3.4741750443150163 141
1694730896848 2.0083326904592567 142
1694730897048 2.6818275285379785 143
1694730897269 1.7392810017588844 144
1694730897543 1.9107716590022774 145
1694730897748 2.185680807555514 146
1694730897936 2.7852225653081333 147
1694730898090 2.6362886180313025 148
1694730898310 2.653638329452148 149
1694730898546 2.1595242143711335 150
1694730898791 2.761619533269514 151
1694730899002 2.2823747872791884 152
1694730899232 2.5620506994919934 153
1694730899540 2.1521738385071196 154
1694730899718 2.630727383295006 155
1694730899928 3.0332949812818657 156
1694730900146 1.900549368526989 157
1694730900356 2.8651552306845836 158
1694730900602 2.702216301374688 159
1694730900854 1.8629314297798583 160
1694730901174 1.5800558235220026 161
1694730901342 2.6100881049403686 162
1694730901584 2.244547604329212 163
1694730901794 1.795168614133267 164
1694730902034 2.3066076011408887 165
1694730902239 2.449269373392593 166
1694730902449 2.634109160313475 167
1694730902650 2.1018488707219958 168
1694730902918 2.1123633496353955 169
1694730903184 3.794314366431901 170
1694730903454 3.353402676095953 171
1694730903659 2.46141189488474 172
1694730903825 2.0518052387736607 173
1694730904072 1.374354670367137 174
1694730904303 3.249581754172813 175
1694730904559 1.275724089160341 176
1694730904736 2.3766052001202462 177
1694730904928 1.9770329549246317 178
