1694735915145 1.51912430473434 0
1694735915324 1.797231717504271 1
1694735915679 2.3826606108506843 2
1694735915912 2.3049085871344657 3
1694735916147 2.438003451871233 4
1694735916325 3.2317637610827905 5
1694735916573 2.344859334788861 6
1694735916803 2.4299980082128063 7
1694735917035 1.8204436282653387 8
1694735917236 2.2324301762703027 9
1694735917406 2.405257294988562 10
1694735917785 2.547804654220836 11
1694735918092 2.373293316314459 12
1694735918307 1.8210803379547684 13
1694735918499 2.0733336686373014 14
1694735918692 1.8932138595941315 15
1694735918880 2.7053516342409814 16
1694735919124 1.5937629176190626 17
1694735919312 2.3528655670650185 18
1694735919524 2.4061676745303537 19
1694735919704 2.5321023496860073 20
1694735919911 1.8665220737995194 21
1694735920100 1.2580370444871385 22
1694735920322 2.6270294119010056 23
1694735920479 1.7718540819516413 24
1694735920640 1.6112940827988687 25
1694735920886 1.3894996124502321 26
1694735921136 1.5921813694805091 27
1694735921355 2.369037147463878 28
1694735921564 3.042993767588422 29
1694735921716 1.9652387291123028 30
1694735921940 2.150085742549593 31
1694735922153 2.5492547584014473 32
1694735922431 2.478982302085658 33
1694735922620 1.183846508164346 34
1694735922855 2.0340654214201606 35
1694735923079 2.5325940934557205 36
1694735923337 3.2909418943749493 37
1694735923591 2.2976499575672196 38
1694735923862 2.3597003318673146 39
1694735924218 2.051506469789355 40
1694735924420 2.0591505242128387 41
1694735924711 1.6050290378809413 42
1694735925019 2.5200386993916206 43
1694735925249 2.113079542229087 44
1694735925431 1.4154679146959053 45
1694735925635 2.9853827283209013 46
1694735925864 1.736913073027242 47
1694735926103 2.0578305830806873 48
1694735926342 1.6285959836392179 49
1694735926492 1.3058512247622056 50
1694735926738 3.4799188047940883 51
1694735926962 1.7943290329706865 52
1694735927203 3.7969020275880054 53
1694735927415 1.918524140605349 54
1694735927674 2.070344382195502 55
1694735927914 2.1841103167829052 56
1694735928169 2.0835213416927005 57
1694735928360 2.2326623984916707 58
1694735928566 1.8915920242149424 59
1694735928820 3.36735181081983 60
1694735929104 2.2871360480453333 61
1694735929335 2.9650386436559777 62
1694735929496 1.6944543184409742 63
1694735929693 3.317497263910669 64
1694735930003 2.3407292200967746 65
1694735930256 1.5270404422520831 66
1694735930440 2.21931782696211 67
1694735930645 2.438523509595352 68
1694735930868 2.4992986934536034 69
1694735931127 2.1616504942039185 70
1694735931390 2.3729533067412447 71
1694735931598 2.5811779313993597 72
1694735931855 2.234712270413728 73
1694735932062 1.6544857139771845 74
1694735932300 2.0773900335926445 75
1694735932529 1.4034023014811965 76
1694735932738 3.107650112483729 77
1694735932964 2.513625306618829 78
1694735933262 2.416674743711904 79
1694735933502 4.293953752180323 80
1694735933669 1.5466434604646404 81
1694735933857 2.9030179385179666 82
1694735934112 2.8208908212084247 83
1694735934356 2.8871389706061974 84
1694735934580 2.4396909023638558 85
1694735934819 1.4357645945898168 86
1694735935083 1.7852509558306981 87
1694735935331 2.2843463439213285 88
1694735935500 1.7339856417443595 89
1694735935691 1.941055343374373 90
1694735935861 2.010867167101754 91
1694735936052 2.5276624689139005 92
1694735936273 2.698527001602363 93
1694735936487 1.608597868378905 94
1694735936745 2.5256795951567907 95
1694735936982 2.2344945630392976 96
1694735937211 1.986552399683281 97
1694735937458 2.0825259389295026 98
1694735937615 2.326621030869167 99
1694735937849 2.454152370840218 100
1694735938020 3.335557615016719 101
1694735938299 2.0605199700795636 102
1694735938561 1.2647554617253602 103
1694735938772 2.249950655686173 104
1694735938999 3.2395153808526076 105
1694735939217 2.00382574578707 106
1694735939387 2.8079766094260146 107
1694735939628 2.424240032151803 108
1694735939823 2.3682015857680954 109
1694735939982 2.161499899843285 110
1694735940242 2.94579957847337 111
1694735940446 1.8292319667760286 112
1694735940671 1.9085233864580478 113
1694735940886 2.4677352534976653 114
1694735941169 5.460193908590523 115
1694735941403 2.7748350697456963 116
1694735941604 1.4873432421047237 117
1694735941842 2.2954874522199935 118
1694735942074 2.987090120071771 119
1694735942337 3.3600656529325237 120
1694735942560 1.94007131969337 121
1694735942786 2.167186018515361 122
1694735942976 2.2865051848803035 123
1694735943153 2.496728788076044 124
1694735943351 1.444711424671494 125
1694735943508 2.0805399133361835 126
1694735943679 2.39123263354854 127
1694735943903 1.8348181841371085 128
1694735944147 1.8913241576767617 129
1694735944391 1.796045829148019 130
1694735944680 2.191903392727339 131
1694735944973 2.532051890275312 132
1694735945153 2.0809126240140516 133
1694735945387 2.3008329883808036 134
1694735945595 2.5380711488919965 135
1694735945796 2.161535268271275 136
1694735946017 1.5841274312559697 137
1694735946220 1.9167954614513396 138
1694735946368 1.7657453179244225 139
1694735946558 1.454989282623746 140
1694735946751 2.7660181664226937 141
1694735947006 2.0961265203852886 142
1694735947223 2.2830464690547014 143
1694735947461 2.254843168766481 144
1694735947650 2.700818211586701 145
1694735947840 2.2120145491185275 146
1694735947988 2.0586771287478576 147
1694735948241 2.6603654721617436 148
1694735948465 1.7920077181854346 149
1694735948627 3.235926455562251 150
1694735948784 2.1579735816347814 151
1694735949031 2.6205970507587613 152
1694735949285 2.5465778051934693 153
1694735949538 2.812760029094771 154
1694735949701 3.330268647183413 155
1694735949901 2.1858521986411814 156
1694735950111 1.1470183648469152 157
1694735950345 1.710770424981659 158
1694735950563 1.8512164492958023 159
1694735950742 2.7749962999117104 160
1694735950948 2.5354134201077967 161
1694735951223 3.057673741182094 162
1694735951478 2.4430894779839307 163
1694735951654 2.51224067517181 164
1694735951849 2.859519658660533 165
1694735952055 1.7292178484781695 166
1694735952279 2.05194386306888 167
1694735952511 2.573478006175335 168
1694735952746 1.841115035915775 169
1694735952956 2.946628710214615 170
1694735953205 2.1953280591833875 171
1694735953539 1.74079900381118 172
1694735953719 1.598080759424965 173
1694735953973 2.392198325817924 174
1694735954214 2.259765928946151 175
1694735954483 2.6947210834113124 176
1694735954751 1.9192249834806903 177
1694735955040 2.5386146506349276 178
1694735955283 2.181525757976198 179
1694735955524 3.450288543388816 180
1694735955821 3.73113075565422 181
1694735956030 1.8648917969624879 182
1694735956244 2.2914636496451743 183
1694735956419 3.3024199521424937 184
1694735956584 2.837959233900997 185
1694735956819 2.058477398675079 186
1694735957019 1.872767610990575 187
1694735957232 3.2165538619459975 188
1694735957467 2.235538151322098 189
1694735957669 0.9630318661123767 190
1694735957902 2.924611974465116 191
1694735958174 2.802672609604891 192
1694735958504 1.5476992082952623 193
1694735958693 2.616036666363747 194
1694735958887 2.7180009642420577 195
1694735959056 1.8382276787278953 196
1694735959289 3.6210526469176285 197
1694735959507 1.5723613290539777 198
1694735959680 2.093622521253009 199
1694735959817 1.7276171646515648 200
1694735959989 2.317260972111636 201
1694735960217 3.877760274875765 202
1694735960393 3.3926883171133166 203
1694735960604 2.9472408041787697 204
1694735960820 1.4702064469849905 205
1694735961060 2.0449319239919714 206
1694735961271 1.8064192041240488 207
1694735961471 2.2018569800133427 208
1694735961664 1.7329421763971151 209
1694735961888 2.1706677884075813 210
1694735962089 1.9959654051239502 211
1694735962262 2.173574797259481 212
1694735962483 3.320001732350972 213
1694735962671 2.009349179667599 214
1694735962841 1.8155862099099453 215
1694735963073 1.6957041176333474 216
1694735963365 2.4334752021589825 217
1694735963592 2.6640945676651504 218
1694735963728 1.970856758255765 219
1694735963930 3.4404008009519216 220
1694735964153 1.8687269657833256 221
1694735964393 3.3206322059259716 222
1694735964670 2.4581880268704808 223
1694735964866 1.5056807667747898 224
1694735965253 2.9766753727339093 225
1694735965478 1.853004360850417 226
1694735965668 2.9556704339359654 227
1694735965816 2.728171632521643 228
1694735966047 2.603486940556833 229
1694735966293 2.3850336305732296 230
1694735966522 2.044450594115228 231
1694735966761 3.934774347783194 232
1694735966955 1.8240727583699996 233
1694735967154 1.8591025341043053 234
1694735967400 1.9612786706941345 235
1694735967615 2.0973657713794425 236
1694735967786 2.5860792891043953 237
1694735967936 2.5045018069560845 238
1694735968134 3.1190267332894903 239
1694735968370 1.7814491515263637 240
1694735968626 2.95681828300556 241
1694735968825 1.8084565124308722 242
1694735969075 2.038382785685063 243
1694735969295 2.6976849742188738 244
1694735969524 1.5935211164747356 245
1694735969714 1.4109567279582027 246
1694735969870 2.492250931168727 247
1694735970040 1.6003004820884 248
1694735970316 2.161146628360487 249
1694735970672 1.7658946626407432 250
1694735970809 2.4085249517649077 251
1694735971031 2.3404742617108205 252
1694735971307 1.9475460133461098 253
1694735971557 1.7560497889856606 254
1694735971772 2.6269195043209095 255
1694735971975 2.5404517283768357 256
1694735972212 2.944294263578887 257
1694735972414 2.302408505419667 258
1694735972634 2.3586813213049167 259
1694735972828 2.3893987118023503 260
1694735972978 2.975077800106574 261
1694735973145 2.679854727625637 262
1694735973451 3.155805514484634 263
1694735973712 1.8139983575099632 264
1694735973895 2.9456516114754665 265
1694735974177 3.389539290767865 266
1694735974393 2.3587786459998488 267
1694735974608 2.457947259489937 268
1694735974816 2.899813619547459 269
1694735975098 2.2148486697614542 270
1694735975332 2.1386620594190044 271
1694735975562 1.3514360414631672 272
1694735975774 2.0603639893704475 273
1694735975962 2.3182542811389655 274
1694735976192 2.8641963915302275 275
1694735976528 2.500823855121167 276
1694735976756 2.1459439014820063 277
1694735976927 1.683985494419573 278
1694735977185 2.5203499986044644 279
1694735977417 2.7449013143199497 280
1694735977656 3.2826443073104654 281
1694735977839 2.0428018057605533 282
1694735978081 2.30389955003127 283
1694735978303 1.1565617723799682 284
1694735978501 2.3694313472801576 285
1694735978738 4.366524546584554 286
1694735978937 1.9345267943651567 287
1694735979168 1.978005303787257 288
1694735979395 2.7239621069722606 289
1694735979647 3.202961806134717 290
1694735979865 1.264019493276748 291
1694735980103 2.460079061153405 292
1694735980393 1.9308095528440332 293
1694735980635 3.371202593504103 294
1694735980842 2.837171920216984 295
1694735981026 1.659485991222476 296
1694735981243 3.4506867021004366 297
1694735981470 2.2004900692703404 298
1694735981686 1.3387845034277033 299
1694735981869 2.4812485458827065 300
1694735982070 2.740525500627046 301
1694735982314 1.476881712160597 302
1694735982660 2.80085394447155 303
1694735982874 2.229171507878385 304
1694735983059 3.420642246722988 305
1694735983341 2.969004153782936 306
1694735983523 1.2682558878141743 307
1694735983759 2.135315372201112 308
1694735983995 2.11539874370942 309
1694735984233 3.945665880608538 310
1694735984521 2.9919193255653855 311
1694735984793 2.385408523261986 312
1694735985082 2.037036537142817 313
1694735985314 1.7359165673386934 314
1694735985527 3.2026236610912866 315
1694735985756 3.014351711071803 316
1694735985944 3.5634537162656006 317
1694735986176 1.967378703419299 318
1694735986410 2.2719621228122726 319
1694735986655 2.497732367796548 320
1694735986897 2.1029817434061884 321
1694735987048 2.4784525022266237 322
1694735987271 2.124485229758297 323
1694735987446 1.7178309090377921 324
1694735987813 3.498163985304173 325
1694735987984 3.2583678531062388 326
1694735988213 1.5280965500113546 327
1694735988441 1.9481374516609615 328
1694735988677 2.080011306529501 329
1694735988897 1.6489691718805217 330
1694735989104 2.8271784325749856 331
1694735989322 2.371207984969865 332
1694735989567 1.8239711512792152 333
1694735989843 2.25670439352186 334
1694735989992 2.422911472132046 335
1694735990188 1.7943620019270854 336
1694735990346 1.655619567875401 337
1694735990515 1.7070541608174286 338
1694735990743 2.703230917943204 339
1694735990926 2.0967068463646457 340
1694735991101 2.62780477939268 341
1694735991352 1.9448757287173783 342
1694735991610 1.472932239882769 343
1694735991838 2.308309240735192 344
1694735992035 2.699035062047579 345
1694735992273 2.7687036448058984 346
1694735992546 2.5140909864140073 347
1694735992785 2.199788075934092 348
1694735992973 2.985320709346789 349
1694735993139 2.459586711063321 350
1694735993383 2.704104216423097 351
1694735993641 1.774200821036874 352
1694735993861 2.36058599496617 353
1694735994003 1.1561837754108666 354
1694735994160 1.7778282789164113 355
1694735994386 1.6798365908846964 356
1694735994605 2.642472266302045 357
1694735994819 2.311436718570801 358
1694735995045 2.558086253264595 359
1694735995257 1.8782314781765883 360
1694735995475 2.3954369516905794 361
1694735995738 1.8770852600644845 362
1694735995991 3.067988591811597 363
1694735996205 1.924399694149764 364
1694735996404 2.0680641659872974 365
1694735996612 1.6412734513143417 366
1694735996870 1.9103577780578584 367
1694735997040 2.209849273139826 368
1694735997210 2.2560673706230903 369
1694735997432 2.5897597163472676 370
1694735997644 3.3307145465818 371
1694735997885 2.918681016600724 372
1694735998094 2.0379215828226616 373
1694735998311 1.8475862705128083 374
1694735998542 2.1402871935014947 375
1694735998778 2.728709261964081 376
1694735999038 1.9679739368689808 377
1694735999212 2.658406407439177 378
1694735999370 2.2032152278802606 379
1694735999578 2.397482733357346 380
1694735999781 2.1861509970734767 381
1694736000011 2.886928114420463 382
1694736000302 1.689840695690604 383
1694736000543 2.3932479419575814 384
1694736000781 1.8767244944695332 385
1694736000979 2.398433108521017 386
1694736001191 1.3359020392433392 387
1694736001408 2.198613461412718 388
1694736001637 3.185776674522363 389
1694736001825 2.098429745380499 390
1694736001999 3.034665982249705 391
1694736002203 1.9328858136514082 392
1694736002440 2.4243804596631495 393
1694736002711 1.770703449464342 394
1694736002940 2.5265331656901835 395
1694736003168 2.0085537915083154 396
1694736003464 2.525701095442929 397
1694736003703 2.3064929827716845 398
1694736003940 1.6763756152238718 399
1694736004108 1.3653494078149813 400
1694736004337 1.538880483243405 401
1694736004592 2.744293977119594 402
1694736004866 2.710198699979861 403
1694736005108 2.8477648320395588 404
1694736005346 2.942638096622305 405
1694736005596 1.8504708255953206 406
1694736005813 1.7801017039896236 407
1694736006019 2.1165428370805266 408
1694736006216 3.043909637869201 409
1694736006474 2.2242725970418107 410
1694736006712 1.8027427367298445 411
1694736006994 2.0000661324597955 412
1694736007174 2.246827672826849 413
1694736007422 2.307478883718995 414
1694736007656 1.720171310579292 415
1694736007867 2.3526065670529057 416
1694736008034 1.9839629677414676 417
1694736008238 3.370789338754222 418
1694736008450 3.0126076488534546 419
1694736008700 1.855981929495228 420
1694736008924 2.8444456173655204 421
1694736009108 2.9734202488543784 422
1694736009298 2.6287115962667063 423
1694736009456 3.7056343245161973 424
1694736009783 2.5185713969869665 425
1694736010008 2.3258013354430247 426
1694736010224 3.03192442004858 427
1694736010452 2.435702627294128 428
1694736010672 2.6356346332871055 429
1694736010839 3.184180182886211 430
1694736011059 2.2363347547080727 431
1694736011226 2.75881070962647 432
1694736011515 1.3608161695933048 433
1694736011766 2.3987280168750393 434
1694736011999 2.0656537682137164 435
1694736012224 3.1093432472345026 436
1694736012458 1.8346363061804862 437
1694736012700 2.0467279018329174 438
1694736012941 1.7538899549950617 439
1694736013128 2.1326134708935642 440
1694736013334 2.759667515020658 441
1694736013571 1.959184613785093 442
1694736013823 2.5992588704059436 443
1694736014054 1.3882988432004104 444
1694736014205 2.2008017611987976 445
1694736014389 2.1919614846182327 446
1694736014642 2.7716130452937064 447
1694736014881 1.4362384022684325 448
1694736015142 1.6404151690035418 449
1694736015347 2.6500436796209685 450
1694736015571 1.6870247648519805 451
1694736015812 3.0408331376095687 452
1694736016050 2.703704566746293 453
1694736016259 1.9948443795634243 454
1694736016491 2.845791651286051 455
1694736016705 2.887847744382681 456
1694736016931 2.2003813963853904 457
1694736017180 2.0810320947238337 458
1694736017413 2.946737665452197 459
1694736017637 2.325294505613861 460
1694736017909 2.5118036044834198 461
1694736018192 1.881778645413517 462
1694736018488 2.677266184679258 463
1694736018713 1.8945626098461736 464
1694736018954 1.9920339222929224 465
1694736019165 1.5471245747514901 466
1694736019358 3.0212548208437924 467
1694736019590 2.6754637134165367 468
1694736019820 2.5443706446266963 469
1694736020057 1.6770247685927604 470
1694736020344 2.7567683042182805 471
1694736020564 2.101478738357104 472
1694736020790 1.5574086478424607 473
1694736021067 2.2306614175926915 474
1694736021262 4.209985039501566 475
1694736021443 1.409011283786049 476
1694736021607 3.5686821526484223 477
1694736021760 1.5553680297548438 478
1694736021936 1.8878526072871633 479
1694736022152 2.808864512031264 480
1694736022413 2.63047667799922 481
1694736022715 1.3069234811573824 482
1694736022928 1.6851499212223908 483
1694736023160 2.455384102050069 484
1694736023416 1.8670041584536752 485
1694736023634 2.982340407419021 486
1694736023869 2.6633323775911304 487
1694736024089 2.114774340616649 488
1694736024256 2.569274413080005 489
1694736024460 2.7911459818013737 490
1694736024724 1.865287189447547 491
1694736024996 2.8858445863232767 492
1694736025236 1.836934226909997 493
1694736025473 1.8342895725280641 494
1694736025712 2.164812151351485 495
1694736025902 2.4080927079096885 496
1694736026112 2.1693941930776113 497
1694736026289 2.1521896744673876 498
1694736026534 2.181413858852179 499
