1694725518238 4.4857687366369925 0
1694725518543 5.825608385433597 1
1694725518829 42.669757179109304 2
1694725519082 5.673130444434336 3
1694725519502 1.6287337334077665 4
1694725519816 9.010400299892005 5
1694725520118 6.253832993607575 6
1694725520466 6.493502755908125 7
1694725520826 16.953269450667918 8
1694725521105 5.522524954984271 9
1694725521426 0.012911089411844821 10
1694725521804 13.105963103113213 11
1694725522051 17.924730820296407 12
1694725522365 2.1897240551107955 13
1694725522711 47.44060079910513 14
1694725523002 1.9339138208813555 15
1694725523274 6.3619419126129335 16
1694725523602 0.4280995796554618 17
1694725523968 0.02007784363622475 18
1694725524194 0.01794184199326184 19
1694725524480 0.8588400980463531 20
1694725524820 1.1343045348826537 21
1694725525165 0.09258613386000304 22
1694725525504 3.0043429391132688 23
1694725525839 3.876259295862155e-05 24
1694725526178 8.029908004319049 25
1694725526500 0.7754356731343994 26
1694725526997 0.033213462565328186 27
1694725527227 0.6494272145045163 28
1694725527487 13.313671389094122 29
1694725527761 0.10944105136414241 30
1694725528042 3.785356046205312 31
1694725528281 4.325502856774372 32
1694725528525 3.18422955737205 33
1694725528769 8.22636477085803 34
1694725529071 4.649526626288131 35
1694725529320 0.7547284013485382 36
1694725529563 1.4885259673460134 37
1694725529794 0.09143705655313054 38
1694725530004 4.286113173627921 39
1694725530256 7.81634753710913 40
1694725530608 3.113667258763699 41
1694725530893 3.065282903514183 42
1694725531201 0.10491829623747473 43
1694725531512 0.31549224087967803 44
1694725531826 4.035358522438297 45
1694725532117 0.06942350686259362 46
1694725532480 13.637757950367398 47
1694725532807 6.069355696436509 48
1694725533108 1.1922279143599062 49
1694725533375 10.941419081449855 50
1694725533675 27.082883351592148 51
1694725533965 0.12258068570497271 52
1694725534180 5.8645371145032446 53
1694725534487 4.413658714336715 54
1694725534807 3.7731454626993406 55
1694725535207 0.006168069726178431 56
1694725535550 0.9665781498107875 57
1694725535849 3.8483502549787403 58
1694725536121 0.0038997778418885546 59
1694725536362 20.386227904832282 60
1694725536736 0.9548278481316967 61
1694725537068 0.6093477415767131 62
1694725537346 0.0957964182761909 63
1694725537628 2.4225912587935e-05 64
1694725537953 0.1055839217471777 65
1694725538233 4.845768071206997 66
1694725538564 2.668870235857528 67
1694725538874 2.1858268970314474 68
1694725539205 0.034798315050568615 69
1694725539518 0.11278797370262415 70
1694725539824 1.4375557341772354 71
1694725540139 25.063923855824807 72
1694725540461 2.69689057567709 73
1694725540782 0.6736539032141897 74
1694725541092 2.0392935405410904 75
1694725541332 2.9010718479722213 76
1694725541686 13.19255695125418 77
1694725542041 3.98767422695364 78
1694725542285 39.1362045228512 79
1694725542598 0.003531076189005369 80
1694725542930 22.451566392854044 81
1694725543202 18.700679332889347 82
1694725543507 2.2545602269448035 83
1694725543824 0.5833287048994676 84
1694725544160 1.7271569494725443 85
1694725544383 0.42235362842371194 86
1694725544684 1.7022798488606443 87
1694725545083 23.753762486991384 88
1694725545389 18.190080817249857 89
1694725545703 7.45449302395052 90
1694725546034 0.9333587247708287 91
1694725546356 0.09364460048436492 92
1694725546707 0.40220714615349024 93
1694725546925 14.503725985558892 94
1694725547212 18.86387472686302 95
1694725547534 1.9857974395879112 96
1694725547844 26.95330569042378 97
1694725548174 0.8681840976946613 98
1694725548493 0.5421367689654949 99
1694725548741 2.1843477570925125 100
1694725548983 0.4810391214145485 101
1694725549253 24.36427702803822 102
1694725549536 7.040505837233254 103
1694725549845 7.449751150970306 104
1694725550140 1.046883318431962 105
1694725550351 0.31519207812953465 106
1694725550675 23.192688575652806 107
1694725551001 0.11836614073752832 108
1694725551363 12.132185777291877 109
1694725551726 6.466021155455243 110
1694725552051 0.3077885877507753 111
1694725552354 1.1342795164405763 112
1694725552663 9.805915162147732 113
1694725552985 2.074536918882645 114
1694725553292 1.4662717617777514 115
1694725553833 2.164256410187714 116
1694725554098 0.45099398029103693 117
1694725554408 5.933374654514076 118
1694725554676 11.55996793359603 119
1694725555053 3.358579628955666 120
1694725555291 1.1295301177949153 121
1694725555554 6.4757946253379455 122
1694725555902 0.11540662564394574 123
1694725556217 0.3931171341696758 124
1694725556492 3.215032580081997 125
1694725556869 0.07784361501329151 126
1694725557188 14.945501147699334 127
1694725557516 9.326610807977415 128
1694725557828 10.037968165071621 129
1694725558147 5.3340447369374955 130
1694725558410 14.144155501491321 131
1694725558677 2.3651502420818393 132
1694725558998 0.8284331986691289 133
1694725559323 5.195781219521406 134
1694725559624 4.951549621136907 135
1694725559913 0.832842174458496 136
1694725560304 0.3794392029898167 137
1694725560592 21.11496192395228 138
1694725560834 0.011090740249595037 139
1694725561131 0.8154121983017096 140
1694725561436 12.739031794257555 141
1694725561742 0.7080107288041475 142
1694725562016 0.6679057789557195 143
1694725562375 0.6938532371070207 144
1694725562635 5.956418384236998 145
1694725562951 1.132570777630285 146
1694725563290 0.035583377702794315 147
1694725563573 0.2760460991597606 148
1694725563928 1.3382307135014866 149
1694725564260 0.20135748965613315 150
1694725564554 2.6643574352863135 151
1694725564890 3.0968778493760163 152
1694725565213 0.44636041860472214 153
1694725565520 0.15937345122196755 154
1694725565849 18.382663480589898 155
1694725566198 18.869980625805155 156
1694725566518 0.054110870558572714 157
1694725566819 3.4270093396996 158
1694725567129 3.464422857057624 159
1694725567445 0.3350310140585068 160
1694725567733 21.10122420069355 161
1694725568073 0.7882085389810527 162
1694725568433 0.5809437006824101 163
1694725568697 4.5206391435469655 164
1694725569047 0.7124991524565517 165
1694725569365 5.016511786068223 166
1694725569636 2.184573216528063 167
1694725569868 8.6385173542514 168
1694725570169 12.865881049281429 169
1694725570504 0.17770759678291248 170
1694725570812 1.489329549254407 171
1694725571134 2.9922056637135745 172
1694725571444 1.846179644216206 173
1694725571743 2.4453716733923607 174
1694725571994 3.2517586695859255 175
1694725572259 0.4629557181229592 176
1694725572495 0.5559660100947368 177
1694725572751 1.254795241250952 178
1694725573034 4.282310204782909 179
1694725573323 0.48408254934764466 180
1694725573575 35.182778002584925 181
1694725573817 2.343872811398043 182
1694725574056 2.3076834427728605 183
1694725574352 1.3990455058429414 184
1694725574675 6.526702668524524 185
1694725575069 1.0669772244589701 186
1694725575430 0.2703963718328726 187
1694725575735 6.784752678973392 188
1694725576060 3.5048881050920664 189
1694725576378 1.3523533705730384 190
1694725576757 32.597362212675854 191
1694725577190 4.489227583361851 192
1694725577566 2.589983799290887 193
1694725577826 24.84678805650025 194
1694725578122 1.2388904631950042 195
1694725578528 9.192926092621315 196
1694725578809 2.523983274001398 197
1694725579112 13.878345322128844 198
1694725579472 1.514482470163799 199
1694725579817 3.7050794633315274 200
1694725580116 0.6016581375647669 201
1694725580437 7.193136776586889 202
1694725580765 3.563292265467226 203
1694725581074 5.400405494451887 204
1694725581396 0.8614575897114289 205
1694725581750 0.019250090257270095 206
1694725582077 39.593085127675685 207
1694725582389 2.267363614946575 208
1694725582706 0.9570610332797977 209
1694725583006 0.42503567353784083 210
1694725583321 13.76919619673156 211
1694725583644 4.895872900342265 212
1694725583872 0.3564672123920569 213
1694725584189 1.3671391992128037 214
1694725584489 5.194844292027379 215
1694725584762 15.3389268728262 216
1694725585120 0.7462989655753116 217
1694725585444 7.330038683396298 218
1694725585743 2.4974605843763262 219
1694725586020 1.4660589377598718 220
1694725586384 0.0023749351503184308 221
1694725586744 0.08188434242904588 222
1694725586975 1.7084265389425208 223
1694725587313 0.7528548384478119 224
1694725587628 0.21903687796728205 225
1694725587939 0.0020249951589159957 226
1694725588281 6.396001627159199 227
1694725588652 10.992993304139192 228
1694725588948 2.972058965349992 229
1694725589183 7.029939655311272 230
1694725589509 0.13793124189938252 231
1694725589819 3.214533421858184 232
1694725590105 15.238783896819125 233
1694725590376 0.6515594914550183 234
1694725590686 8.008528557072243 235
1694725590998 9.514724675374715 236
1694725591315 5.057577160021877 237
1694725591637 6.4393256028259565 238
1694725591947 2.42775901712497 239
1694725592222 4.797184821043646 240
1694725592566 0.32094642288808756 241
1694725592919 4.084065174917076 242
1694725593201 35.392168269499166 243
1694725593530 19.78351679937644 244
1694725593857 5.700681967225974 245
1694725594130 10.254698516782517 246
1694725594365 3.7331675078275923 247
1694725594650 8.325489668465892 248
1694725595021 22.144238577787736 249
1694725595333 5.151926067084752 250
1694725595703 15.973784803268622 251
1694725596027 0.009610455860895402 252
1694725596260 4.670953240114054 253
1694725596525 0.12742155852170123 254
1694725596843 14.011611285792304 255
1694725597133 0.029652045633411908 256
1694725597412 7.487675474783926 257
1694725597731 6.585998136312345 258
1694725598035 0.002113650698733141 259
1694725598269 2.519157231222044 260
1694725598571 8.623746327349416 261
1694725598950 0.42845660676622266 262
1694725599307 0.004694659895332458 263
1694725599638 1.7137789831520822 264
1694725599941 10.055962700741345 265
1694725600268 12.610090593658864 266
1694725600577 1.632187155680163 267
1694725600880 0.03084219778258537 268
1694725601192 0.7770424949543772 269
1694725601460 10.811729747872807 270
1694725601773 3.519554995694512 271
1694725602063 4.026359707276847 272
1694725602311 0.8231950361443003 273
1694725602559 2.7597477426283357 274
1694725602869 1.253011528868618 275
1694725603186 7.768194835604368 276
1694725603414 0.04281773732156858 277
1694725603667 0.27459010466747885 278
1694725603999 3.738046477756086 279
1694725604321 0.023835139637591284 280
1694725604554 0.00971045066766545 281
1694725604807 2.753034916321418 282
1694725605181 0.15629900289420626 283
1694725605476 1.684446535242675 284
1694725605768 17.011494155241383 285
1694725606005 1.7943947128483337 286
1694725606322 11.821805971219487 287
1694725606670 6.949278126779019 288
1694725606989 0.48324624040606495 289
1694725607297 13.64071303233606 290
1694725607565 0.30531246366873704 291
1694725607825 0.004827902091322823 292
1694725608079 14.765692022815289 293
1694725608299 1.3771030178547896 294
1694725608633 13.1852114484319 295
1694725608905 5.424073729571072 296
1694725609278 0.5367743158732674 297
1694725609603 33.01559185120206 298
1694725609922 0.017328884853816107 299
1694725610194 6.705712986365728 300
1694725610431 1.1141465789859277 301
1694725610722 1.2492141989039762 302
1694725611017 0.18711333586690337 303
1694725611343 5.212707556432751 304
1694725611617 0.9988512253961527 305
1694725612008 2.648023692225191 306
1694725612345 0.18958963710790475 307
1694725612599 12.23694570812966 308
1694725612984 0.02882322827570957 309
1694725613321 3.9275209570352096 310
1694725613573 25.078765151123402 311
1694725613866 7.641410035097177 312
1694725614159 2.207379046904551 313
1694725614448 0.12666053986731293 314
1694725614709 9.64028724999252 315
1694725615109 6.868320702308373 316
1694725615466 2.6759384078276125 317
1694725615710 25.070961483310068 318
1694725616053 0.8713424747573996 319
1694725616374 13.307575695730241 320
1694725616707 0.10056844101183236 321
1694725617026 1.2727777291019127 322
1694725617402 5.725399135868999 323
1694725617716 0.9243034296619167 324
1694725618032 8.80566220715601 325
1694725618391 5.990905218143143 326
1694725618657 0.0033251906060669167 327
1694725618898 6.6765000743252285 328
1694725619148 11.843584769138765 329
1694725619451 11.613542823246664 330
1694725619742 0.012714688245843963 331
1694725620005 2.1657744860132286 332
1694725620332 1.7899975859539894 333
1694725620611 2.180848326578396 334
1694725620871 0.0003844499705138326 335
1694725621157 0.5075829985020469 336
1694725621491 0.044559286976499454 337
1694725621828 0.190466529110484 338
1694725622179 1.5304173745658773 339
1694725622505 0.004059475997340747 340
1694725622772 0.009152572684946092 341
1694725623073 0.0005665021340669783 342
1694725623391 14.002737655133709 343
1694725623720 9.390457134533998 344
1694725624153 9.930580215133084 345
1694725624480 2.165237998249742 346
1694725624846 17.479214022891178 347
1694725625229 15.970812022995652 348
1694725625542 0.8696763969038429 349
1694725625808 7.472580547885261 350
1694725626150 0.12806036907395427 351
1694725626521 0.016470293467161123 352
1694725626834 0.00020485435733031922 353
1694725627157 0.0015284149685801315 354
1694725627459 3.021849028333401 355
1694725627712 2.5934847289425007 356
1694725627952 0.04003147831627009 357
1694725628257 1.7382239674930176 358
1694725628588 4.944779514861505 359
1694725628813 0.6794258761693814 360
1694725629120 0.11976268528188852 361
1694725629649 0.024446795416142038 362
1694725629969 4.817683738647895 363
1694725630265 0.36418839902421246 364
1694725630581 2.913764984280188 365
1694725630880 0.5397525350391182 366
1694725631170 0.6238697868722008 367
1694725631489 0.2951639396865653 368
1694725631806 1.8656213243692716 369
1694725632109 0.7384851121056637 370
1694725632414 0.6171744651700038 371
1694725632799 7.106001570266622 372
1694725633134 0.05797816415814423 373
1694725633399 3.226096626129586 374
1694725633735 3.0027653888273655 375
1694725634015 8.638892942764238 376
1694725634339 0.8148879346214719 377
1694725634655 3.575563794656859 378
1694725635022 8.111509329331588 379
1694725635409 8.03358024932889 380
1694725635693 2.9094841732160344 381
1694725636020 0.44446289800143424 382
1694725636293 4.880238235832572 383
1694725636572 4.5443930016321294 384
1694725637009 5.344711785621288 385
1694725637372 4.370670741831317 386
1694725637724 3.210161803787087 387
1694725638013 0.35565932557463303 388
1694725638329 0.8983426836903782 389
1694725638644 14.103222834601233 390
1694725638925 2.5263508754635406 391
1694725639180 1.3510320572333554 392
1694725639422 4.415801123299981 393
1694725639770 1.3536083236490302 394
1694725640055 9.602634206399223 395
1694725640383 7.13300765019165 396
1694725640691 5.027424290072228 397
1694725640946 0.8831549180853808 398
1694725641208 2.315440403832396 399
1694725641449 32.627195176095185 400
1694725641702 3.4813241837625544 401
1694725642014 1.5696320421041758 402
1694725642296 0.9953586220288662 403
1694725642593 0.0006028806400106435 404
1694725642921 0.45109706142629574 405
1694725643143 1.1463979215337212 406
1694725643476 0.8821062493686957 407
1694725643793 6.2694949036596315 408
1694725644152 0.4521784470934518 409
1694725644503 0.9622851494701586 410
1694725644824 12.587769829389794 411
1694725645147 0.21663751213298335 412
1694725645530 0.6182358810892291 413
1694725645839 0.5303359486679264 414
1694725646094 0.04306848031101169 415
1694725646375 14.578368781016954 416
1694725646722 18.474063040753233 417
1694725646979 0.789596667517106 418
1694725647205 1.4447501167099075 419
1694725647527 2.4637909979005115 420
1694725647835 8.56971617148647 421
1694725648081 20.34656782547596 422
1694725648371 0.45405501542593496 423
1694725648753 0.1250618877068012 424
1694725649032 6.1106362089466 425
1694725649328 17.89869460448041 426
1694725649654 1.7800918619981885 427
1694725649964 1.0384909954287336 428
1694725650200 1.9660108855977154 429
1694725650444 1.4777217127313949 430
1694725650809 6.52076557735476 431
1694725651109 19.487092334851745 432
1694725651394 0.07670575052084466 433
1694725651697 2.230242314095342 434
1694725652023 0.018266848468060183 435
1694725652257 5.006647446207378 436
1694725652543 22.492756650522576 437
1694725652869 0.5049952987276726 438
1694725653197 0.07462636492844758 439
1694725653514 29.581935713209525 440
1694725653831 3.552152789605115 441
1694725654165 0.04572977734942057 442
1694725654426 3.574182774628382 443
1694725654679 0.4349437861765967 444
1694725655023 3.2130984375652023 445
1694725655357 0.6230885283519247 446
1694725655611 9.768915583864603 447
1694725655864 2.3250426751899655 448
1694725656162 0.22552577543741226 449
1694725656402 1.248178069658076 450
1694725656661 10.08740966433583 451
1694725657006 5.536188971898816 452
1694725657282 1.9282622820667479 453
1694725657610 1.319254509427164 454
1694725657921 13.186710878662904 455
1694725658233 7.4178972831465355 456
1694725658486 0.051382537829263664 457
1694725658797 0.37352601343923775 458
1694725659115 4.746789837640656 459
1694725659374 0.10512681812414593 460
1694725659681 7.8191133263363595 461
1694725660035 7.18433088887378 462
1694725660380 1.1086759127986054 463
1694725660667 6.943551659358422 464
1694725661013 16.960816278354667 465
1694725661261 6.545104640168181 466
1694725661515 15.334888465240992 467
1694725661808 7.103492398609705 468
1694725662167 30.159745653385837 469
1694725662411 5.609341319567401 470
1694725662705 7.21599546647852 471
1694725662992 4.62256299635655 472
1694725663268 3.7170588053490823 473
1694725663548 3.0246164142362706 474
1694725663833 2.4125404781398965 475
1694725664233 3.283920896742314 476
1694725664674 5.422968252181265 477
1694725665123 2.9047950195034433 478
1694725665376 2.5759416853255206 479
1694725665746 10.023837756816116 480
1694725666058 0.6710242305259144 481
1694725666329 20.448844405969936 482
1694725666601 5.654853808377966 483
1694725666901 1.6768858091286483 484
1694725667185 9.889113981984174 485
1694725667452 9.216453203302729 486
1694725667720 2.361862812130332 487
1694725668013 3.1375392110601146 488
1694725668323 5.167566187991556 489
1694725668608 0.06358614048062482 490
1694725668952 0.0509650703693289 491
1694725669257 0.08460305178917933 492
1694725669500 0.1665328152756124 493
1694725669738 0.02306996518339944 494
1694725670050 10.401338749689922 495
1694725670357 6.537154127164169 496
1694725670593 0.921764374130473 497
1694725670914 3.950618487844549 498
1694725671247 4.310001756114917 499
