1694733754745 169.33022702445763 0
1694733755071 165.37073066630563 1
1694733755321 163.4555552125452 2
1694733755654 161.55114350139806 3
1694733755964 159.66933863747656 4
1694733756245 157.80980146277503 5
1694733756524 155.97226878974018 6
1694733756857 154.15648011727924 7
1694733757197 152.36217803145513 8
1694733757513 150.58910816634312 9
1694733757871 148.8370191679511 10
1694733758185 147.10566265855135 11
1694733758454 145.39479320143496 12
1694733758762 143.70416826608374 13
1694733759066 142.03354819375417 14
1694733759380 140.38269616346966 15
1694733759721 138.7513781584148 16
1694733760084 137.13936293272818 17
1694733760465 135.546421978688 18
1694733760842 133.97232949428684 19
1694733761182 132.41686235118985 20
1694733761559 130.87980006307285 21
1694733761869 129.36092475433523 22
1694733762204 127.86002112918337 23
1694733762571 126.3768764410801 24
1694733762896 124.91128046255638 25
1694733763264 123.4630254553798 26
1694733763509 122.03190614107714 27
1694733763944 120.61771967180545 28
1694733764292 119.22026560156827 29
1694733764641 117.83934585777293 30
1694733764993 116.47476471312433 31
1694733765282 115.12632875785197 32
1694733765564 113.79384687226553 33
1694733765876 112.4771301996357 34
1694733766210 111.17599211939613 35
1694733766494 109.89024822066266 36
1694733766823 108.61971627606621 37
1694733767223 107.36421621589571 38
1694733767514 106.12357010254685 39
1694733767848 104.89760210527393 40
1694733768196 103.68613847524038 41
1694733768499 102.4890075208648 42
1694733768826 101.3060395834591 43
1694733769185 100.13706701315493 44
1694733769507 98.98192414511553 45
1694733769862 97.84044727602895 46
1694733770181 96.71247464087992 47
1694733770511 95.5978463899966 48
1694733770857 94.49640456636939 49
1694733771221 93.40799308323808 50
1694733771683 92.33245770194459 51
1694733772038 91.26964601004812 52
1694733772361 90.21940739969912 53
1694733772712 89.18159304626965 54
1694733773075 88.1560558872368 55
1694733773394 87.14265060131609 56
1694733773754 86.14123358784194 57
1694733774129 85.15166294639249 58
1694733774412 84.1737984566557 59
1694733774728 83.2075015585337 60
1694733775040 82.25263533248298 61
1694733775304 81.30906448008726 62
1694733775560 80.37665530486052 63
1694733775867 79.45527569327727 64
1694733776306 78.54479509602767 65
1694733776643 77.6450845094943 66
1694733776963 76.75601645744871 67
1694733777321 75.87746497296435 68
1694733777599 75.00930558054394 69
1694733777918 74.1514152784585 70
1694733778273 73.30367252129531 71
1694733778571 72.46595720271277 72
1694733778847 71.63815063839944 73
1694733779128 70.8201355492348 74
1694733779387 70.01179604464959 75
1694733779684 69.21301760618296 76
1694733780022 68.42368707123465 77
1694733780394 67.64369261700935 78
1694733780739 66.87292374465125 79
1694733781104 66.11127126356658 80
1694733781460 65.35862727593177 81
1694733781784 64.61488516138485 82
1694733782107 63.87993956189859 83
1694733782440 63.153686366832375 84
1694733782731 62.436022698161295 85
1694733783123 61.726846895880065 86
1694733783493 61.02605850357994 87
1694733783842 60.333558254196355 88
1694733784196 59.649248055925185 89
1694733784478 58.97303097830616 90
1694733784804 58.304811238470755 91
1694733785135 57.64449418755309 92
1694733785498 56.991986297261754 93
1694733785797 56.347195146610545 94
1694733786051 55.71002940880652 95
1694733786355 55.08039883829325 96
1694733786628 54.458214257947404 97
1694733786944 53.84338754642712 98
1694733787260 53.23583162567018 99
1694733787600 52.6354604485401 100
1694733787980 52.04218898661865 101
1694733788266 51.45593321814294 102
1694733788558 50.87661011608527 103
1694733788840 50.304137636374236 104
1694733789162 49.7384347062553 105
1694733789488 49.1794212127891 106
1694733789743 48.62701799148619 107
1694733790108 48.0811468150761 108
1694733790431 47.54173038240963 109
1694733790713 47.00869230749241 110
1694733790985 46.48195710864848 111
1694733791321 45.961450197811985 112
1694733791690 45.4470978699459 113
1694733792029 44.93882729258586 114
1694733792451 44.4365664955081 115
1694733792731 43.94024436051939 116
1694733792990 43.44979061136813 117
1694733793415 42.96513580377492 118
1694733793725 42.48621131558102 119
1694733794044 42.012949337013666 120
1694733794382 41.545282861066525 121
1694733794767 41.0831456739941 122
1694733795120 40.62647234591884 123
1694733795472 40.17519822154929 124
1694733795774 39.729259411008194 125
1694733796070 39.28859278076937 126
1694733796415 38.853135944701705 127
1694733796734 38.42282725521937 128
1694733797133 37.997605794536724 129
1694733797433 37.57741136602691 130
1694733797741 37.162184485682545 131
1694733798164 36.75186637367786 132
1694733798541 36.346398946030526 133
1694733798824 35.945724806362236 134
1694733799180 35.54978723775698 135
1694733799507 35.158530194715695 136
1694733799789 34.771898295206064 137
1694733800142 34.38983681280665 138
1694733800510 34.01229166894397 139
1694733800780 33.63920942522141 140
1694733801067 33.27053727583918 141
1694733801476 32.90622304010388 142
1694733801879 32.546215155026815 143
1694733802172 32.190462668009964 144
1694733802560 31.838915229618536 145
1694733802861 31.491523086439226 146
1694733803195 31.14823707402286 147
1694733803590 30.80900860991072 148
1694733803909 30.47378968674349 149
1694733804338 30.142532865451734 150
1694733804692 29.815191268527023 151
1694733805042 29.49171857337279 152
1694733805378 29.172069005733846 153
1694733805713 28.85619733320379 154
1694733806019 28.544058858809272 155
1694733806416 28.23560941467019 156
1694733806757 27.93080535573502 157
1694733807200 27.62960355359031 158
1694733807531 27.331961390343462 159
1694733807832 27.037836752577995 160
1694733808101 26.747188025380364 161
1694733808466 26.459974086437505 162
1694733808770 26.176154300204313 163
1694733809077 25.895688512140143 164
1694733809350 25.618537043013575 165
1694733809680 25.344660683274633 166
1694733809964 25.07402068749369 167
1694733810260 24.806578768866114 168
1694733810603 24.54229709378209 169
1694733810947 24.281138276460705 170
1694733811324 24.02306537364758 171
1694733811708 23.768041879375296 172
1694733811948 23.51603171978587 173
1694733812182 23.266999248014542 174
1694733812483 23.020909239134106 175
1694733812799 22.77772688515916 176
1694733813164 22.537417790109547 177
1694733813585 22.299947965132123 178
1694733813932 22.065283823680453 179
1694733814283 21.83339217675144 180
1694733814639 21.604240228178497 181
1694733814940 21.377795569980332 182
1694733815257 21.154026177764912 183
1694733815714 20.93290040618778 184
1694733816028 20.71438698446419 185
1694733816348 20.498455011934393 186
1694733816673 20.285073953681405 187
1694733816988 20.074213636200703 188
1694733817315 19.865844243121145 189
1694733817710 19.65993631097665 190
1694733818079 19.45646072502784 191
1694733818426 19.25538871513327 192
1694733818736 19.056691851669477 193
1694733818981 18.860342041499326 194
1694733819288 18.666311523988206 195
1694733819568 18.474572867067252 196
1694733819850 18.285098963343298 197
1694733820172 18.09786302625485 198
1694733820589 17.912838586273594 199
1694733820863 17.729999487150856 200
1694733821159 17.549319882208547 201
1694733821533 17.370774230673995 202
1694733821861 17.194337294058194 203
1694733822173 17.019984132576948 204
1694733822516 16.84769010161436 205
1694733822861 16.677430848228287 206
1694733823122 16.509182307697017 207
1694733823458 16.342920700107015 208
1694733823711 16.178622526980945 209
1694733824034 16.016264567945697 210
1694733824385 15.85582387743982 211
1694733824735 15.69727778145997 212
1694733825107 15.540603874345905 213
1694733825391 15.385780015603478 214
1694733825716 15.232784326765342 215
1694733825997 15.081595188288748 216
1694733826316 14.932191236490134 217
1694733826648 14.78455136051598 218
1694733826930 14.63865469934954 219
1694733827257 14.494480638853041 220
1694733827567 14.352008808844861 221
1694733827866 14.211219080211354 222
1694733828105 14.07209156205286 223
1694733828470 13.934606598863517 224
1694733828806 13.798744767744443 225
1694733829112 13.664486875649974 226
1694733829520 13.531813956666431 227
1694733829849 13.400707269323188 228
1694733830094 13.271148293935502 229
1694733830399 13.143118729978902 230
1694733830727 13.01660049349456 231
1694733831046 12.89157571452548 232
1694733831402 12.768026734582987 233
1694733831894 12.645936104143239 234
1694733832187 12.525286580173361 235
1694733832511 12.406061123686914 236
1694733832873 12.288242897328278 237
1694733833152 12.171815262985644 238
1694733833501 12.056761779432247 239
1694733833863 11.943066199995586 240
1694733834229 11.830712470254214 241
1694733834556 11.719684725761756 242
1694733834900 11.609967289797975 243
1694733835221 11.501544671146355 244
1694733835565 11.394401561898093 245
1694733835889 11.288522835282025 246
1694733836213 11.183893543520314 247
1694733836616 11.08049891570946 248
1694733836943 10.97832435572645 249
1694733837252 10.877355440159674 250
1694733837579 10.777577916264365 251
1694733837879 10.67897769994222 252
1694733838202 10.58154087374496 253
1694733838583 10.485253684901537 254
1694733838966 10.390102543368675 255
1694733839256 10.296074019904536 256
1694733839619 10.203154844165134 257
1694733839979 10.111331902823348 258
1694733840280 10.020592237710169 259
1694733840617 9.93092304397799 260
1694733840929 9.842311668285603 261
1694733841297 9.754745607004713 262
1694733841703 9.668212504447682 263
1694733842032 9.582700151116272 264
1694733842328 9.498196481971085 265
1694733842598 9.414689574721546 266
1694733842897 9.332167648136082 267
1694733843190 9.250619060372339 268
1694733843577 9.17003230732719 269
1694733843858 9.090396021006212 270
1694733844140 9.011698967912555 271
1694733844460 8.933930047454801 272
1694733844786 8.85707829037376 273
1694733845062 8.78113285718782 274
1694733845341 8.706083036656752 275
1694733845701 8.631918244263685 276
1694733845947 8.558628020715055 277
1694733846237 8.486202030458324 278
1694733846498 8.414630060217236 279
1694733846834 8.343902017544433 280
1694733847122 8.274007929391185 281
1694733847478 8.204937940694089 282
1694733847825 8.136682312978468 283
1694733848154 8.069231422978328 284
1694733848476 8.00257576127264 285
1694733848796 7.9367059309377845 286
1694733849101 7.871612646215935 287
1694733849410 7.807286731199219 288
1694733849723 7.7437191185294525 289
1694733850052 7.680900848113284 290
1694733850437 7.618823065852515 291
1694733850763 7.557477022389517 292
1694733851091 7.496854071867428 293
1694733851417 7.436945670705087 294
1694733851829 7.37774337638643 295
1694733852160 7.3192388462642715 296
1694733852547 7.261423836378197 297
1694733852946 7.204290200286471 298
1694733853290 7.147829887911787 299
1694733853667 7.092034944400678 300
1694733853969 7.036897508996409 301
1694733854252 6.9824098139252495 302
1694733854547 6.928564183295906 303
1694733854909 6.875353032011994 304
1694733855170 6.822768864697393 305
1694733855480 6.770804274634321 306
1694733855784 6.719451942713965 307
1694733856139 6.668704636399568 308
1694733856463 6.618555208701762 309
1694733856798 6.568996597166055 310
1694733857224 6.52002182287228 311
1694733857554 6.471623989445936 312
1694733857916 6.423796282081175 313
1694733858331 6.376531966575402 314
1694733858678 6.3298243883752825 315
1694733859031 6.283666971634069 316
1694733859389 6.238053218280042 317
1694733859753 6.192976707096047 318
1694733860095 6.148431092809841 319
1694733860372 6.10441010519531 320
1694733860635 6.06090754818424 321
1694733860934 6.017917298988668 322
1694733861252 5.975433307233593 323
1694733861717 5.9334495940999314 324
1694733862061 5.8919602514776725 325
1694733862368 5.850959441129038 326
1694733862741 5.810441393861515 327
1694733863082 5.77040040871076 328
1694733863442 5.730830852133075 329
1694733863784 5.691727157207525 330
1694733864144 5.6530838228474645 331
1694733864443 5.614895413021407 332
1694733864781 5.577156555983121 333
1694733865129 5.539861943510843 334
1694733865473 5.503006330155483 335
1694733865758 5.466584532497745 336
1694733866109 5.430591428414042 337
1694733866496 5.3950219563510835 338
1694733866788 5.359871114609097 339
1694733867196 5.325133960633463 340
1694733867475 5.290805610314812 341
1694733867800 5.256881237297348 342
1694733868123 5.223356072295402 343
1694733868426 5.190225402418038 344
1694733868882 5.157484570501719 345
1694733869234 5.125128974450782 346
1694733869565 5.093154066585819 347
1694733869880 5.061555352999673 348
1694733870226 5.030328392921148 349
1694733870521 4.999468798086186 350
1694733870900 4.968972232116543 351
1694733871290 4.938834409905767 352
1694733871596 4.909051097012479 353
1694733871919 4.8796181090608455 354
1694733872246 4.850531311148088 355
1694733872584 4.821786617259106 356
1694733872900 4.793379989687939 357
1694733873258 4.765307438466106 358
1694733873687 4.737565020797748 359
1694733874021 4.710148840501407 360
1694733874314 4.683055047458447 361
1694733874625 4.656279837067971 362
1694733874952 4.629819449708235 363
1694733875297 4.603670170204425 364
1694733875656 4.577828327302687 365
1694733875967 4.552290293150458 366
1694733876325 4.527052482782883 367
1694733876622 4.502111353615363 368
1694733876873 4.477463404942084 369
1694733877150 4.453105177440477 370
1694733877468 4.429033252681564 371
1694733877853 4.405244252646085 372
1694733878216 4.381734839246373 373
1694733878567 4.358501713853852 374
1694733878902 4.335541616832159 375
1694733879206 4.31285132707579 376
1694733879488 4.290427661554201 377
1694733879810 4.268267474861312 378
1694733880200 4.246367658770319 379
1694733880548 4.224725141793821 380
1694733880890 4.203336888749107 381
1694733881187 4.182199900328641 382
1694733881497 4.161311212675563 383
1694733881879 4.14066789696428 384
1694733882234 4.1202670589859824 385
1694733882634 4.100105838739091 386
1694733882984 4.080181410024531 387
1694733883326 4.0604909800458175 388
1694733883652 4.041031789013847 389
1694733883974 4.021801109756398 390
1694733884311 4.002796247332239 391
1694733884593 3.9840145386497956 392
1694733884920 3.9654533520903548 393
1694733885266 3.9471100871357003 394
1694733885543 3.928982174000192 395
1694733885863 3.9110670732671595 396
1694733886141 3.893362275529635 397
1694733886469 3.8758653010353155 398
1694733886748 3.8585736993357425 399
1694733887052 3.8414850489396217 400
1694733887393 3.8245969569702623 401
1694733887704 3.8079070588270385 402
1694733888012 3.791413017850921 403
1694733888342 3.7751125249938795 404
1694733888598 3.759003298492291 405
1694733888903 3.743083083544136 406
1694733889219 3.7273496519900697 407
1694733889627 3.71180080199823 408
1694733889961 3.696434357752822 409
1694733890277 3.6812481691463246 410
1694733890678 3.6662401114754077 411
1694733891032 3.6514080851403934 412
1694733891364 3.636750015348317 413
1694733891734 3.622263851819477 414
1694733892074 3.607947568497453 415
1694733892387 3.5937991632625867 416
1694733892652 3.5798166576488333 417
1694733892956 3.5659980965639515 418
1694733893310 3.552341548013034 419
1694733893590 3.538845102825296 420
1694733893956 3.5255068743840994 421
1694733894284 3.512324998360172 422
1694733894611 3.499297632447964 423
1694733894937 3.4864229561051787 424
1694733895286 3.473699170295323 425
1694733895607 3.4611244972333495 426
1694733895887 3.448697180134297 427
1694733896245 3.436415482964887 428
1694733896586 3.4242776901980956 429
1694733896890 3.4122821065705917 430
1694733897261 3.4004270568430752 431
1694733897603 3.388710885563446 432
1694733897961 3.3771319568327614 433
1694733898301 3.365688654073975 434
1694733898645 3.3543793798034223 435
1694733898962 3.343202555404986 436
1694733899302 3.332156620906956 437
1694733899609 3.321240034761528 438
1694733899926 3.310451273626885 439
1694733900261 3.299788832151904 440
1694733900609 3.289251222763375 441
1694733900970 3.278836975455738 442
1694733901315 3.2685446375833447 443
1694733901702 3.258372773655126 444
1694733901961 3.248319965131746 445
1694733902298 3.2383848102250985 446
1694733902624 3.2285659237002258 447
1694733902956 3.2188619366795628 448
1694733903404 3.209271496449474 449
1694733903726 3.199793266269132 450
1694733904045 3.1904259251816094 451
1694733904488 3.1811681678272357 452
1694733904812 3.172018704259145 453
1694733905196 3.1629762597610176 454
1694733905584 3.1540395746669816 455
1694733905866 3.1452074041836275 456
1694733906149 3.1364785182141564 457
1694733906455 3.1278517011845848 458
1694733906778 3.119325751872005 459
1694733907127 3.1108994832349164 460
1694733907470 3.1025717222455107 461
1694733907795 3.09434130972398 462
1694733908107 3.086207100174775 463
1694733908463 3.07816796162479 464
1694733908761 3.0702227754634768 465
1694733909063 3.0623704362848554 466
1694733909366 3.0546098517313682 467
1694733909703 3.0469399423396104 468
1694733909990 3.039359641387878 469
1694733910381 3.031867894745499 470
1694733910718 3.0244636607239785 471
1694733911002 3.0171459099298885 472
1694733911284 3.0099136251195033 473
1694733911595 3.0027658010551477 474
1694733911946 2.9957014443632506 475
1694733912290 2.9887195733940937 476
1694733912627 2.981819218083178 477
1694733912921 2.974999419814281 478
1694733913291 2.9682592312840974 479
1694733913653 2.9615977163684963 480
1694733913992 2.955013949990364 481
1694733914356 2.948507017988997 482
1694733914730 2.942076016991062 483
1694733915039 2.9357200542830584 484
1694733915367 2.9294382476853076 485
1694733915713 2.9232297254274244 486
1694733915978 2.9170936260252707 487
1694733916299 2.91102909815935 488
1694733916619 2.905035300554651 489
1694733916995 2.899111401861921 490
1694733917350 2.8932565805403345 491
1694733917698 2.8874700247415364 492
1694733918062 2.8817509321950787 493
1694733918409 2.8760985100952134 494
1694733918731 2.8705119749890105 495
1694733919018 2.8649905526658084 496
1694733919385 2.8595334780479575 497
1694733919741 2.8541399950828885 498
1694733920015 2.848809356636429 499
