1694739496588 169.33022702445763 0
1694739496905 165.37073066630563 1
1694739497216 161.50815167109167 2
1694739497519 157.73714997717641 3
1694739497851 154.05555397040024 4
1694739498182 150.46124353810703 5
1694739498549 146.95214884768652 6
1694739498912 143.52624915408612 7
1694739499261 140.18157163560605 8
1694739499624 136.91619025730614 9
1694739499912 133.7282246613702 10
1694739500191 130.61583908378762 11
1694739500532 127.577241296729 12
1694739500885 124.61068157600585 13
1694739501234 121.71445169301946 14
1694739501593 118.88688393061821 15
1694739501878 116.12635012229624 16
1694739502172 113.43126071417997 17
1694739502528 110.80006384926176 18
1694739502837 108.23124447335327 19
1694739503227 105.72332346224327 20
1694739503549 103.27485676955703 21
1694739503854 100.88443459482627 22
1694739504161 98.55068057129039 23
1694739504544 96.27225097296068 24
1694739504867 94.0478339404913 25
1694739505166 91.87614872541025 26
1694739505677 89.7559449522752 27
1694739506067 87.68600189832922 28
1694739506362 85.66512779024104 29
1694739506648 83.69215911752471 30
1694739506957 81.76595996224314 31
1694739507319 79.88542134460948 32
1694739507702 78.04946058410864 33
1694739508051 76.25702067577173 34
1694739508375 74.50706968124327 35
1694739508689 72.79860013429074 36
1694739508995 71.1306284604139 37
1694739509336 69.50219441021916 38
1694739509657 67.91236050623304 39
1694739509953 66.36021150283537 40
1694739510308 64.84485385900159 41
1694739510621 63.36541522355017 42
1694739510918 61.921043932598316 43
1694739511213 60.51090851893672 44
1694739511568 59.134197233040695 45
1694739511890 57.79011757544124 46
1694739512243 56.47789584018733 47
1694739512671 55.19677666913566 48
1694739513000 53.946022616811476 49
1694739513317 52.72491372558974 50
1694739513650 51.5327471109516 51
1694739513944 50.36883655657749 52
1694739514208 49.232512119043456 53
1694739514496 48.12311974189279 54
1694739514882 47.040020878860936 55
1694739515138 45.98259212603621 56
1694739515413 44.950224862744754 57
1694739515746 43.94232490095246 58
1694739516097 42.95831214298215 59
1694739516447 41.99762024734862 60
1694739516778 41.05969630251912 61
1694739517154 40.144000508411146 62
1694739517459 39.25000586544421 63
1694739517852 38.37719787096642 64
1694739518159 37.52507422288071 65
1694739518519 36.69314453030027 66
1694739518845 35.88093003106632 67
1694739519140 35.08796331596543 68
1694739519583 34.31378805948758 69
1694739519917 33.55795875696978 70
1694739520167 32.82004046797385 71
1694739520450 32.099608565750344 72
1694739520771 31.396248492644588 73
1694739521035 30.70955552130347 74
1694739521298 30.03913452154581 75
1694739521734 29.384599732761785 76
1694739522045 28.745574541710187 77
1694739522379 28.121691265585724 78
1694739522717 27.51259094023119 79
1694739523014 26.917923113372563 80
1694739523336 26.337345642757867 81
1694739523710 25.77052449908353 82
1694739524079 25.2171335735946 83
1694739524439 24.676854490248132 84
1694739524778 24.149376422331336 85
1694739525073 23.634395913428964 86
1694739525353 23.131616702636702 87
1694739525690 22.640749553919953 88
1694739526084 22.16151208951957 89
1694739526531 21.69362862730866 90
1694739526873 21.23683002200672 91
1694739527183 20.790853510159582 92
1694739527481 20.355442558795914 93
1694739527857 19.930346717673025 94
1694739528151 19.515321475026916 95
1694739528463 19.11012811674333 96
1694739528818 18.714533588868857 97
1694739529121 18.328310363382684 98
1694739529468 17.951236307151817 99
1694739529764 17.583094553994137 100
1694739530096 17.223673379775718 101
1694739530483 16.872766080470285 102
1694739530853 16.53017085311071 103
1694739531125 16.195690679563874 104
1694739531463 15.869133213061902 105
1694739531789 15.55031066742451 106
1694739532103 15.239039708908527 107
1694739532456 14.935141350622333 108
1694739532835 14.638440849444397 109
1694739533150 14.348767605386437 110
1694739533507 14.065955063343422 111
1694739533852 13.7898406171735 112
1694739534162 13.520265516052905 113
1694739534518 13.257074773051677 114
1694739534974 13.000117075877633 115
1694739535248 12.74924469973709 116
1694739535596 12.504313422262207 117
1694739535990 12.265182440455872 118
1694739536303 12.031714289606336 119
1694739536643 11.803774764124848 120
1694739536949 11.581232840260657 121
1694739537234 11.36396060064893 122
1694739537539 11.151833160648035 123
1694739537970 10.944728596423817 124
1694739538317 10.742527874739377 125
1694739538700 10.54511478440995 126
1694739539064 10.352375869383362 127
1694739539363 10.164200363407529 128
1694739539725 9.980480126247352 129
1694739540072 9.80110958141425 130
1694739540389 9.625985655372496 131
1694739540714 9.455007718187256 132
1694739541069 9.28807752558023 133
1694739541402 9.125099162359462 134
1694739541759 8.96597898719068 135
1694739542103 8.810625578678469 136
1694739542369 8.658949682726114 137
1694739542710 8.510864161143816 138
1694739543037 8.366283941475672 139
1694739543369 8.225125968016533 140
1694739543722 8.087309153990502 141
1694739544067 7.952754334863504 142
1694739544350 7.821384222763086 143
1694739544696 7.69312336197912 144
1694739545034 7.567898085519831 145
1694739545347 7.445636472698078 146
1694739545754 7.326268307723505 147
1694739546175 7.209725039276625 148
1694739546477 7.095939741041652 149
1694739546769 6.984847073175252 150
1694739547178 6.8763832446890785 151
1694739547525 6.770485976724365 152
1694739547892 6.66709446669749 153
1694739548250 6.566149353295785 154
1694739548562 6.467592682303464 155
1694739548873 6.371367873237985 156
1694739549204 6.277419686777602 157
1694739549549 6.1856941929613445 158
1694739549874 6.096138740143168 159
1694739550223 6.008701924682279 160
1694739550554 5.923333561352245 161
1694739550868 5.839984654451876 162
1694739551199 5.758607369601139 163
1694739551495 5.679155006205916 164
1694739551918 5.601581970575792 165
1694739552262 5.525843749679252 166
1694739552568 5.451896885521297 167
1694739552908 5.379698950128668 168
1694739553248 5.3092085211282525 169
1694739553554 5.240385157904635 170
1694739553910 5.173189378323032 171
1694739554286 5.107582636004245 172
1694739554613 5.0435272981384625 173
1694739554948 4.980986623825223 174
1694739555299 4.919924742926994 175
1694739555618 4.860306635424208 176
1694739555928 4.80209811125987 177
1694739556305 4.745265790662129 178
1694739556675 4.68977708493346 179
1694739557049 4.635600177695388 180
1694739557350 4.582704006577975 181
1694739557710 4.531058245343518 182
1694739557986 4.480633286434129 183
1694739558300 4.43140022393318 184
1694739558584 4.383330836930795 185
1694739559110 4.336397573283772 186
1694739559403 4.290573533760627 187
1694739559726 4.245832456562588 188
1694739560103 4.2021487022116535 189
1694739560423 4.159497238796998 190
1694739560706 4.117853627571218 191
1694739561015 4.077194008888119 192
1694739561307 4.03749508847398 193
1694739561611 3.9987341240243435 194
1694739561912 3.9608889121186355 195
1694739562265 3.9239377754450513 196
1694739562521 3.8878595503284097 197
1694739562834 3.8526335745536997 198
1694739563174 3.8182396754784067 199
1694739563552 3.7846581584266783 200
1694739563878 3.751869795358714 201
1694739564243 3.71985581380882 202
1694739564565 3.688597886085759 203
1694739564911 3.658078118729173 204
1694739565273 3.6282790422160374 205
1694739565603 3.5991836009111697 206
1694739566025 3.57077514325603 207
1694739566325 3.543037412190168 208
1694739566612 3.515954535799779 209
1694739566956 3.489511018188016 210
1694739567313 3.4636917305617487 211
1694739567638 3.438481902529694 212
1694739568078 3.41386711360687 213
1694739568440 3.3898332849204618 214
1694739568764 3.3663666711123943 215
1694739569070 3.343453852433858 216
1694739569354 3.3210817270273134 217
1694739569643 3.299237503391478 218
1694739569954 3.2779086930249575 219
1694739570341 3.2570831032443452 220
1694739570645 3.236748830172555 221
1694739570951 3.216894251893436 222
1694739571259 3.1975080217686886 223
1694739571520 3.1785790619132204 224
1694739571823 3.1600965568252217 225
1694739572150 3.142049947167256 226
1694739572504 3.1244289236948135 227
1694739572819 3.1072234213288024 228
1694739573154 3.0904236133685936 229
1694739573574 3.074019905842251 230
1694739573888 3.0580029319907402 231
1694739574155 3.0423635468828927 232
1694739574432 3.0270928221580498 233
1694739574826 3.012182040893366 234
1694739575156 2.997622692592778 235
1694739575479 2.983406468294805 236
1694739575802 2.9695252557963245 237
1694739576170 2.955971134989579 238
1694739576491 2.942736373309757 239
1694739576823 2.9298134212904787 240
1694739577178 2.9171949082246806 241
1694739577515 2.904873637928343 242
1694739577847 2.8928425846046735 243
1694739578126 2.8810948888063375 244
1694739578446 2.8696238534934064 245
1694739578758 2.858422940184774 246
1694739579108 2.847485765200809 247
1694739579589 2.836806095995081 248
1694739579873 2.826377847573052 249
1694739580240 2.8161950789956802 250
1694739580543 2.806251989965898 251
1694739580858 2.7965429174960286 252
1694739581216 2.7870623326541937 253
1694739581642 2.777804837387866 254
1694739582092 2.76876516142271 255
1694739582513 2.759938159234956 256
1694739582942 2.7513188070955334 257
1694739583246 2.7429022001842838 258
1694739583566 2.734683549772582 259
1694739583972 2.726658180472747 260
1694739584275 2.7188215275526533 261
1694739584613 2.7111691343140034 262
1694739584918 2.7036966495327497 263
1694739585258 2.696399824960194 264
1694739585568 2.6892745128833138 265
1694739585986 2.682316663742929 266
1694739586373 2.6755223238083343 267
1694739586686 2.668887632907033 268
1694739586969 2.6624088222083113 269
1694739587304 2.6560822120593377 270
1694739587618 2.649904209872549 271
1694739587979 2.64387130806313 272
1694739588307 2.637980082035369 273
1694739588672 2.632227188216754 274
1694739589018 2.6266093621386535 275
1694739589367 2.621123416562509 276
1694739589680 2.615766239650428 277
1694739589952 2.610534793179147 278
1694739590275 2.605426110796319 279
1694739590621 2.6004372963181472 280
1694739590907 2.5955655220673535 281
1694739591228 2.590808027250545 282
1694739591576 2.586162116374042 283
1694739591909 2.581625157697257 284
1694739592275 2.57719458172272 285
1694739592594 2.5728678797219007 286
1694739592872 2.5686426022959696 287
1694739593207 2.5645163579706627 288
1694739593584 2.5604868118244664 289
1694739593906 2.55655168414929 290
1694739594238 2.552708749142901 291
1694739594615 2.548955833632344 292
1694739594866 2.5452908158276077 293
1694739595143 2.541711624104839 294
1694739595431 2.5382162358183846 295
1694739595807 2.5348026761409974 296
1694739596200 2.531469016931516 297
1694739596559 2.528213375629391 298
1694739596865 2.5250339141754004 299
1694739597226 2.521928837957943 300
1694739597575 2.518896394784312 301
1694739597951 2.51593487387633 302
1694739598217 2.5130426048898 303
1694739598471 2.5102179569571863 304
1694739598763 2.507459337752981 305
1694739599116 2.504765192581223 306
1694739599427 2.502134003484626 307
1694739599718 2.499564288374836 308
1694739600090 2.4970546001832847 309
1694739600431 2.4946035260321664 310
1694739600734 2.4922096864250594 311
1694739601051 2.48987173445673 312
1694739601399 2.487588355041654 313
1694739601748 2.4853582641608236 314
1694739602047 2.4831802081263903 315
1694739602443 2.4810529628637457 316
1694739602788 2.4789753332106006 317
1694739603070 2.4769461522326814 318
1694739603398 2.4749642805556284 319
1694739603744 2.4730286057127313 320
1694739604025 2.4711380415081186 321
1694739604343 2.469291527395028 322
1694739604753 2.467488027868814 323
1694739605054 2.465726531874332 324
1694739605369 2.4640060522273632 325
1694739605738 2.4623256250497443 326
1694739606031 2.4606843092178856 327
1694739606378 2.4590811858243455 328
1694739606736 2.457515357652167 329
1694739607069 2.455985948661661 330
1694739607417 2.4544921034893568 331
1694739607848 2.4530329869588066 332
1694739608242 2.4516077836029955 333
1694739608548 2.450215697198053 334
1694739608846 2.448855950308012 335
1694739609217 2.4475277838403553 336
1694739609543 2.4462304566120867 337
1694739609845 2.4449632449260794 338
1694739610195 2.4437254421574632 339
1694739610543 2.4425163583498035 340
1694739610839 2.441335319820848 341
1694739611139 2.4401816687776146 342
1694739611508 2.439054762940585 343
1694739611833 2.4379539751768133 344
1694739612146 2.4368786931417126 345
1694739612500 2.43582831892933 346
1694739612862 2.434802268730904 347
1694739613145 2.4337999725015127 348
1694739613495 2.432820873634601 349
1694739613867 2.4318644286442384 350
1694739614130 2.43093010685488 351
1694739614409 2.43001739009849 352
1694739614755 2.4291257724188267 353
1694739615064 2.428254759782737 354
1694739615377 2.427403869798283 355
1694739615745 2.426572631439546 356
1694739616100 2.4257605847779464 357
1694739616479 2.4249672807199207 358
1694739616856 2.424192280750819 359
1694739617147 2.423435156684856 360
1694739617450 2.4226954904209927 361
1694739617863 2.421972873704585 362
1694739618213 2.421266907894691 363
1694739618605 2.4205772037368747 364
1694739619097 2.419903381141392 365
1694739619508 2.419245068966632 366
1694739619854 2.4186019048076814 367
1694739620147 2.417973534789894 368
1694739620498 2.4173596133673474 369
1694739620862 2.4167598031260735 370
1694739621178 2.416173774591941 371
1694739621463 2.4156012060430907 372
1694739621766 2.41504178332681 373
1694739622049 2.414495199680738 374
1694739622363 2.4139611555583054 375
1694739622696 2.4134393584583087 376
1694739623051 2.41292952275851 377
1694739623438 2.412431369553186 378
1694739623795 2.4119446264945115 379
1694739624144 2.4114690276377027 380
1694739624471 2.4110043132898227 381
1694739624858 2.410550229862167 382
1694739625188 2.41010652972614 383
1694739625554 2.409672971072545 384
1694739625906 2.4092493177741994 385
1694739626277 2.4088353392518056 386
1694739626562 2.4084308103429897 387
1694739626895 2.4080355111744476 388
1694739627165 2.407649227037106 389
1694739627537 2.4072717482642463 390
1694739627997 2.4069028701125035 391
1694739628313 2.4065423926456866 392
1694739628663 2.406190120621348 393
1694739629005 2.405845863380028 394
1694739629308 2.4055094347371324 395
1694739629633 2.405180652877352 396
1694739629975 2.4048593402515945 397
1694739630292 2.4045453234763485 398
1694739630666 2.4042384332354207 399
1694739631007 2.40393850418401 400
1694739631295 2.403645374855041 401
1694739631563 2.403358887567717 402
1694739631886 2.403078888338233 403
1694739632191 2.402805226792605 404
1694739632538 2.4025377560815553 405
1694739632904 2.402276332797412 406
1694739633223 2.4020208168929753 407
1694739633576 2.4017710716023015 408
1694739633947 2.4015269633633616 409
1694739634267 2.401288361742521 410
1694739634630 2.4010551393608157 411
1694739634975 2.4008271718219665 412
1694739635264 2.400604337642089 413
1694739635620 2.4003865181810773 414
1694739635990 2.400173597575601 415
1694739636370 2.3999654626736877 416
1694739636733 2.3997620029708524 417
1694739637091 2.3995631105477386 418
1694739637435 2.3993686800092306 419
1694739637793 2.3991786084250046 420
1694739638143 2.398992795271486 421
1694739638481 2.3988111423751803 422
1694739638806 2.398633553857339 423
1694739639196 2.3984599360799335 424
1694739639576 2.398290197592913 425
1694739639879 2.3981242490826964 426
1694739640177 2.3979620033218922 427
1694739640474 2.3978033751201986 428
1694739640826 2.3976482812764672 429
1694739641117 2.397496640531902 430
1694739641379 2.397348373524356 431
1694739641761 2.3972034027437146 432
1694739642118 2.3970616524883277 433
1694739642411 2.3969230488224795 434
1694739642744 2.3967875195348487 435
1694739643086 2.3966549940979633 436
1694739643333 2.396525403628604 437
1694739643646 2.3963986808491478 438
1694739644123 2.3962747600498218 439
1694739644377 2.3961535770518516 440
1694739644694 2.3960350691714716 441
1694739645000 2.3959191751847944 442
1694739645294 2.395805835293506 443
1694739645607 2.3956949910913696 444
1694739645997 2.3955865855315213 445
1694739646429 2.3954805628945355 446
1694739646786 2.3953768687572485 447
1694739647099 2.395275449962317 448
1694739647379 2.395176254588488 449
1694739647689 2.39507923192158 450
1694739648051 2.394984332426145 451
1694739648356 2.394891507717794 452
1694739648790 2.3948007105361873 453
1694739649139 2.39471189471865 454
1694739649467 2.394625015174415 455
1694739649845 2.394540027859476 456
1694739650213 2.3944568897520315 457
1694739650534 2.394375558828503 458
1694739650923 2.3942959940401316 459
1694739651230 2.3942181552901087 460
1694739651480 2.394142003411264 461
1694739651758 2.3940675001442666 462
1694739652112 2.3939946081163472 463
1694739652405 2.393923290820518 464
1694739652736 2.3938535125952862 465
1694739653161 2.3937852386048406 466
1694739653476 2.3937184348197116 467
1694739653825 2.3936530679978807 468
1694739654132 2.3935891056663405 469
1694739654404 2.393526516103086 470
1694739654730 2.393465268319531 471
1694739655066 2.3934053320433395 472
1694739655372 2.393346677701662 473
1694739655736 2.3932892764047633 474
1694739656146 2.393233099930041 475
1694739656463 2.393178120706419 476
1694739656807 2.3931243117991023 477
1694739657144 2.393071646894704 478
1694739657469 2.3930201002867073 479
1694739657891 2.3929696468612818 480
1694739658223 2.392920262083429 481
1694739658539 2.392871921983451 482
1694739658913 2.3928246031437443 483
1694739659260 2.3927782826858994 484
