1694739661363 168.8726089431785 0
1694739661584 164.92841811648623 1
1694739661920 161.0806600975714 2
1694739662299 157.3240146324179 3
1694739662572 153.65632381165022 4
1694739662941 150.07548083881292 5
1694739663285 146.57942881963422 6
1694739663561 143.16615957996981 7
1694739663850 139.8337125117471 8
1694739664121 136.58017344624687 9
1694739664444 133.4036735540747 10
1694739664737 130.3023882711898 11
1694739665061 127.27453625037421 12
1694739665368 124.31837833753981 13
1694739665664 121.43221657228402 14
1694739665959 118.61439321212089 15
1694739666367 115.86328977982615 16
1694739666694 113.17732613334829 17
1694739667086 110.55495955775217 18
1694739667412 107.99468387867223 19
1694739667774 105.49502859676636 20
1694739668104 103.05455804267275 21
1694739668407 100.67187055198409 22
1694739668735 98.34559765976496 23
1694739669112 96.07440331414941 24
1694739669444 93.85698310856672 25
1694739669736 91.69206353215426 26
1694739670235 89.57840123792647 27
1694739670528 87.51478232827921 28
1694739670810 85.50002165741928 29
1694739671130 83.5329621503177 30
1694739671467 81.61247413779554 31
1694739671846 79.73745470736033 32
1694739672183 77.90682706941955 33
1694739672501 76.11953993850722 34
1694739672864 74.37456692916794 35
1694739673173 72.67090596615114 36
1694739673484 71.00757870857639 37
1694739673798 69.38362998773904 38
1694739674147 67.7981272582332 39
1694739674466 66.250160062076 40
1694739674765 64.73883950552592 41
1694739675110 63.26329774829396 42
1694739675415 61.82268750485409 43
1694739675714 60.416181557566986 44
1694739676084 59.042972281336205 45
1694739676436 57.70227117952461 46
1694739676753 56.39330843086355 47
1694739677055 55.11533244709495 48
1694739677406 53.86760944109168 49
1694739677675 52.64942300520825 50
1694739678081 51.46007369961931 51
1694739678466 50.29887865040945 52
1694739678796 49.16517115718338 53
1694739679215 48.05830030997081 54
1694739679560 46.9776306152059 55
1694739679875 45.9225416305665 56
1694739680230 44.89242760846301 57
1694739680560 43.88669714797226 58
1694739680956 42.90477285501608 59
1694739681287 41.94609101058954 60
1694739681592 41.01010124684797 61
1694739681900 40.09626623086662 62
1694739682227 39.20406135589144 63
1694739682551 38.332974439903154 64
1694739682895 37.48250543132172 65
1694739683273 36.652166121681816 66
1694739683588 35.84147986511442 67
1694739683963 35.04998130447299 68
1694739684258 34.27721610394722 69
1694739684584 33.52274068801018 70
1694739684944 32.78612198654948 71
1694739685322 32.06693718603532 72
1694739685637 31.36477348658281 73
1694739685951 30.67922786476888 74
1694739686404 30.009906842067302 75
1694739686744 29.356426258769012 76
1694739687057 28.71841105325752 77
1694739687380 28.095495046512777 78
1694739687800 27.487320731719468 79
1694739688202 26.893539068858967 80
1694739688543 26.313809284166823 81
1694739688860 25.747798674340494 82
1694739689178 25.19518241538496 83
1694739689478 24.655643375986063 84
1694739689800 24.128871935304687 85
1694739690156 23.61456580508677 86
1694739690460 23.112429855987 87
1694739690770 22.62217594800648 88
1694739691143 22.143522764946738 89
1694739691490 21.676195652785115 90
1694739691779 21.219926461878487 91
1694739692131 20.774453392904768 92
1694739692559 20.339520846453567 93
1694739692861 19.914879276179615 94
1694739693197 19.50028504543448 95
1694739693506 19.09550028729432 96
1694739693790 18.700292767903054 97
1694739694098 18.31443575305262 98
1694739694402 17.93770787792342 99
1694739694797 17.569893019910264 100
1694739695109 17.21078017446067 101
1694739695480 16.86016333385412 102
1694739695761 16.51784136885268 103
1694739696076 16.183617913154904 104
1694739696438 15.857301250586673 105
1694739696710 15.538704204964109 106
1694739697059 15.22764403256525 107
1694739697389 14.92394231714876 108
1694739697741 14.627424867459222 109
1694739698108 14.337921617160253 110
1694739698432 14.055266527137826 111
1694739698759 13.77929749011772 112
1694739699054 13.50985623754219 113
1694739699413 13.24678824865249 114
1694739699738 12.989942661724859 115
1694739700060 12.73917218740901 116
1694739700410 12.494333024119348 117
1694739700692 12.255284775430257 118
1694739701049 12.021890369427988 119
1694739701382 11.794015979972814 120
1694739701738 11.571530949826194 121
1694739702008 11.35430771559876 122
1694739702314 11.14222173447603 123
1694739702641 10.935151412679687 124
1694739702939 10.732978035623372 125
1694739703311 10.535585699722787 126
1694739703653 10.342861245820973 127
1694739704017 10.154694194190464 128
1694739704356 9.970976681075044 129
1694739704679 9.791603396734496 130
1694739704976 9.616471524956912 131
1694739705441 9.445480684003629 132
1694739705788 9.278532868953013 133
1694739706167 9.115532395409856 134
1694739706526 8.95638584454805 135
1694739706834 8.801002009455006 136
1694739707121 8.64929184274693 137
1694739707514 8.501168405424878 138
1694739707916 8.356546816942199 139
1694739708215 8.215344206454661 140
1694739708536 8.077479665225246 141
1694739708845 7.942874200156304 142
1694739709151 7.811450688422274 143
1694739709479 7.683133833176992 144
1694739709830 7.557850120310096 145
1694739710185 7.435527776227662 146
1694739710522 7.316096726632837 147
1694739710938 7.199488556282749 148
1694739711234 7.08563646969864 149
1694739711553 6.974475252806546 150
1694739711815 6.865941235486542 151
1694739712133 6.75997225500903 152
1694739712450 6.656507620337041 153
1694739712775 6.555488077274048 154
1694739713113 6.45685577443725 155
1694739713476 6.36055423003679 156
1694739713856 6.266528299441806 157
1694739714180 6.1747241435146805 158
1694739714529 6.0850891976953045 159
1694739714860 5.997572141817562 160
1694739715195 5.912122870640718 161
1694739715540 5.828692465078756 162
1694739715848 5.7472331641111785 163
1694739716157 5.667698337359025 164
1694739716450 5.5900424583104895 165
1694739716797 5.514221078180654 166
1694739717100 5.440190800390325 167
1694739717454 5.367909255649354 168
1694739717869 5.297335077630072 169
1694739718220 5.228427879216946 170
1694739718593 5.161148229318646 171
1694739718929 5.0954576302294035 172
1694739719244 5.0313184955265 173
1694739719596 4.9686941284912285 174
1694739719919 4.907548701040991 175
1694739720273 4.84784723316031 176
1694739720561 4.789555572819024 177
1694739720892 4.732640376366123 178
1694739721144 4.677069089387889 179
1694739721409 4.622809928019438 180
1694739721747 4.569831860698845 181
1694739722063 4.518104590353421 182
1694739722406 4.467598537007873 183
1694739722821 4.41828482080437 184
1694739723134 4.370135245424765 185
1694739723427 4.323122281905421 186
1694739723719 4.277219052835385 187
1694739723996 4.232399316928766 188
1694739724353 4.18863745396253 189
1694739724731 4.145908450071006 190
1694739725027 4.10418788338865 191
1694739725387 4.06345191003284 192
1694739725737 4.023677250418677 193
1694739726097 3.9848411758978335 194
1694739726440 3.9469214957138896 195
1694739726783 3.9098965442665703 196
1694739727076 3.8737451686776248 197
1694739727359 3.8384467166511476 198
1694739727709 3.8039810246214514 199
1694739728073 3.7703284061815774 200
1694739728362 3.7374696407858803 201
1694739728705 3.705385962720167 202
1694739729024 3.674059050333021 203
1694739729304 3.643471015522177 204
1694739729634 3.6136043934698847 205
1694739729964 3.584442132621354 206
1694739730359 3.555967584900516 207
1694739730681 3.528164496157531 208
1694739731006 3.5010169968424933 209
1694739731291 3.4745095928999987 210
1694739731658 3.448627156879358 211
1694739732017 3.4233549192553294 212
1694739732297 3.3986784599543913 213
1694739732642 3.3745837000816863 214
1694739732996 3.3510568938438863 215
1694739733292 3.328084620663326 216
1694739733676 3.3056537774788874 217
1694739734050 3.283751571229228 218
1694739734392 3.2623655115139805 219
1694739734764 3.241483403428773 220
1694739735107 3.221093340569899 221
1694739735437 3.2011836982046615 222
1694739735781 3.1817431266034446 223
1694739736190 3.1627605445296725 224
1694739736538 3.144225132883946 225
1694739736859 3.1261263284986813 226
1694739737154 3.1084538180796972 227
1694739737523 3.0911975322912677 228
1694739737834 3.0743476399812293 229
1694739738178 3.0578945425428588 230
1694739738608 3.041828868410246 231
1694739739010 3.0261414676840173 232
1694739739316 3.0108234068843367 233
1694739739690 2.9958659638281246 234
1694739740008 2.9812606226276013 235
1694739740302 2.966999068807272 236
1694739740697 2.953073184536509 237
1694739741102 2.9394750439750457 238
1694739741393 2.926196908728675 239
1694739741721 2.913231223412561 240
1694739742013 2.9005706113195897 241
1694739742323 2.888207870191308 242
1694739742651 2.8761359680889935 243
1694739743014 2.864348039362473 244
1694739743337 2.8528373807144254 245
1694739743654 2.8415974473578482 246
1694739743972 2.830621849264528 247
1694739744264 2.8199043475023164 248
1694739744513 2.809438850659157 249
1694739744790 2.799219411351768 250
1694739745216 2.789240222816988 251
1694739745564 2.7794956155838446 252
1694739745913 2.7699800542244035 253
1694739746301 2.7606881341815623 254
1694739746566 2.7516145786719473 255
1694739746856 2.7427542356621304 256
1694739747169 2.7341020749164584 257
1694739747486 2.725653185114762 258
1694739747871 2.7174027710383233 259
1694739748246 2.7093461508224546 260
1694739748597 2.701478753274136 261
1694739748957 2.693796115253154 262
1694739749282 2.6862938791152495 263
1694739749626 2.678967790215801 264
1694739749974 2.6718136944725983 265
1694739750295 2.6648275359863396 266
1694739750643 2.6580053547174445 267
1694739750975 2.651343284217874 268
1694739751265 2.644837549416662 269
1694739751570 2.6384844644578496 270
1694739752002 2.6322804305896357 271
1694739752362 2.626221934103467 272
1694739752717 2.6203055443219507 273
1694739753130 2.6145279116343785 274
1694739753432 2.6088857655787705 275
1694739753697 2.6033759129693155 276
1694739754011 2.597995236068149 277
1694739754307 2.592740690800407 278
1694739754668 2.5876093050115356 279
1694739754988 2.5825981767658575 280
1694739755302 2.5777044726854155 281
1694739755627 2.5729254263281334 282
1694739755994 2.568258336604383 283
1694739756404 2.5637005662310246 284
1694739756796 2.5592495402220425 285
1694739757185 2.5549027444149206 286
1694739757560 2.5506577240318857 287
1694739757908 2.5465120822752256 288
1694739758229 2.5424634789558405 289
1694739758577 2.538509629154271 290
1694739758934 2.5346483019134136 291
1694739759295 2.530877318962186 292
1694739759549 2.5271945534693963 293
1694739759882 2.5235979288271153 294
1694739760218 2.5200854174628438 295
1694739760569 2.5166550396797933 296
1694739760925 2.5133048625246164 297
1694739761263 2.5100329986819454 298
1694739761553 2.506837605395088 299
1694739761854 2.503716883412267 300
1694739762184 2.500669075957809 301
1694739762483 2.497692467727679 302
1694739762759 2.494785383908785 303
1694739763131 2.491946189221503 304
1694739763434 2.489173286984853 305
1694739763734 2.4864651182038067 306
1694739764088 2.4838201606781936 307
1694739764407 2.481236928132696 308
1694739764744 2.4787139693674307 309
1694739765094 2.476249867428645 310
1694739765413 2.4738432387990223 311
1694739765724 2.471492732607162 312
1694739766144 2.469197029855768 313
1694739766526 2.4669548426680903 314
1694739766851 2.4647649135522105 315
1694739767183 2.4626260146827366 316
1694739767510 2.4605369471994902 317
1694739767887 2.4584965405227934 318
1694739768256 2.456503651684963 319
1694739768554 2.4545571646776105 320
1694739768891 2.452655989814404 321
1694739769234 2.450799063108893 322
1694739769532 2.4489853456670714 323
1694739769844 2.4472138230942977 324
1694739770183 2.44548350491626 325
1694739770496 2.4437934240136374 326
1694739770762 2.4421426360701375 327
1694739771118 2.4405302190335965 328
1694739771450 2.438955272589826 329
1694739771767 2.437416917648915 330
1694739772104 2.43591429584368 331
1694739772428 2.4344465690399804 332
1694739772696 2.43301291885863 333
1694739772949 2.4316125462086022 334
1694739773258 2.4302446708312986 335
1694739773543 2.4289085308555833 336
1694739773814 2.42760338236335 337
1694739774118 2.426328498965372 338
1694739774577 2.4250831713871754 339
1694739774870 2.4238667070647186 340
1694739775151 2.4226784297496318 341
1694739775431 2.4215176791237933 342
1694739775745 2.4203838104230315 343
1694739776033 2.4192761940697154 344
1694739776458 2.418194215314048 345
1694739776740 2.41713727388384 346
1694739777058 2.4161047836425626 347
1694739777369 2.4150961722554993 348
1694739777721 2.4141108808637832 349
1694739778058 2.4131483637661524 350
1694739778340 2.412208088108227 351
1694739778617 2.4112895335791404 352
1694739778947 2.4103921921153377 353
1694739779234 2.409515567611391 354
1694739779562 2.4086591756376414 355
1694739779826 2.4078225431645297 356
1694739780189 2.4070052082934366 357
1694739780523 2.4062067199938997 358
1694739780794 2.4054266378470333 359
1694739781088 2.4046645317950204 360
1694739781446 2.4039199818965344 361
1694739781764 2.403192578087934 362
1694739782123 2.402481919950113 363
1694739782519 2.4017876164808603 364
1694739782792 2.4011092858725966 365
1694739783071 2.400446555295383 366
1694739783384 2.3997990606850395 367
1694739783658 2.3991664465362885 368
1694739783970 2.398548365700783 369
1694739784320 2.39794447918991 370
1694739784637 2.397354455982257 371
1694739785008 2.396777972835632 372
1694739785414 2.3962147141035235 373
1694739785729 2.395664371555901 374
1694739786048 2.395126644204258 375
1694739786476 2.3946012381307753 376
1694739786743 2.3940878663215437 377
1694739787134 2.3935862485037105 378
1694739787525 2.3930961109864866 379
1694739787800 2.3926171865059067 380
1694739788227 2.392149214073261 381
1694739788577 2.391691938827107 382
1694739788844 2.3912451118887814 383
1694739789192 2.3908084902213274 384
1694739789567 2.3903818364917524 385
1694739789873 2.389964918936546 386
1694739790213 2.389557511230369 387
1694739790567 2.3891593923578545 388
1694739790890 2.388770346488432 389
1694739791210 2.388390162854111 390
1694739791590 2.3880186356301527 391
1694739791948 2.387655563818563 392
1694739792305 2.387300751134336 393
1694739792624 2.3869540058943857 394
1694739792926 2.3866151409091025 395
1694739793195 2.386283973376473 396
1694739793505 2.385960324778696 397
1694739793851 2.3856440207812506 398
1694739794229 2.385334891134338 399
1694739794550 2.38503276957666 400
1694739794869 2.3847374937414627 401
1694739795227 2.384448905064808 402
1694739795563 2.384166848696004 403
1694739795905 2.3838911734101584 404
1694739796365 2.3836217315227897 405
1694739796703 2.383358378806461 406
1694739796958 2.383100974409381 407
1694739797264 2.382849380775924 408
1694739797594 2.382603463569034 409
1694739797869 2.382363091594453 410
1694739798185 2.382128136726746 411
1694739798573 2.3818984738370674 412
1694739799031 2.381673980722635 413
1694739799379 2.381454538037868 414
1694739799744 2.381240029227156 415
1694739799977 2.381030340459206 416
1694739800267 2.3808253605629495 417
1694739800571 2.3806249809649525 418
1694739800908 2.3804290956283136 419
1694739801289 2.3802376009929955 420
1694739801656 2.3800503959175696 421
1694739801998 2.3798673816223337 422
1694739802346 2.3796884616337763 423
1694739802660 2.3795135417303435 424
1694739802987 2.3793425298894957 425
1694739803409 2.379175336236004 426
1694739803744 2.3790118729914753 427
1694739804018 2.3788520544250624 428
1694739804283 2.378695796805342 429
1694739804574 2.3785430183533194 430
1694739804860 2.378393639196556 431
1694739805191 2.378247581324367 432
1694739805578 2.378104768544079 433
1694739805868 2.3779651264383226 434
1694739806210 2.377828582323331 435
1694739806581 2.3776950652082203 436
1694739806885 2.3775645057552324 437
1694739807179 2.377436836240915 438
1694739807505 2.3773119905182156 439
1694739807843 2.3771899039794744 440
1694739808148 2.377070513520281 441
1694739808456 2.3769537575041944 442
1694739808769 2.376839575728286 443
1694739809059 2.3767279093894964 444
1694739809366 2.3766187010517936 445
1694739809713 2.3765118946140906 446
1694739810040 2.376407435278936 447
1694739810415 2.3763052695219287 448
1694739810764 2.3762053450618605 449
1694739811070 2.376107610831564 450
1694739811371 2.3760120169494408 451
1694739811703 2.3759185146916666 452
1694739812027 2.3758270564650497 453
1694739812417 2.3757375957805276 454
1694739812861 2.375650087227289 455
1694739813124 2.3755644864475083 456
1694739813408 2.375480750111668 457
1694739813680 2.3753988358944715 458
1694739813971 2.375318702451317 459
1694739814229 2.375240309395328 460
1694739814531 2.3751636172749233 461
1694739814914 2.3750885875519177 462
1694739815265 2.3750151825801358 463
1694739815605 2.3749433655845325 464
1694739815951 2.3748731006408 465
1694739816348 2.3748043526554623 466
1694739816686 2.3747370873464306 467
1694739817031 2.3746712712240208 468
1694739817317 2.37460687157242 469
1694739817639 2.374543856431582 470
1694739817968 2.3744821945795587 471
1694739818220 2.374421855515233 472
1694739818551 2.3743628094414797 473
1694739818874 2.3743050272486967 474
1694739819158 2.374248480498746 475
1694739819487 2.3741931414092594 476
1694739819867 2.374138982838318 477
1694739820139 2.374085978269494 478
1694739820496 2.3740341017972346 479
1694739820858 2.3739833281126064 480
1694739821185 2.373933632489358 481
1694739821571 2.3738849907703212 482
1694739821904 2.373837379354129 483
1694739822171 2.3737907751822425 484
1694739822492 2.373745155726289 485
1694739822819 2.373700498975693 486
1694739823100 2.373656783425598 487
1694739823394 2.3736139880650766 488
1694739823735 2.373572092365612 489
1694739824060 2.373531076269853 490
1694739824359 2.373490920180635 491
1694739824700 2.373451604950255 492
1694739824970 2.373413111870001 493
1694739825289 2.3733754226599264 494
1694739825652 2.3733385194588648 495
1694739825979 2.3733023848146817 496
1694739826382 2.3732670016747486 497
1694739826756 2.373232353376648 498
1694739827044 2.3731984236390953 499
