1694744682415 170.47409781253825 0
1694744682718 166.4845765145202 1
1694744682985 164.5603623481127 2
1694744683285 162.64411440924795 3
1694744683588 160.7506042664211 4
1694744683870 158.87947443776662 5
1694744684201 157.03046087597698 6
1694744684551 155.2033021234015 7
1694744684848 153.39807634764477 8
1694744685151 151.61401653042589 9
1694744685459 149.85104370295772 10
1694744685788 148.10890757379258 11
1694744686080 146.3873618283582 12
1694744686454 144.6861630581114 13
1694744686786 143.00507073228619 14
1694744687156 141.34384716383295 15
1694744687504 139.70225747579616 16
1694744687825 138.0800695680902 17
1694744688184 136.47705408466754 18
1694744688517 134.8929843810752 19
1694744688832 133.3276364923947 20
1694744689149 131.78078910156157 21
1694744689443 130.25222350805873 22
1694744689851 128.7417235969806 23
1694744690207 127.24907580846254 24
1694744690512 125.77406910747217 25
1694744690818 124.31649495395762 26
1694744691128 122.87614727334854 27
1694744691419 121.45282242740652 28
1694744691768 120.04631918541936 29
1694744692214 118.6564386957366 30
1694744692540 117.28298445764129 31
1694744692872 115.92576229355426 32
1694744693189 114.58458032156722 33
1694744693499 113.25924892830062 34
1694744693805 111.94958074208223 35
1694744694108 110.65539060644312 36
1694744694510 109.37649555392669 37
1694744694857 108.11271478020768 38
1694744695165 106.86386961851697 39
1694744695485 105.6297835143689 40
1694744695862 104.4102820005873 41
1694744696196 103.20519267262688 42
1694744696570 102.0143451641864 43
1694744696958 100.83757112311008 44
1694744697269 99.67470418757412 45
1694744697525 98.52557996255459 46
1694744697820 97.39003599657373 47
1694744698168 96.26791175872097 48
1694744698441 95.15904861594592 49
1694744698766 94.06328981061961 50
1694744699138 92.98048043836108 51
1694744699516 91.91046742612632 52
1694744699816 90.85309951055596 53
1694744700206 89.80822721657924 54
1694744700451 88.77570283627075 55
1694744700760 87.75538040795749 56
1694744701059 86.74711569557238 57
1694744701462 85.75076616825258 58
1694744701791 84.7661909801784 59
1694744702160 83.79325095065107 60
1694744702462 82.83180854440575 61
1694744702732 81.88172785215743 62
1694744703008 80.94287457137683 63
1694744703300 80.01511598729365 64
1694744703672 79.09832095412426 65
1694744703986 78.19235987652156 66
1694744704305 77.29710469124409 67
1694744704620 76.41242884904172 68
1694744704933 75.53820729675577 69
1694744705272 74.67431645963056 70
1694744705590 73.82063422383425 71
1694744705966 72.97703991918621 72
1694744706310 72.14341430208876 73
1694744706592 71.31963953866054 74
1694744706934 70.50559918806948 75
1694744707289 69.70117818606275 76
1694744707560 68.90626282869131 77
1694744707846 68.12074075622725 78
1694744708247 67.34450093727082 79
1694744708623 66.57743365304583 80
1694744708964 65.8194304818803 81
1694744709290 65.07038428387098 82
1694744709575 64.33018918572891 83
1694744709872 63.59874056580435 84
1694744710223 62.8759350392886 85
1694744710516 62.161670443590936 86
1694744710866 61.455845823888374 87
1694744711236 60.7583614188462 88
1694744711572 60.06911864650755 89
1694744711890 59.38802009034958 90
1694744712275 58.71496948550471 91
1694744712548 58.04987170514456 92
1694744712869 57.3926327470251 93
1694744713234 56.74315972019072 94
1694744713539 56.10136083183561 95
1694744713855 55.46714537432041 96
1694744714177 54.84042371234235 97
1694744714496 54.22110727025721 98
1694744714772 53.609108519551 99
1694744715059 53.004340966459935 100
1694744715360 52.406719139736666 101
1694744715689 51.816158578561215 102
1694744715995 51.232575820594825 103
1694744716285 50.65588839017504 104
1694744716555 50.08601478665041 105
1694744716897 49.52287447285303 106
1694744717161 48.96638786370746 107
1694744717462 48.4164763149743 108
1694744717734 47.87306211212683 109
1694744718032 47.33606845935921 110
1694744718334 46.80541946872453 111
1694744718604 46.28104014940147 112
1694744718905 45.762856397087695 113
1694744719242 45.25079498351875 114
1694744719577 44.744783546110824 115
1694744719899 44.244750577726 116
1694744720303 43.750625416558535 117
1694744720600 43.262338236140664 118
1694744720919 42.779820035466614 119
1694744721236 42.303002629233326 120
1694744721516 41.831818638196665 121
1694744721807 41.366201479641575 122
1694744722177 40.906085357964876 123
1694744722496 40.45140525536954 124
1694744722758 40.00209692266882 125
1694744723050 39.55809687019925 126
1694744723405 39.11934235884099 127
1694744723672 38.68577139114439 128
1694744723931 38.25732270256142 129
1694744724216 37.83393575278083 130
1694744724599 37.415550717165736 131
1694744724946 37.00210847829244 132
1694744725287 36.593550617589266 133
1694744725596 36.18981940707426 134
1694744725902 35.79085780119061 135
1694744726210 35.39660942873858 136
1694744726484 35.00701858490282 137
1694744726789 34.62203022337398 138
1694744727104 34.241589948563394 139
1694744727394 33.86564400790989 140
1694744727668 33.494139284277544 141
1694744727981 33.12702328844328 142
1694744728325 32.76424415167334 143
1694744728618 32.40575061838745 144
1694744728957 32.05149203890981 145
1694744729324 31.70141836230573 146
1694744729627 31.355480129302997 147
1694744729921 31.013628465296907 148
1694744730323 30.675815073438006 149
1694744730627 30.34199222780154 150
1694744730907 30.012112766637713 151
1694744731239 29.68613008570169 152
1694744731604 29.363998131662566 153
1694744731892 29.045671395590055 154
1694744732225 28.73110490651845 155
1694744732571 28.420254225086428 156
1694744732911 28.113075437252284 157
1694744733216 27.809525148083253 158
1694744733507 27.50956047561844 159
1694744733804 27.213139044804205 160
1694744734081 26.92021898150129 161
1694744734411 26.63075890656278 162
1694744734704 26.344717929982107 163
1694744735015 26.062055645110224 164
1694744735387 25.782732122941155 165
1694744735714 25.506707906465127 166
1694744736085 25.233944005088404 167
1694744736429 24.964401889119177 168
1694744736710 24.69804348431863 169
1694744737029 24.434831166516354 170
1694744737405 24.174727756289492 171
1694744737708 23.917696513704836 172
1694744738032 23.663701133122977 173
1694744738407 23.412705738063963 174
1694744738719 23.164674876133624 175
1694744739064 22.91957351400993 176
1694744739407 22.677367032488576 177
1694744739746 22.438021221587192 178
1694744740112 22.20150227570735 179
1694744740492 21.96777678885389 180
1694744740829 21.736811749910654 181
1694744741185 21.50857453797219 182
1694744741547 21.283032917730534 183
1694744741836 21.060155034916622 184
1694744742200 20.839909411795556 185
1694744742557 20.622264942715123 186
1694744742823 20.407190889706985 187
1694744743215 20.194656878139824 188
1694744743588 19.984632892423946 189
1694744743900 19.777089271766613 190
1694744744235 19.57199670597754 191
1694744744579 19.36932623132409 192
1694744744916 19.169049226435348 193
1694744745335 18.971137408254716 194
1694744745688 18.77556282804029 195
1694744745967 18.582297867412585 196
1694744746263 18.391315234448964 197
1694744746605 18.202587959824196 198
1694744746871 18.016089392996726 199
1694744747201 17.831793198439986 200
1694744747554 17.64967335191827 201
1694744747878 17.469704136806637 202
1694744748221 17.291860140454318 203
1694744748562 17.11611625059117 204
1694744748850 16.942447651776533 205
1694744749121 16.770829821890114 206
1694744749441 16.601238528664396 207
1694744749803 16.43364982625799 208
1694744750171 16.268040051869477 209
1694744750612 16.104385822391382 210
1694744750956 15.942664031103636 211
1694744751290 15.782851844406098 212
1694744751717 15.624926698589832 213
1694744752104 15.468866296646441 214
1694744752512 15.31464860511512 215
1694744752835 15.162251850967118 216
1694744753110 15.011654518526878 217
1694744753394 14.862835346429662 218
1694744753757 14.715773324615148 219
1694744754102 14.570447691356526 220
1694744754496 14.426837930324766 221
1694744754836 14.284923767687568 222
1694744755197 14.1446851692426 223
1694744755518 14.006102337584666 224
1694744755845 13.869155709306348 225
1694744756155 13.73382595223173 226
1694744756454 13.600093962682834 227
1694744756827 13.467940862778397 228
1694744757153 13.337347997764542 229
1694744757490 13.208296933377069 230
1694744757819 13.080769453234877 231
1694744758073 12.954747556264211 232
1694744758382 12.830213454153368 233
1694744758799 12.70714956883753 234
1694744759121 12.58553853001327 235
1694744759468 12.465363172682496 236
1694744759821 12.346606534725401 237
1694744760127 12.229251854502118 238
1694744760680 12.113282568482742 239
1694744760946 11.998682308905344 240
1694744761229 11.88543490146171 241
1694744761670 11.77352436301039 242
1694744761977 11.662934899316845 243
1694744762295 11.553650902820273 244
1694744762649 11.445656950426836 245
1694744762964 11.338937801329008 246
1694744763310 11.23347839485066 247
1694744763722 11.129263848317649 248
1694744763996 11.026279454953603 249
1694744764328 10.924510681800529 250
1694744764644 10.823943167664055 251
1694744764952 10.72456272108294 252
1694744765280 10.626355318322577 253
1694744765615 10.529307101392265 254
1694744765977 10.433404376085866 255
1694744766261 10.338633610045674 256
1694744766635 10.24498143084915 257
1694744766997 10.15243462411826 258
1694744767350 10.060980131651206 259
1694744767745 9.97060504957621 260
1694744768054 9.881296626527165 261
1694744768418 9.793042261840798 262
1694744768729 9.7058295037752 263
1694744769015 9.619646047749372 264
1694744769360 9.534479734603643 265
1694744769666 9.450318548880587 266
1694744769943 9.36715061712631 267
1694744770347 9.284964206211798 268
1694744770743 9.203747721674135 269
1694744771033 9.123489706077303 270
1694744771355 9.044178837392373 271
1694744771723 8.96580392739684 272
1694744772067 8.88835392009292 273
1694744772416 8.811817890144479 274
1694744772800 8.736185041332506 275
1694744773093 8.661444705028808 276
1694744773410 8.58758633868775 277
1694744773748 8.514599524355853 278
1694744774039 8.442473967198989 279
1694744774319 8.371199494046992 280
1694744774700 8.300766051955476 281
1694744775052 8.231163706784665 282
1694744775414 8.162382641795018 283
1694744775773 8.094413156259437 284
1694744776045 8.027245664091936 285
1694744776366 7.96087069249245 286
1694744776734 7.8952788806077425 287
1694744777049 7.8304609782080625 288
1694744777452 7.766407844379521 289
1694744777816 7.703110446231884 290
1694744778147 7.640559857621648 291
1694744778475 7.57874725789023 292
1694744778834 7.5176639306170445 293
1694744779129 7.45730126238736 294
1694744779427 7.397650741574677 295
1694744779889 7.338703957137545 296
1694744780245 7.280452597430578 297
1694744780589 7.22288844902953 298
1694744780883 7.166003395570268 299
1694744781179 7.109789416601471 300
1694744781564 7.054238586450865 301
1694744781867 6.999343073104926 302
1694744782294 6.945095137101746 303
1694744782638 6.891487130437043 304
1694744782940 6.838511495483104 305
1694744783231 6.786160763920469 306
1694744783571 6.734427555682287 307
1694744783919 6.683304577911125 308
1694744784218 6.632784623928132 309
1694744784562 6.582860572214358 310
1694744784913 6.533525385404146 311
1694744785203 6.48477210929042 312
1694744785505 6.436593871841708 313
1694744785861 6.388983882230825 314
1694744786177 6.341935429874997 315
1694744786505 6.295441883487369 316
1694744786884 6.2494966901397095 317
1694744787176 6.204093374336188 318
1694744787462 6.159225537098106 319
1694744787797 6.114886855059466 320
1694744788115 6.0710710795732306 321
1694744788408 6.0277720358281055 322
1694744788766 5.984983621975823 323
1694744789175 5.942699808268708 324
1694744789503 5.900914636207441 325
1694744789815 5.859622217698891 326
1694744790154 5.818816734223946 327
1694744790556 5.778492436015135 328
1694744790900 5.738643641243974 329
1694744791294 5.699264735217954 330
1694744791655 5.6603501695869936 331
1694744792044 5.621894461559268 332
1694744792385 5.58389219312636 333
1694744792733 5.546338010297477 334
1694744793076 5.509226622342815 335
1694744793384 5.4725528010458095 336
1694744793775 5.436311379964271 337
1694744794108 5.4004972537001885 338
1694744794433 5.365105377178242 339
1694744794730 5.3301307649327825 340
1694744795055 5.295568490403285 341
1694744795413 5.261413685238106 342
1694744795770 5.22766153860648 343
1694744796156 5.194307296518641 344
1694744796417 5.161346261153994 345
1694744796734 5.128773790197219 346
1694744797076 5.096585296182218 347
1694744797402 5.064776245843861 348
1694744797724 5.033342159477325 349
1694744798095 5.002278610305051 350
1694744798452 4.971581223851192 351
1694744798833 4.941245677323416 352
1694744799169 4.911267699002063 353
1694744799512 4.881643067636489 354
1694744799804 4.852367611848567 355
1694744800152 4.823437209543227 356
1694744800507 4.794847787325955 357
1694744800858 4.766595319927222 358
1694744801203 4.73867582963367 359
1694744801498 4.711085385726024 360
1694744801819 4.683820103923695 361
1694744802250 4.656876145835894 362
1694744802621 4.630249718419272 363
1694744802975 4.603937073441944 364
1694744803257 4.577934506953887 365
1694744803506 4.552238358763532 366
1694744803807 4.52684501192063 367
1694744804145 4.501750892205165 368
1694744804411 4.476952467622328 369
1694744804683 4.452446247903473 370
1694744805020 4.428228784012969 371
1694744805370 4.404296667660857 372
1694744805690 4.380646530821297 373
1694744805958 4.357275045256705 374
1694744806275 4.334178922047496 375
1694744806524 4.311354911127395 376
1694744806828 4.288799800824274 377
1694744807113 4.266510417406338 378
1694744807421 4.244483624633766 379
1694744807744 4.222716323315594 380
1694744808016 4.201205450871859 381
1694744808311 4.179947980900889 382
1694744808638 4.158940922751774 383
1694744808906 4.1381813211018255 384
1694744809257 4.117666255539045 385
1694744809580 4.097392840149561 386
1694744809938 4.077358223109895 387
1694744810322 4.05755958628409 388
1694744810596 4.0379941448255785 389
1694744810863 4.018659146783753 390
1694744811199 3.9995518727152053 391
1694744811496 3.980669635299561 392
1694744811795 3.9620097789598283 393
1694744812174 3.9435696794872555 394
1694744812465 3.9253467436706284 395
1694744812792 3.9073384089299403 396
1694744813077 3.8895421429543813 397
1694744813388 3.871955443344627 398
1694744813718 3.854575837259359 399
1694744814092 3.8374008810659332 400
1694744814474 3.8204281599952106 401
1694744814796 3.8036552878004466 402
1694744815108 3.7870799064202334 403
1694744815414 3.7706996856453845 404
1694744815687 3.7545123227898265 405
1694744815982 3.738515542365307 406
1694744816334 3.7227070957600046 407
1694744816743 3.707084760920891 408
1694744817094 3.6916463420399097 409
1694744817444 3.676389669243782 410
1694744817758 3.661312598287549 411
1694744818095 3.6464130102517096 412
1694744818460 3.6316888112429333 413
1694744818760 3.617137932098334 414
1694744819111 3.6027583280932 415
1694744819451 3.588547978652211 416
1694744819740 3.5745048870640677 417
1694744820003 3.5606270801994833 418
1694744820281 3.546912608232494 419
1694744820629 3.5333595443651054 420
1694744820973 3.519965984555169 421
1694744821367 3.5067300472474563 422
1694744821735 3.4936498731079393 423
1694744822110 3.480723624761213 424
1694744822449 3.4679494865310048 425
1694744822757 3.4553256641837704 426
1694744823124 3.442850384675288 427
1694744823489 3.4305218959002817 428
1694744823846 3.418338466445 429
1694744824142 3.406298385342693 430
1694744824484 3.394399961832018 431
1694744824780 3.3826415251182578 432
1694744825101 3.3710214241374 433
1694744825430 3.359538027322992 434
1694744825757 3.3481897223757255 435
1694744826138 3.336974916035795 436
1694744826466 3.3258920338579046 437
1694744826754 3.3149395199889553 438
1694744827058 3.3041158369483514 439
1694744827316 3.2934194654109104 440
1694744827589 3.2828489039923316 441
1694744827893 3.2724026690371995 442
1694744828284 3.262079294409518 443
1694744828588 3.2518773312856672 444
1694744828853 3.2417953479498713 445
1694744829148 3.231831929592035 446
1694744829505 3.221985678107992 447
1694744829775 3.2122552119021135 448
1694744830095 3.202639165692244 449
1694744830561 3.193136190316936 450
1694744830840 3.1837449525449957 451
1694744831165 3.1744641348872267 452
1694744831517 3.165292435410452 453
1694744831796 3.1562285675536956 454
1694744832190 3.1472712599465655 455
1694744832560 3.1384192562297613 456
1694744832898 3.1296713148777062 457
1694744833225 3.121026209023291 458
1694744833605 3.1124827262846866 459
1694744833924 3.104039668594172 460
1694744834264 3.0956958520290314 461
1694744834616 3.0874501066444178 462
1694744834965 3.0793012763082177 463
1694744835324 3.071248218537826 464
1694744835633 3.0632898043389054 465
1694744835945 3.055424918046002 466
1694744836237 3.047652457165077 467
1694744836567 3.039971332217892 468
1694744836861 3.032380466588209 469
1694744837221 3.0248787963698596 470
1694744837581 3.0174652702165554 471
1694744837891 3.0101388491935066 472
1694744838201 3.002898506630786 473
1694744838559 2.995743227978424 474
1694744838885 2.9886720106632176 475
1694744839244 2.9816838639472363 476
1694744839680 2.9747778087879815 477
1694744840077 2.967952877700236 478
1694744840517 2.9612081146195033 479
1694744840811 2.9545425747670913 480
1694744841074 2.9479553245167804 481
1694744841455 2.941445441263063 482
1694744841736 2.935012013290949 483
1694744842148 2.9286541396473025 484
1694744842527 2.9223709300137033 485
1694744842867 2.916161504580815 486
1694744843213 2.9100249939242233 487
1694744843591 2.9039605388817575 488
1694744843914 2.897967290432258 489
1694744844397 2.892044409575774 490
1694744844751 2.8861910672151705 491
1694744845033 2.880406444039147 492
1694744845300 2.8746897304066397 493
1694744845616 2.8690401262325747 494
1694744845959 2.86345684087498 495
1694744846322 2.8579390930234365 496
1694744846716 2.8524861105888464 497
1694744847061 2.8470971305944945 498
1694744847411 2.841771399068407 499
