1694733258071 1.8403483102862987 0
1694733258393 1.2130957608361017 1
1694733258704 0.48093893259366627 2
1694733259021 2.1324438520900686 3
1694733259333 2.9175213039570544 4
1694733259677 0.09183530281905458 5
1694733259948 0.542316234406568 6
1694733260285 1.4355978441983726 7
1694733260580 0.36109203892788216 8
1694733260889 3.3333778796020277 9
1694733261276 2.590958723558301 10
1694733261590 1.00654053015544 11
1694733261874 17.38190557546871 12
1694733262196 0.12559504137370933 13
1694733262501 7.929283976395983 14
1694733262775 0.0971466580357102 15
1694733263073 6.422134462905174 16
1694733263408 3.844526786992401 17
1694733263717 1.641329068860832 18
1694733264055 1.997951169532163 19
1694733264394 0.005412331005115619 20
1694733264705 9.250246124139593 21
1694733265007 9.542399960039107 22
1694733265308 7.986124645925115 23
1694733265660 0.27551852845995617 24
1694733265897 1.9599345101133387 25
1694733266214 7.1965476966136634 26
1694733266678 0.37665875638786966 27
1694733266977 0.24829112831257022 28
1694733267280 0.7012877122452505 29
1694733267593 0.9045675398339278 30
1694733267994 0.8181061027037578 31
1694733268280 0.957336289241703 32
1694733268644 0.10709000244540977 33
1694733268901 6.36516161280409 34
1694733269204 0.014091586941569091 35
1694733269522 0.4996382846616038 36
1694733269793 0.8627088523408343 37
1694733270093 7.790727934676769 38
1694733270403 0.004169547388361819 39
1694733270770 1.4285659745744435 40
1694733271090 0.7577069894872887 41
1694733271419 4.480650518069424 42
1694733271723 1.28900365605992 43
1694733272011 3.0701663138315807 44
1694733272324 10.563942266914914 45
1694733272602 1.5181035398889458 46
1694733272998 0.8813841581914325 47
1694733273304 1.2452990588964092 48
1694733273605 31.678789521967968 49
1694733273884 0.4502533419980338 50
1694733274272 1.2900147630988215 51
1694733274635 1.067499515496634 52
1694733274912 0.0023656295604042275 53
1694733275199 9.597817517866265 54
1694733275445 1.0933088181176018 55
1694733275788 3.2642754787747066 56
1694733276010 0.0011094142052515696 57
1694733276249 1.2608487555472938 58
1694733276504 0.8131091733157414 59
1694733276827 0.33849055480537915 60
1694733277149 1.261093503683695 61
1694733277509 0.3122604094629174 62
1694733277840 0.473474187007948 63
1694733278121 22.532121008463214 64
1694733278436 0.18017926217831765 65
1694733278735 0.8974841035973645 66
1694733279016 0.5138311642061427 67
1694733279298 0.19427393297258358 68
1694733279653 1.6729681933501197 69
1694733279963 2.79480939232225 70
1694733280267 2.075335617412896 71
1694733280576 1.0507313157671474 72
1694733280856 0.7211757887781078 73
1694733281241 1.0957825789020037 74
1694733281541 1.4699764154674428 75
1694733281821 2.758242370194347 76
1694733282083 7.728851429865256 77
1694733282368 6.263667711885047 78
1694733282656 0.9134530628563978 79
1694733283025 0.4377512489983137 80
1694733283252 0.07054180359358515 81
1694733283566 5.113881396640977e-05 82
1694733283944 0.9268447522474428 83
1694733284267 5.72841015368561 84
1694733284633 0.5612797244571072 85
1694733284942 0.001894200872061526 86
1694733285195 1.4378448577544412 87
1694733285451 0.15564207773042418 88
1694733285774 0.2275730689331372 89
1694733286081 1.8483923219934462 90
1694733286428 0.10325730742011058 91
1694733286735 1.191162751168319 92
1694733287049 0.0015255966175055967 93
1694733287313 0.6216200457307273 94
1694733287620 1.8782589073591665 95
1694733287852 10.504969223647862 96
1694733288106 0.009079749211517666 97
1694733288455 3.29585150738925 98
1694733288768 0.7393966273462559 99
1694733289046 1.6274496365742632 100
1694733289298 0.017512656408798743 101
1694733289601 0.9453439502979548 102
1694733289915 1.890766986140862 103
1694733290176 2.446671299893939 104
1694733290474 0.14496090721146257 105
1694733290858 15.689382016474573 106
1694733291202 2.293519356245459 107
1694733291444 0.5075539246746438 108
1694733291753 0.3474073488360439 109
1694733292064 1.1403445704713275 110
1694733292315 0.5223397726325717 111
1694733292632 4.215643665128323 112
1694733293030 3.740562790425903 113
1694733293315 0.2296814021837573 114
1694733293636 2.635500798501796 115
1694733293956 1.2921589620890648 116
1694733294238 0.02348782710866952 117
1694733294530 0.07425352948897493 118
1694733294863 0.6149551373391112 119
1694733295196 0.3437956102828012 120
1694733295479 1.1088994660747447 121
1694733295805 2.8054492433896914 122
1694733296133 0.267842798666264 123
1694733296378 1.3708096325430763 124
1694733296697 0.3488303056917891 125
1694733297023 0.07140778840053028 126
1694733297346 1.1540147940148466 127
1694733297684 0.004201528311268984 128
1694733298029 4.8780358621001705 129
1694733298308 0.02570634170739497 130
1694733298742 0.23238709901508642 131
1694733299068 0.20996185273134108 132
1694733299323 0.0047539073741733094 133
1694733299605 18.612987982556877 134
1694733299843 1.5575490434196924 135
1694733300129 0.010522673336071653 136
1694733300367 2.4487667152792225 137
1694733300650 0.12486834281654903 138
1694733300923 1.4005449660710827 139
1694733301290 2.3584335960692084 140
1694733301575 0.11333132358722771 141
1694733301958 0.6506071544273039 142
1694733302296 9.039769869955164 143
1694733302553 0.25430558747075127 144
1694733302858 0.09620128452804456 145
1694733303081 2.071605244176061 146
1694733303398 0.15375748498147046 147
1694733303711 17.602509964423064 148
1694733304072 8.090682225204233 149
1694733304369 0.8033894822044143 150
1694733304625 24.173447976132902 151
1694733304930 0.16400227587320731 152
1694733305244 0.7084813486422611 153
1694733305499 8.074306753525242 154
1694733305796 2.5483386654465936 155
1694733306112 0.003736527711232456 156
1694733306412 0.12432977355831708 157
1694733306688 0.2015061385971981 158
1694733306966 0.23275279144630978 159
1694733307271 8.976556912385568 160
1694733307501 4.576145209382042 161
1694733307793 11.676512169247317 162
1694733308100 0.5353867727068118 163
1694733308440 1.6479821952615654 164
1694733308784 0.03772874436314479 165
1694733309062 4.393802270718673 166
1694733309358 0.575809419626215 167
1694733309581 0.07489583876059713 168
1694733309854 1.1342872669726627 169
1694733310160 0.031179094673979245 170
1694733310417 0.3790681755548176 171
1694733310707 1.4744711658843315 172
1694733311041 0.018610401996836695 173
1694733311396 1.526108620930563 174
1694733311643 10.59876846856717 175
1694733311993 0.48289027198645246 176
1694733312307 0.9408144117800107 177
1694733312599 0.060302490742500506 178
1694733313039 1.595194899054189 179
1694733313345 15.237741095863786 180
1694733313632 2.7631950437198145 181
1694733313939 0.8831046377742232 182
1694733314268 0.3939305636782659 183
1694733314629 0.3105586430221354 184
1694733314992 0.48544654042212815 185
1694733315351 1.1641006239961247 186
1694733315580 1.0939921132811319 187
1694733315863 3.6985407927458867 188
1694733316185 2.7189934063303913 189
1694733316464 0.6074893962011875 190
1694733316782 2.7945196300797113 191
1694733317094 1.024502650000985 192
1694733317466 0.07842735171100021 193
1694733317751 12.206319512283507 194
1694733318158 0.024235163461234614 195
1694733318468 0.068316599768175 196
1694733318715 1.0315426171078221 197
1694733319027 1.4207358674762383 198
1694733319349 1.3821286270861295 199
1694733319685 4.428501013269221 200
1694733319914 2.12181431894396 201
1694733320243 0.5416182874132753 202
1694733320569 1.0089920189361639 203
1694733320843 0.9845511318284149 204
1694733321186 0.25792205354473124 205
1694733321567 1.0362584456021062 206
1694733321837 1.0069591974184544 207
1694733322121 0.2261226704914468 208
1694733322437 0.7309973446484744 209
1694733322751 0.306071632693675 210
1694733323095 0.4112229076630137 211
1694733323405 0.051370579410503964 212
1694733323719 0.2167909283355609 213
1694733323978 0.5135816972330203 214
1694733324300 0.0034565721000061455 215
1694733324626 0.41463638981105677 216
1694733324926 0.7258047010450989 217
1694733325240 0.6197906438140852 218
1694733325568 0.23807305820334096 219
1694733325849 6.2900352791645995 220
1694733326108 0.5715287338342854 221
1694733326447 0.686273061483079 222
1694733326710 19.395220048212888 223
1694733326983 0.09338603141508237 224
1694733327259 0.4747382613934063 225
1694733327579 0.26609183588442076 226
1694733327863 0.7685457378611315 227
1694733328146 0.004331414745400278 228
1694733328513 0.0008130797165424102 229
1694733328824 0.0024356434009334604 230
1694733329159 0.9862360771781195 231
1694733329483 0.6258262387564996 232
1694733329798 0.5088814956499135 233
1694733330079 0.483787382892526 234
1694733330362 0.005928626329091537 235
1694733330737 11.097519469268459 236
1694733331001 0.10200488315956088 237
1694733331364 0.3193288174798769 238
1694733331620 0.4124592310937815 239
1694733331861 1.5863079611315205 240
1694733332126 0.03893108201397197 241
1694733332404 0.5275306800656604 242
1694733332733 2.3905033657380788 243
1694733333100 0.0013131799862733334 244
1694733333416 1.4757537352734043 245
1694733333702 5.615946566392048 246
1694733333946 0.7483669457786535 247
1694733334182 0.45191703985451526 248
1694733334503 1.5438140523377988 249
1694733334813 0.0525055937099824 250
1694733335068 11.923146824087128 251
1694733335427 0.17452806225887188 252
1694733335713 1.4130646811844827 253
1694733336034 0.207588470297259 254
