1694722846265 172.73028432591659 0
1694722846607 168.79543342569292 1
1694722846940 166.84152477655263 2
1694722847246 164.89919808671692 3
1694722847587 162.97987728305807 4
1694722847923 161.0832218071635 5
1694722848244 159.20896440859485 6
1694722848613 157.3568405801602 7
1694722848930 155.5265889407615 8
1694722849272 153.71795119600367 9
1694722849606 151.93067210175778 10
1694722849929 150.1644994281394 11
1694722850259 148.41918392391287 12
1694722850570 146.69447928131527 13
1694722850863 144.9901421012966 14
1694722851164 143.30593185916982 15
1694722851478 141.64161087066665 16
1694722851829 139.9969442583945 17
1694722852107 138.37169991868927 18
1694722852479 136.7656484888597 19
1694722852840 135.17856331481846 20
1694722853194 133.61022041909553 21
1694722853650 132.06039846922937 22
1694722854095 130.52887874653132 23
1694722854432 129.01544511521888 24
1694722854858 127.5198839919134 25
1694722855474 126.04198431549821 26
1694722855938 124.58153751733259 27
1694722856221 123.1383374918172 28
1694722856544 121.7121805673077 29
1694722856918 120.30286547737141 30
1694722857273 118.91019333238353 31
1694722857613 117.5339675914588 32
1694722857921 116.1739940347146 33
1694722858282 114.83008073586167 34
1694722858594 113.50203803511846 35
1694722858930 112.18967851244534 36
1694722859311 110.89281696109482 37
1694722859640 109.6112703614744 38
1694722859947 108.34485785531764 39
1694722860319 107.09340072016074 40
1694722860659 105.8567223441201 41
1694722860966 104.634648200968 42
1694722861360 103.42700582550259 43
1694722861774 102.23362478920859 44
1694722862070 101.05433667620564 45
1694722862336 99.88897505948046 46
1694722862683 98.73737547739987 47
1694722863108 97.59937541050112 48
1694722863445 96.47481425855625 49
1694722863741 95.36353331790733 50
1694722864064 94.26537575906937 51
1694722864391 93.18018660459782 52
1694722864806 92.10781270721718 53
1694722865086 91.04810272820819 54
1694722865432 90.0009071160501 55
1694722865765 88.96607808531505 56
1694722866054 87.94346959581193 57
1694722866423 86.9329373319765 58
1694722866774 85.93433868250463 59
1694722867108 84.94753272022636 60
1694722867387 83.97238018221753 61
1694722867724 83.00874345014621 62
1694722868052 82.05648653085129 63
1694722868360 81.11547503715052 64
1694722868770 80.18557616887485 65
1694722869104 79.26665869412726 66
1694722869514 78.35859293076244 67
1694722869868 77.46125072808539 68
1694722870178 76.5745054487662 69
1694722870496 75.69823195096824 70
1694722870823 74.8323065706875 71
1694722871128 73.97660710430061 72
1694722871431 73.13101279131858 73
1694722871713 72.2954042973447 74
1694722872065 71.46966369723327 75
1694722872436 70.65367445844744 76
1694722872845 69.84732142461358 77
1694722873226 69.05049079926972 78
1694722873614 68.26307012980607 79
1694722873969 67.4849482915951 80
1694722874276 66.71601547230898 81
1694722874676 65.95616315642243 82
1694722875006 65.20528410989829 83
1694722875318 64.46327236505422 84
1694722875682 63.730023205607885 85
1694722876027 63.00543315189893 86
1694722876338 62.2893999462853 87
1694722876758 61.581822538712174 88
1694722877086 60.88260107245124 89
1694722877412 60.19163687000836 90
1694722877771 59.50883241919773 91
1694722878093 58.83409135938044 92
1694722878383 58.16731846786543 93
1694722878701 57.508419646471445 94
1694722879016 56.85730190824712 95
1694722879293 56.21387336434834 96
1694722879623 55.57804321107035 97
1694722879983 54.94972171703307 98
1694722880383 54.32882021051771 99
1694722880731 53.71525106695302 100
1694722881048 53.108927696549166 101
1694722881381 52.509764532077796 102
1694722881690 51.917677016796276 103
1694722882026 51.33258159251468 104
1694722882374 50.75439568780355 105
1694722882797 50.18303770634103 106
1694722883137 49.61842701539754 107
1694722883441 49.06048393445648 108
1694722883763 48.50912972396926 109
1694722884128 47.96428657424322 110
1694722884493 47.4258775944607 111
1694722884896 46.89382680182776 112
1694722885195 46.36805911085115 113
1694722885484 45.84850032274183 114
1694722885815 45.335077114943644 115
1694722886138 44.82771703078566 116
1694722886454 44.32634846925666 117
1694722886811 43.83090067490055 118
1694722887200 43.341303727830834 119
1694722887556 42.8574885338633 120
1694722887887 42.379386814764935 121
1694722888193 41.90693109861826 122
1694722888448 41.4400547102993 123
1694722888734 40.97869176206803 124
1694722889073 40.52277714426995 125
1694722889401 40.07224651614748 126
1694722889722 39.627036296759904 127
1694722890079 39.18708365601038 128
1694722890382 38.752326505779145 129
1694722890682 38.32270349116125 130
1694722891022 37.89815398180784 131
1694722891409 37.478618063369716 132
1694722891769 37.06403652904183 133
1694722892079 36.65435087120782 134
1694722892371 36.24950327318303 135
1694722892737 35.84943660105515 136
1694722893158 35.45409439562117 137
1694722893422 35.063420864419506 138
1694722893729 34.677360873856415 139
1694722894162 34.29585994142508 140
1694722894465 33.91886422801693 141
1694722894859 33.54632053032343 142
1694722895207 33.17817627332786 143
1694722895484 32.81437950288555 144
1694722895814 32.45487887839196 145
1694722896139 32.09962366553712 146
1694722896506 31.748563729145822 147
1694722896814 31.401649526102204 148
1694722897152 31.058832098358046 149
1694722897509 30.720063066023453 150
1694722897842 30.385294620539334 151
1694722898156 30.054479517930346 152
1694722898436 29.72757107213761 153
1694722898832 29.404523148430098 154
1694722899262 29.085290156893887 155
1694722899573 28.769827045998237 156
1694722899899 28.45808929623772 157
1694722900243 28.150032913849397 158
1694722900574 27.84561442460416 159
1694722900956 27.54479086767142 160
1694722901321 27.24751978955625 161
1694722901648 26.953759238108162 162
1694722901999 26.663467756600564 163
1694722902330 26.376604377880188 164
1694722902666 26.09312861858555 165
1694722903051 25.81300047343382 166
1694722903398 25.536180409574946 167
1694722903683 25.26262936101267 168
1694722903951 24.992308723091277 169
1694722904294 24.725180347047512 170
1694722904563 24.46120653462683 171
1694722904862 24.200350032763236 172
1694722905158 23.942574028321925 173
1694722905468 23.687842142904007 174
1694722905808 23.436118427712614 175
1694722906126 23.18736735847963 176
1694722906447 22.941553830452268 177
1694722906762 22.698643153438976 178
1694722907071 22.45860104691371 179
1694722907392 22.221393635178128 180
1694722907726 21.98698744258087 181
1694722908090 21.75534938879326 182
1694722908500 21.52644678414089 183
1694722908863 21.30024732499026 184
1694722909215 21.0767190891899 185
1694722909598 20.855830531565385 186
1694722909993 20.637550479467475 187
1694722910375 20.421848128372922 188
1694722910674 20.208693037537103 189
1694722910979 19.998055125698134 190
1694722911310 19.78990466683159 191
1694722911612 19.58421228595546 192
1694722911910 19.380948954984554 193
1694722912199 19.180085988633916 194
1694722912570 18.98159504037063 195
1694722912967 18.78544809841338 196
1694722913300 18.59161748177931 197
1694722913629 18.400075836377525 198
1694722913983 18.21079613114872 199
1694722914305 18.023751654250425 200
1694722914672 17.838916009287324 201
1694722915102 17.65626311158601 202
1694722915460 17.47576718451381 203
1694722915791 17.297402755841045 204
1694722916143 17.12114465414624 205
1694722916486 16.94696800526381 206
1694722916824 16.7748482287737 207
1694722917177 16.604761034532462 208
1694722917552 16.436682419245276 209
1694722917910 16.270588663078534 210
1694722918244 16.106456326312315 211
1694722918588 15.944262246032482 212
1694722918934 15.783983532861814 213
1694722919275 15.625597567729706 214
1694722919682 15.469081998680087 215
1694722920040 15.314414737716955 216
1694722920385 15.161573957687246 217
1694722920703 15.010538089200438 218
1694722921019 14.861285817584577 219
1694722921349 14.713796079878234 220
1694722921685 14.568048061858015 221
1694722922083 14.424021195101094 222
1694722922437 14.281695154082563 223
1694722922767 14.141049853306919 224
1694722923192 14.002065444473539 225
1694722923517 13.86472231367556 226
1694722923814 13.729001078631873 227
1694722924208 13.594882585951796 228
1694722924549 13.462347908432031 229
1694722924911 13.33137834238557 230
1694722925243 13.201955405002142 231
1694722925576 13.0740608317398 232
1694722925848 12.947676573747364 233
1694722926186 12.822784795317224 234
1694722926550 12.699367871368331 235
1694722926882 12.577408384958805 236
1694722927200 12.456889124827985 237
1694722927540 12.337793082967483 238
1694722927840 12.220103452220933 239
1694722928177 12.103803623912066 240
1694722928539 11.988877185500812 241
1694722928863 11.87530791826707 242
1694722929188 11.763079795021854 243
1694722929623 11.65217697784543 244
1694722930182 11.542583815852195 245
1694722930551 11.434284842981949 246
1694722930913 11.327264775817225 247
1694722931283 11.221508511426448 248
1694722931616 11.117001125232495 249
1694722931958 11.013727868906466 250
1694722932346 10.911674168286348 251
1694722932670 10.810825621320205 252
1694722933093 10.711167996033705 253
1694722933443 10.612687228521597 254
1694722933717 10.515369420962994 255
1694722934019 10.419200839659966 256
1694722934365 10.324167913099453 257
1694722934728 10.23025723003791 258
1694722935077 10.13745553760868 259
1694722935388 10.045749739451676 260
1694722935701 9.95512689386514 261
1694722936050 9.865574211979249 262
1694722936454 9.777079055951303 263
1694722936781 9.689628937182167 264
1694722937111 9.603211514553854 265
1694722937441 9.517814592687847 266
1694722937761 9.433426120224054 267
1694722938081 9.350034188120038 268
1694722938401 9.267627027970358 269
1694722938692 9.186193010345745 270
1694722938982 9.105720643151887 271
1694722939260 9.026198570007647 272
1694722939621 8.94761556864233 273
1694722939947 8.869960549311978 274
1694722940320 8.79322255323433 275
1694722940708 8.71739075104222 276
1694722941054 8.642454441255333 277
1694722941380 8.568403048769929 278
1694722941719 8.495226123366418 279
1694722942019 8.422913338234588 280
1694722942323 8.351454488516232 281
1694722942675 8.28083948986498 282
1694722943077 8.211058377023132 283
1694722943440 8.142101302415334 284
1694722943743 8.073958534758818 285
1694722944068 8.006620457690072 286
1694722944417 7.940077568407726 287
1694722944943 7.8743204763315005 288
1694722945297 7.80933990177691 289
1694722945627 7.745126674645691 290
1694722945878 7.681671733131674 291
1694722946223 7.618966122441917 292
1694722946584 7.5570009935329745 293
1694722946928 7.495767601862063 294
1694722947322 7.435257306152992 295
1694722947648 7.375461567176656 296
1694722947982 7.316371946545938 297
1694722948342 7.2579801055248465 298
1694722948675 7.200277803851687 299
1694722948956 7.143256898576185 300
1694722949291 7.086909342910281 301
1694722949701 7.031227185092539 302
1694722950028 6.976202567265961 303
1694722950281 6.921827724369029 304
1694722950626 6.86809498303987 305
1694722950947 6.81499676053334 306
1694722951282 6.762525563650909 307
1694722951625 6.710673987683196 308
1694722951934 6.6594347153649665 309
1694722952281 6.6088005158424785 310
1694722952599 6.558764243653034 311
1694722952937 6.509318837716575 312
1694722953276 6.4604573203391755 313
1694722953590 6.41217279622832 314
1694722953899 6.36445845151981 315
1694722954218 6.3173075528161435 316
1694722954587 6.270713446236279 317
1694722954902 6.22466955647658 318
1694722955257 6.179169385882905 319
1694722955627 6.134206513533591 320
1694722956012 6.089774594333326 321
1694722956366 6.045867358117686 322
1694722956763 6.002478608768256 323
1694722957046 5.959602223338207 324
1694722957348 5.917232151188179 325
1694722957635 5.875362413132402 326
1694722957954 5.833987100594863 327
1694722958301 5.7931003747754675 328
1694722958752 5.752696465826056 329
1694722959081 5.712769672036097 330
1694722959422 5.673314359028047 331
1694722959780 5.6343249589622175 332
1694722960098 5.595795969750965 333
1694722960444 5.55772195428225 334
1694722960787 5.5200975396523155 335
1694722961202 5.482917416407422 336
1694722961530 5.44617633779457 337
1694722961881 5.409869119021012 338
1694722962187 5.373990636522589 339
1694722962550 5.338535827240655 340
1694722962864 5.303499687907522 341
1694722963243 5.2688772743404275 342
1694722963628 5.234663700743736 343
1694722963972 5.200854139019456 344
1694722964311 5.167443818085867 345
1694722964722 5.134428023204198 346
1694722965171 5.101802095313257 347
1694722965466 5.069561430371916 348
1694722965810 5.037701478709389 349
1694722966110 5.006217744383139 350
1694722966399 4.975105784544375 351
1694722966751 4.9443612088110855 352
1694722967016 4.913979678648402 353
1694722967279 4.883956906756374 354
1694722967611 4.854288656464885 355
1694722967941 4.824970741135764 356
1694722968174 4.795999023571951 357
1694722968563 4.767369415433605 358
1694722968896 4.739077876661175 359
1694722969232 4.711120414905237 360
1694722969564 4.6834930849630565 361
1694722969894 4.656191988221817 362
1694722970217 4.629213272108447 363
1694722970552 4.602553129545931 364
1694722970875 4.576207798416005 365
1694722971205 4.550173561028239 366
1694722971556 4.524446743595398 367
1694722971909 4.499023715714949 368
1694722972170 4.473900889856732 369
1694722972498 4.449074720856663 370
1694722972874 4.42454170541643 371
1694722973288 4.400298381609094 372
1694722973641 4.376341328390519 373
1694722973986 4.352667165116552 374
1694722974312 4.329272551065965 375
1694722974684 4.30615418496898 376
1694722975027 4.2833088045413685 377
1694722975374 4.260733186024076 378
1694722975745 4.238424143728262 379
1694722976043 4.2163785295857155 380
1694722976371 4.194593232704576 381
1694722976714 4.173065178930341 382
1694722977033 4.15179133041198 383
1694722977307 4.130768685173241 384
1694722977671 4.109994276689003 385
1694722978044 4.089465173466615 386
1694722978343 4.069178478632173 387
1694722978666 4.0491313295217415 388
1694722979020 4.029320897277305 389
1694722979262 4.0097443864475855 390
1694722979570 3.9903990345935236 391
1694722979952 3.971282111898411 392
1694722980284 3.9523909207826597 393
1694722980642 3.9337227955231118 394
1694722980957 3.9152751018768264 395
1694722981260 3.8970452367093276 396
1694722981592 3.8790306276272344 397
1694722981929 3.861228732615234 398
1694722982281 3.8436370396773256 399
1694722982650 3.8262530664823386 400
1694722983034 3.8090743600135966 401
1694722983305 3.7920984962227258 402
1694722983631 3.7753230796875923 403
1694722983988 3.758745743274215 404
1694722984264 3.7423641478027156 405
1694722984571 3.7261759817172164 406
1694722984979 3.7101789607595923 407
1694722985307 3.694370827647124 408
1694722985729 3.6787493517539365 409
1694722986126 3.6633123287961866 410
1694722986412 3.6480575805210185 411
1694722986825 3.632982954399108 412
1694722987181 3.618086323320931 413
1694722987465 3.60336558529654 414
1694722987848 3.588818663158951 415
1694722988188 3.5744435042709783 416
1694722988562 3.560238080235564 417
1694722988926 3.546200386609529 418
1694722989240 3.532328442620679 419
1694722989591 3.5186202908882827 420
1694722989942 3.505073997146822 421
1694722990238 3.4916876499730316 422
1694722990568 3.478459360516149 423
1694722990908 3.465387262231326 424
1694722991221 3.4524695106162406 425
1694722991490 3.4397042829507876 426
1694722991831 3.4270897780398264 427
1694722992175 3.414624215959013 428
1694722992533 3.402305837803585 429
1694722992918 3.3901329054401446 430
1694722993286 3.3781037012613746 431
1694722993621 3.366216527943629 432
1694722993991 3.3544697082073998 433
1694722994314 3.3428615845806067 434
1694722994675 3.331390519164693 435
1694722995034 3.3200548934034706 436
1694722995365 3.308853107854709 437
1694722995698 3.2977835819644135 438
1694722996008 3.2868447538437544 439
1694722996330 3.2760350800486604 440
1694722996757 3.2653530353619917 441
1694722997086 3.2547971125783044 442
1694722997430 3.244365822291123 443
1694722997900 3.2340576926827724 444
1694722998217 3.2238712693166547 445
1694722998532 3.2138051149319997 446
1694722998907 3.203857809241016 447
1694722999251 3.1940279487284666 448
1694722999635 3.1843141464535907 449
1694723000023 3.1747150318543738 450
1694723000292 3.1652292505541246 451
1694723000599 3.1558554641703416 452
1694723000944 3.1465923501258386 453
1694723001270 3.137438601462075 454
1694723001595 3.1283929266547337 455
1694723001913 3.119454049431448 456
1694723002263 3.1106207085916826 457
1694723002518 3.101891657828747 458
1694723002843 3.0932656655539112 459
1694723003294 3.084741514722601 460
1694723003632 3.0763180026626373 461
1694723003990 3.067993940904519 462
1694723004347 3.0597681550136775 463
1694723004805 3.0516394844247605 464
1694723005116 3.0436067822778328 465
1694723005442 3.0356689152565233 466
1694723005870 3.0278247634280944 467
1694723006200 3.0200732200853846 468
1694723006523 3.012413191590626 469
1694723006874 3.004843597221109 470
1694723007214 2.997363369016657 471
1694723007600 2.9899714516289158 472
1694723007987 2.982666802172416 473
1694723008332 2.975448390077391 474
1694723008703 2.968315196944343 475
1694723009025 2.9612662164003276 476
1694723009321 2.954300453956917 477
1694723009639 2.947416926869853 478
1694723009982 2.940614664000363 479
1694723010373 2.9338927056781046 480
1694723010762 2.9272501035657412 481
1694723011113 2.9206859205250915 482
1694723011419 2.914199230484886 483
1694723011702 2.9077891183100752 484
1694723012050 2.9014546796726712 485
1694723012374 2.8951950209241417 486
1694723012751 2.889009258969275 487
1694723013136 2.882896521141567 488
1694723013439 2.8768559450800586 489
1694723013790 2.870886678607639 490
1694723014129 2.864987879610767 491
1694723014512 2.85915871592066 492
1694723014888 2.8533983651958192 493
1694723015230 2.8477060148060005 494
1694723015609 2.8420808617175113 495
1694723015948 2.836522112379909 496
1694723016316 2.831028982613981 497
1694723016586 2.825600697501101 498
1694723016869 2.8202364912738584 499
