1694717356938 2.620438395090554 0
1694717357144 1.5007515193506398 1
1694717357369 2.40957935211142 2
1694717357613 2.500162240417337 3
1694717357875 1.8894871324254285 4
1694717358117 1.8664737082148646 5
1694717358450 1.8725899603269422 6
1694717358805 2.538541744856621 7
1694717359091 2.1466615894696663 8
1694717359285 2.2791258441872926 9
1694717359504 2.295745613704846 10
1694717359785 1.4087875312186628 11
1694717360066 2.0041542480418966 12
1694717360237 2.466565441691154 13
1694717360536 1.4708566943376276 14
1694717360732 3.3095060846281905 15
1694717361026 1.4110683681250111 16
1694717361298 1.803080311094378 17
1694717361607 2.2654382846965353 18
1694717361912 1.7063855869996587 19
1694717362246 2.0854951066725094 20
1694717362500 1.2298131125855631 21
1694717362759 1.160298718487957 22
1694717363027 1.6707625695997252 23
1694717363287 1.4005304291933198 24
1694717363569 1.7239684351992133 25
1694717363752 1.517237460947528 26
1694717363928 1.4460628962436561 27
1694717364180 1.331382220635465 28
1694717364388 1.0007002158445975 29
1694717364622 1.6709155241276883 30
1694717364896 1.936415286501918 31
1694717365230 1.3252618796366142 32
1694717365589 1.5450440257419056 33
1694717365911 1.1705922743829569 34
1694717366181 1.6359606674356255 35
1694717366522 1.4604917965536348 36
1694717366832 1.2505355839826136 37
1694717367047 1.0038227773432056 38
1694717367244 1.1549351844005191 39
1694717367449 1.2634971763283729 40
1694717367682 1.6424080520225317 41
1694717367998 0.76256208266588 42
1694717368313 1.1666043894356868 43
1694717368612 1.3861446047975132 44
1694717368841 2.0044517087981673 45
1694717369133 0.9779406901584039 46
1694717369322 1.2514274238728198 47
1694717369691 1.590575532653361 48
1694717370062 0.8403616094707389 49
1694717370433 1.4368888570084457 50
1694717370762 1.1824899869456844 51
1694717370991 1.6070445765687271 52
1694717371226 1.0043170503529255 53
1694717371444 1.0619397809150677 54
1694717371694 1.2684363143288595 55
1694717371909 1.069219806205992 56
1694717372130 1.224939346818391 57
1694717372313 1.1913102542157865 58
1694717372589 1.3189788205067712 59
1694717372908 2.3133624030527367 60
1694717373232 0.6790128197676547 61
1694717373552 1.5025432977993376 62
1694717373793 1.7879780191198846 63
1694717374129 0.9442964848539379 64
1694717374460 1.8743768885148275 65
1694717374718 1.142386870794071 66
1694717375077 1.5273255726012722 67
1694717375381 0.9212214789048214 68
1694717375641 1.112517560788402 69
1694717375925 0.9550183013714624 70
1694717376150 1.0301729862457716 71
1694717376320 1.2304869424249423 72
1694717376569 1.3245498632680601 73
1694717376880 1.4510033473963122 74
1694717377163 1.1688266626030812 75
1694717377426 1.043220984577748 76
1694717377785 1.1484454920363916 77
1694717378089 0.8409775600117313 78
1694717378302 0.8630969494668146 79
1694717378533 1.4761099502220247 80
1694717379091 1.1964304432849917 81
1694717379360 1.3351557407857184 82
1694717379666 1.5949463521957272 83
1694717379974 0.7783506808908973 84
1694717380260 1.0408544495124457 85
1694717380480 1.0344537864525731 86
1694717380734 1.0108031728072162 87
1694717381050 0.8521883073194678 88
1694717381339 1.4778512967184694 89
1694717381522 1.1130298966156211 90
1694717381729 1.168143199167613 91
1694717382032 1.2248202616372879 92
1694717382298 0.9545463775000486 93
1694717382525 0.9307671605245156 94
1694717382799 0.7408855353765403 95
1694717382988 0.9898046876352591 96
1694717383220 0.6536910867718524 97
1694717383470 1.0447241025772676 98
1694717383750 0.8965992020567759 99
1694717384055 1.2416398664732775 100
1694717384332 0.6490251243255876 101
1694717384519 0.9313636920173848 102
1694717384708 0.672600439858196 103
1694717385082 1.003630981908326 104
1694717385372 0.9504459446323554 105
1694717385582 0.7514773225704797 106
1694717385797 0.9561558923321327 107
1694717386053 1.1258816145521524 108
1694717386329 0.8061973969048912 109
1694717386607 0.8432214294946936 110
1694717386857 0.8164706857046441 111
1694717387089 1.1500421492609563 112
1694717387321 0.6535993785046647 113
1694717387580 0.7288259568669793 114
1694717387852 1.1596725157942258 115
1694717388101 0.6086325591221431 116
1694717388377 0.8528285240188179 117
1694717388773 0.5808697788856491 118
1694717389035 1.2325627799352283 119
1694717389297 0.8934846372862443 120
1694717389530 1.0850004189287576 121
1694717389795 1.0333412943202027 122
1694717390080 0.581505897020502 123
1694717390400 1.019431583042019 124
1694717390623 0.8681262604671958 125
1694717390927 0.6390085486789628 126
1694717391184 1.175875254269784 127
1694717391408 0.868203216465399 128
1694717391578 0.8971420085199804 129
1694717391824 1.3385958460946483 130
1694717392017 0.8424672001079198 131
1694717392224 1.5338870822634003 132
1694717392433 0.8792435875366432 133
1694717392636 0.9248012134214374 134
1694717392855 0.9797002896007551 135
1694717393175 1.5208522158521378 136
1694717393427 0.9250040334889039 137
1694717393637 1.110848532701276 138
1694717393858 0.8946628253110488 139
1694717394167 0.7782437212915667 140
1694717394406 0.9306133463649402 141
1694717394607 1.7561892664476224 142
1694717394851 1.0031088841287652 143
1694717395120 0.5991257525724406 144
1694717395423 1.2433429935575544 145
1694717395634 0.9729722003330914 146
1694717395863 1.0139920850097714 147
1694717396065 1.1201158286231463 148
1694717396294 0.6653863895607982 149
1694717396505 0.8901134136504857 150
1694717396678 0.7051161688729645 151
1694717396874 1.1742823280556807 152
1694717397088 1.035805348983698 153
1694717397338 1.4228892251224674 154
1694717397549 0.7520405996632766 155
1694717397798 1.2416651981655187 156
1694717398027 0.8593333587126879 157
1694717398324 0.9465453789069301 158
1694717398561 0.8229465079898475 159
1694717398769 1.0239964685253755 160
1694717398962 0.8315530951962439 161
1694717399173 0.7745719073966881 162
1694717399432 0.8847245244950113 163
1694717399622 1.2211909722952956 164
1694717399927 0.772903531249115 165
1694717400104 0.8834863526472952 166
1694717400406 1.112827631159619 167
1694717400616 0.8044056568750405 168
1694717400822 0.7845496480185628 169
1694717401052 1.250072050675253 170
1694717401286 1.1465960705873572 171
1694717401505 0.6239724675117697 172
1694717401722 1.264782237617615 173
1694717401987 1.1979180409469543 174
1694717402270 0.959229814194559 175
1694717402494 1.0814046208079466 176
1694717402740 1.0033861428217086 177
1694717402987 0.8590828186321601 178
1694717403260 0.7324833559864353 179
1694717403521 0.9589382105807882 180
1694717403781 1.1522562977375066 181
1694717403993 0.8704980061739963 182
1694717404247 1.0560675017930083 183
1694717404525 0.8360695087407937 184
1694717404749 1.0410214041110988 185
1694717404997 0.7556056488830402 186
1694717405238 1.0017086912359627 187
1694717405481 0.5006420514660543 188
1694717405627 0.8306450813237092 189
1694717405816 1.0549803734537455 190
1694717406053 0.883608412708042 191
1694717406291 1.149061720243459 192
1694717406530 0.6722353036401113 193
1694717406787 0.8412866206952057 194
1694717407034 1.0898821324355186 195
1694717407246 1.4184939618550116 196
1694717407482 1.039977459514095 197
1694717407681 1.4317175598148006 198
1694717407947 1.0281942209071258 199
1694717408200 0.7842533075800251 200
1694717408476 1.1472292212691126 201
1694717408749 0.8387677029894135 202
1694717409052 0.6447453744243291 203
1694717409276 0.8175677514031032 204
1694717409516 0.9087849444650614 205
1694717409721 1.0024433936709711 206
1694717409965 1.0060444976980982 207
1694717410261 0.807855340332287 208
1694717410515 0.9317210694888481 209
1694717410724 0.5781328215277629 210
1694717410963 0.9993668859688897 211
1694717411270 0.7778469387471066 212
1694717411516 0.8853466481434888 213
1694717411647 0.822032154048109 214
1694717411826 0.64680071078163 215
1694717412039 0.7075501243012728 216
1694717412253 0.6886053724508244 217
1694717412528 0.933477904534853 218
1694717412709 0.8041995465866804 219
1694717412921 1.0535426450217864 220
1694717413130 1.0754789334682824 221
1694717413351 0.9467924393079074 222
1694717413579 1.008347276436782 223
1694717413817 1.3517886764271216 224
1694717414049 1.1436117937997965 225
1694717414292 0.7191910990067664 226
1694717414544 0.8378578606392135 227
1694717414685 0.9238473676009298 228
1694717414912 0.6482890950286863 229
1694717415125 0.7799109221093617 230
1694717415335 1.0735362392241097 231
1694717415661 0.8736907700543716 232
1694717416031 0.8853690051209033 233
1694717416342 1.1147069179748443 234
1694717416633 0.6740527462679639 235
1694717416933 1.0260546139289581 236
1694717417172 0.6855126546907054 237
1694717417434 0.5582730866066765 238
1694717417623 0.8550383832403484 239
1694717417876 0.7251168002413289 240
1694717418133 1.335760494071598 241
1694717418418 1.097729237549669 242
1694717418682 0.8983299393671408 243
1694717418852 1.1795509000609274 244
1694717419060 0.829179592733067 245
1694717419271 0.6163726454608568 246
1694717419542 0.9776204027602922 247
1694717419770 0.9312384596692937 248
1694717420022 0.7576750137531164 249
1694717420342 0.9024767831466534 250
1694717420606 0.9145016493809566 251
1694717420763 0.6761510710104746 252
1694717420929 0.8673190392981203 253
1694717421146 1.0470758528456352 254
1694717421399 0.6822514527235294 255
1694717421635 0.9853579324854006 256
1694717421822 0.8426953735260252 257
1694717422048 0.7287462344196978 258
1694717422307 1.3246214938983918 259
1694717422606 1.1750028280641225 260
1694717422791 1.0316513347350453 261
1694717423021 1.3973065484235407 262
1694717423269 1.0654997491655114 263
1694717423536 0.6767291237007895 264
1694717423768 0.9263346027998701 265
1694717423982 1.1475151933635805 266
1694717424220 0.7285227058068481 267
1694717424470 0.9295721831596372 268
1694717424739 0.9982328724299796 269
1694717424921 1.0821207845276193 270
1694717425166 0.6997625354236353 271
1694717425452 1.1032365354413418 272
1694717425681 0.7950883966527351 273
1694717425929 1.2519940074420235 274
1694717426152 1.2130440448838093 275
1694717426429 0.8322451589678144 276
1694717426664 0.7600256360835511 277
1694717426911 0.820518331121276 278
1694717427140 1.3348017255777551 279
1694717427383 0.7563774494299702 280
1694717427649 0.921271386859831 281
1694717427825 0.7754386908152402 282
1694717428061 1.1384717252685763 283
1694717428274 1.1939823151526232 284
1694717428537 1.3716981120582081 285
1694717428744 0.6850351866325303 286
1694717428909 0.8742835326153799 287
1694717429174 1.0013847206833177 288
1694717429391 1.0600064093250838 289
1694717429650 0.9401701818768491 290
1694717429819 0.7034584267590547 291
1694717430023 0.698423376136751 292
1694717430342 0.6083764264867956 293
1694717430602 1.161102932292337 294
1694717430828 0.9522769975277178 295
1694717431054 1.2904233396709555 296
1694717431358 0.6595355711055855 297
1694717431659 1.079988057392134 298
1694717431834 0.8968495095833835 299
1694717432026 0.8919306251992233 300
1694717432271 1.2264067139263515 301
1694717432540 1.1321927421326343 302
1694717432726 0.6778097722182 303
1694717432919 0.6737779398226038 304
1694717433126 0.9385178476467895 305
1694717433325 0.712750001726236 306
1694717433604 0.8489010057413579 307
1694717433850 0.9530227908546924 308
