1694754679238 nan 0
1694754679432 nan 1
1694754679694 nan 2
1694754679969 nan 3
1694754680143 nan 4
1694754680365 nan 5
1694754680567 nan 6
1694754680805 nan 7
1694754681026 nan 8
1694754681256 nan 9
1694754681421 nan 10
1694754681601 nan 11
1694754681830 nan 12
1694754682015 nan 13
1694754682287 nan 14
1694754682497 nan 15
1694754682705 nan 16
1694754682930 nan 17
1694754683147 nan 18
1694754683366 nan 19
1694754683556 nan 20
1694754683750 nan 21
1694754683965 nan 22
1694754684157 nan 23
1694754684394 nan 24
1694754684592 nan 25
1694754684792 nan 26
1694754685015 nan 27
1694754685230 nan 28
1694754685454 nan 29
1694754685626 nan 30
1694754685830 nan 31
1694754686066 nan 32
1694754686351 nan 33
1694754686557 nan 34
1694754686787 nan 35
1694754687031 nan 36
1694754687283 nan 37
1694754687514 nan 38
1694754687732 nan 39
1694754687978 nan 40
1694754688278 nan 41
1694754688520 nan 42
1694754688701 nan 43
1694754688923 nan 44
1694754689085 nan 45
1694754689278 nan 46
1694754689460 nan 47
1694754689639 nan 48
1694754689910 nan 49
1694754690114 nan 50
1694754690425 nan 51
1694754690637 nan 52
1694754690785 nan 53
1694754691043 nan 54
1694754691323 nan 55
1694754691541 nan 56
1694754691746 nan 57
1694754691992 nan 58
1694754692259 nan 59
1694754692548 nan 60
1694754692793 nan 61
1694754693023 nan 62
1694754693196 nan 63
1694754693475 nan 64
1694754693672 nan 65
1694754694145 nan 66
1694754695064 nan 67
1694754695383 nan 68
1694754695730 nan 69
1694754696028 nan 70
1694754696334 nan 71
1694754696677 nan 72
1694754697031 nan 73
1694754697649 nan 74
1694754697839 nan 75
1694754698123 nan 76
1694754698373 nan 77
1694754698610 nan 78
1694754698780 nan 79
1694754699058 nan 80
1694754699328 nan 81
1694754699643 nan 82
1694754699986 nan 83
1694754700294 nan 84
1694754700571 nan 85
1694754700740 nan 86
1694754700892 nan 87
1694754701078 nan 88
1694754701262 nan 89
1694754701422 nan 90
1694754701657 nan 91
1694754701903 nan 92
1694754702164 nan 93
1694754702487 nan 94
1694754702789 nan 95
1694754703093 nan 96
1694754703366 nan 97
1694754703624 nan 98
1694754703834 nan 99
1694754704040 nan 100
1694754704295 nan 101
1694754704645 nan 102
1694754704982 nan 103
1694754705262 nan 104
1694754705579 nan 105
1694754705960 nan 106
1694754706400 nan 107
1694754706777 nan 108
1694754707122 nan 109
1694754707586 nan 110
1694754708107 nan 111
1694754708543 nan 112
1694754708919 nan 113
1694754709126 nan 114
1694754709410 nan 115
1694754709720 nan 116
1694754710024 nan 117
1694754710327 nan 118
1694754710647 nan 119
1694754710894 nan 120
1694754711161 nan 121
1694754711322 nan 122
1694754711499 nan 123
1694754711782 nan 124
1694754711997 nan 125
1694754712258 nan 126
1694754712515 nan 127
1694754712783 nan 128
1694754713095 nan 129
1694754713402 nan 130
1694754713634 nan 131
1694754713854 nan 132
1694754714049 nan 133
1694754714239 nan 134
1694754714546 nan 135
1694754714928 nan 136
1694754715214 nan 137
1694754715460 nan 138
1694754715727 nan 139
1694754715969 nan 140
1694754716304 nan 141
1694754716565 nan 142
1694754716821 nan 143
1694754717007 nan 144
1694754717193 nan 145
1694754717427 nan 146
1694754717674 nan 147
1694754717898 nan 148
1694754718201 nan 149
1694754718471 nan 150
1694754718717 nan 151
1694754718941 nan 152
1694754719155 nan 153
1694754719410 nan 154
1694754719662 nan 155
1694754719930 nan 156
1694754720117 nan 157
1694754720394 nan 158
1694754720691 nan 159
1694754720910 nan 160
1694754721174 nan 161
1694754721433 nan 162
1694754721674 nan 163
1694754721909 nan 164
1694754722143 nan 165
1694754722411 nan 166
1694754722695 nan 167
1694754722968 nan 168
1694754723195 nan 169
1694754723450 nan 170
1694754723678 nan 171
1694754723901 nan 172
1694754724076 nan 173
1694754724297 nan 174
1694754724502 nan 175
1694754724742 nan 176
1694754724992 nan 177
1694754725248 nan 178
1694754725464 nan 179
1694754725751 nan 180
1694754725992 nan 181
1694754726252 nan 182
1694754726515 nan 183
1694754726792 nan 184
1694754726990 nan 185
1694754727346 nan 186
1694754727617 nan 187
1694754727893 nan 188
1694754728176 nan 189
1694754728440 nan 190
1694754728710 nan 191
1694754728924 nan 192
1694754729122 nan 193
1694754729376 nan 194
1694754729686 nan 195
1694754729971 nan 196
1694754730131 nan 197
1694754730392 nan 198
1694754730629 nan 199
1694754730884 nan 200
1694754731066 nan 201
1694754731240 nan 202
1694754731467 nan 203
1694754731720 nan 204
1694754731985 nan 205
1694754732157 nan 206
1694754732356 nan 207
1694754732606 nan 208
1694754732857 nan 209
1694754733103 nan 210
1694754733357 nan 211
1694754733612 nan 212
1694754733849 nan 213
1694754734107 nan 214
1694754734375 nan 215
1694754734637 nan 216
1694754734890 nan 217
1694754735094 nan 218
1694754735321 nan 219
1694754735544 nan 220
1694754735780 nan 221
1694754736033 nan 222
1694754736247 nan 223
1694754736552 nan 224
1694754736777 nan 225
1694754736991 nan 226
1694754737202 nan 227
1694754737453 nan 228
1694754737721 nan 229
1694754737987 nan 230
1694754738220 nan 231
1694754738414 nan 232
1694754738719 nan 233
1694754738942 nan 234
1694754739158 nan 235
1694754739428 nan 236
1694754739698 nan 237
1694754739967 nan 238
1694754740173 nan 239
1694754740433 nan 240
1694754740774 nan 241
1694754741046 nan 242
1694754741243 nan 243
1694754741454 nan 244
1694754741693 nan 245
1694754741953 nan 246
1694754742157 nan 247
1694754742421 nan 248
1694754742692 nan 249
1694754742988 nan 250
1694754743215 nan 251
1694754743439 nan 252
1694754743681 nan 253
1694754743949 nan 254
1694754744182 nan 255
1694754744407 nan 256
1694754744658 nan 257
1694754744863 nan 258
1694754745092 nan 259
1694754745369 nan 260
1694754745646 nan 261
1694754745896 nan 262
1694754746150 nan 263
1694754746333 nan 264
1694754746509 nan 265
1694754746776 nan 266
1694754747025 nan 267
1694754747254 nan 268
1694754747532 nan 269
1694754747776 nan 270
1694754748107 nan 271
1694754748388 nan 272
1694754748651 nan 273
1694754748877 nan 274
1694754749127 nan 275
1694754749388 nan 276
1694754749660 nan 277
1694754749942 nan 278
1694754750163 nan 279
1694754750378 nan 280
1694754750637 nan 281
1694754750901 nan 282
1694754751169 nan 283
1694754751422 nan 284
1694754751732 nan 285
1694754752091 nan 286
1694754752302 nan 287
1694754752503 nan 288
1694754752701 nan 289
1694754752949 nan 290
1694754753214 nan 291
1694754753468 nan 292
1694754753813 nan 293
1694754754047 nan 294
1694754754320 nan 295
1694754754556 nan 296
1694754754873 nan 297
1694754755132 nan 298
1694754755316 nan 299
1694754755499 nan 300
1694754755761 nan 301
1694754756005 nan 302
1694754756243 nan 303
1694754756443 nan 304
1694754756655 nan 305
1694754756898 nan 306
1694754757131 nan 307
1694754757337 nan 308
1694754757598 nan 309
1694754757872 nan 310
1694754758130 nan 311
1694754758397 nan 312
1694754758635 nan 313
1694754758913 nan 314
1694754759180 nan 315
1694754759374 nan 316
1694754759566 nan 317
1694754759760 nan 318
1694754759982 nan 319
1694754760268 nan 320
1694754760445 nan 321
1694754760731 nan 322
1694754761064 nan 323
1694754761391 nan 324
1694754761864 nan 325
1694754762286 nan 326
1694754762505 nan 327
1694754762731 nan 328
1694754763055 nan 329
1694754763405 nan 330
1694754763656 nan 331
1694754763984 nan 332
1694754764326 nan 333
1694754764550 nan 334
1694754764796 nan 335
1694754765074 nan 336
1694754765379 nan 337
1694754765689 nan 338
1694754765963 nan 339
1694754766276 nan 340
1694754766534 nan 341
1694754766873 nan 342
1694754767232 nan 343
1694754767503 nan 344
1694754767926 nan 345
1694754768321 nan 346
1694754768637 nan 347
1694754769029 nan 348
1694754769349 nan 349
1694754769644 nan 350
1694754770063 nan 351
1694754770400 nan 352
1694754770678 nan 353
1694754770952 nan 354
1694754771201 nan 355
1694754771527 nan 356
1694754771816 nan 357
1694754772144 nan 358
1694754772512 nan 359
1694754772838 nan 360
1694754773259 nan 361
1694754773550 nan 362
1694754773852 nan 363
1694754774138 nan 364
1694754774462 nan 365
1694754774750 nan 366
1694754775039 nan 367
1694754775394 nan 368
1694754775634 nan 369
1694754775844 nan 370
1694754776123 nan 371
1694754776478 nan 372
1694754776768 nan 373
1694754777140 nan 374
1694754777445 nan 375
1694754777785 nan 376
1694754778171 nan 377
1694754778520 nan 378
1694754778783 nan 379
1694754779113 nan 380
1694754779469 nan 381
1694754779735 nan 382
1694754780216 nan 383
1694754780547 nan 384
1694754780926 nan 385
1694754781262 nan 386
1694754781615 nan 387
1694754781838 nan 388
1694754782127 nan 389
1694754782484 nan 390
1694754782794 nan 391
1694754783135 nan 392
1694754783434 nan 393
1694754783800 nan 394
1694754784094 nan 395
1694754784420 nan 396
1694754784718 nan 397
1694754784941 nan 398
1694754785337 nan 399
1694754785587 nan 400
1694754785897 nan 401
1694754786282 nan 402
1694754786587 nan 403
1694754786940 nan 404
1694754787247 nan 405
1694754787533 nan 406
1694754787774 nan 407
1694754788070 nan 408
1694754788463 nan 409
1694754788700 nan 410
1694754788961 nan 411
1694754789244 nan 412
1694754789528 nan 413
1694754789807 nan 414
1694754790011 nan 415
1694754790268 nan 416
1694754790652 nan 417
1694754790910 nan 418
1694754791232 nan 419
1694754791533 nan 420
1694754791757 nan 421
1694754791994 nan 422
1694754792262 nan 423
1694754792526 nan 424
1694754792747 nan 425
1694754793048 nan 426
1694754793284 nan 427
1694754793552 nan 428
1694754793754 nan 429
1694754793965 nan 430
1694754794187 nan 431
1694754794506 nan 432
1694754794760 nan 433
1694754795013 nan 434
1694754795314 nan 435
1694754795658 nan 436
1694754795842 nan 437
1694754796093 nan 438
1694754796374 nan 439
1694754796623 nan 440
1694754796852 nan 441
1694754797140 nan 442
1694754797527 nan 443
1694754797821 nan 444
1694754798119 nan 445
1694754798402 nan 446
1694754798650 nan 447
1694754798915 nan 448
1694754799184 nan 449
1694754799479 nan 450
1694754799876 nan 451
1694754800162 nan 452
1694754800408 nan 453
1694754800664 nan 454
1694754801020 nan 455
1694754801361 nan 456
1694754801642 nan 457
1694754801972 nan 458
1694754802248 nan 459
1694754802492 nan 460
1694754802744 nan 461
1694754802959 nan 462
1694754803219 nan 463
1694754803473 nan 464
1694754803729 nan 465
1694754803918 nan 466
1694754804213 nan 467
1694754804451 nan 468
1694754804706 nan 469
1694754804896 nan 470
1694754805118 nan 471
1694754805349 nan 472
1694754805610 nan 473
1694754805832 nan 474
1694754806039 nan 475
1694754806343 nan 476
1694754806630 nan 477
1694754806864 nan 478
1694754807086 nan 479
1694754807400 nan 480
1694754807680 nan 481
1694754807923 nan 482
1694754808245 nan 483
1694754808581 nan 484
1694754808821 nan 485
1694754809099 nan 486
1694754809359 nan 487
1694754809634 nan 488
1694754809913 nan 489
1694754810174 nan 490
1694754810421 nan 491
1694754810715 nan 492
1694754810982 nan 493
1694754811216 nan 494
1694754811469 nan 495
1694754811784 nan 496
1694754812043 nan 497
1694754812429 nan 498
1694754812694 nan 499
