1694749694594 6.284686897031909 0
1694749694795 4.511187195940324 1
1694749695025 7.52139153040249 2
1694749695253 9.097597410822317 3
1694749695520 5.3347980659160035 4
1694749695800 5.046581540782535 5
1694749696037 6.344895113166971 6
1694749696268 7.555998046436532 7
1694749696481 7.569667329218789 8
1694749696720 5.208324319740673 9
1694749696959 5.752954787583395 10
1694749697210 5.710478008632809 11
1694749697444 6.138423402693813 12
1694749697644 3.912520843934406 13
1694749697844 7.326796543361064 14
1694749698055 7.523928848989549 15
1694749698300 7.7954214985545525 16
1694749698530 4.5352985062412365 17
1694749698774 5.75554492088626 18
1694749699046 6.375146377639141 19
1694749699266 4.280846954024605 20
1694749699453 4.964090415353398 21
1694749699646 8.756299474298896 22
1694749699851 6.022797691159004 23
1694749700097 6.236829267623052 24
1694749700427 5.186082790283302 25
1694749700666 5.870654459527903 26
1694749700871 5.776928011443074 27
1694749701162 7.97582703474602 28
1694749701427 4.785709587671095 29
1694749701658 7.973440033891545 30
1694749701881 6.138080091173061 31
1694749702087 6.577169483105855 32
1694749702302 4.285424151074935 33
1694749702490 6.733498830125409 34
1694749702721 5.834904971428192 35
1694749702904 5.476209098653537 36
1694749703117 5.039199925553825 37
1694749703379 9.834756749405834 38
1694749703764 8.84052268143707 39
1694749703953 8.076179969801384 40
1694749704190 7.935619301419751 41
1694749704403 6.012152523986611 42
1694749704613 7.470921359879591 43
1694749704854 5.1847384725327865 44
1694749705076 7.225300104356972 45
1694749705299 7.990181062103553 46
1694749705539 3.8803813109796566 47
1694749705858 7.106313622916384 48
1694749706015 7.4473379553960966 49
1694749706234 8.67546635528789 50
1694749706473 5.607560328069482 51
1694749706709 5.752171095367752 52
1694749706912 4.269879416306624 53
1694749707071 4.755672422846906 54
1694749707289 3.5069864019498005 55
1694749707426 5.285189933888151 56
1694749707610 5.241971498311304 57
1694749707845 7.341314868016696 58
1694749708098 6.723518478816383 59
1694749708269 5.3497658084738875 60
1694749708479 6.584522048581451 61
1694749708688 10.064534986505807 62
1694749708896 8.135551490854247 63
1694749709136 7.057028769739369 64
1694749709358 5.910788493157189 65
1694749709591 6.695606551844076 66
1694749709825 4.337103474810414 67
1694749709987 7.545410698279415 68
1694749710193 4.100026153832892 69
1694749710441 7.322972676850516 70
1694749710649 9.191470820917269 71
1694749710876 2.450844329060016 72
1694749711034 7.262897262888376 73
1694749711277 6.646494436730301 74
1694749711480 8.063746653018075 75
1694749711685 3.333164960902214 76
1694749711903 5.117690097232202 77
1694749712177 6.5942962738022795 78
1694749712452 3.106022447677843 79
1694749712729 6.478506150185777 80
1694749712939 6.604485983410443 81
1694749713121 5.8768553018888525 82
1694749713355 3.9419844191908413 83
1694749713595 6.599375278139809 84
1694749713807 6.722211305276755 85
1694749713971 5.138338264533382 86
1694749714180 6.378102368623639 87
1694749714371 5.928530283588906 88
1694749714644 7.626636662450443 89
1694749714901 6.177767560869934 90
1694749715109 6.423449373775335 91
1694749715346 4.478277954080978 92
1694749715598 4.822013756373238 93
1694749715819 4.965233087850575 94
1694749715982 6.108756720903447 95
1694749716133 5.109621969960231 96
1694749716277 7.547558633161741 97
1694749716472 3.007680598961587 98
1694749716729 6.2678955871272475 99
1694749716961 4.417851668510421 100
1694749717125 3.9023294846227654 101
1694749717365 6.09149239082398 102
1694749717620 5.367509798184357 103
1694749717874 5.424298645011371 104
1694749718070 4.860719706630855 105
1694749718309 3.3684632264941796 106
1694749718541 6.8067699899400695 107
1694749718749 6.03968839330743 108
1694749718960 6.688117825331143 109
1694749719141 4.400762563689901 110
1694749719315 6.118314315695469 111
1694749719526 5.665325260733004 112
1694749719802 6.896187922583174 113
1694749720014 3.63655102621725 114
1694749720216 4.2386695182208625 115
1694749720395 9.503031273993448 116
1694749720605 6.944557276581073 117
1694749720875 8.740364068083444 118
1694749721044 3.551396774687223 119
1694749721188 3.602976929895113 120
1694749721404 4.619841840978354 121
1694749721624 6.452497480232936 122
1694749721871 6.813366368625053 123
1694749722035 4.363111702042788 124
1694749722206 5.949802384103338 125
1694749722415 5.263974860483317 126
1694749722707 6.6054952366455275 127
1694749722970 5.589525819061725 128
1694749723210 4.807748792510007 129
1694749723459 5.564497735233813 130
1694749723740 4.638498409312341 131
1694749723960 7.051073821754035 132
1694749724190 6.749129473068669 133
1694749724392 6.526503133005565 134
1694749724591 6.946637077485298 135
1694749724797 7.634776783331568 136
1694749725007 5.762025171305841 137
1694749725191 7.725168193440352 138
1694749725387 7.247845325126628 139
1694749725623 4.03597892212385 140
1694749725959 3.5465953312949403 141
1694749726168 8.475912830745118 142
1694749726395 6.653853443137369 143
1694749726636 5.199704244100922 144
1694749726879 6.180168222942385 145
1694749727104 6.5587968190178785 146
1694749727273 7.761646251197191 147
1694749727423 3.408260149119922 148
1694749727616 4.818694012198399 149
1694749727832 6.111698466050955 150
1694749728072 5.040120816672203 151
1694749728306 5.17987282692624 152
1694749728568 5.025470352687953 153
1694749728790 5.429400720647295 154
1694749729001 6.281073971243273 155
1694749729146 6.047801314587704 156
1694749729377 5.856966422538957 157
1694749729621 6.133265261903312 158
1694749729854 5.776999938955014 159
1694749730081 6.727672468888571 160
1694749730372 3.8882196649362144 161
1694749730619 6.447114494017213 162
1694749730848 6.147592121755971 163
1694749731041 5.474498498465508 164
1694749731184 6.123553451425489 165
1694749731390 8.37788348337776 166
1694749731622 10.135456032470644 167
1694749731853 6.897031717121461 168
1694749732050 4.38810520480857 169
1694749732205 4.971545756623623 170
1694749732352 6.438627557201199 171
1694749732630 5.827513601911347 172
1694749732934 10.06570927542888 173
1694749733134 5.311093124366903 174
1694749733314 5.133891240944667 175
1694749733580 9.066513984637503 176
1694749733822 5.7316673270011265 177
1694749734094 7.004367803681687 178
1694749734312 6.123140259089736 179
1694749734556 6.502715023661028 180
1694749734839 7.198542228400086 181
1694749735077 6.240374563650813 182
1694749735325 5.038059867550787 183
1694749735565 4.439014309398595 184
1694749735820 5.565350826000752 185
1694749736061 6.2577011586376745 186
1694749736240 5.15810858702227 187
1694749736414 8.026858143370875 188
1694749736667 5.058653268582309 189
1694749736881 5.857671576249907 190
1694749737138 3.777811124204404 191
1694749737359 4.644213788074389 192
1694749737604 5.460232432996811 193
1694749737846 4.319567381651769 194
1694749738073 5.1825984560447225 195
1694749738248 6.45628739790073 196
1694749738501 6.353044282002743 197
1694749738715 4.380035231865462 198
1694749738910 4.587147529979185 199
1694749739117 4.024416732348439 200
1694749739333 4.144948398215752 201
1694749739573 4.278939304635826 202
1694749739814 4.699088588121736 203
1694749740049 4.875915859863745 204
1694749740208 4.484170939019884 205
1694749740388 5.19462228511712 206
1694749740646 4.537768992394616 207
1694749740874 5.789966953681715 208
1694749741099 3.930588086424569 209
1694749741265 7.270910019275627 210
1694749741564 3.944180167617658 211
1694749741780 4.271508244753545 212
1694749741999 3.4243451522873096 213
1694749742259 3.7636858959484836 214
1694749742466 7.220150451485397 215
1694749742702 6.009304040925795 216
1694749742970 5.014755427433237 217
1694749743217 4.621937713042046 218
1694749743384 5.562963557466305 219
1694749743645 4.347113770488333 220
1694749743906 6.7572956371356625 221
1694749744203 5.750563233571954 222
1694749744447 4.487108319924188 223
1694749744681 5.72409418806847 224
1694749744931 6.840241537417395 225
1694749745160 5.355197280132587 226
1694749745314 4.592139868930218 227
1694749745500 6.66221539406292 228
1694749745712 8.030923942891974 229
1694749746046 4.874773013459042 230
1694749746196 6.43652262952334 231
1694749746389 9.51608845658253 232
1694749746631 8.22026763005189 233
1694749746879 7.402489032975076 234
1694749747122 8.441803346951861 235
1694749747314 4.953367326550051 236
1694749747558 6.161493869013168 237
1694749747801 4.374860676038183 238
1694749748064 7.277739938731737 239
1694749748309 5.764845983503946 240
1694749748515 7.609689038967881 241
1694749748687 5.975736049482055 242
1694749748890 5.032643322718355 243
1694749749144 4.647867520013944 244
1694749749358 5.064011831450263 245
1694749749600 7.943765098325132 246
1694749749845 4.061106427117175 247
1694749750100 4.70086122468965 248
1694749750312 7.538384083714782 249
1694749750638 4.123729324195981 250
1694749750825 5.0610076006296465 251
1694749751056 5.319494418893489 252
1694749751279 5.5797096910407875 253
1694749751428 4.985275721824179 254
1694749751597 5.2080953479177285 255
1694749751768 4.160633211622435 256
1694749751983 6.213104984774781 257
1694749752184 5.283607640881553 258
1694749752423 5.644613848353874 259
1694749752705 3.23541872552981 260
1694749752948 5.780328606924881 261
1694749753182 4.133120155873948 262
1694749753418 3.8888047758894313 263
1694749753631 7.188311872758303 264
1694749753867 7.168616301843618 265
1694749754148 7.299373427032567 266
1694749754351 5.154117246879822 267
1694749754535 6.111587990543545 268
1694749754779 5.337627857263783 269
1694749755038 7.296714082805938 270
1694749755270 6.117859229089679 271
1694749755467 6.463161878679129 272
1694749755639 4.272938038989771 273
1694749755901 4.1431665298542395 274
1694749756143 4.935238679266123 275
1694749756353 3.8489469179842173 276
1694749756669 4.206152397074129 277
1694749756912 3.266920475508027 278
1694749757204 4.400581195763809 279
1694749757377 4.473124047705855 280
1694749757553 7.003536088162035 281
1694749757779 6.979029290512345 282
1694749757955 5.920987185384084 283
1694749758181 6.7802259386231185 284
1694749758364 5.08921992723707 285
1694749758537 5.006034848700197 286
1694749758802 6.941805653405469 287
1694749759016 3.315936633973194 288
1694749759290 2.988987028638466 289
1694749759508 5.017457700232131 290
1694749759747 7.806718665410263 291
1694749759995 7.904673339748065 292
1694749760315 5.984263575544726 293
1694749760580 7.054951363177802 294
1694749760822 4.25593781935858 295
1694749761068 4.2816151835947 296
1694749761299 10.148168757419214 297
1694749761509 9.633420693664679 298
1694749761764 6.265220071513033 299
1694749762033 5.456673302582389 300
1694749762272 6.8367067687219265 301
1694749762451 6.946430494232727 302
1694749762612 5.434113626253368 303
1694749762802 3.827754846624021 304
1694749763062 5.643268131421271 305
1694749763304 4.106225628054755 306
1694749763449 5.64053543488905 307
1694749763622 5.392427594213423 308
1694749763894 5.124921595353723 309
1694749764202 5.716352296210009 310
1694749764352 4.892393739771106 311
1694749764580 7.099832070415361 312
1694749764794 6.752345668474966 313
1694749765012 6.618688102127503 314
1694749765273 5.091251401835331 315
1694749765431 8.033375488848547 316
1694749765599 4.816198117752867 317
1694749765816 4.470464098946506 318
1694749766112 5.1303425819335775 319
1694749766359 5.879572963663592 320
1694749766521 4.923293266278817 321
1694749766685 5.16732482003206 322
1694749766908 7.31534119669658 323
1694749767141 3.2774893403065333 324
1694749767390 3.792338139256015 325
1694749767605 4.964926690750637 326
1694749767842 4.558761240802439 327
1694749768095 5.125301981571363 328
1694749768361 7.664598725429683 329
1694749768532 4.693585501843031 330
1694749768760 3.7756972191822715 331
1694749768961 5.038630185807533 332
1694749769178 4.462324421943014 333
1694749769387 5.111151248229734 334
1694749769598 6.2940081194539 335
1694749769789 5.502775995093282 336
1694749769999 6.276792923718274 337
1694749770229 4.849472652789007 338
1694749770488 5.496815655736423 339
1694749770672 7.222876959961431 340
1694749770878 3.543200960329743 341
1694749771115 4.146218124301795 342
1694749771367 6.149638349568908 343
1694749771551 4.255744415046087 344
1694749771769 6.1779567131399205 345
1694749771976 4.215592299137307 346
1694749772211 3.7496821242986598 347
1694749772424 6.117380416887176 348
1694749772672 5.0467410002384065 349
1694749772905 5.653878192795666 350
1694749773149 4.395243467192701 351
1694749773393 5.805139744413719 352
1694749773606 7.619781240466382 353
1694749773843 7.322969490876407 354
1694749774075 7.071685076284889 355
1694749774372 5.408955935067897 356
1694749774583 4.0050738785120386 357
1694749774870 6.12297401335085 358
1694749775124 8.55744682169459 359
1694749775360 6.055394782321717 360
1694749775590 5.178512895098908 361
1694749775893 3.2573443618653033 362
1694749776126 4.322867401906173 363
1694749776343 6.941222996584168 364
1694749776505 6.049430116237485 365
1694749776696 3.950150117543331 366
1694749776903 8.810807962398536 367
1694749777176 5.960115198458379 368
1694749777416 5.32006653329764 369
1694749777651 4.239703036699909 370
1694749777847 4.8677127070518775 371
1694749778101 4.450167710075957 372
1694749778341 7.1386869617078395 373
1694749778517 5.976773863259598 374
1694749778651 4.38722724918897 375
1694749778859 6.908858053219517 376
1694749779112 7.240972187291617 377
1694749779383 7.793808147782084 378
1694749779573 5.103248634830954 379
1694749779729 7.8505727606865445 380
1694749779994 3.916697451424043 381
1694749780243 7.017384691956219 382
1694749780451 4.106742274235647 383
1694749780635 3.3612385781459584 384
1694749780864 5.216530541173278 385
1694749781105 5.8219375652282634 386
1694749781358 8.266323662047173 387
1694749781624 5.730525373833446 388
1694749781876 5.439877193727626 389
1694749782111 3.884630370915502 390
1694749782444 6.5398709960553525 391
1694749782639 5.239166843168711 392
1694749782896 6.031129615432201 393
1694749783144 3.764108715835253 394
1694749783379 6.410544634045243 395
1694749783584 5.073546753653167 396
1694749783839 8.02166010993688 397
1694749784112 5.52192205954772 398
1694749784350 3.638330938139221 399
1694749784603 5.6533569353356965 400
1694749784832 6.517026916426567 401
1694749785036 6.512890958900329 402
1694749785262 6.2188328631076075 403
1694749785494 5.848829258819406 404
1694749785731 5.694117676943688 405
1694749785937 4.6059320856672255 406
1694749786155 6.094840049720054 407
1694749786300 7.038157166333664 408
1694749786503 8.030135711045032 409
1694749786712 5.911591125532576 410
1694749786896 5.263275307585204 411
1694749787145 3.653401670384475 412
1694749787300 6.573982123334297 413
1694749787488 3.9798025056447663 414
1694749787660 4.327922349134623 415
1694749787856 7.780497224333028 416
1694749788012 4.997728594144173 417
1694749788229 5.787367668332152 418
1694749788413 5.814852927140467 419
1694749788603 6.220182934564116 420
1694749788875 7.7893136971483 421
1694749789097 5.374464523919171 422
1694749789284 6.301727921751976 423
1694749789499 5.0792235011662115 424
1694749789689 6.102695076314768 425
1694749789895 6.307717340965363 426
1694749790163 7.265150214699492 427
1694749790450 5.125224478679952 428
1694749790647 6.144569949595095 429
1694749790865 6.1032716754683305 430
1694749791051 6.140815854388257 431
1694749791216 6.897803640235275 432
1694749791355 9.600102157829989 433
1694749791525 5.296986183704007 434
1694749791699 6.887925730109374 435
1694749791940 5.2108647911104535 436
1694749792142 3.8064730285745902 437
1694749792372 7.6870675440574665 438
1694749792621 5.400335864170742 439
1694749792844 5.299258146525035 440
1694749793055 6.0693187205344765 441
1694749793218 5.426504619154207 442
1694749793396 5.920630213166492 443
1694749793555 5.804423324192597 444
1694749793718 5.274580040965804 445
1694749793872 6.3049637988096485 446
1694749794103 4.01308111731281 447
1694749794346 4.8702552590797845 448
1694749794569 3.1066542561430976 449
1694749794728 3.1404903770754444 450
1694749794948 7.615035050929095 451
1694749795201 5.272945922682509 452
1694749795461 5.131827198686956 453
1694749795653 4.821795438431387 454
1694749795868 4.69549061096001 455
1694749796126 5.263284444985368 456
1694749796380 5.577972551432052 457
1694749796635 5.666710688827257 458
1694749796818 4.095018414205247 459
1694749797041 5.7737460657268915 460
1694749797333 6.728753575790007 461
1694749797651 6.170340068244023 462
1694749797829 6.111167786655366 463
1694749798066 5.398475251255688 464
1694749798304 4.7514810330863275 465
1694749798552 6.676223468466708 466
1694749798808 6.0960780125886105 467
1694749799107 7.550426039578488 468
1694749799400 7.864465575317544 469
1694749799641 5.816302656996054 470
1694749799835 4.220919028427656 471
1694749799990 5.494462813380062 472
1694749800215 6.7349685399316135 473
1694749800486 4.433023984486214 474
1694749800715 4.795387100616753 475
1694749800971 4.650950666370947 476
1694749801211 5.270045621438842 477
1694749801471 7.008049599326797 478
1694749801719 5.6649276071543495 479
1694749801871 4.25051584126033 480
1694749802116 4.900361934319944 481
1694749802343 5.236485988304427 482
1694749802576 5.326338271012731 483
1694749802794 4.032087282421815 484
1694749802998 12.756086621945945 485
1694749803189 5.209441162515339 486
1694749803386 4.620855658327418 487
1694749803658 6.233866652277291 488
1694749803939 6.8632059229624085 489
1694749804256 5.157596874987549 490
1694749804540 4.812142907658893 491
1694749804783 5.238935913556129 492
1694749804981 3.806615636438911 493
1694749805215 3.7900284770838044 494
1694749805454 6.9171001020058 495
1694749805668 5.5498938570897325 496
1694749805961 7.1148990191156765 497
1694749806228 6.7611463276195 498
1694749806457 5.413888868207523 499
