1694740916757 171.88599000580618 0
1694740917164 167.86528647000137 1
1694740917474 163.94562444177527 2
1694740917820 160.1188343538815 3
1694740918170 156.38271528685064 4
1694740918420 152.73511848461393 5
1694740918804 149.1739461181321 6
1694740919278 145.69715007832954 7
1694740919644 142.30273079763853 8
1694740920009 138.98873609947623 9
1694740920374 135.75326007499135 10
1694740920802 132.59444198643516 11
1694740921217 129.51046519652485 12
1694740921623 126.49955612318394 13
1694740922048 123.55998321905764 14
1694740922411 120.69005597521617 15
1694740922733 117.88812394847282 16
1694740923057 115.15257581175682 17
1694740923378 112.48183842699463 18
1694740923720 109.87437593996613 19
1694740924035 107.32868889661506 20
1694740924329 104.84331338030466 21
1694740924658 102.4168201695226 22
1694740925026 100.0478139155503 23
1694740925514 97.73493233962327 24
1694740925974 95.47684544912072 25
1694740926349 93.27225477233326 26
1694740926668 91.11989261136833 27
1694740927014 89.01852131276357 28
1694740927413 86.96693255538837 29
1694740927762 84.96394665522348 30
1694740928197 83.0084118866194 31
1694740928572 81.09920381964204 32
1694740928986 79.23522467312505 33
1694740929365 77.41540268305606 34
1694740929742 75.63869148593388 35
1694740930164 73.90406951674117 36
1694740930543 72.21053942118672 37
1694740930865 70.55712748187871 38
1694740931246 68.94288305809911 39
1694740931694 67.3668780388565 40
1694740932121 65.82820630890282 41
1694740932492 64.32598322740658 42
1694740932973 62.85934511898275 43
1694740933416 61.427448776786285 44
1694740933746 60.029470977383276 45
1694740934074 58.664608007120925 46
1694740934445 57.332075199723356 47
1694740934808 56.03110648484738 48
1694740935199 54.76095394733854 49
1694740935559 53.520887396933645 50
1694740935893 52.31019394816221 51
1694740936260 51.12817761020513 52
1694740936596 49.974158886474505 53
1694740936952 48.84747438368428 54
1694740937375 47.747476430186644 55
1694740937806 46.673532703354695 56
1694740938272 45.62502586579676 57
1694740938565 44.60135321019327 58
1694740938861 43.60192631255164 59
1694740939291 42.6261706936797 60
1694740939626 41.673525488682756 61
1694740940014 40.74344312429447 62
1694740940258 39.83538900385529 63
1694740940506 38.94884119975771 64
1694740940748 38.08329015318108 65
1694740941028 37.23823838094322 66
1694740941324 36.41320018930033 67
1694740941691 35.60770139453017 68
1694740942069 34.82127905013806 69
1694740942339 34.05348118052863 70
1694740942597 33.30386652098985 71
1694740942938 32.572004263840114 72
1694740943247 31.85747381059189 73
1694740943549 31.15986452998966 74
1694740943887 30.478775521782698 75
1694740944297 29.813815386096895 76
1694740944632 29.164601998272833 77
1694740944977 28.530762289040542 78
1694740945315 27.911932029904587 79
1694740945664 27.30775562361574 80
1694740945975 26.717885899608937 81
1694740946315 26.14198391428959 82
1694740946641 25.57971875605349 83
1694740946927 25.03076735492807 84
1694740947293 24.494814296725366 85
1694740947568 23.971551641599934 86
1694740947853 23.460678746907167 87
1694740948173 22.961902094260182 88
1694740948481 22.474935120685657 89
1694740948839 21.99949805378157 90
1694740949154 21.535317750781946 91
1694740949490 21.082127541435902 92
1694740949827 20.639667074610827 93
1694740950123 20.207682168531168 94
1694740950398 19.785924664566807 95
1694740950710 19.374152284486826 96
1694740950980 18.972128491096584 97
1694740951320 18.579622352177832 98
1694740951652 18.196408407653667 99
1694740951917 17.8222665399018 100
1694740952201 17.456981847141606 101
1694740952516 17.100344519822006 102
1694740952834 16.75214971993914 103
1694740953140 16.41219746321435 104
1694740953457 16.08029250406467 105
1694740953784 15.756244223299625 106
1694740954115 15.439866518479795 107
1694740954442 15.13097769687394 108
1694740954771 14.8294003709532 109
1694740955110 14.534961356362173 110
1694740955410 14.247491572308148 111
1694740955702 13.966825944311292 112
1694740956122 13.692803309259661 113
1694740956425 13.42526632271456 114
1694740956690 13.16406136841281 115
1694740957084 12.909038469913927 116
1694740957474 12.660051204341304 117
1694740957761 12.416956618167829 118
1694740958119 12.179615144997406 119
1694740958472 11.947890525295184 120
1694740958729 11.721649728020186 121
1694740959048 11.50076287411532 122
1694740959376 11.285103161810722 123
1694740959682 11.074546793697488 124
1694740959969 10.868972905529748 125
1694740960290 10.668263496714246 126
1694740960652 10.472303362447285 127
1694740961005 10.28098002746011 128
1694740961298 10.094183681334568 129
1694740961566 9.911807115351763 130
1694740961818 9.733745660837481 131
1694740962116 9.559897128968828 132
1694740962437 9.39016175200748 133
1694740962796 9.224442125925728 134
1694740963179 9.062643154392312 135
1694740963485 8.904671994085776 136
1694740963747 8.750438001303943 137
1694740964034 8.59985267983876 138
1694740964367 8.452829630086477 139
1694740964677 8.30928449936399 140
1694740964949 8.169134933402606 141
1694740965264 8.032300528991511 142
1694740965572 7.898702787743494 143
1694740965832 7.768265070956493 144
1694740966157 7.640912555544882 145
1694740966501 7.516572191015204 146
1694740966801 7.395172657461572 147
1694740967085 7.276644324556556 148
1694740967494 7.160919211514009 149
1694740967863 7.047930948000741 150
1694740968193 6.937614735974577 151
1694740968518 6.829907312426865 152
1694740968859 6.724746913007944 153
1694740969345 6.622073236514697 154
1694740969753 6.521827410219734 155
1694740970106 6.423951956022228 156
1694740970438 6.3283907574009985 157
1694740970700 6.235089027150772 158
1694740970998 6.143993275883059 159
1694740971284 6.055051281273586 160
1694740971614 5.968212058038459 161
1694740971972 5.883425828621991 162
1694740972336 5.800643994579071 163
1694740972668 5.719819108635868 164
1694740973037 5.640904847412588 165
1694740973345 5.56385598479271 166
1694740973663 5.48862836592336 167
1694740973932 5.415178881831818 168
1694740974295 5.343465444643605 169
1694740974611 5.273446963387877 170
1694740974928 5.205083320376194 171
1694740975247 5.138335348141098 172
1694740975574 5.07316480692118 173
1694740975831 5.009534362679787 174
1694740976111 4.94740756564459 175
1694740976471 4.886748829355768 176
1694740976806 4.827523410210721 177
1694740977193 4.769697387493525 178
1694740977647 4.713237643877681 179
1694740977955 4.6581118463908915 180
1694740978272 4.604288427830942 181
1694740978605 4.551736568622029 182
1694740978995 4.500426179101011 183
1694740979342 4.450327882223487 184
1694740979698 4.40141299667966 185
1694740980030 4.353653520410373 186
1694740980370 4.307022114513742 187
1694740980739 4.261492087533186 188
1694740981032 4.217037380117795 189
1694740981363 4.173632550046198 190
1694740981639 4.1312527576053615 191
1694740981954 4.089873751315855 192
1694740982262 4.049471853995379 193
1694740982574 4.010023949152592 194
1694740982873 3.971507467703335 195
1694740983199 3.933900375001671 196
1694740983591 3.897181158178217 197
1694740983871 3.8613288137785817 198
1694740984196 3.8263228356946692 199
1694740984518 3.7921432033820426 200
1694740984793 3.758770370356439 201
1694740985108 3.726185252962924 202
1694740985439 3.6943692194111772 203
1694740985721 3.663304079070583 204
1694740985995 3.632972072019028 205
1694740986330 3.603355858839307 206
1694740986678 3.574438510657386 207
1694740987038 3.5462034994166585 208
1694740987449 3.518634688382711 209
1694740987778 3.491716322873073 210
1694740988115 3.465433021206639 211
1694740988428 3.439769765867546 212
1694740988800 3.414711894878462 213
1694740989101 3.3902450933782577 214
1694740989501 3.366355385399273 215
1694740989817 3.3430291258394207 216
1694740990097 3.3202529926245323 217
1694740990429 3.298013979056394 218
1694740990709 3.2762993863421275 219
1694740991012 3.2550968163005725 220
1694740991315 3.2343941642415097 221
1694740991658 3.2141796120136057 222
1694740991905 3.1944416212170688 223
1694740992174 3.1751689265771725 224
1694740992449 3.156350529474764 225
1694740992823 3.137975691630064 226
1694740993116 3.1200339289361576 227
1694740993440 3.102515005438563 228
1694740993764 3.0854089274574696 229
1694740994050 3.0687059378492503 230
1694740994460 3.052396510403944 231
1694740994771 3.0364713443754656 232
1694740995128 3.0209213591414468 233
1694740995429 3.005737688989591 234
1694740995753 2.9909116780275626 235
1694740996013 2.9764348752134793 236
1694740996324 2.9622990295041576 237
1694740996572 2.9484960851183035 238
1694740996863 2.9350181769119508 239
1694740997186 2.92185762586345 240
1694740997538 2.90900693466545 241
1694740997881 2.8964587834213167 242
1694740998155 2.8842060254435102 243
1694740998467 2.8722416831515187 244
1694740998787 2.8605589440669714 245
1694740999192 2.8491511569036514 246
1694740999540 2.838011827750136 247
1694740999900 2.827134616342886 248
1694741000165 2.8165133324276312 249
1694741000419 2.806141932206962 250
1694741000755 2.796014514872085 251
1694741001022 2.786125319216751 252
1694741001277 2.7764687203314025 253
1694741001571 2.767039226375646 254
1694741001962 2.7578314754271815 255
1694741002265 2.748840232405396 256
1694741002574 2.7400603860678348 257
1694741002917 2.731486946077821 258
1694741003210 2.7231150401415682 259
1694741003548 2.7149399112131003 260
1694741003897 2.7069569147653847 261
1694741004190 2.699161516126135 262
1694741004574 2.691549287876706 263
1694741004913 2.684115907312627 264
1694741005215 2.6768571539642827 265
1694741005573 2.6697689071763384 266
1694741005876 2.6628471437444987 267
1694741006197 2.656087935608267 268
1694741006545 2.6494874475983385 269
1694741006817 2.6430419352373726 270
1694741007087 2.636747742592865 271
1694741007469 2.6306013001808677 272
1694741007853 2.624599122919382 273
1694741008117 2.6187378081302257 274
1694741008432 2.6130140335882337 275
1694741008825 2.6074245556166704 276
1694741009148 2.6019662072277576 277
1694741009504 2.596635896307252 278
1694741009858 2.59143060384202 279
1694741010100 2.586347382189606 280
1694741010397 2.5813833533887767 281
1694741010785 2.5765357075100996 282
1694741011115 2.571801701045578 283
1694741011396 2.5671786553364346 284
1694741011715 2.562663955038142 285
1694741012026 2.5582550466218 286
1694741012306 2.5539494369110214 287
1694741012590 2.5497446916534554 288
1694741012870 2.545638434126169 289
1694741013159 2.541628343774042 290
1694741013541 2.5377121548804222 291
1694741013932 2.5338876552692557 292
1694741014225 2.530152685037975 293
1694741014494 2.5265051353203734 294
1694741014748 2.522942947078806 295
1694741015060 2.51946410992498 296
1694741015378 2.5160666609686766 297
1694741015820 2.512748683693744 298
1694741016160 2.5095083068607016 299
1694741016458 2.5063437034353484 300
1694741016833 2.5032530895427283 301
1694741017165 2.5002347234458857 302
1694741017529 2.497286904548794 303
1694741017941 2.4944079724228985 304
1694741018283 2.4915963058567234 305
1694741018631 2.488850321927971 306
1694741018957 2.4861684750976067 307
1694741019228 2.4835492563253894 308
1694741019523 2.4809911922063526 309
1694741019796 2.478492844127733 310
1694741020041 2.4760528074458614 311
1694741020387 2.473669710682545 312
1694741020723 2.4713422147404827 313
1694741021068 2.4690690121372576 314
1694741021353 2.466848826257466 315
1694741021678 2.4646804106225586 316
1694741022020 2.462562548177966 317
1694741022357 2.460494050597112 318
1694741022752 2.4584737576019 319
1694741023089 2.456500536299289 320
1694741023334 2.454573280533586 321
1694741023614 2.4526909102540593 322
1694741023920 2.450852370897542 323
1694741024228 2.449056632785642 324
1694741024484 2.4473026905362283 325
1694741024834 2.445589562488849 326
1694741025191 2.4439162901437506 327
1694741025522 2.4422819376141915 328
1694741025864 2.440685591091704 329
1694741026175 2.439126358324027 330
1694741026485 2.4376033681053975 331
1694741026818 2.4361157697789086 332
1694741027187 2.4346627327506445 333
1694741027576 2.4332434460153203 334
1694741027890 2.4318571176931565 335
1694741028192 2.4305029745777067 336
1694741028465 2.4291802616943996 337
1694741028808 2.427888241869521 338
1694741029133 2.4266261953094075 339
1694741029452 2.425393419189596 340
1694741029756 2.424189227253703 341
1694741030090 2.42301294942179 342
1694741030394 2.4218639314080086 343
1694741030682 2.4207415343472913 344
1694741031019 2.4196451344308767 345
1694741031299 2.4185741225504676 346
1694741031574 2.4175279039507993 347
1694741031963 2.416505897890447 348
1694741032273 2.4155075373106456 349
1694741032572 2.4145322685119615 350
1694741032881 2.4135795508386026 351
1694741033228 2.4126488563702115 352
1694741033463 2.4117396696209465 353
1694741033725 2.410851487245684 354
1694741034054 2.409983817753175 355
1694741034358 2.409136181225993 356
1694741034663 2.4083081090471006 357
1694741034976 2.4074991436328927 358
1694741035281 2.4067088381725563 359
1694741035638 2.4059367563735967 360
1694741035940 2.4051824722133857 361
1694741036286 2.404445569696586 362
1694741036614 2.4037256426183182 363
1694741036930 2.4030222943329314 364
1694741037324 2.4023351375282425 365
1694741037665 2.401663794005118 366
1694741037994 2.4010078944622744 367
1694741038292 2.4003670782861586 368
1694741038619 2.3997409933458176 369
1694741039012 2.3991292957926 370
1694741039349 2.3985316498646134 371
1694741039633 2.397947727695798 372
1694741039941 2.3973772091295205 373
1694741040226 2.396819781536574 374
1694741040607 2.3962751396374884 375
1694741040963 2.3957429853290395 376
1694741041292 2.3952230275148634 377
1694741041569 2.394714981940075 378
1694741041883 2.3942185710298047 379
1694741042203 2.3937335237315454 380
1694741042490 2.393259575361234 381
1694741042780 2.3927964674529707 382
1694741043104 2.3923439476122947 383
1694741043440 2.391901769372927 384
1694741043754 2.3914696920569 385
1694741044047 2.3910474806380018 386
1694741044358 2.3906349056084415 387
1694741044661 2.390231742848671 388
1694741044959 2.389837773500286 389
1694741045254 2.38945278384193 390
1694741045630 2.389076565168132 391
1694741045994 2.388708913671014 392
1694741046304 2.3883496303247878 393
1694741046665 2.3879985207729892 394
1694741046944 2.3876553952183737 395
1694741047309 2.387320068315418 396
1694741047628 2.3869923590653617 397
1694741048046 2.386672090713727 398
1694741048383 2.386359090650269 399
1694741048664 2.386053190311282 400
1694741049062 2.3857542250842196 401
1694741049402 2.3854620342145703 402
1694741049722 2.385176460714931 403
1694741050032 2.3848973512762295 404
1694741050397 2.3846245561810493 405
1694741050800 2.384357929218997 406
1694741051050 2.3840973276040756 407
1694741051350 2.383842611894007 408
1694741051615 2.3835936459114584 409
1694741051946 2.3833502966671367 410
1694741052248 2.3831124342846954 411
1694741052580 2.3828799319274157 412
1694741052877 2.3826526657266234 413
1694741053205 2.3824305147117917 414
1694741053509 2.3822133607423006 415
1694741053796 2.382001088440806 416
1694741054085 2.381793585128182 417
1694741054408 2.381590740760002 418
1694741054739 2.3813924478645174 419
1694741055078 2.381198601482106 420
1694741055436 2.381009099106143 421
1694741055762 2.380823840625279 422
1694741056088 2.3806427282670706 423
1694741056444 2.3804656665429498 424
1694741056770 2.380292562194487 425
1694741057164 2.380123324140931 426
1694741057527 2.3799578634279777 427
1694741057853 2.379796093177756 428
1694741058157 2.379637928539994 429
1694741058479 2.3794832866443327 430
1694741058752 2.37933208655377 431
1694741059082 2.3791842492192066 432
1694741059450 2.3790396974350565 433
1694741059740 2.3788983557959127 434
1694741060061 2.37876015065423 435
1694741060391 2.378625010079016 436
1694741060688 2.378492863815483 437
1694741060994 2.3783636432456667 438
1694741061309 2.3782372813499624 439
1694741061618 2.3781137126695766 440
1694741061939 2.3779928732698625 441
1694741062283 2.377874700704518 442
1694741062598 2.377759133980631 443
1694741062861 2.3776461135245506 444
1694741063228 2.3775355811485595 445
1694741063562 2.3774274800183357 446
1694741063897 2.377321754621182 447
1694741064270 2.377218350735002 448
1694741064587 2.3771172153980102 449
1694741064905 2.3770182968791564 450
1694741065198 2.376921544649246 451
1694741065554 2.3768269093527437 452
1694741065837 2.3767343427802405 453
1694741066150 2.3766437978415684 454
1694741066550 2.3765552285395533 455
1694741066859 2.376468589944383 456
1694741067267 2.3763838381685796 457
1694741067563 2.3763009303425653 458
1694741067864 2.376219824590801 459
1694741068181 2.3761404800084835 460
1694741068525 2.376062856638806 461
1694741068926 2.375986915450735 462
1694741069309 2.375912618317327 463
1694741069655 2.3758399279945497 464
1694741070021 2.3757688081005974 465
1694741070339 2.3756992230957055 466
1694741070683 2.3756311382624284 467
1694741071103 2.3755645196863924 468
1694741071418 2.375499334237492 469
1694741071706 2.3754355495515367 470
1694741072050 2.3753731340123285 471
1694741072370 2.3753120567341584 472
1694741072671 2.375252287544716 473
1694741072948 2.3751937969684076 474
1694741073280 2.3751365562100557 475
1694741073590 2.375080537138993 476
1694741073853 2.375025712273523 477
1694741074155 2.3749720547657547 478
1694741074478 2.374919538386783 479
1694741074781 2.374868137512229 480
1694741075198 2.3748178271081146 481
1694741075558 2.3747685827170684 482
1694741075898 2.374720380444861 483
1694741076206 2.3746731969472537 484
1694741076583 2.3746270094171558 485
1694741076829 2.374581795572088 486
1694741077163 2.3745375336419356 487
1694741077571 2.374494202356994 488
1694741077903 2.374451780936294 489
1694741078354 2.3744102490761976 490
1694741078694 2.37436958693927 491
1694741079078 2.3743297751434067 492
1694741079366 2.374290794751216 493
1694741079653 2.374252627259658 494
1694741079938 2.374215254589918 495
1694741080322 2.3741786590775256 496
1694741080630 2.374142823462697 497
1694741080944 2.3741077308809175 498
1694741081281 2.3740733648537327 499
