1694721738555 169.33022702445763 0
1694721739181 165.37073066630563 1
1694721739613 163.45547696169157 2
1694721740018 161.5509897852698 3
1694721740481 159.66909191253293 4
1694721740923 157.8094449649551 5
1694721741630 155.97178627501734 6
1694721742032 154.15585585319718 7
1694721742437 152.36139678661414 8
1694721742875 150.588155200085 9
1694721743207 148.8358802202218 10
1694721743638 147.1043239399387 11
1694721744136 145.39324138337875 12
1694721744532 143.7023904712553 13
1694721744959 142.03153198660337 14
1694721745270 140.38042954093558 15
1694721745607 138.74884954079883 16
1694721745953 137.13656115472583 17
1694721746339 135.54333628057782 18
1694721746732 133.96894951327312 19
1694721747021 132.41317811289755 20
1694721747433 130.87580197319164 21
1694721747974 129.35660359041054 22
1694721748382 127.85536803255225 23
1694721749034 126.37188290894949 24
1694721749702 124.90593834022131 25
1694721750210 123.45732692857977 26
1694721750650 122.02584372848786 27
1694721751026 120.6112862176644 28
1694721751376 119.21345426843168 29
1694721751739 117.83215011940182 30
1694721752226 116.46717834749808 31
1694721752626 115.11834584030687 32
1694721753042 113.7854617687567 33
1694721753409 112.46833756012018 34
1694721753954 111.1667868713352 35
1694721754261 109.88062556264165 36
1694721754611 108.60967167152965 37
1694721754980 107.35374538699621 38
1694721755304 106.11266902410571 39
1694721755657 104.88626699885182 40
1694721756012 103.67436580331602 41
1694721756410 102.47679398112035 42
1694721756789 101.29338210317015 43
1694721757140 100.1239627436835 44
1694721757477 98.96837045650456 45
1694721757883 97.82644175169635 46
1694721758225 96.69801507241085 47
1694721758641 95.5829307720322 48
1694721759028 94.48103109159037 49
1694721759357 93.39216013744183 50
1694721759782 92.31616385921402 51
1694721760118 91.25289002801082 52
1694721760478 90.20218821487558 53
1694721760960 89.16390976950866 54
1694721761294 88.13790779923696 55
1694721761673 87.12403714823184 56
1694721762099 86.12215437697276 57
1694721762437 85.13211774195398 58
1694721762798 84.15378717563095 59
1694721763277 83.1870242666039 60
1694721763733 82.23169224003583 61
1694721764174 81.28765593830181 62
1694721764712 80.35478180186742 63
1694721765172 79.4329378503929 64
1694721765660 78.52199366406106 65
1694721766028 77.62182036512567 66
1694721766338 76.7322905996783 67
1694721766748 75.85327851963048 68
1694721767125 74.9846597649092 69
1694721767514 74.12631144586261 70
1694721768140 73.27811212587393 71
1694721768558 72.43994180418105 72
1694721768992 71.6116818988989 73
1694721769318 70.79321523024294 74
1694721769645 69.98442600395087 75
1694721770071 69.18519979490029 76
1694721770466 68.39542353092008 77
1694721770802 67.61498547679336 78
1694721771187 66.84377521844944 79
1694721771562 66.08168364734263 80
1694721771971 65.32860294501593 81
1694721772383 64.58442656784715 82
1694721772915 63.84904923197531 83
1694721773319 63.12236689840546 84
1694721773744 62.40427675828941 85
1694721774145 61.69467721838064 86
1694721774537 60.99346788666117 87
1694721774976 60.30054955813826 88
1694721775337 59.615824200809236 89
1694721775730 58.93919494179219 90
1694721776087 58.27056605362051 91
1694721776403 57.60984294069978 92
1694721776805 56.95693212592444 93
1694721777207 56.31174123745313 94
1694721777576 55.674178995639856 95
1694721778001 55.04415520012028 96
1694721778346 54.42158071705018 97
1694721778674 53.80636746649515 98
1694721779085 53.1984284099692 99
1694721779437 52.597677538120806 100
1694721779884 52.0040298585645 101
1694721780253 51.41740138385639 102
1694721780614 50.837709119611866 103
1694721781095 50.26487105276369 104
1694721781526 49.69880613995901 105
1694721781990 49.139434296093604 106
1694721782387 48.58667638298159 107
1694721782773 48.040454198159196 108
1694721783119 47.50069046382084 109
1694721783494 46.96730881588608 110
1694721783919 46.44023379319581 111
1694721784317 45.91939082683624 112
1694721784736 45.40470622958904 113
1694721785152 44.89610718550626 114
1694721785571 44.39352173960852 115
1694721786001 43.89687878770503 116
1694721786361 43.4061080663339 117
1694721786792 42.921140142821514 118
1694721787232 42.441906405459264 119
1694721787506 41.96833905379667 120
1694721787784 41.500371089049054 121
1694721788176 41.03793630461876 122
1694721788555 40.58096927672836 123
1694721788974 40.129405355164764 124
1694721789396 39.68318065413256 125
1694721789797 39.24223204321572 126
1694721790194 38.806497138446026 127
1694721790534 38.37591429347708 128
1694721790917 37.95042259086281 129
1694721791295 37.529961833439025 130
1694721791707 37.11447253580687 131
1694721792119 36.703895915916924 132
1694721792493 36.29817388675296 133
1694721792874 35.89724904811386 134
1694721793272 35.50106467849285 135
1694721793642 35.109564727052586 136
1694721794173 34.722693805695336 137
1694721794566 34.340397181226756 138
1694721795110 33.96262076761238 139
1694721795493 33.58931111832566 140
1694721795846 33.22041541878653 141
1694721796280 32.85588147888926 142
1694721796736 32.4956577256188 143
1694721797240 32.139693195754326 144
1694721797582 31.787937528659107 145
1694721797921 31.44034095915559 146
1694721798298 31.0968543104848 147
1694721798720 30.757428987348874 148
1694721799090 30.42201696903597 149
1694721799463 30.090570802626335 150
1694721799828 29.76304359627896 151
1694721800249 29.439389012597246 152
1694721800801 29.119561262073404 153
1694721801241 28.803515096610283 154
1694721801583 28.491205803119787 155
1694721802035 28.182589197196897 156
1694721802438 27.877621616868666 157
1694721802818 27.576259916417026 158
1694721803242 27.27846146027456 159
1694721803649 26.984184116992637 160
1694721804041 26.69338625328068 161
1694721804599 26.406026728116036 162
1694721805129 26.122064886923457 163
1694721805518 25.841460555823357 164
1694721805903 25.56417403594814 165
1694721806291 25.2901660978257 166
1694721806688 25.01939797582933 167
1694721807089 24.75183136269327 168
1694721807504 24.487428404093087 169
1694721807837 24.226151693290117 170
1694721808277 23.9679642658393 171
1694721808659 23.71282959435953 172
1694721809064 23.460711583365825 173
1694721809423 23.21157456416265 174
1694721809762 22.96538328979762 175
1694721810150 22.722102930074843 176
1694721810558 22.481699066627193 177
1694721811048 22.244137688046937 178
1694721811436 22.009385185073846 179
1694721811757 21.777408345840293 180
1694721812220 21.548174351172477 181
1694721812606 21.32165076994724 182
1694721812951 21.09780555450387 183
1694721813332 20.876607036110013 184
1694721813763 20.658023920481238 185
1694721814183 20.442025283353697 186
1694721814548 20.22858056610895 187
1694721814835 20.01765957145066 188
1694721815256 19.809232459132318 189
1694721815631 19.603269741735566 190
1694721816000 19.399742280498344 191
1694721816366 19.198621281192448 192
1694721816763 18.999878290049786 193
1694721817136 18.803485189736808 194
1694721817737 18.609414195376537 195
1694721818108 18.417637850617634 196
1694721818504 18.22812902374994 197
1694721818851 18.04086090386598 198
1694721819207 17.855806997067774 199
1694721819671 17.67294112271858 200
1694721820087 17.492237409738927 201
1694721820500 17.313670292946423 202
1694721820838 17.13721450943888 203
1694721821233 16.96284509502016 204
1694721821637 16.790537380668315 205
1694721822152 16.62026698904547 206
1694721822535 16.452009831048986 207
1694721822947 16.28574210240341 208
1694721823324 16.121440280292678 209
1694721823712 15.959081120032163 210
1694721824166 15.798641651780116 211
1694721824637 15.640099177287931 212
1694721824920 15.483431266688827 213
1694721825318 15.328615755324584 214
1694721825716 15.175630740609684 215
1694721826087 15.02445457893262 216
1694721826488 14.87506588259382 217
1694721826852 14.727443516779747 218
1694721827249 14.581566596572818 219
1694721827695 14.437414483996665 220
1694721828061 14.294966785096285 221
1694721828463 14.154203347052812 222
1694721828784 14.015104255332304 223
1694721829171 13.877649830868299 224
1694721829588 13.741820627277678 225
1694721829960 13.607597428109441 226
1694721830346 13.474961244125987 227
1694721830734 13.343893310616613 228
1694721831098 13.214375084742683 229
1694721831515 13.086388242914248 230
1694721831831 12.959914678197686 231
1694721832285 12.834936497753976 232
1694721832693 12.711436020307229 233
1694721833028 12.589395773643256 234
1694721833648 12.468798492137571 235
1694721834096 12.349627114312742 236
1694721834562 12.231864780424557 237
1694721835116 12.115494830076752 238
1694721835568 12.000500799863941 239
1694721835998 11.886866421042429 240
1694721836401 11.77457561722852 241
1694721836739 11.663612502124108 242
1694721837043 11.55396137726909 243
1694721837392 11.44560672982042 244
1694721837783 11.338533230357362 245
1694721838188 11.232725730712751 246
1694721838657 11.128169261829838 247
1694721839013 11.024849031644536 248
1694721839351 10.922750422992651 249
1694721839710 10.821858991541902 250
1694721840050 10.722160463748363 251
1694721840424 10.623640734837085 252
1694721840809 10.526285866806582 253
1694721841191 10.430082086456919 254
1694721841577 10.335015783441111 255
1694721841924 10.241073508339586 256
1694721842353 10.148241970757367 257
1694721842726 10.05650803744381 258
1694721843068 9.965858730434505 259
1694721843483 9.87628122521523 260
1694721843855 9.787762848907551 261
1694721844211 9.70029107847589 262
1694721844563 9.613853538955802 263
1694721844882 9.528438001703206 264
1694721845264 9.4440323826643 265
1694721845676 9.360624740665942 266
1694721846043 9.278203275726234 267
1694721846407 9.196756327385097 268
1694721846809 9.116272373054597 269
1694721847142 9.036740026388726 270
1694721847490 8.958148035672503 271
1694721847882 8.88048528223013 272
1694721848213 8.803740778851923 273
1694721848593 8.727903668239875 274
1694721848951 8.652963221471607 275
1694721849316 8.578908836482455 276
1694721849662 8.505730036565524 277
1694721850120 8.433416468889451 278
1694721850493 8.361957903033757 279
1694721850875 8.29134422954141 280
1694721851203 8.221565458488627 281
1694721851597 8.152611718071478 282
1694721851934 8.084473253209282 283
1694721852353 8.017140424164454 284
1694721852753 7.950603705178727 285
1694721853084 7.884853683125457 286
1694721853439 7.819881056177866 287
1694721853887 7.755676632493076 288
1694721854260 7.692231328911636 289
1694721854666 7.629536169672482 290
1694721855078 7.567582285143058 291
1694721855494 7.506360910564472 292
1694721855868 7.445863384811472 293
1694721856169 7.3860811491671 294
1694721856594 7.327005746111816 295
1694721857056 7.268628818126955 296
1694721857554 7.210942106512338 297
1694721857915 7.15393745021782 298
1694721858229 7.097606784688727 299
1694721858558 7.041942140724874 300
1694721858929 6.98693564335311 301
1694721859266 6.9325795107132 302
1694721859643 6.87886605295684 303
1694721859963 6.825787671159743 304
1694721860295 6.773336856246543 305
1694721860624 6.721506187928449 306
1694721860942 6.670288333653429 307
1694721861232 6.619676047568811 308
1694721861581 6.56966216949619 309
1694721862016 6.520239623918386 310
1694721862376 6.471401418978443 311
1694721862728 6.423140645490427 312
1694721863052 6.375450475961938 313
1694721863421 6.328324163628172 314
1694721863796 6.281755041497409 315
1694721864201 6.23573652140777 316
1694721864589 6.190262093095154 317
1694721864983 6.145325323272188 318
1694721865359 6.100919854718056 319
1694721865784 6.057039405379077 320
1694721866197 6.013677767479954 321
1694721866758 5.970828806645539 322
1694721867095 5.928486461032892 323
1694721867382 5.886644740473724 324
1694721867708 5.845297725626901 325
1694721868063 5.804439567140999 326
1694721868448 5.7640644848267435 327
1694721868838 5.724166766839238 328
1694721869187 5.6847407688698866 329
1694721869549 5.645780913347849 330
1694721869911 5.607281688650915 331
1694721870231 5.569237648325752 332
1694721870588 5.5316434103173595 333
1694721870933 5.494493656207625 334
1694721871328 5.457783130462889 335
1694721871661 5.421506639690393 336
1694721872064 5.385659051903556 337
1694721872398 5.35023529579587 338
1694721872757 5.315230360023486 339
1694721873111 5.280639292496178 340
1694721873524 5.246457199676733 341
1694721873872 5.2126792458886575 342
1694721874181 5.1793006526320156 343
1694721874528 5.146316697907372 344
1694721874875 5.113722715547753 345
1694721875160 5.081514094558483 346
1694721875481 5.049686278464838 347
1694721875856 5.018234764667397 348
1694721876152 4.987155103805017 349
1694721876506 4.956442899125367 350
1694721876855 4.926093805862893 351
1694721877174 4.896103530624111 352
1694721877470 4.866467830780212 353
1694721877842 4.837182513866774 354
1694721878188 4.8082434369907014 355
1694721878530 4.779646506244037 356
1694721878881 4.751387676124782 357
1694721879162 4.7234629489645625 358
1694721879449 4.69586837436305 359
1694721879761 4.668600048629031 360
1694721880122 4.641654114228191 361
1694721880408 4.61502675923728 362
1694721880760 4.588714216804876 363
1694721881129 4.562712764618434 364
1694721881394 4.537018724377648 365
1694721881720 4.51162846127409 366
1694721882142 4.486538383476949 367
1694721882444 4.461744941624847 368
1694721882829 4.437244628323722 369
1694721883186 4.413033977650595 370
1694721883529 4.389109564663198 371
1694721883876 4.365468004915462 372
1694721884190 4.342105953978671 373
1694721884475 4.319020106968289 374
1694721884824 4.296207198076419 375
1694721885227 4.273664000109762 376
1694721885662 4.25138732403302 377
1694721886053 4.22937401851774 378
1694721886408 4.2076209694964595 379
1694721886766 4.186125099722152 380
1694721887141 4.164883368332841 381
1694721887467 4.14389277042142 382
1694721887793 4.123150336610493 383
1694721888140 4.102653132632302 384
1694721888476 4.082398258913563 385
1694721888755 4.062382850165273 386
1694721889088 4.042604074977319 387
1694721889500 4.023059135417905 388
1694721890105 4.003745266637706 389
1694721890416 3.9846597364786978 390
1694721890743 3.965799845087618 391
1694721891100 3.9471629245340076 392
1694721891431 3.9287463384327515 393
1694721891765 3.9105474815710948 394
1694721892243 3.89256377954006 395
1694721892511 3.8747926883702335 396
1694721892870 3.8572316941718383 397
1694721893219 3.8398783127790765 398
1694721893521 3.822730089398681 399
1694721893909 3.8057845982626257 400
1694721894264 3.7890394422849365 401
1694721894653 3.7724922527225213 402
1694721895020 3.7561406888400857 403
1694721895347 3.739982437578961 404
1694721895746 3.7240152132298467 405
1694721896085 3.7082367571094585 406
1694721896423 3.692644837240947 407
1694721896830 3.677237248038137 408
1694721897218 3.662011809993488 409
1694721897528 3.6469663693697427 410
1694721897811 3.63209879789522 411
1694721898326 3.6174069924627164 412
1694721898619 3.6028888748319576 413
1694721899057 3.5885423913355714 414
1694721899490 3.5743655125885536 415
1694721899824 3.5603562332011442 416
1694721900175 3.5465125714951116 417
1694721900517 3.532832569223398 418
1694721900852 3.519314291293067 419
1694721901162 3.505955825491513 420
1694721901568 3.4927552822159664 421
1694721901908 3.4797107942061127 422
1694721902305 3.466820516279954 423
1694721902638 3.4540826250727394 424
1694721902966 3.441495318778995 425
1694721903296 3.429056816897626 426
1694721903640 3.4167653599800056 427
1694721904031 3.4046192093810443 428
1694721904383 3.3926166470132246 429
1694721904757 3.3807559751035376 430
1694721905110 3.3690355159532626 431
1694721905425 3.35745361170062 432
1694721905765 3.3460086240862315 433
1694721906215 3.334698934221337 434
1694721906565 3.323522942358752 435
1694721906912 3.3124790676665534 436
1694721907282 3.301565748004407 437
1694721907598 3.290781439702576 438
1694721907936 3.2801246173435277 439
1694721908304 3.2695937735461102 440
1694721908657 3.2591874187522905 441
1694721909041 3.248904081016436 442
1694721909390 3.238742305797051 443
1694721909738 3.228700655750988 444
1694721910063 3.218777710530107 445
1694721910434 3.2089720665803227 446
1694721910774 3.199282336943033 447
1694721911107 3.1897071510589035 448
1694721911470 3.1802451545739525 449
1694721911818 3.170895009147952 450
1694721912259 3.1616553922650716 451
1694721912622 3.152524997046774 452
1694721913002 3.143502532066929 453
1694721913402 3.134586721169106 454
1694721913723 3.125776303286015 455
1694721914129 3.117070032261104 456
1694721914430 3.1084666766722515 457
1694721914725 3.099965019657551 458
1694721915044 3.091563858743152 459
1694721915425 3.0832620056731335 460
1694721915797 3.075058286241392 461
1694721916141 3.0669515401255256 462
1694721916542 3.0589406207226757 463
1694721916905 3.051024394987288 464
1694721917214 3.0432017432708376 465
1694721917568 3.035471559163414 466
1694721917924 3.02783274933718 467
1694721918299 3.0202842333917084 468
1694721918610 3.01282494370111 469
1694721918905 3.005453825263007 470
1694721919278 2.9981698355492594 471
1694721919616 2.990971944358481 472
1694721919997 2.983859133670282 473
1694721920338 2.9768303975012467 474
1694721920652 2.969884741762609 475
1694721920911 2.9630211841196124 476
1694721921249 2.956238753852522 477
1694721921573 2.949536491719303 478
1694721921892 2.942913449819903 479
1694721922404 2.9363686914621443 480
1694721922746 2.9299012910292044 481
1694721923102 2.9235103338486663 482
1694721923468 2.917194916063106 483
1694721923843 2.910954144502225 484
1694721924203 2.9047871365564726 485
1694721924572 2.8986930200521965 486
1694721924889 2.8926709331282305 487
1694721925215 2.886720024113981 488
1694721925540 2.880839451408911 489
1694721925821 2.8750283833634978 490
1694721926153 2.869285998161545 491
1694721926521 2.8636114837039477 492
1694721926849 2.8580040374937656 493
1694721927192 2.852462866522709 494
1694721927552 2.8469871871589394 495
1694721927883 2.841576225036204 496
1694721928213 2.8362292149442805 497
1694721928574 2.830945400720715 498
1694721928871 2.825724035143848 499
