1694722520727 166.87856385573303 0
1694722521068 129.9714400417833 1
1694722521451 117.15157858693404 2
1694722521774 104.56958265412183 3
1694722522152 93.42917398945961 4
1694722522543 83.49963299590797 5
1694722522800 74.6532822810964 6
1694722523109 66.77172433147527 7
1694722523467 59.749751508861856 8
1694722523798 53.49361391212418 9
1694722524131 47.91978727567433 10
1694722524471 42.953856685786256 11
1694722524776 38.529523149270666 12
1694722525095 34.58771844275683 13
1694722525445 31.075816503145763 14
1694722525744 27.946930825986083 15
1694722526060 25.15928849173619 16
1694722526427 22.675672462626817 17
1694722526737 20.462924704325772 18
1694722527039 18.49150349866645 19
1694722527396 16.735089037197852 20
1694722527739 15.170232029902678 21
1694722528029 13.776040637718413 22
1694722528367 12.533901549150652 23
1694722528693 11.427231477120138 24
1694722529014 10.44125575832013 25
1694722529332 9.562811099201879 26
1694722529649 8.780169835083395 27
1694722530068 8.082883356094861 28
1694722530480 7.461642609567015 29
1694722530798 6.9081538164537815 30
1694722531122 6.415027742500194 31
1694722531444 5.9756810458337855 32
1694722531745 5.58424838388805 33
1694722532098 5.235504106212334 34
1694722532479 4.9247924877023195 35
1694722532902 4.647965570806747 36
1694722533194 4.401327786852316 37
1694722533553 4.181586617135475 38
1694722533835 3.985808635065711 39
1694722534097 3.8113803424865775 40
1694722534417 3.655973277306685 41
1694722534697 3.517512926598766 42
1694722535005 3.3941510301307227 43
1694722535342 3.2842409045579446 44
1694722535660 3.186315458834294 45
1694722535929 3.099067607329311 46
1694722536183 3.0213328191504902 47
1694722536575 2.9520735706895858 48
1694722536875 2.890365493821547 49
1694722537158 2.835385034823046 50
1694722537531 2.7863984592469246 51
1694722537810 2.742752055958502 52
1694722538134 2.7038634095495007 53
1694722538453 2.669213624609089 54
1694722538791 2.6383403980395914 55
1694722539111 2.6108318469265233 56
1694722539410 2.586321009559931 57
1694722539768 2.564480946191072 58
1694722540082 2.5450203741154827 59
1694722540357 2.527679778807189 60
1694722540684 2.5122279491844433 61
1694722541021 2.4984588907499377 62
1694722541355 2.4861890753933396 63
1694722541744 2.475254991138731 64
1694722542147 2.4655109591240643 65
1694722542531 2.4568271886674613 66
1694722542864 2.4490880444539287 67
1694722543201 2.442190502707947 68
1694722543524 2.4360427757405847 69
1694722543837 2.4305630865076897 70
1694722544167 2.425678576818494 71
1694722544543 2.4213243346183098 72
1694722544874 2.4174425273587463 73
1694722545213 2.413981629885194 74
1694722545548 2.4108957365332584 75
1694722545848 2.4081439482500544 76
1694722546184 2.405689826557909 77
1694722546538 2.403500907070452 78
1694722546881 2.401548266066119 79
1694722547150 2.3998061343324713 80
1694722547461 2.398251553125825 81
1694722547799 2.396864067652974 82
1694722548092 2.3956254539827286 83
1694722548386 2.3945194757413115 84
1694722548703 2.393531667343298 85
1694722548991 2.3926491408640436 86
1694722549275 2.391860413975202 87
1694722549565 2.391155256646108 88
1694722549880 2.390524554564385 89
1694722550123 2.389960187452308 90
1694722550385 2.3894549206543623 91
1694722550656 2.3890023085485863 92
1694722550936 2.3885966084921693 93
1694722551188 2.388232704152409 94
1694722551537 2.3879060371994227 95
1694722551876 2.3876125464486595 96
1694722552190 2.3873486136407176 97
1694722552580 2.3871110151345825 98
1694722552863 2.38689687886934 99
1694722553194 2.3867036460197806 100
1694722553538 2.3865290368339642 101
1694722554028 2.386371020196635 102
1694722554564 2.386227786512149 103
1694722554950 2.3860977235448737 104
1694722555287 2.3859793948945005 105
1694722555608 2.3858715208189096 106
1694722555939 2.3857729611485543 107
