1694727054020 168.8278829759285 0
1694727054321 8.526316860832374 1
1694727054693 2.6307901470451207 2
1694727055004 2.377930299319996 3
1694727055331 2.3737851791531623 4
1694727055638 2.3720769318429 5
1694727055920 2.3718116989067006 6
1694727056219 2.3713396221254306 7
1694727056528 2.37091165404806 8
1694727056820 2.370476417151778 9
1694727057202 2.370043790096408 10
1694727057585 2.369611847207046 11
1694727057893 2.3691809595266857 12
1694727058220 2.368751052080582 13
1694727058641 2.368322136550312 14
1694727058955 2.3678942077913936 15
1694727059286 2.3674672639355965 16
1694727059656 2.3670413024858337 17
1694727059932 2.3666163210747437 18
1694727060215 2.366192317317308 19
1694727060545 2.3657692888394566 20
1694727060831 2.365347233272491 21
1694727061186 2.3649261482541473 22
1694727061554 2.364506031428363 23
1694727061922 2.364086880445303 24
1694727062259 2.3636686929613324 25
1694727062651 2.3632514666390017 26
1694727062988 2.362835199147024 27
1694727063337 2.362419888160259 28
1694727063683 2.3620055313596984 29
1694727063994 2.361592126432443 30
1694727064376 2.361179671071686 31
1694727064736 2.360768162976695 32
1694727065024 2.3603575998527973 33
1694727065371 2.359947979411357 34
1694727065727 2.3595392993697613 35
1694727066034 2.3591315574514002 36
1694727066427 2.358724751385651 37
1694727066783 2.358318878907859 38
1694727067078 2.3579139377593212 39
1694727067408 2.357509925687269 40
1694727067721 2.357106840444848 41
1694727068056 2.3567046797911053 42
1694727068379 2.3563034414909683 43
1694727068741 2.3559031233152297 44
1694727069011 2.35550372304053 45
1694727069316 2.3551052384493385 46
1694727069602 2.3547076673299396 47
1694727069910 2.354311007476413 48
1694727070219 2.353915256688618 49
1694727070529 2.353520412772176 50
1694727070858 2.353126473538455 51
1694727071287 2.352733436804551 52
1694727071657 2.3523413003932725 53
1694727071931 2.351950062133123 54
1694727072286 2.3515597198582863 55
1694727072634 2.3511702714086073 56
1694727072938 2.350781714629577 57
1694727073260 2.3503940473723173 58
1694727073616 2.3500072674935604 59
1694727073929 2.3496213728556374 60
1694727074219 2.3492363613264593 61
1694727074545 2.3488522307795012 62
1694727074890 2.3484689790937865 63
1694727075193 2.34808660415387 64
1694727075540 2.347705103849822 65
1694727075898 2.347324476077215 66
1694727076174 2.3469447187371024 67
1694727076491 2.346565829736007 68
1694727076837 2.3461878069859043 69
1694727077148 2.3458106484042047 70
1694727077564 2.3454343519137395 71
1694727077913 2.3450589154427464 72
1694727078219 2.344684336924851 73
1694727078539 2.3443106142990517 74
1694727078878 2.343937745509707 75
1694727079158 2.3435657285065146 76
1694727079474 2.343194561244504 77
1694727079813 2.342824241684013 78
1694727080113 2.3424547677906773 79
1694727080509 2.3420861375354116 80
1694727080849 2.341718348894399 81
1694727081206 2.341351399849071 82
1694727081555 2.3409852883860967 83
1694727081872 2.3406200124973635 84
1694727082204 2.340255570179966 85
1694727082555 2.3398919594361867 86
1694727082940 2.3395291782734864 87
1694727083233 2.3391672247044837 88
1694727083568 2.3388060967469437 89
1694727083929 2.3384457924237636 90
1694727084201 2.3380863097629545 91
1694727084533 2.3377276467976293 92
1694727084871 2.3373698015659894 93
1694727085193 2.337012772111305 94
1694727085545 2.336656556481907 95
1694727085883 2.3363011527311657 96
1694727086189 2.335946558917484 97
1694727086563 2.335592773104275 98
1694727086881 2.3352397933599534 99
1694727087183 2.3348876177579188 100
1694727087594 2.334536244376541 101
1694727088004 2.3341856712991493 102
1694727088295 2.333835896614011 103
1694727088660 2.3334869184143257 104
1694727088975 2.3331387347982053 105
1694727089240 2.3327913438686623 106
1694727089541 2.332444743733596 107
1694727089920 2.3320989325057773 108
1694727090222 2.3317539083028347 109
1694727090582 2.331409669247243 110
1694727090924 2.3310662134663063 111
1694727091209 2.330723539092145 112
1694727091500 2.330381644261684 113
1694727091827 2.330040527116636 114
1694727092185 2.3297001858034903 115
1694727092511 2.329360618473498 116
1694727092860 2.3290218232826585 117
1694727093209 2.3286837983917064 118
1694727093531 2.3283465419660976 119
1694727093957 2.3280100521759963 120
1694727094343 2.3276743271962603 121
1694727094682 2.3273393652064303 122
1694727094988 2.327005164390713 123
1694727095247 2.326671722937971 124
1694727095555 2.326339039041709 125
1694727095901 2.3260071109000573 126
1694727096254 2.3256759367157644 127
1694727096616 2.325345514696179 128
1694727096935 2.3250158430532393 129
1694727097218 2.324686920003458 130
1694727097518 2.3243587437679136 131
1694727097833 2.324031312572232 132
1694727098156 2.323704624646577 133
1694727098467 2.3233786782256374 134
1694727098810 2.3230534715486115 135
1694727099140 2.3227290028591994 136
1694727099440 2.322405270405584 137
1694727099765 2.322082272440423 138
1694727100084 2.3217600072208344 139
1694727100419 2.3214384730083837 140
1694727100770 2.321117668069072 141
1694727101110 2.320797590673325 142
1694727101420 2.320478239095976 143
1694727101756 2.320159611616257 144
1694727102094 2.3198417065177876 145
1694727102375 2.319524522088557 146
1694727102697 2.319208056620919 147
1694727103003 2.3188923084115727 148
1694727103295 2.318577275761555 149
1694727103623 2.3182629569762256 150
1694727104001 2.31794935036526 151
1694727104334 2.3176364542426278 152
1694727104670 2.31732426692659 153
1694727104986 2.3170127867396815 154
1694727105265 2.316702012008702 155
1694727105580 2.3163919410647003 156
1694727105947 2.316082572242969 157
1694727106330 2.3157739038830245 158
1694727106629 2.3154659343286004 159
1694727106951 2.3151586619276343 160
1694727107237 2.3148520850322565 161
1694727107538 2.3145462019987773 162
1694727107848 2.3142410111876743 163
1694727108177 2.313936510963584 164
1694727108457 2.3136326996952885 165
1694727108728 2.3133295757557018 166
1694727109008 2.3130271375218614 167
1694727109291 2.3127253833749153 168
1694727109624 2.3124243117001098 169
1694727109990 2.31212392088678 170
1694727110284 2.311824209328336 171
1694727110692 2.3115251754222546 172
1694727111033 2.311226817570063 173
1694727111382 2.310929134177335 174
1694727111761 2.31063212365367 175
1694727112121 2.3103357844126915 176
1694727112476 2.310040114872028 177
1694727112877 2.309745113453309 178
1694727113257 2.309450778582146 179
1694727113532 2.3091571086881273 180
1694727113844 2.3088641022048053 181
1694727114208 2.3085717575696854 182
1694727114515 2.308280073224214 183
1694727114853 2.307989047613768 184
1694727115304 2.307698679187646 185
1694727115601 2.3074089663990534 186
1694727115904 2.3071199077050957 187
1694727116284 2.3068315015667644 188
1694727116613 2.306543746448927 189
1694727116930 2.306256640820319 190
1694727117242 2.305970183153528 191
1694727117590 2.3056843719249884 192
1694727118001 2.305399205614966 193
1694727118264 2.305114682707552 194
1694727118555 2.304830801690647 195
1694727118870 2.3045475610559563 196
1694727119203 2.304264959298974 197
1694727119484 2.3039829949189774 198
1694727119881 2.3037016664190118 199
1694727120241 2.3034209723058825 200
1694727120561 2.303140911090147 201
1694727120920 2.3028614812860986 202
1694727121211 2.3025826814117605 203
1694727121502 2.302304509988875 204
1694727121802 2.3020269655428915 205
1694727122186 2.3017500466029577 206
1694727122533 2.3014737517019093 207
1694727122835 2.3011980793762588 208
1694727123203 2.3009230281661868 209
1694727123541 2.3006485966155306 210
1694727123888 2.300374783271774 211
1694727124315 2.300101586686039 212
1694727124640 2.2998290054130752 213
1694727124995 2.299557038011247 214
1694727125358 2.299285683042528 215
1694727125692 2.299014939072488 216
1694727125992 2.2987448046702834 217
1694727126357 2.2984752784086493 218
1694727126708 2.298206358863888 219
1694727127084 2.2979380446158593 220
1694727127408 2.297670334247971 221
1694727127695 2.2974032263471686 222
1694727128039 2.297136719503927 223
1694727128355 2.2968708123122394 224
1694727128653 2.2966055033696082 225
1694727128994 2.296340791277035 226
1694727129421 2.296076674639012 227
1694727129944 2.2958131520635106 228
1694727130342 2.2955502221619746 229
1694727130635 2.295287883549307 230
1694727130957 2.2950261348438654 231
1694727131304 2.2947649746674466 232
1694727131608 2.2945044016452822 233
1694727131924 2.294244414406027 234
1694727132295 2.29398501158175 235
1694727132730 2.2937261918079246 236
1694727133040 2.2934679537234204 237
1694727133373 2.2932102959704923 238
1694727133721 2.292953217194772 239
1694727134050 2.2926967160452616 240
1694727134402 2.292440791174318 241
1694727134682 2.29218544123765 242
1694727135018 2.2919306648943047 243
1694727135365 2.2916764608066633 244
1694727135644 2.2914228276404263 245
1694727136031 2.2911697640646076 246
1694727136410 2.2909172687515262 247
1694727136698 2.2906653403767954 248
1694727137008 2.290413977619315 249
1694727137433 2.2901631791612598 250
1694727137713 2.289912943688076 251
1694727138081 2.2896632698884662 252
1694727138485 2.2894141564543857 253
1694727138784 2.289165602081028 254
1694727139104 2.2889176054668234 255
1694727139450 2.288670165313423 256
1694727139729 2.288423280325695 257
1694727140050 2.2881769492117128 258
1694727140394 2.2879311706827483 259
1694727140798 2.2876859434532624 260
1694727141133 2.2874412662408954 261
1694727141496 2.287197137766461 262
1694727141766 2.286953556753935 263
1694727142016 2.286710521930448 264
1694727142353 2.2864680320262774 265
1694727142712 2.286226085774837 266
1694727143079 2.28598468191267 267
1694727143382 2.2857438191794412 268
1694727143680 2.2855034963179266 269
1694727144025 2.2852637120740056 270
1694727144337 2.285024465196654 271
1694727144615 2.2847857544379337 272
1694727144897 2.2845475785529863 273
1694727145246 2.2843099363000223 274
1694727145580 2.2840728264403154 275
1694727145855 2.2838362477381917 276
1694727146200 2.2836001989610253 277
1694727146559 2.283364678879225 278
1694727146835 2.28312968626623 279
1694727147159 2.2828952198985006 280
1694727147533 2.282661278555509 281
1694727147837 2.282427861019733 282
1694727148130 2.282194966076647 283
1694727148489 2.281962592514713 284
1694727148775 2.2817307391253743 285
1694727149074 2.281499404703047 286
1694727149432 2.2812685880451107 287
1694727149754 2.281038287951902 288
1694727150117 2.2808085032267065 289
1694727150479 2.2805792326757497 290
1694727150836 2.2803504751081896 291
1694727151175 2.2801222293361114 292
1694727151580 2.279894494174514 293
1694727151874 2.2796672684413073 294
1694727152143 2.279440550957302 295
1694727152521 2.2792143405462046 296
1694727152837 2.2789886360346028 297
1694727153169 2.278763436251968 298
1694727153471 2.2785387400306374 299
1694727153764 2.278314546205813 300
1694727154106 2.2780908536155526 301
1694727154511 2.2778676611007587 302
1694727154818 2.277644967505177 303
1694727155144 2.2774227716753823 304
1694727155501 2.2772010724607763 305
1694727155787 2.2769798687135774 306
1694727156115 2.276759159288811 307
1694727156568 2.276538943044308 308
1694727156904 2.276319218840692 309
1694727157242 2.2760999855413746 310
1694727157592 2.2758812420125465 311
1694727157875 2.2756629871231695 312
1694727158270 2.275445219744973 313
1694727158613 2.2752279387524412 314
1694727158958 2.2750111430228097 315
1694727159351 2.2747948314360573 316
1694727159702 2.2745790028748973 317
1694727160003 2.274363656224771 318
1694727160336 2.2741487903738427 319
1694727160690 2.273934404212987 320
1694727160985 2.2737204966357885 321
1694727161302 2.2735070665385284 322
1694727161706 2.273294112820182 323
1694727161985 2.2730816343824083 324
1694727162296 2.2728696301295437 325
1694727162664 2.2726580989685963 326
1694727162979 2.2724470398092387 327
1694727163346 2.272236451563797 328
1694727163740 2.2720263331472506 329
1694727164033 2.2718166834772173 330
1694727164393 2.2716075014739543 331
1694727164933 2.271398786060345 332
1694727165305 2.2711905361618934 333
1694727165589 2.2709827507067204 334
1694727165910 2.270775428625553 335
1694727166343 2.27056856885172 336
1694727166689 2.270362170321143 337
1694727167016 2.270156231972331 338
1694727167347 2.269950752746373 339
1694727167706 2.2697457315869314 340
1694727168058 2.2695411674402344 341
1694727168383 2.2693370592550717 342
1694727168724 2.269133405982785 343
1694727169084 2.2689302065772607 344
1694727169422 2.268727459994927 345
1694727169745 2.2685251651947427 346
1694727170015 2.2683233211381957 347
1694727170317 2.2681219267892896 348
1694727170670 2.267920981114544 349
1694727170993 2.2677204830829827 350
1694727171308 2.2675204316661293 351
1694727171618 2.2673208258380013 352
1694727171932 2.267121664575103 353
1694727172303 2.2669229468564156 354
1694727172686 2.2667246716633964 355
1694727173036 2.266526837979969 356
1694727173394 2.2663294447925164 357
1694727173690 2.266132491089877 358
1694727173997 2.265935975863335 359
1694727174302 2.2657398981066152 360
1694727174626 2.26554425681588 361
1694727174930 2.265349050989717 362
1694727175266 2.265154279629136 363
1694727175592 2.2649599417375637 364
1694727175869 2.264766036320834 365
1694727176163 2.2645725623871846 366
1694727176518 2.2643795189472504 367
1694727176805 2.2641869050140544 368
1694727177063 2.2639947196030055 369
1694727177380 2.263802961731888 370
1694727177717 2.263611630420861 371
1694727178078 2.263420724692446 372
1694727178349 2.263230243571524 373
1694727178638 2.26304018608533 374
1694727178918 2.2628505512634445 375
1694727179255 2.2626613381377885 376
1694727179568 2.262472545742619 377
1694727179882 2.2622841731145193 378
1694727180273 2.262096219292397 379
1694727180616 2.2619086833174733 380
1694727180955 2.2617215642332824 381
1694727181266 2.2615348610856603 382
1694727181507 2.2613485729227425 383
1694727181836 2.2611626987949554 384
1694727182094 2.2609772377550126 385
1694727182473 2.2607921888579074 386
1694727182802 2.2606075511609074 387
1694727183138 2.2604233237235483 388
1694727183444 2.2602395056076277 389
1694727183765 2.2600560958772014 390
1694727184031 2.2598730935985727 391
1694727184312 2.2596904978402934 392
1694727184658 2.2595083076731513 393
1694727184985 2.259326522170168 394
1694727185267 2.259145140406593 395
1694727185679 2.2589641614598968 396
1694727185985 2.258783584409766 397
1694727186341 2.258603408338096 398
1694727186643 2.2584236323289875 399
1694727186993 2.2582442554687394 400
1694727187324 2.2580652768458433 401
1694727187647 2.257886695550977 402
1694727188034 2.2577085106770016 403
1694727188318 2.257530721318952 404
1694727188635 2.2573533265740346 405
1694727188975 2.257176325541619 406
1694727189247 2.2569997173232346 407
1694727189619 2.2568235010225637 408
1694727189980 2.2566476757454357 409
1694727190251 2.256472240599824 410
1694727190550 2.256297194695837 411
1694727190906 2.2561225371457128 412
1694727191192 2.2559482670638182 413
1694727191533 2.255774383566638 414
1694727191926 2.255600885772772 415
1694727192248 2.2554277728029284 416
1694727192684 2.255255043779921 417
1694727193091 2.2550826978286587 418
1694727193429 2.2549107340761467 419
1694727193860 2.2547391516514743 420
1694727194252 2.254567949685815 421
1694727194535 2.2543971273124184 422
1694727194851 2.254226683666604 423
1694727195168 2.2540566178857593 424
1694727195451 2.253886929109331 425
1694727195769 2.253717616478821 426
1694727196074 2.2535486791377815 427
1694727196524 2.2533801162318094 428
1694727196865 2.253211926908542 429
1694727197169 2.2530441103176493 430
1694727197548 2.2528766656108306 431
1694727197842 2.252709591941809 432
1694727198162 2.2525428884663263 433
1694727198525 2.252376554342137 434
1694727198900 2.252210588729004 435
1694727199191 2.2520449907886944 436
1694727199484 2.2518797596849716 437
1694727199831 2.2517148945835914 438
1694727200092 2.251550394652299 439
1694727200389 2.2513862590608196 440
1694727200709 2.2512224869808586 441
1694727201003 2.251059077586091 442
1694727201283 2.250896030052161 443
1694727201598 2.250733343556674 444
1694727201932 2.250571017279193 445
1694727202217 2.250409050401233 446
1694727202490 2.2502474421062564 447
1694727202814 2.2500861915796664 448
1694727203159 2.2499252980088054 449
1694727203545 2.2497647605829463 450
1694727203900 2.249604578493291 451
1694727204298 2.249444750932963 452
1694727204654 2.2492852770970018 453
1694727204979 2.2491261561823612 454
1694727205331 2.248967387387902 455
1694727205748 2.2488089699143883 456
1694727206063 2.248650902964481 457
1694727206455 2.2484931857427357 458
1694727206812 2.248335817455594 459
1694727207146 2.2481787973113816 460
1694727207486 2.2480221245203054 461
1694727207842 2.2478657982944417 462
1694727208208 2.2477098178477397 463
1694727208542 2.24755418239601 464
1694727208839 2.247398891156924 465
1694727209157 2.247243943350008 466
1694727209525 2.247089338196638 467
1694727209835 2.246935074920035 468
1694727210196 2.2467811527452617 469
1694727210522 2.246627570899215 470
1694727210872 2.246474328610624 471
1694727211195 2.2463214251100454 472
1694727211474 2.2461688596298552 473
1694727211795 2.2460166314042493 474
1694727212101 2.2458647396692353 475
1694727212361 2.2457131836626285 476
1694727212718 2.2455619626240475 477
1694727213053 2.245411075794911 478
1694727213393 2.245260522418431 479
1694727213716 2.24511030173961 480
1694727214069 2.2449604130052347 481
1694727214359 2.2448108554638733 482
1694727214720 2.2446616283658702 483
1694727215154 2.244512730963341 484
1694727215478 2.244364162510168 485
1694727215792 2.2442159222619975 486
1694727216140 2.244068009476234 487
1694727216465 2.2439204234120345 488
1694727216806 2.2437731633303057 489
1694727217204 2.2436262284937 490
1694727217566 2.243479618166609 491
1694727217868 2.2433333316151622 492
1694727218247 2.243187368107219 493
1694727218591 2.2430417269123675 494
1694727218956 2.242896407301916 495
1694727219287 2.2427514085488967 496
1694727219676 2.24260672992805 497
1694727220016 2.2424623707158298 498
1694727220346 2.2423183301903946 499
