1694742550167 0.2518758355407605 0
1694742550450 0.26815574636865436 1
1694742550793 0.9689330813765609 2
1694742551043 2.020000707461076 3
1694742551268 7.966684868909615 4
1694742551585 0.01571554306716218 5
1694742551896 0.2841795150367262 6
1694742552125 0.16916585336308568 7
1694742552450 9.468108444675826 8
1694742552787 1.218261063421464 9
1694742553121 0.03435068822459689 10
1694742553354 0.5667778906757535 11
1694742553649 0.05487714810165164 12
1694742553893 0.03858472347219742 13
1694742554118 0.4315996489832306 14
1694742554400 0.41543789001906095 15
1694742554720 0.5030464415773447 16
1694742555001 1.5814803220530782 17
1694742555283 0.22863600013531865 18
1694742555636 0.05730415246998799 19
1694742555965 0.3278364008398176 20
1694742556257 0.28379552562112315 21
1694742556526 0.6043557969609162 22
1694742556854 1.3733289666403647 23
1694742557118 0.007402795877548491 24
1694742557419 0.021688278712837933 25
1694742557762 2.1745388263901644 26
1694742558041 6.826003699106597 27
1694742558302 2.065903045119763 28
1694742558605 1.4926047471468518 29
1694742558941 5.396368433993318 30
1694742559418 0.8693393161349866 31
1694742559748 1.242726963482733 32
1694742560122 1.3696490429198591 33
1694742560351 0.3398335976073966 34
1694742560634 3.817031053936844 35
1694742560932 0.43067330700532735 36
1694742561215 0.8218131057213811 37
1694742561449 0.6482632683341831 38
1694742561688 1.1583240859229988 39
1694742561995 0.012184979307493226 40
1694742562292 0.5055325168302802 41
1694742562554 3.2047503374003377 42
1694742562828 0.2674247060693173 43
1694742563126 0.0501434434694095 44
1694742563426 0.6684961397582575 45
1694742563688 0.4072918026072596 46
1694742563987 0.09051913355546051 47
1694742564338 0.7333500992300704 48
1694742564692 0.9252878948025298 49
1694742564936 1.715292614937597 50
1694742565206 20.237347615195926 51
1694742565456 0.010504518467967554 52
1694742565714 2.1168639141294467 53
1694742565918 1.580845748067587 54
1694742566122 0.09438785621962649 55
1694742566464 4.65037882231751 56
1694742566740 0.12536561744387592 57
1694742567024 0.9596009037441603 58
1694742567328 0.4645759571969242 59
1694742567628 1.7897417554043111 60
1694742568036 1.0461392342346787 61
1694742568408 4.068923356924941 62
1694742568706 0.16132126798973762 63
1694742568977 6.574416727218722 64
1694742569282 0.24124295728257913 65
1694742569566 30.078938501812463 66
1694742569827 0.30881655639811667 67
1694742570158 1.200470263811446 68
1694742570450 0.11198172980814548 69
1694742570767 1.7464200173886173 70
1694742571085 0.34387618253858065 71
1694742571384 7.971971290244656 72
1694742571664 0.3616111343157961 73
1694742571957 0.49450240549653124 74
1694742572263 0.9415745979904236 75
1694742572549 0.01646287257725737 76
1694742572851 2.3056298432743056 77
1694742573193 0.5304842801172439 78
1694742573482 0.08838518224210311 79
1694742573734 0.09202024597794983 80
1694742574086 4.1115300685123035 81
1694742574431 1.8563514337735847 82
1694742574684 2.247394420712646 83
1694742574947 0.7738477974963717 84
1694742575324 0.1729974565978206 85
1694742575620 1.7660987219571573 86
1694742575836 1.3900642720719916 87
1694742576047 0.03077736307616076 88
1694742576464 0.09194884654011047 89
1694742576735 0.11515572318321038 90
1694742577022 0.016404681659617348 91
1694742577352 0.0802231509113761 92
1694742577695 5.947966916145283 93
1694742577997 0.2701798763252707 94
1694742578317 0.009132870352662423 95
1694742578673 0.723800145284373 96
1694742578960 0.08968429001716151 97
1694742579255 0.44945807337372246 98
1694742579492 0.3149183726284714 99
1694742579822 1.0517329929316293 100
1694742580173 3.811483740469827 101
1694742580483 0.20910715669122373 102
1694742580743 14.855283774776453 103
1694742581021 0.00018567778353507594 104
1694742581320 4.593851245472152 105
1694742581588 0.11672267242544827 106
1694742581911 5.768429356514359 107
1694742582242 0.14013468033263643 108
1694742582554 0.07200680297899043 109
1694742582854 1.6580482070399316 110
1694742583172 7.6864541012554275 111
1694742583471 0.301724026555788 112
1694742583741 7.626665911940516 113
1694742584052 0.41589537551786915 114
1694742584383 0.2862557720204335 115
1694742584619 1.2106553055624332 116
1694742584856 1.9851618988298143 117
1694742585156 1.439180488643228 118
1694742585464 0.16836054553955604 119
1694742585760 2.415722847273725 120
1694742586006 8.006376509603744 121
1694742586257 0.861866916896249 122
1694742586575 0.16555685500390138 123
1694742586853 4.901014418051502 124
1694742587158 0.22230486502002902 125
1694742587479 7.083976789259477 126
1694742587769 13.008295028965984 127
1694742588039 4.929781163564624 128
1694742588507 0.24404628314800403 129
1694742588777 2.95716797774727 130
1694742589001 2.1870840807081766 131
1694742589328 0.9389755230544401 132
1694742589634 0.5651473999192633 133
1694742589921 1.9548016998142286 134
1694742590156 0.22744019231708093 135
1694742590432 7.92011053069847 136
1694742590795 0.024142114870732697 137
1694742591057 0.0304849645327434 138
1694742591389 0.0045642019369323055 139
1694742591694 3.971850174516705 140
1694742591904 0.005085784639750856 141
1694742592142 0.2155216266308321 142
1694742592473 0.30551065915761566 143
1694742592780 1.0009216935156764 144
1694742593046 2.9609462060041647 145
1694742593285 1.3083244834312844 146
1694742593584 1.4528859110503278 147
1694742593864 0.47909628772851875 148
1694742594085 0.47965504361418215 149
1694742594391 0.05211193745781411 150
1694742594733 0.8195987260393995 151
1694742595015 0.1977742038549315 152
1694742595367 3.2984712543549057 153
1694742595692 0.05677487237412553 154
1694742595959 30.262565292919344 155
1694742596278 4.845396160336504 156
1694742596582 0.5014411098244109 157
1694742596896 5.034142281796384 158
1694742597168 1.8966907089521652 159
1694742597539 0.4669148826751463 160
1694742597878 0.046259432880211795 161
1694742598112 0.7412545789624946 162
1694742598415 0.04826504200139774 163
1694742598633 2.6599243528193712 164
1694742598935 0.09539497690880694 165
1694742599209 6.269330137510376 166
1694742599560 0.24320722169401787 167
1694742599909 1.221061831531605 168
1694742600204 0.1832931734069524 169
1694742600535 2.781720994683161 170
1694742600837 0.02200473069978912 171
1694742601150 6.165211103836443 172
1694742601460 1.6718550266535204 173
1694742601788 1.2545849291053337 174
1694742602112 0.3304064577239152 175
1694742602419 1.2836315976590325 176
1694742602741 1.6331337669417278 177
1694742603062 0.08236991121208431 178
1694742603367 0.24431428169812253 179
1694742603656 1.8153452112136659 180
1694742603963 0.0006182011312159263 181
1694742604259 0.04114406899002376 182
1694742604546 0.3621989364755381 183
1694742604832 0.772371737167311 184
1694742605082 3.2210025363713255 185
1694742605338 0.15919733561713909 186
1694742605616 0.6956290216148402 187
1694742605890 0.32645103415839327 188
1694742606146 0.08679756929363154 189
1694742606424 0.3922977989123269 190
1694742606691 0.08994699658220666 191
1694742606968 0.6785061888711198 192
1694742607230 1.145287299613155 193
1694742607564 8.356953570197268 194
1694742607868 0.5719121593507275 195
1694742608205 1.524677982211873 196
1694742608644 0.07781106652686103 197
1694742608956 0.15975175324803856 198
1694742609206 0.525931077076871 199
1694742609486 1.5403613826575917 200
1694742609784 2.8149630935997645 201
1694742610151 0.8158251213193967 202
1694742610406 0.040386944283655385 203
1694742610758 0.8224164239223017 204
1694742611057 1.0873826090356646 205
1694742611279 0.10877408055262934 206
1694742611491 4.93983818217195 207
1694742611782 0.9737855292953648 208
1694742612167 0.7862486802262503 209
1694742612410 2.824397194559795 210
1694742612656 2.0225843292485814 211
1694742613010 1.707949523112324 212
1694742613296 0.4132904994167786 213
1694742613598 1.37818426351967 214
1694742613923 2.162392180107786 215
1694742614230 4.522839974228079 216
1694742614452 1.1519764435364865 217
1694742614744 1.2104875404760522 218
1694742615094 0.3525054479298049 219
1694742615387 2.554388882032371 220
1694742615638 0.04238798111771301 221
1694742615897 0.3107030807907442 222
1694742616173 2.3661741866491792 223
1694742616408 0.8478383400534073 224
1694742616618 0.026293584480100027 225
1694742616847 0.546008136621393 226
1694742617125 0.007986315524181855 227
1694742617474 3.058945298220985 228
1694742617794 0.0008357046474941483 229
1694742618133 0.6130532564810556 230
1694742618485 1.2393191674398838 231
1694742618801 0.3446334148888577 232
1694742619141 5.107210666295978 233
1694742619542 0.09161737770050733 234
1694742619835 0.535564675321894 235
1694742620197 9.38420319877553 236
1694742620466 0.2573350166008116 237
1694742620766 0.9205373155710369 238
1694742621093 0.8299241756604055 239
1694742621398 0.8871899133071863 240
1694742621631 0.9095337066221995 241
1694742621907 0.3639835653754563 242
1694742622135 0.24792549173630365 243
1694742622402 0.5933982811684472 244
1694742622643 0.07810791621028035 245
1694742622874 10.006584320316948 246
1694742623160 0.12795046664214912 247
1694742623454 0.33066446716169695 248
1694742623705 1.4190198124314917 249
1694742624067 0.7544676236768364 250
1694742624396 2.193448742395599 251
1694742624691 17.823984071393618 252
1694742624992 8.621410487002027 253
1694742625306 0.5856388500274077 254
1694742625602 28.300121669234446 255
1694742625888 0.016627124472166768 256
1694742626241 0.41487739284866676 257
1694742626539 0.05071011667687582 258
1694742626784 0.19955775523039812 259
1694742627013 4.632038887884642 260
1694742627270 0.23116835495410998 261
1694742627545 1.4867279933160396 262
1694742627805 6.413481121043532 263
1694742628079 0.05982839084091043 264
1694742628524 1.0401348533768937 265
1694742628874 0.5688297336593161 266
1694742629133 0.005988178950739732 267
1694742629373 0.7623415331108875 268
1694742629613 0.17392093374060713 269
1694742629922 1.494834581673051 270
1694742630279 4.047426611307451 271
1694742630574 0.07602715116617781 272
1694742630864 3.21581250617568 273
1694742631078 0.005086003947847315 274
1694742631345 0.1531191334428175 275
1694742631637 1.7180259526148722 276
1694742631934 0.8976425202975099 277
1694742632209 0.9670891757921974 278
1694742632507 2.494155292735793 279
1694742632778 1.5197362293720875 280
1694742633142 0.5179896220286405 281
1694742633428 18.543488280180462 282
1694742633662 0.12169255926828075 283
1694742633925 2.2406586282971337 284
1694742634203 1.690144238465427 285
1694742634509 0.21800423273146496 286
1694742634750 0.7766294908769573 287
1694742635073 5.65232124205848 288
1694742635418 0.6100948816119152 289
1694742635687 0.023499081697270194 290
1694742635919 0.5213392310545989 291
1694742636206 0.021641040202621444 292
1694742636486 1.0586499453046898 293
1694742636721 0.16281454011116195 294
1694742636968 0.7807224512885553 295
1694742637297 0.10758211689950534 296
1694742637648 0.5920250379260755 297
1694742637961 0.9136763172799337 298
1694742638345 0.777664418239641 299
1694742638749 0.7890002180383037 300
1694742639095 0.7635434969798941 301
1694742639432 9.056829051576344 302
1694742639773 0.0019739218849460587 303
1694742639991 0.8216301975321565 304
1694742640278 0.6155184848491568 305
1694742640590 0.43343556051741383 306
1694742640817 1.4100795136504782 307
1694742641054 1.782725949370184 308
1694742641331 2.5261401990338297 309
1694742641661 0.09446017020875291 310
1694742642010 1.916040912824896 311
1694742642358 1.1945988329223396 312
1694742642672 0.07572405326251505 313
1694742642943 0.7167145084443239 314
1694742643241 0.1764054500320455 315
1694742643566 0.8672617497810311 316
1694742643841 0.8559257245589295 317
1694742644236 1.1464827042822718 318
1694742644511 0.08833531587316314 319
1694742644781 0.03139497105384272 320
1694742645043 1.0881095265394793 321
1694742645305 0.2007203519548908 322
1694742645624 0.18842675774647902 323
1694742645899 4.144971564546547 324
1694742646255 4.667128878939638 325
1694742646597 1.6723187284636885 326
1694742646857 0.020355412491035636 327
1694742647161 0.036223980098873065 328
1694742647471 0.7172405182645685 329
1694742647770 12.456033062798207 330
1694742647992 1.2969332040990666 331
1694742648300 3.528450206242103 332
1694742648677 2.1858142214672216 333
1694742648923 0.10009618580222407 334
1694742649161 0.03472200905398172 335
1694742649497 2.562631138146152 336
1694742649827 0.09261966357725644 337
1694742650123 0.05810674451659189 338
1694742650428 0.0012294161497437986 339
1694742650769 1.091533633960907 340
1694742651006 0.009982580130944359 341
1694742651247 1.2698925486027544 342
1694742651520 0.10796099445665548 343
1694742651781 0.44574565735015714 344
1694742652028 0.12928150155494653 345
1694742652257 1.113152499194955 346
1694742652568 1.043015146469695 347
1694742652915 0.3523437739208042 348
1694742653223 0.4249627001086921 349
1694742653569 0.474271618004219 350
1694742653863 10.536793161759094 351
1694742654158 6.614998495051843 352
1694742654475 0.7385156584956827 353
1694742654809 1.2616918353397926 354
1694742655138 0.9498705540655736 355
1694742655445 1.3181506102701381 356
1694742655776 1.434862979322739 357
1694742656048 2.634898260128406 358
1694742656327 14.544824506145487 359
1694742656646 1.0621076322942047 360
1694742656919 20.198728834728733 361
1694742657160 3.7022757460296 362
1694742657511 1.7400884549336935 363
1694742657843 0.45206959534635965 364
1694742658078 1.6861533644184723e-05 365
1694742658361 0.9463572344821598 366
1694742658700 1.231702406853742 367
1694742659021 0.0024303234534428127 368
1694742659295 0.00019867341466893665 369
1694742659665 6.058712315542265 370
1694742660011 2.2689248549625227 371
1694742660267 3.60064281875555 372
1694742660488 0.05916865817187254 373
1694742660758 0.2587232154211212 374
1694742661135 0.03905757908678118 375
1694742661418 0.0006116394119332181 376
1694742661802 1.0066724869898995 377
1694742662117 0.013015169935390241 378
1694742662400 0.09709007420212494 379
1694742662720 0.8507652667740446 380
1694742663024 0.03115690077131561 381
1694742663361 0.5990372712659506 382
1694742663682 1.845022805296947 383
1694742664034 0.07092727489719854 384
1694742664300 1.3856738337206886 385
1694742664601 10.46879833249525 386
1694742664906 0.10238098691677666 387
1694742665200 0.27335032042433294 388
1694742665454 0.9692194004239971 389
1694742665769 1.0517846013002823 390
1694742666085 0.03588377781158582 391
1694742666411 1.9479750587646998 392
1694742666715 3.7668749053582613 393
1694742667030 0.45870472081537234 394
1694742667315 18.30584833196362 395
1694742667590 6.937700747529362 396
1694742667819 0.7700715555428351 397
1694742668043 0.0027871285064569274 398
1694742668268 1.1572721388304712 399
1694742668672 18.137293558706816 400
1694742668944 1.1954183158717024 401
1694742669241 0.31646363628989305 402
1694742669584 0.4612969980564634 403
1694742669892 0.5952565835020491 404
1694742670241 0.041774218421178254 405
1694742670498 0.2651212949184881 406
1694742670869 1.059460285200388 407
1694742671151 8.236899415726617 408
1694742671404 4.419223327845469 409
1694742671746 2.823420956865563 410
1694742672043 1.5790549124801825 411
1694742672325 2.075331616227055 412
1694742672611 0.0003875029828671778 413
1694742672963 0.006005933846184454 414
1694742673253 2.2731973999783173 415
1694742673515 0.028341248982371864 416
1694742673799 0.6355625177480789 417
1694742674121 2.687223612686757 418
1694742674410 1.1744917225926967 419
1694742674716 0.16153932388669237 420
1694742675066 0.6501849557104381 421
1694742675397 1.2504385468276906 422
1694742675705 1.7867920787141538 423
1694742676006 2.125074982176797 424
1694742676295 1.6121958315638616 425
1694742676604 0.3967280662421335 426
1694742676893 0.5697704941364263 427
1694742677211 0.09508640622433023 428
1694742677510 1.3486981286388209 429
1694742677791 3.25340701274421 430
1694742678118 2.613663663543443 431
1694742678418 3.0217382367155308 432
1694742678675 0.0625098935665415 433
1694742678959 0.32592212918287233 434
1694742679372 0.19494385582586193 435
1694742679707 4.871526957981101 436
1694742680018 1.103484083484792 437
1694742680389 0.0013429923589440354 438
1694742680708 15.564603053112235 439
1694742681120 0.20207417328338015 440
1694742681427 0.0871133581606653 441
1694742681753 3.1220401819075603 442
1694742682043 0.06112131481211837 443
1694742682359 0.5839044758557096 444
1694742682600 0.21411220339242146 445
1694742682834 0.8722632434793037 446
1694742683067 0.01210103479673014 447
1694742683355 2.3986099056954786 448
1694742683664 0.10307735520573182 449
1694742684014 1.56959583835308 450
1694742684329 0.21315294870392634 451
1694742684672 0.03137456706422296 452
1694742684980 0.5245367226415815 453
1694742685283 1.8656910332380947 454
1694742685596 0.9167215735175306 455
1694742685890 19.634627226111423 456
1694742686238 0.48892729330406803 457
1694742686514 0.5494559058318216 458
1694742686849 0.06497260707285306 459
1694742687152 0.9645302498971654 460
1694742687458 0.8150083081968145 461
1694742687715 2.286643122608796 462
1694742688011 0.671784450465296 463
1694742688339 0.040013010891653766 464
1694742688645 0.14415059330626553 465
1694742688927 0.28880414099539947 466
1694742689321 0.3529081218274273 467
1694742689650 10.904867088109583 468
1694742689971 0.00870772836801328 469
1694742690301 1.7819243348397311 470
1694742690635 2.4292993674828116 471
1694742690971 1.674360984867691 472
1694742691248 0.07921537850450829 473
1694742691532 4.262500235776421 474
1694742691952 2.2857966896089725 475
1694742692277 0.1379716409763813 476
1694742692562 2.7290297708148006 477
1694742692928 6.9841352295047745 478
1694742693247 1.0325573025874832 479
1694742693541 0.7539136266479407 480
1694742693789 0.6600014674673931 481
1694742694114 0.13494942073172891 482
1694742694402 0.717336336411093 483
1694742694704 0.19061169964715913 484
1694742695053 0.5077016814543418 485
1694742695377 0.16199517977110767 486
1694742695641 6.0717209308420435 487
1694742695928 1.2609650824069623 488
1694742696251 5.499123442768954 489
1694742696556 4.026356047927076 490
1694742696826 1.3595919519873618 491
1694742697128 0.03218370742162962 492
1694742697506 2.6180863566305765 493
1694742697766 3.5063525734511645 494
1694742698085 1.1386435592199273 495
1694742698489 6.224794426368123 496
1694742698781 0.00018202503755704696 497
1694742699185 0.01747265263694625 498
1694742699538 6.048035731663443 499
