1694717750678 22.205248194506577 0
1694717750853 6.575430996269835 1
1694717750999 2.403127056194158 2
1694717751201 2.3582296014338375 3
1694717751404 1.5774291427108296 4
1694717751592 2.7871188894122745 5
1694717751820 2.532287151373745 6
1694717751951 2.262997636473138 7
1694717752141 1.7488636664611446 8
1694717752355 1.7179892892980217 9
1694717752567 2.2567502583351158 10
1694717752739 2.0747331841751695 11
1694717752956 2.8230092010398695 12
1694717753179 2.304250206339109 13
1694717753476 1.6500980379948313 14
1694717753823 2.4846318330261705 15
1694717753982 2.432826906933151 16
1694717754146 1.7946167614866604 17
1694717754346 2.8654062835622356 18
1694717754569 3.3948984578865784 19
1694717754804 1.2587326664836644 20
1694717754972 2.9375917188458196 21
1694717755166 1.7135832103977693 22
1694717755373 2.2665039340585524 23
1694717755589 2.7435541260944243 24
1694717755829 2.603563958612547 25
1694717755977 3.407206642015601 26
1694717756148 1.9475919685067729 27
1694717756324 2.6241348326360425 28
1694717756456 2.8535664595687207 29
1694717756566 1.7360354485315117 30
1694717756707 2.7720151899650394 31
1694717756899 2.8453834579712196 32
1694717757046 3.606702430291186 33
1694717757255 2.153193259871229 34
1694717757514 3.1382917353242514 35
1694717757670 2.9285420445031316 36
1694717757821 2.061056372467038 37
1694717758039 1.7372545025062651 38
1694717758251 2.0283354720454727 39
1694717758478 2.394531684438368 40
1694717758706 1.6725696614386958 41
1694717758964 2.4372486374104603 42
1694717759181 2.7669961715271314 43
1694717759416 2.8719996039758686 44
1694717759681 2.354338758443162 45
1694717759844 2.488589561897119 46
1694717760065 1.6514173417519054 47
1694717760287 1.5812839339518225 48
1694717760557 2.1929187462237056 49
1694717760747 2.005052527778656 50
1694717760936 3.485271244850609 51
1694717761149 1.464387227307823 52
1694717761307 2.7552233179252217 53
1694717761516 2.5270847716188394 54
1694717761764 2.879841511713841 55
1694717761966 3.6049022584120145 56
1694717762138 2.4071121113414757 57
1694717762337 3.087175277171575 58
1694717762547 2.5442585423713533 59
1694717762767 3.501022694708517 60
1694717762947 2.00490383075451 61
1694717763075 2.6923945722513287 62
1694717763226 1.5601718089875274 63
1694717763348 2.658194613851473 64
1694717763503 1.9491791228722535 65
1694717763688 1.9461641658429398 66
1694717763912 2.069053871884791 67
1694717764113 2.7137460443268133 68
1694717764437 1.9160810069656984 69
1694717764647 3.252581787302175 70
1694717764849 2.4653820893609892 71
1694717765026 2.0884043517001096 72
1694717765186 3.2973814470175054 73
1694717765385 1.4557763470499663 74
1694717765589 2.288622090043335 75
1694717765837 2.5340481110370967 76
1694717766022 3.185910123961478 77
1694717766258 2.1983213248452405 78
1694717766481 2.8745798809083523 79
1694717766691 3.263513831976562 80
1694717766876 2.9372259614615186 81
1694717767062 3.1290271026578442 82
1694717767300 2.5423791412779457 83
1694717767549 1.624353157225041 84
1694717767800 1.9335394364025402 85
1694717768012 2.1145215982973284 86
1694717768228 1.901967948594598 87
1694717768540 2.5194368021480296 88
1694717768848 2.4007873202176735 89
1694717769059 3.2492106486914465 90
1694717769218 2.2075532969187215 91
1694717769442 1.4954205844107966 92
1694717769686 1.4641930028245904 93
1694717769931 2.278975653256705 94
1694717770137 1.7399364372422867 95
1694717770353 2.15577762222401 96
1694717770629 1.6321999600674795 97
1694717770956 1.4842342903665373 98
1694717771143 1.8218583506271275 99
1694717771332 1.47464059852027 100
1694717771527 1.8649906514453518 101
1694717771783 2.8277772165328643 102
1694717772024 2.387658858335465 103
1694717772252 2.5773392575310057 104
1694717772491 2.034607036666779 105
1694717772725 3.1996195044791453 106
1694717773018 1.4483036987756701 107
1694717773239 1.4463515651647498 108
1694717773459 1.5911648169925199 109
1694717773679 1.5725459234814692 110
1694717773862 2.736246729756202 111
1694717774056 2.2711187401563784 112
1694717774213 1.7498558741775705 113
1694717774443 2.5319460112295964 114
1694717774694 1.9243743846449102 115
1694717774902 2.439279236112793 116
1694717775114 3.3029826503478033 117
1694717775342 1.7825204465974667 118
1694717775507 1.915248799420968 119
1694717775750 1.8031805414588054 120
1694717776095 3.2576124053336915 121
1694717776346 2.0637831815417367 122
1694717776569 2.8034390363334354 123
1694717776801 2.7292754834274207 124
1694717777034 2.2005686234766357 125
1694717777236 1.710783455345163 126
1694717777502 3.0081179767163633 127
1694717777756 2.4865345537834327 128
1694717777976 2.301410078082852 129
1694717778184 2.3747027390964446 130
1694717778450 2.027597833735983 131
1694717778664 1.813863633446591 132
1694717778968 1.9094996067358418 133
1694717779161 2.420211359087708 134
1694717779413 2.9287295800695183 135
1694717779694 3.034202775040215 136
1694717779963 2.1155842289705453 137
1694717780125 1.8173121240293875 138
1694717780333 1.3962153002186446 139
1694717780623 1.3325329614682857 140
1694717780869 2.8002578849402404 141
1694717781100 2.539949987075016 142
1694717781339 2.382630490397347 143
1694717781590 2.5618703463322596 144
1694717781853 2.292833014519985 145
1694717782087 2.2646136448452943 146
1694717782249 2.6669297431520342 147
1694717782490 2.717917058665743 148
1694717782719 2.1716560304471506 149
1694717782953 3.0162774485408916 150
1694717783151 1.8623538233885104 151
1694717783318 2.5402990227634485 152
1694717783552 2.00446301589608 153
1694717783787 1.815644695326004 154
1694717784006 1.9665940291480855 155
1694717784273 2.10708735018273 156
1694717784529 1.3820414356780306 157
1694717784737 2.7685352708562556 158
1694717784958 1.9895065188094758 159
1694717785163 2.289825908997306 160
1694717785307 1.9043158129786217 161
1694717785491 1.643971544615237 162
1694717785734 2.0795591657562027 163
1694717785950 1.8261992799620488 164
1694717786142 2.548884714893745 165
1694717786376 1.7850929288765227 166
1694717786611 2.4777916621221796 167
1694717786852 4.143021719695107 168
1694717787087 1.8921261595650378 169
1694717787238 2.1455174271725124 170
1694717787443 1.7785545182064404 171
1694717787680 2.589477952119848 172
1694717787919 2.7804980204834635 173
1694717788119 1.738112359699637 174
1694717788260 2.118460837628821 175
1694717788464 2.113789438123447 176
1694717788779 1.6749453293658607 177
1694717789079 1.805257543714971 178
1694717789263 3.1383764622041217 179
1694717789463 2.0290570492479074 180
1694717789617 3.3176419085202586 181
1694717789820 2.2992092534823385 182
1694717790021 3.4311045807408482 183
1694717790199 2.3621526706797495 184
1694717790403 2.6731164127265283 185
1694717790664 3.5613451488701386 186
1694717790935 2.845771937407274 187
1694717791169 3.3933750340731037 188
1694717791368 2.228722179620572 189
1694717791592 1.680613530980354 190
1694717791832 2.1012488513857224 191
1694717792077 1.824109191740526 192
1694717792411 2.2167858924812385 193
1694717792618 1.443074874816239 194
1694717792860 1.9214355300856274 195
1694717793163 2.6128854436427553 196
1694717793365 1.8036286713246277 197
1694717793536 1.97826180190332 198
1694717793708 2.835486185819102 199
1694717793936 2.159429464117247 200
1694717794142 1.7087295354112113 201
1694717794339 1.7729846871535049 202
1694717794580 2.0066173039022845 203
1694717794816 2.242189858645685 204
1694717795057 2.3432100856306044 205
1694717795295 1.896548096264499 206
1694717795564 1.7936317251977965 207
1694717795770 2.8644218591604576 208
1694717795978 1.5014599302143816 209
1694717796193 1.4410635291191423 210
1694717796353 2.3552898300121896 211
1694717796585 1.889084251991351 212
1694717796810 3.171211724115162 213
1694717797007 2.4950133973878073 214
1694717797229 2.587782482224136 215
1694717797395 2.2064021278673014 216
1694717797669 2.1213762970771866 217
1694717797902 1.1977552507185802 218
1694717798117 2.3455258703311346 219
1694717798311 2.8713327383569265 220
1694717798493 3.021030225945039 221
1694717798724 1.4021763333454782 222
1694717799027 2.777050947234608 223
1694717799235 2.1577176871588657 224
1694717799428 2.5846013093618416 225
1694717799645 1.8224766888558568 226
1694717799979 2.4382065602913365 227
1694717800219 1.3718025796213063 228
1694717800430 2.1804841029727156 229
1694717800699 2.0368606328368624 230
1694717800967 0.9157518551776186 231
1694717801216 1.7393589714522393 232
1694717801416 2.3612685996794056 233
1694717801634 2.4178644142095616 234
1694717801896 2.675956816623697 235
1694717802180 2.2600731309526494 236
1694717802381 2.0729738433901415 237
1694717802613 1.724749697884827 238
1694717802806 1.4186386866910503 239
1694717803026 2.5144873127468235 240
1694717803241 1.8239478076381084 241
1694717803447 2.180587393485747 242
1694717803657 2.5599395140470116 243
1694717803868 2.8878315107470023 244
1694717804110 2.3884170743540785 245
1694717804338 2.1236351303576004 246
1694717804533 2.030018099747913 247
1694717804768 2.077324387358882 248
1694717804986 2.03246285194028 249
1694717805235 3.144563167591878 250
1694717805424 2.4384307454132914 251
1694717805587 2.7620519955800242 252
1694717805740 1.99986665129971 253
1694717805978 1.589310351514886 254
1694717806281 2.1893985485468512 255
1694717806615 2.51202589079917 256
1694717806875 2.694389743791797 257
1694717807098 1.936940810002751 258
1694717807336 2.932006190017926 259
1694717807562 2.028359436797153 260
1694717807843 3.0027429072260112 261
1694717808093 2.270275524908157 262
1694717808297 2.7988281032480966 263
1694717808507 2.1717221989509903 264
1694717808677 2.123620816850003 265
1694717808971 2.031237916474338 266
1694717809178 2.239294731900819 267
1694717809418 2.17254559604797 268
1694717809658 2.0828309618332352 269
1694717809930 2.5598077704656 270
1694717810165 2.06174659568072 271
1694717810370 2.557885750222739 272
1694717810534 2.479893043111673 273
1694717810821 2.1966159628510935 274
1694717811115 1.9265656724562739 275
1694717811378 2.044621470374578 276
1694717811563 2.099657756259327 277
1694717811807 1.3600490415859676 278
1694717812054 1.544227737685016 279
1694717812294 1.9740225288110036 280
1694717812545 1.5350695160161856 281
1694717812784 2.472620062158401 282
1694717813040 2.373238607087963 283
1694717813363 1.7541853329477861 284
1694717813572 3.3755172075500948 285
1694717813814 2.2534946882416964 286
1694717814062 1.7265930730222216 287
1694717814318 2.2545468542539506 288
1694717814536 1.899562313165717 289
1694717814743 2.043470711579732 290
1694717814956 2.461128959742768 291
1694717815316 2.31706691368046 292
1694717815613 1.3795043585704927 293
1694717815874 1.5561542612898727 294
1694717816100 2.425377406980358 295
1694717816374 2.769162288576441 296
1694717816532 1.9349972078710038 297
1694717816710 1.8825217163345005 298
1694717816907 1.9689028290728177 299
1694717817145 2.0433526216233573 300
1694717817453 2.5686116877970964 301
1694717817610 1.4202580025867935 302
1694717817877 1.7424402786341924 303
1694717818125 2.422936962818612 304
1694717818374 1.5805163934052073 305
1694717818637 1.6185154145660476 306
1694717818947 2.627657233510203 307
1694717819202 2.7325056783197326 308
1694717819465 2.404281387945213 309
1694717819686 1.6812507067904963 310
1694717819891 2.5368692418948964 311
1694717820209 2.3996562417797325 312
1694717820474 2.0461697909307714 313
1694717820749 2.556527607347082 314
1694717820916 2.1961585846157106 315
1694717821125 2.156703651229572 316
1694717821349 1.5111561825257847 317
1694717821560 3.103015167559664 318
1694717821828 3.7482579939938017 319
1694717822070 2.21282413253609 320
1694717822370 1.782913080318974 321
1694717822571 1.203768030467852 322
1694717822767 1.748067052618172 323
1694717823071 2.5997781520967447 324
1694717823332 2.8908867021066893 325
1694717823557 2.264740590332501 326
1694717823857 2.0288835671811 327
1694717824092 3.114605149221077 328
1694717824339 2.0575776963279595 329
1694717824606 1.8460142450181505 330
1694717824862 2.9332549084462807 331
1694717825130 2.432025363930955 332
1694717825399 1.6241296669377694 333
1694717825597 2.8415330356744746 334
1694717825810 2.140440880091955 335
1694717826117 2.3539242640105233 336
1694717826382 2.2796444596606187 337
1694717826582 1.6377848456831516 338
1694717826845 1.7076127063752875 339
1694717827104 2.6570634193653313 340
1694717827321 2.2599083888023044 341
1694717827539 2.258471320019592 342
1694717827732 3.007677341050798 343
1694717827960 1.75907970465929 344
1694717828223 3.5414186897476094 345
1694717828475 2.672245655424397 346
1694717828688 1.9439233330248433 347
1694717829014 2.2550758050403115 348
1694717829359 2.4916952679093938 349
1694717829680 2.580544826262913 350
1694717829930 1.6929089251729197 351
1694717830107 2.545893694035509 352
1694717830342 2.613970387050575 353
1694717830608 1.7458307081743036 354
1694717830782 1.8145820779353499 355
1694717831013 2.9547944875747723 356
1694717831308 2.1644854587388216 357
1694717831550 1.873751091664138 358
1694717831782 2.261645191776393 359
1694717832023 1.5405899027406955 360
1694717832252 2.4571813039888153 361
1694717832509 2.394755751418775 362
1694717832742 2.5433612476948944 363
1694717832991 2.1213934298195873 364
1694717833231 1.498293004613614 365
1694717833538 2.1710082759082105 366
1694717833728 2.781403896469461 367
1694717833942 1.6120059530207644 368
1694717834193 2.635684791899721 369
1694717834449 1.3364205783016367 370
1694717834708 2.0727917805142284 371
1694717834958 3.54790166507891 372
1694717835187 2.222005843985615 373
1694717835438 2.894562319681457 374
1694717835659 2.432061729944946 375
1694717836095 1.5960884058386238 376
1694717836372 2.4247354126422183 377
1694717836598 1.9063436547528936 378
1694717836826 2.4872090029549416 379
1694717837046 2.170553158580474 380
1694717837281 2.2487109321179832 381
1694717837523 2.110269797118652 382
1694717837715 2.8465416639357426 383
1694717837956 1.9996585348205023 384
1694717838241 1.5040754782687593 385
1694717838470 2.0487444182420256 386
1694717838684 1.4086594828893744 387
1694717838992 2.2989526640367934 388
1694717839235 1.6670737240045637 389
1694717839490 2.435100956003009 390
1694717839706 2.829297269533247 391
1694717839964 2.615642525337176 392
1694717840158 2.9359838518790426 393
1694717840467 2.792159148132655 394
1694717840714 1.5668363768370612 395
1694717840939 2.606938165705893 396
1694717841196 3.3321820796757846 397
1694717841453 1.5161070307883135 398
1694717841671 3.6910495991516408 399
1694717841897 1.7216436785494444 400
1694717842136 2.5499938908394877 401
1694717842359 2.414965701759242 402
1694717842626 2.4946232059060516 403
1694717842845 1.8796133217982904 404
1694717843094 2.0624965943366083 405
1694717843361 2.2579363041849656 406
1694717843614 1.392109756297808 407
1694717843827 1.9795570313738864 408
1694717844079 1.7288265794585755 409
1694717844318 1.6548517995154297 410
1694717844571 1.9564846806754872 411
1694717844813 2.0818944258961127 412
1694717845080 1.336703419620051 413
1694717845332 2.9557823530650276 414
1694717845575 2.6175178507795827 415
1694717845758 3.085890663401172 416
1694717845914 3.955014836493134 417
1694717846149 1.6094349956861154 418
1694717846415 2.2902500014639995 419
1694717846630 3.930848805185347 420
1694717846821 3.06720688189766 421
1694717847004 2.202571979564758 422
1694717847199 2.2559767863406273 423
1694717847435 2.275785583554979 424
1694717847675 2.419024001596014 425
1694717847849 1.8360059467077432 426
1694717848024 2.1435216311691785 427
1694717848244 2.8414688428881014 428
1694717848435 2.0466876207294806 429
1694717848670 2.603567307185299 430
1694717848969 2.291622659840354 431
1694717849243 2.946740315585455 432
1694717849536 2.4957175528513633 433
1694717849777 2.0527205144569023 434
1694717850026 1.8317290439501495 435
1694717850280 2.0305118989064503 436
1694717850580 2.01648061697694 437
1694717850843 2.0774109801978495 438
1694717851093 2.096281666619564 439
1694717851330 2.5175801653551844 440
1694717851624 2.2015677472692605 441
1694717851847 2.7234360117809846 442
1694717852060 2.177202078912269 443
1694717852273 1.8229880310479731 444
1694717852488 1.4470065663740976 445
1694717852704 2.1397525497375933 446
1694717852916 2.6814221642277793 447
1694717853174 2.1119032278304393 448
1694717853414 2.3092053403992696 449
1694717853666 2.486738363655658 450
1694717853939 4.088286616406072 451
1694717854179 2.26194993023504 452
1694717854409 2.2323575863350773 453
1694717854624 1.6219206070710208 454
1694717854851 2.4230334969412497 455
1694717855078 2.108111278631551 456
1694717855289 2.132570153646682 457
1694717855545 2.0038188736821043 458
1694717855799 2.5421197162754825 459
1694717856080 1.8727809513350822 460
1694717856299 1.5190222952943961 461
1694717856549 1.9440418161731317 462
1694717856776 2.377509966753009 463
1694717856940 2.4935492421111465 464
1694717857175 1.5522856629712332 465
1694717857432 3.2348581760483928 466
1694717857679 1.1697157896698125 467
1694717857899 2.371825750604347 468
1694717858089 2.8354581473311993 469
1694717858383 2.1679244490631837 470
1694717858615 2.3399075470878414 471
1694717858880 1.9585699487462447 472
1694717859070 1.851413242499274 473
1694717859294 1.9811065208882896 474
1694717859559 2.3270706046035334 475
1694717859732 1.8118296729724999 476
1694717859924 1.3806523815643623 477
1694717860096 2.6847405477746484 478
1694717860361 2.479256791016563 479
1694717860676 2.2131577248369823 480
1694717860883 2.9343412898906553 481
1694717861037 2.002345570525213 482
1694717861207 1.655912585290763 483
1694717861419 2.40862510919334 484
1694717861634 1.697799093796225 485
1694717861769 1.766050111711484 486
1694717861955 2.4877456971384113 487
1694717862195 2.057967645234579 488
1694717862473 1.7084325220479406 489
1694717862728 1.847246970080103 490
1694717862941 1.719244301311813 491
1694717863173 1.7834062267087445 492
1694717863387 2.3328419236531914 493
1694717863592 2.1942568601848844 494
1694717863750 1.6680748426953516 495
1694717863947 1.9071783225749948 496
1694717864114 1.7478581905256867 497
1694717864364 1.9351006923791412 498
1694717864694 1.7509534124238122 499
