1694755451093 nan 0
1694755451511 nan 1
1694755452093 nan 2
1694755452638 nan 3
1694755452907 nan 4
1694755453161 nan 5
1694755453472 nan 6
1694755453825 nan 7
1694755454115 nan 8
1694755454508 nan 9
1694755454944 nan 10
1694755455309 nan 11
1694755455705 nan 12
1694755456029 nan 13
1694755456341 nan 14
1694755456716 nan 15
1694755457129 nan 16
1694755457477 nan 17
1694755457858 nan 18
1694755458201 nan 19
1694755458643 nan 20
1694755459124 nan 21
1694755459628 nan 22
1694755460054 nan 23
1694755460517 nan 24
1694755460900 nan 25
1694755461167 nan 26
1694755461629 nan 27
1694755461995 nan 28
1694755462326 nan 29
1694755462649 nan 30
1694755463017 nan 31
1694755463401 nan 32
1694755463835 nan 33
1694755464168 nan 34
1694755464617 nan 35
1694755464982 nan 36
1694755465328 nan 37
1694755465734 nan 38
1694755466086 nan 39
1694755466378 nan 40
1694755466696 nan 41
1694755467070 nan 42
1694755467379 nan 43
1694755467784 nan 44
1694755468113 nan 45
1694755468525 nan 46
1694755468989 nan 47
1694755469318 nan 48
1694755469614 nan 49
1694755469978 nan 50
1694755470359 nan 51
1694755470969 nan 52
1694755471271 nan 53
1694755471490 nan 54
1694755471773 nan 55
1694755472145 nan 56
1694755472462 nan 57
1694755472800 nan 58
1694755473198 nan 59
1694755473723 nan 60
1694755474289 nan 61
1694755474615 nan 62
1694755474911 nan 63
1694755475329 nan 64
1694755475625 nan 65
1694755475958 nan 66
1694755476256 nan 67
1694755476539 nan 68
1694755476805 nan 69
1694755477185 nan 70
1694755477613 nan 71
1694755477924 nan 72
1694755478241 nan 73
1694755478554 nan 74
1694755478980 nan 75
1694755479324 nan 76
1694755479600 nan 77
1694755480006 nan 78
1694755480310 nan 79
1694755480676 nan 80
1694755481020 nan 81
1694755481363 nan 82
1694755481612 nan 83
1694755481995 nan 84
1694755482366 nan 85
1694755482671 nan 86
1694755483031 nan 87
1694755483430 nan 88
1694755483734 nan 89
1694755484053 nan 90
1694755484448 nan 91
1694755484730 nan 92
1694755485085 nan 93
1694755485403 nan 94
1694755485656 nan 95
1694755485886 nan 96
1694755486252 nan 97
1694755486602 nan 98
1694755486850 nan 99
1694755487184 nan 100
1694755487500 nan 101
1694755487807 nan 102
1694755488168 nan 103
1694755488510 nan 104
1694755488879 nan 105
1694755489250 nan 106
1694755489581 nan 107
1694755489829 nan 108
1694755490129 nan 109
1694755490530 nan 110
1694755490814 nan 111
1694755491180 nan 112
1694755491503 nan 113
1694755491838 nan 114
1694755492177 nan 115
1694755492515 nan 116
1694755492787 nan 117
1694755493043 nan 118
1694755493411 nan 119
1694755493687 nan 120
1694755493935 nan 121
1694755494223 nan 122
1694755494685 nan 123
1694755494986 nan 124
1694755495357 nan 125
1694755495697 nan 126
1694755495968 nan 127
1694755496352 nan 128
1694755496693 nan 129
1694755496998 nan 130
1694755497329 nan 131
1694755497678 nan 132
1694755497969 nan 133
1694755498297 nan 134
1694755498646 nan 135
1694755498973 nan 136
1694755499235 nan 137
1694755499562 nan 138
1694755499957 nan 139
1694755500257 nan 140
1694755500558 nan 141
1694755500815 nan 142
1694755501117 nan 143
1694755501428 nan 144
1694755501736 nan 145
1694755502004 nan 146
1694755502440 nan 147
1694755502764 nan 148
1694755503079 nan 149
1694755503406 nan 150
1694755503701 nan 151
1694755503972 nan 152
1694755504212 nan 153
1694755504583 nan 154
1694755504857 nan 155
1694755505091 nan 156
1694755505389 nan 157
1694755505690 nan 158
1694755505982 nan 159
1694755506260 nan 160
1694755506578 nan 161
1694755506967 nan 162
1694755507211 nan 163
1694755507459 nan 164
1694755507770 nan 165
1694755508074 nan 166
1694755508411 nan 167
1694755508783 nan 168
1694755509105 nan 169
1694755509392 nan 170
1694755509708 nan 171
1694755509965 nan 172
1694755510255 nan 173
1694755510610 nan 174
1694755510876 nan 175
1694755511202 nan 176
1694755511502 nan 177
1694755511807 nan 178
1694755512079 nan 179
1694755512381 nan 180
1694755512720 nan 181
1694755513006 nan 182
1694755513386 nan 183
1694755513725 nan 184
1694755514020 nan 185
1694755514254 nan 186
1694755514522 nan 187
1694755514822 nan 188
1694755515147 nan 189
1694755515410 nan 190
1694755515801 nan 191
1694755516065 nan 192
1694755516388 nan 193
1694755516703 nan 194
1694755516915 nan 195
1694755517169 nan 196
1694755517438 nan 197
1694755517795 nan 198
1694755518117 nan 199
1694755518417 nan 200
1694755518834 nan 201
1694755519160 nan 202
1694755519444 nan 203
1694755519757 nan 204
1694755520043 nan 205
1694755520405 nan 206
1694755520717 nan 207
1694755521054 nan 208
1694755521437 nan 209
1694755521770 nan 210
1694755522067 nan 211
1694755522352 nan 212
1694755522725 nan 213
1694755523059 nan 214
1694755523348 nan 215
1694755523689 nan 216
1694755523981 nan 217
1694755524314 nan 218
1694755524684 nan 219
1694755524988 nan 220
1694755525280 nan 221
1694755525532 nan 222
1694755525821 nan 223
1694755526086 nan 224
1694755526385 nan 225
1694755526638 nan 226
1694755526916 nan 227
1694755527209 nan 228
1694755527543 nan 229
1694755527882 nan 230
1694755528181 nan 231
1694755528509 nan 232
1694755528878 nan 233
1694755529253 nan 234
1694755529531 nan 235
1694755529768 nan 236
1694755530072 nan 237
1694755530372 nan 238
1694755530682 nan 239
1694755531005 nan 240
1694755531498 nan 241
1694755531827 nan 242
1694755532159 nan 243
1694755532485 nan 244
1694755532791 nan 245
1694755533119 nan 246
1694755533781 nan 247
1694755534032 nan 248
1694755534289 nan 249
1694755534713 nan 250
1694755535045 nan 251
1694755535419 nan 252
1694755535907 nan 253
1694755536254 nan 254
1694755536575 nan 255
1694755536833 nan 256
1694755537189 nan 257
1694755537607 nan 258
1694755537992 nan 259
1694755538580 nan 260
1694755538973 nan 261
1694755539565 nan 262
1694755539888 nan 263
1694755540169 nan 264
1694755540701 nan 265
1694755540972 nan 266
1694755541305 nan 267
1694755541658 nan 268
1694755541922 nan 269
1694755542188 nan 270
1694755542535 nan 271
1694755542869 nan 272
1694755543162 nan 273
1694755543521 nan 274
1694755543863 nan 275
1694755544119 nan 276
1694755544387 nan 277
1694755544657 nan 278
1694755544944 nan 279
1694755545319 nan 280
1694755545657 nan 281
1694755546095 nan 282
1694755546535 nan 283
1694755546989 nan 284
1694755547289 nan 285
1694755547683 nan 286
1694755548034 nan 287
1694755548526 nan 288
1694755549288 nan 289
1694755549655 nan 290
1694755550357 nan 291
1694755550782 nan 292
1694755551484 nan 293
1694755552031 nan 294
1694755552341 nan 295
1694755552703 nan 296
1694755553006 nan 297
1694755553282 nan 298
1694755553588 nan 299
1694755553888 nan 300
1694755554181 nan 301
1694755554526 nan 302
1694755554850 nan 303
1694755555157 nan 304
1694755555468 nan 305
1694755555831 nan 306
1694755556170 nan 307
1694755556542 nan 308
1694755556903 nan 309
1694755557162 nan 310
1694755557443 nan 311
1694755557800 nan 312
1694755558084 nan 313
1694755558367 nan 314
1694755558818 nan 315
1694755559197 nan 316
1694755559531 nan 317
1694755559856 nan 318
1694755560223 nan 319
1694755560642 nan 320
1694755561038 nan 321
1694755561294 nan 322
1694755561618 nan 323
1694755561937 nan 324
1694755562263 nan 325
1694755562565 nan 326
1694755562897 nan 327
1694755563254 nan 328
1694755563594 nan 329
1694755563929 nan 330
1694755564286 nan 331
1694755564627 nan 332
1694755564985 nan 333
1694755565330 nan 334
1694755565691 nan 335
1694755566002 nan 336
1694755566245 nan 337
1694755566547 nan 338
1694755566870 nan 339
1694755567161 nan 340
1694755567542 nan 341
1694755567985 nan 342
1694755568308 nan 343
1694755568611 nan 344
1694755568968 nan 345
1694755569263 nan 346
1694755569575 nan 347
1694755569943 nan 348
1694755570417 nan 349
1694755570972 nan 350
1694755571353 nan 351
1694755571694 nan 352
1694755571997 nan 353
1694755572338 nan 354
1694755572667 nan 355
1694755572992 nan 356
1694755573295 nan 357
1694755573576 nan 358
1694755573907 nan 359
1694755574241 nan 360
1694755574613 nan 361
1694755574952 nan 362
1694755575250 nan 363
1694755575592 nan 364
1694755575906 nan 365
1694755576192 nan 366
1694755576444 nan 367
1694755576823 nan 368
1694755577125 nan 369
1694755577447 nan 370
1694755577853 nan 371
1694755578175 nan 372
1694755578475 nan 373
1694755578939 nan 374
1694755579223 nan 375
1694755579527 nan 376
1694755579874 nan 377
1694755580214 nan 378
1694755580559 nan 379
1694755580907 nan 380
1694755581295 nan 381
1694755581593 nan 382
1694755581936 nan 383
1694755582290 nan 384
1694755582554 nan 385
1694755582895 nan 386
1694755583242 nan 387
1694755583577 nan 388
1694755583818 nan 389
1694755584143 nan 390
1694755584432 nan 391
1694755584676 nan 392
1694755584966 nan 393
1694755585330 nan 394
1694755585649 nan 395
1694755585965 nan 396
1694755586321 nan 397
1694755586623 nan 398
1694755586928 nan 399
1694755587306 nan 400
1694755587568 nan 401
1694755587852 nan 402
1694755588130 nan 403
1694755588440 nan 404
1694755588740 nan 405
1694755589109 nan 406
1694755589480 nan 407
1694755589728 nan 408
1694755590084 nan 409
1694755590497 nan 410
1694755590794 nan 411
1694755591115 nan 412
1694755591408 nan 413
1694755591706 nan 414
1694755592198 nan 415
1694755592607 nan 416
1694755592949 nan 417
1694755593291 nan 418
1694755593589 nan 419
1694755593880 nan 420
1694755594228 nan 421
1694755594616 nan 422
1694755594999 nan 423
1694755595363 nan 424
1694755595667 nan 425
1694755596024 nan 426
1694755596349 nan 427
1694755596631 nan 428
1694755596987 nan 429
1694755597330 nan 430
1694755597640 nan 431
1694755597988 nan 432
1694755598332 nan 433
1694755598647 nan 434
1694755599059 nan 435
1694755599367 nan 436
1694755599618 nan 437
1694755599878 nan 438
1694755600213 nan 439
1694755600530 nan 440
1694755600803 nan 441
1694755601031 nan 442
1694755601459 nan 443
1694755601729 nan 444
1694755602029 nan 445
1694755602349 nan 446
1694755602693 nan 447
1694755602994 nan 448
1694755603350 nan 449
1694755603704 nan 450
1694755603915 nan 451
1694755604179 nan 452
1694755604529 nan 453
1694755604778 nan 454
1694755605012 nan 455
1694755605342 nan 456
1694755605717 nan 457
1694755606003 nan 458
1694755606313 nan 459
1694755606677 nan 460
1694755606922 nan 461
1694755607197 nan 462
1694755607558 nan 463
1694755607843 nan 464
1694755608226 nan 465
1694755608502 nan 466
1694755608892 nan 467
1694755609225 nan 468
1694755609539 nan 469
1694755609853 nan 470
1694755610116 nan 471
1694755610441 nan 472
1694755610806 nan 473
1694755611337 nan 474
1694755611735 nan 475
1694755612028 nan 476
1694755612369 nan 477
1694755612765 nan 478
1694755613058 nan 479
1694755613399 nan 480
1694755613760 nan 481
1694755614032 nan 482
1694755614373 nan 483
1694755614661 nan 484
1694755614981 nan 485
1694755615329 nan 486
1694755615597 nan 487
1694755615895 nan 488
1694755616145 nan 489
1694755616465 nan 490
1694755616768 nan 491
1694755617082 nan 492
1694755617379 nan 493
1694755617729 nan 494
1694755618045 nan 495
1694755618370 nan 496
1694755618659 nan 497
1694755618975 nan 498
1694755619337 nan 499
