1694749234965 1.48939619429741e+205 0
1694749235155 inf 1
1694749235468 inf 2
1694749235679 nan 3
1694749235936 nan 4
1694749236189 nan 5
1694749236419 nan 6
1694749236668 nan 7
1694749236906 nan 8
1694749237145 nan 9
1694749237389 nan 10
1694749237548 nan 11
1694749237722 nan 12
1694749237959 nan 13
1694749238236 nan 14
1694749238466 nan 15
1694749238640 nan 16
1694749238874 nan 17
1694749239175 nan 18
1694749239429 nan 19
1694749239664 nan 20
1694749239888 nan 21
1694749240119 nan 22
1694749240372 nan 23
1694749240590 nan 24
1694749240753 nan 25
1694749240989 nan 26
1694749241224 nan 27
1694749241448 nan 28
1694749241724 nan 29
1694749241965 nan 30
1694749242192 nan 31
1694749242416 nan 32
1694749242618 nan 33
1694749242841 nan 34
1694749243077 nan 35
1694749243315 nan 36
1694749243486 nan 37
1694749243692 nan 38
1694749243927 nan 39
1694749244201 nan 40
1694749244435 nan 41
1694749244590 nan 42
1694749244782 nan 43
1694749245046 nan 44
1694749245236 nan 45
1694749245453 nan 46
1694749245605 nan 47
1694749245766 nan 48
1694749245962 nan 49
1694749246127 nan 50
1694749246290 nan 51
1694749246476 nan 52
1694749246699 nan 53
1694749246934 nan 54
1694749247229 nan 55
1694749247463 nan 56
1694749247640 nan 57
1694749247843 nan 58
1694749248061 nan 59
1694749248186 nan 60
1694749248342 nan 61
1694749248516 nan 62
1694749248698 nan 63
1694749248856 nan 64
1694749249070 nan 65
1694749249283 nan 66
1694749249540 nan 67
1694749249721 nan 68
1694749249949 nan 69
1694749250162 nan 70
1694749250341 nan 71
1694749250550 nan 72
1694749250708 nan 73
1694749250858 nan 74
1694749251031 nan 75
1694749251307 nan 76
1694749251623 nan 77
1694749251867 nan 78
1694749252066 nan 79
1694749252248 nan 80
1694749252414 nan 81
1694749252584 nan 82
1694749252747 nan 83
1694749252905 nan 84
1694749253059 nan 85
1694749253217 nan 86
1694749253411 nan 87
1694749253624 nan 88
1694749253899 nan 89
1694749254055 nan 90
1694749254269 nan 91
1694749254554 nan 92
1694749254714 nan 93
1694749254874 nan 94
1694749255085 nan 95
1694749255335 nan 96
1694749255600 nan 97
1694749255781 nan 98
1694749255958 nan 99
1694749256143 nan 100
1694749256354 nan 101
1694749256584 nan 102
1694749256805 nan 103
1694749257010 nan 104
1694749257246 nan 105
1694749257432 nan 106
1694749257714 nan 107
1694749257958 nan 108
1694749258205 nan 109
1694749258410 nan 110
1694749258625 nan 111
1694749258838 nan 112
1694749259078 nan 113
1694749259308 nan 114
1694749259543 nan 115
1694749259768 nan 116
1694749259967 nan 117
1694749260203 nan 118
1694749260483 nan 119
1694749260685 nan 120
1694749260944 nan 121
1694749261241 nan 122
1694749261504 nan 123
1694749261789 nan 124
1694749262043 nan 125
1694749262330 nan 126
1694749262631 nan 127
1694749262813 nan 128
1694749262980 nan 129
1694749263214 nan 130
1694749263447 nan 131
1694749263711 nan 132
1694749263890 nan 133
1694749264093 nan 134
1694749264279 nan 135
1694749264506 nan 136
1694749264718 nan 137
1694749264959 nan 138
1694749265199 nan 139
1694749265481 nan 140
1694749265692 nan 141
1694749265823 nan 142
1694749266011 nan 143
1694749266238 nan 144
1694749266449 nan 145
1694749266690 nan 146
1694749266919 nan 147
1694749267200 nan 148
1694749267405 nan 149
1694749267595 nan 150
1694749267764 nan 151
1694749267979 nan 152
1694749268209 nan 153
1694749268451 nan 154
1694749268682 nan 155
1694749268846 nan 156
1694749269078 nan 157
1694749269377 nan 158
1694749269686 nan 159
1694749269841 nan 160
1694749270054 nan 161
1694749270284 nan 162
1694749270572 nan 163
1694749270766 nan 164
1694749270925 nan 165
1694749271083 nan 166
1694749271272 nan 167
1694749271441 nan 168
1694749271712 nan 169
1694749271860 nan 170
1694749272032 nan 171
1694749272265 nan 172
1694749272498 nan 173
1694749272737 nan 174
1694749272883 nan 175
1694749273030 nan 176
1694749273221 nan 177
1694749273450 nan 178
1694749273748 nan 179
1694749273990 nan 180
1694749274228 nan 181
1694749274474 nan 182
1694749274715 nan 183
1694749274914 nan 184
1694749275082 nan 185
1694749275318 nan 186
1694749275592 nan 187
1694749275806 nan 188
1694749276074 nan 189
1694749276303 nan 190
1694749276517 nan 191
1694749276738 nan 192
1694749276930 nan 193
1694749277126 nan 194
1694749277303 nan 195
1694749277530 nan 196
1694749277762 nan 197
1694749277955 nan 198
1694749278128 nan 199
1694749278310 nan 200
1694749278613 nan 201
1694749278822 nan 202
1694749278966 nan 203
1694749279141 nan 204
1694749279306 nan 205
1694749279531 nan 206
1694749279752 nan 207
1694749279893 nan 208
1694749280037 nan 209
1694749280424 nan 210
1694749280751 nan 211
1694749280926 nan 212
1694749281144 nan 213
1694749281373 nan 214
1694749281558 nan 215
1694749281803 nan 216
1694749282003 nan 217
1694749282235 nan 218
1694749282473 nan 219
1694749282745 nan 220
1694749282997 nan 221
1694749283217 nan 222
1694749283467 nan 223
1694749283759 nan 224
1694749283996 nan 225
1694749284332 nan 226
1694749284576 nan 227
1694749284814 nan 228
1694749285090 nan 229
1694749285344 nan 230
1694749285627 nan 231
1694749285855 nan 232
1694749286007 nan 233
1694749286228 nan 234
1694749286456 nan 235
1694749286718 nan 236
1694749286921 nan 237
1694749287170 nan 238
1694749287430 nan 239
1694749287674 nan 240
1694749287880 nan 241
1694749288056 nan 242
1694749288336 nan 243
1694749288557 nan 244
1694749288766 nan 245
1694749288943 nan 246
1694749289095 nan 247
1694749289305 nan 248
1694749289575 nan 249
1694749289800 nan 250
1694749289982 nan 251
1694749290168 nan 252
1694749290415 nan 253
1694749290651 nan 254
1694749290873 nan 255
1694749291038 nan 256
1694749291217 nan 257
1694749291466 nan 258
1694749291753 nan 259
1694749291968 nan 260
1694749292162 nan 261
1694749292399 nan 262
1694749292656 nan 263
1694749292893 nan 264
1694749293080 nan 265
1694749293298 nan 266
1694749293544 nan 267
1694749293869 nan 268
1694749294075 nan 269
1694749294301 nan 270
1694749294489 nan 271
1694749294740 nan 272
1694749294961 nan 273
1694749295127 nan 274
1694749295342 nan 275
1694749295622 nan 276
1694749295856 nan 277
1694749296067 nan 278
1694749296397 nan 279
1694749296639 nan 280
1694749296883 nan 281
1694749297082 nan 282
1694749297258 nan 283
1694749297447 nan 284
1694749297660 nan 285
1694749297900 nan 286
1694749298091 nan 287
1694749298345 nan 288
1694749298612 nan 289
1694749298855 nan 290
1694749299065 nan 291
1694749299234 nan 292
1694749299508 nan 293
1694749299751 nan 294
1694749299997 nan 295
1694749300147 nan 296
1694749300345 nan 297
1694749300714 nan 298
1694749300945 nan 299
1694749301175 nan 300
1694749301400 nan 301
1694749301639 nan 302
1694749301860 nan 303
1694749302076 nan 304
1694749302318 nan 305
1694749302577 nan 306
1694749302863 nan 307
1694749303068 nan 308
1694749303248 nan 309
1694749303453 nan 310
1694749303736 nan 311
1694749303981 nan 312
1694749304167 nan 313
1694749304419 nan 314
1694749304660 nan 315
1694749304897 nan 316
1694749305140 nan 317
1694749305377 nan 318
1694749305645 nan 319
1694749305879 nan 320
1694749306097 nan 321
1694749306317 nan 322
1694749306566 nan 323
1694749306796 nan 324
1694749307060 nan 325
1694749307313 nan 326
1694749307538 nan 327
1694749307739 nan 328
1694749307917 nan 329
1694749308119 nan 330
1694749308282 nan 331
1694749308540 nan 332
1694749308786 nan 333
1694749309040 nan 334
1694749309225 nan 335
1694749309498 nan 336
1694749309756 nan 337
1694749309997 nan 338
1694749310183 nan 339
1694749310348 nan 340
1694749310600 nan 341
1694749310834 nan 342
1694749311058 nan 343
1694749311236 nan 344
1694749311401 nan 345
1694749311618 nan 346
1694749311839 nan 347
1694749312055 nan 348
1694749312232 nan 349
1694749312439 nan 350
1694749312693 nan 351
1694749312912 nan 352
1694749313116 nan 353
1694749313254 nan 354
1694749313416 nan 355
1694749313643 nan 356
1694749313981 nan 357
1694749314179 nan 358
1694749314325 nan 359
1694749314535 nan 360
1694749314780 nan 361
1694749314998 nan 362
1694749315213 nan 363
1694749315488 nan 364
1694749315705 nan 365
1694749315923 nan 366
1694749316184 nan 367
1694749316353 nan 368
1694749316579 nan 369
1694749316812 nan 370
1694749317066 nan 371
1694749317254 nan 372
1694749317425 nan 373
1694749317670 nan 374
1694749317884 nan 375
1694749318107 nan 376
1694749318418 nan 377
1694749318706 nan 378
1694749318897 nan 379
1694749319054 nan 380
1694749319272 nan 381
1694749319466 nan 382
1694749319655 nan 383
1694749319842 nan 384
1694749320086 nan 385
1694749320297 nan 386
1694749320523 nan 387
1694749320806 nan 388
1694749321037 nan 389
1694749321240 nan 390
1694749321469 nan 391
1694749321727 nan 392
1694749321994 nan 393
1694749322224 nan 394
1694749322399 nan 395
1694749322594 nan 396
1694749322858 nan 397
1694749323109 nan 398
1694749323303 nan 399
1694749323519 nan 400
1694749323768 nan 401
1694749324015 nan 402
1694749324250 nan 403
1694749324472 nan 404
1694749324721 nan 405
1694749324979 nan 406
1694749325257 nan 407
1694749325499 nan 408
1694749325805 nan 409
1694749326045 nan 410
1694749326283 nan 411
1694749326509 nan 412
1694749326757 nan 413
1694749326990 nan 414
1694749327243 nan 415
1694749327464 nan 416
1694749327711 nan 417
1694749327888 nan 418
1694749328103 nan 419
1694749328318 nan 420
1694749328538 nan 421
1694749328794 nan 422
1694749329024 nan 423
1694749329247 nan 424
1694749329439 nan 425
1694749329719 nan 426
1694749329966 nan 427
1694749330198 nan 428
1694749330402 nan 429
1694749330639 nan 430
1694749330868 nan 431
1694749331138 nan 432
1694749331365 nan 433
1694749331608 nan 434
1694749331887 nan 435
1694749332100 nan 436
1694749332297 nan 437
1694749332494 nan 438
1694749332704 nan 439
1694749332878 nan 440
1694749333129 nan 441
1694749333331 nan 442
1694749333496 nan 443
1694749333762 nan 444
1694749334055 nan 445
1694749334332 nan 446
1694749334519 nan 447
1694749334753 nan 448
1694749334997 nan 449
1694749335259 nan 450
1694749335550 nan 451
1694749335787 nan 452
1694749336020 nan 453
1694749336314 nan 454
1694749336498 nan 455
1694749336700 nan 456
1694749336932 nan 457
1694749337165 nan 458
1694749337419 nan 459
1694749337680 nan 460
1694749337924 nan 461
1694749338208 nan 462
1694749338465 nan 463
1694749338695 nan 464
1694749338917 nan 465
1694749339154 nan 466
1694749339358 nan 467
1694749339547 nan 468
1694749339711 nan 469
1694749339920 nan 470
1694749340228 nan 471
1694749340455 nan 472
1694749340708 nan 473
1694749340933 nan 474
1694749341151 nan 475
1694749341385 nan 476
1694749341551 nan 477
1694749341776 nan 478
1694749342019 nan 479
1694749342180 nan 480
1694749342391 nan 481
1694749342604 nan 482
1694749342891 nan 483
1694749343146 nan 484
1694749343369 nan 485
1694749343551 nan 486
1694749343800 nan 487
1694749344004 nan 488
1694749344229 nan 489
1694749344458 nan 490
1694749344663 nan 491
1694749344923 nan 492
1694749345280 nan 493
1694749345520 nan 494
1694749345678 nan 495
1694749345844 nan 496
1694749345998 nan 497
1694749346153 nan 498
1694749346377 nan 499
