1694744584834 165.77516084990793 0
1694744585144 129.21057564650602 1
1694744585473 116.48692032326947 2
1694744585822 104.00141671407638 3
1694744586131 92.94393753148053 4
1694744586471 83.08637246760118 5
1694744586773 74.30236109943414 6
1694744587126 66.47472547394217 7
1694744587465 59.49932407441589 8
1694744587843 53.283342527367815 9
1694744588229 47.74407695980099 10
1694744588516 42.807831632861735 11
1694744588833 38.40893774908202 12
1694744589174 34.48887908030764 13
1694744589483 30.995512848309723 14
1694744589793 27.882375477501622 15
1694744590191 25.108063974355282 16
1694744590535 22.635684695024448 17
1694744590846 20.432362160179093 18
1694744591163 18.468801375763107 19
1694744591482 16.718897830978186 20
1694744591793 15.159389979758679 21
1694744592142 13.769549577792962 22
1694744592472 12.530905751301173 23
1694744592876 11.426999123012184 24
1694744593197 10.443162721076906 25
1694744593503 9.566326753342366 26
1694744593984 8.784844647241345 27
1694744594326 8.08833803875912 28
1694744594629 7.467558646293804 29
1694744594921 6.914265190090552 30
1694744595279 6.421113718297952 31
1694744595577 5.981559879235007 32
1694744595874 5.58977183854779 33
1694744596221 5.240552681694626 34
1694744596537 4.929271268515395 35
1694744596840 4.651800619196744 36
1694744597182 4.4044630112399625 37
1694744597562 4.183981056406958 38
1694744597901 3.9874341062533207 39
1694744598192 3.812219405815902 40
1694744598507 3.6560174782507575 41
1694744598795 3.5167612795579277 42
1694744599077 3.3926087127326534 43
1694744599408 3.2819181354168245 44
1694744599967 3.18322653498543 45
1694744600359 3.0952300805216355 46
1694744600720 3.0167667927835615 47
1694744601088 2.9468011014676723 48
1694744601376 2.8844100842032896 49
1694744601683 2.828771204104922 50
1694744602018 2.7791513826619503 51
1694744602399 2.734897262524572 52
1694744602765 2.6954265305874983 53
1694744603009 2.660220185889614 54
1694744603303 2.6288156494269135 55
1694744603590 2.600800624184684 56
1694744603875 2.5758076236827345 57
1694744604188 2.553509096227176 58
1694744604560 2.533613079992584 59
1694744604853 2.5158593311248656 60
1694744605200 2.5000158733517766 61
1694744605628 2.48587592319891 62
1694744605939 2.4732551499085558 63
1694744606285 2.461989233613864 64
1694744606670 2.451931689290466 65
1694744606992 2.4429519275450926 66
1694744607257 2.4349335264526784 67
1694744607529 2.4277726914621525 68
1694744607817 2.4213768828938886 69
1694744608112 2.415663592781871 70
1694744608401 2.4105592548008943 71
1694744608716 2.4059982727898626 72
1694744609041 2.4019221549601504 73
1694744609390 2.3982787422840297 74
1694744609737 2.395021520811021 75
1694744610080 2.392109008776468 76
1694744610444 2.3895042103614834 77
1694744610736 2.387174128849811 78
1694744611022 2.385089332717163 79
1694744611406 2.383223568892417 80
1694744611774 2.3815534180573006 81
1694744612147 2.3800579874101313 82
1694744612489 2.3787186368171818 83
1694744612803 2.377518734719095 84
1694744613141 2.3764434405552026 85
1694744613509 2.3754795108210387 86
1694744613924 2.374615126188345 87
1694744614258 2.3738397373967173 88
1694744614619 2.373143927875376 89
1694744614964 2.3725192912757755 90
1694744615288 2.3719583222937564 91
1694744615616 2.3714543193363986 92
1694744615991 2.3710012977459844 93
1694744616356 2.370593912433571 94
1694744616684 2.370227388899553 95
1694744617011 2.3698974617298556 96
1694744617349 2.369600319755545 97
1694744617699 2.3693325571520223 98
1694744617988 2.369091129832677 99
1694744618386 2.368873316562073 100
1694744618691 2.36867668427625 101
1694744618957 2.368499057153464 102
1694744619284 2.3683384890283325 103
1694744619636 2.368193238786617 104
1694744619944 2.3680617484173174 105
1694744620352 2.367942623433879 106
1694744620727 2.3678346154076557 107
1694744620996 2.367736606384682 108
1694744621299 2.367647594981669 109
1694744621635 2.367566683979334 110
1694744622017 2.3674930692509153 111
1694744622386 2.367426029881323 112
1694744622812 2.367364919348112 113
1694744623128 2.3673091576494 114
1694744623442 2.36725822427635 115
1694744623778 2.3672116519389457 116
1694744624056 2.367169020963676 117
1694744624376 2.3671299542905926 118
1694744624732 2.367094113005044 119
1694744625020 2.367061192346433 120
1694744625370 2.367030918142569 121
1694744625707 2.3670030436237646 122
1694744626027 2.3669773465758075 123
1694744626397 2.3669536267953313 124
1694744626766 2.366931703815095 125
