1694725427778 3.320630519392249 0
1694725428049 0.6014428495091353 1
1694725428336 0.004082216659204002 2
1694725428654 0.15370352028955894 3
1694725428963 0.3492229306474187 4
1694725429312 0.9406844021197251 5
1694725429606 0.25188413303850066 6
1694725429909 1.6120640103207655 7
1694725430230 0.6692121154106251 8
1694725430511 0.2816207123079386 9
1694725430828 0.22119279821708027 10
1694725431105 12.028856821614719 11
1694725431375 4.315062483906528 12
1694725431674 3.1618214022671185 13
1694725431988 0.07521993866093275 14
1694725432322 0.17461023560930106 15
1694725432559 5.092948622784874 16
1694725432856 1.4627100520358844 17
1694725433197 9.34978414031878 18
1694725433507 5.850805452431147 19
1694725433800 1.1585389886932393 20
1694725434127 12.90705579740566 21
1694725434486 0.33393867064035365 22
1694725434769 0.10334025926440732 23
1694725435100 4.3343884321910595 24
1694725435442 11.495563569162215 25
1694725435686 2.779766553671549 26
1694725435972 1.4688493711687967 27
1694725436317 1.1624418718546001 28
1694725436824 0.02735049862083748 29
1694725437120 0.00039401089791963397 30
1694725437435 1.1141763902025765 31
1694725437694 0.061504824011956505 32
1694725437972 0.26204814434928364 33
1694725438290 3.854775978936998 34
1694725438585 5.97864719559866 35
1694725438900 3.7677348386024114 36
1694725439253 9.582534185596677 37
1694725439553 0.4220671069514282 38
1694725439821 0.24149003810183714 39
1694725440171 4.4042758237776845 40
1694725440652 0.6661492744935515 41
1694725441013 2.031797771641807 42
1694725441403 0.15953236596018786 43
1694725441723 0.008111878039187635 44
1694725442062 0.32069013291290194 45
1694725442355 1.4804808995605447 46
1694725442654 6.018543282011072 47
1694725442989 0.0724894559725077 48
1694725443314 1.5960883295608388 49
1694725443654 0.14134044179624466 50
1694725443892 3.723956187832278 51
1694725444180 2.7686192519584285 52
1694725444499 0.1820236848965952 53
1694725444809 1.5822315704378442 54
1694725445146 3.008619699725012 55
1694725445503 0.30227292271477285 56
1694725445828 1.883498125251551 57
1694725446181 0.13270081458137473 58
1694725446517 1.4002242493358494 59
1694725446814 0.02412210615676196 60
1694725447125 0.010399441313358081 61
1694725447475 10.115153530860516 62
1694725447759 5.5197440420335 63
1694725448123 0.500566969602445 64
1694725448457 0.46355521657760074 65
1694725448738 0.06646461055667995 66
1694725449037 1.7361265587974926 67
1694725449373 0.06065478910446482 68
1694725449681 5.6088244122311615 69
1694725449994 0.7843096459456218 70
1694725450372 21.353592969513553 71
1694725450682 0.2630579920308198 72
1694725450924 0.7353002810506768 73
1694725451181 3.7232168567768475 74
1694725451557 0.4952874494033713 75
1694725451786 0.006143762263341968 76
1694725452068 1.3107132018100751 77
1694725452363 0.2568946892966896 78
1694725452720 9.316965148570109 79
1694725453019 2.109869983410271 80
1694725453348 1.573769770565543 81
1694725453696 0.5150232440547037 82
1694725453967 0.21704268721323128 83
1694725454207 0.36209879467720074 84
1694725454537 3.5783065487097057 85
1694725454921 0.27196235323305273 86
1694725455194 1.299319862323726 87
1694725455481 0.8870075481925079 88
1694725455781 0.10071606799393923 89
1694725456052 0.02896423424149325 90
1694725456406 0.15676741811776848 91
1694725456798 0.2841356958379435 92
1694725457203 0.0323778347964898 93
1694725457517 0.9128841060884786 94
1694725457909 22.337028971666527 95
1694725458312 11.906669814234114 96
1694725459809 0.711363009271352 97
1694725460207 0.6352464978857497 98
1694725460631 29.073178373462177 99
1694725460904 0.00010905330209600753 100
1694725461201 0.6362470662223881 101
1694725461484 2.3066955095700954 102
1694725461802 1.1482463034707056 103
1694725462094 0.08131787984932154 104
1694725462436 1.6902945365326971 105
1694725462761 0.003617188923219434 106
1694725463086 0.1562138246114783 107
1694725463456 0.5868731452886948 108
1694725463761 0.27913662329697153 109
1694725464090 0.10075404268014358 110
1694725464429 1.1526425522456838 111
1694725464715 0.021814697287679825 112
1694725465036 0.10831826550004524 113
1694725465290 1.148837129866298 114
1694725465655 0.4971682815991601 115
1694725465992 13.72554064802785 116
1694725466296 3.5641672682673313 117
1694725466670 0.23143020053574812 118
1694725466985 3.6496627971179425 119
1694725467302 0.43919946506867424 120
1694725467631 0.07763581294448767 121
1694725468009 2.9603292579701934 122
1694725468299 2.2735194723035996 123
1694725468638 4.9030360029084825 124
1694725468964 0.36187143321472937 125
1694725469195 0.9017599851501483 126
1694725469426 0.022903305871680494 127
1694725469712 0.08362399195697175 128
1694725469941 0.13751728556844267 129
1694725470208 3.190192443859639 130
1694725470484 0.515313300658253 131
1694725470799 9.164704538085672 132
1694725471112 0.03732517936845656 133
1694725471377 0.06031603036409318 134
1694725471717 0.05733499361096944 135
1694725472048 2.8190194266973814 136
1694725472302 0.40162535949757905 137
1694725472584 0.6236960485821915 138
1694725472894 9.952301120430556 139
1694725473206 2.1769290246692092 140
1694725473534 3.5428862734336404 141
1694725473856 1.4578457148266668 142
1694725474154 0.49670414116857375 143
1694725474423 4.4699655931881175 144
1694725474815 3.8312891872891264 145
1694725475163 0.3331378789076093 146
1694725475395 3.213461788614045 147
1694725475663 0.11243660690339344 148
1694725475963 0.0007522204254409998 149
1694725476224 0.1371625150369064 150
1694725476477 0.619235587058888 151
1694725476917 1.2369600515161792 152
1694725477205 5.909599653969359 153
1694725477506 0.9179978802087417 154
1694725477827 1.3249256499109714 155
1694725478140 0.34373489423120346 156
1694725478452 0.46885988830034464 157
1694725478769 2.8392678199574335 158
1694725479145 4.563653040333782e-06 159
1694725479468 4.9912435403380755 160
1694725479773 1.6133431304488295 161
1694725480096 0.9540194949874147 162
1694725480303 0.051920143675341736 163
1694725480571 0.03936715576185465 164
1694725480803 0.0005467163096639076 165
1694725481036 0.004263515877608429 166
1694725481327 2.272654361310781 167
1694725481637 0.13126215567161417 168
1694725481969 5.308369977420152 169
1694725482257 2.5896506480076047 170
1694725482539 0.2257903379774431 171
1694725482815 0.14171700956295846 172
1694725483109 0.44131810240948366 173
1694725483415 0.5542057295671927 174
1694725483761 9.50534268245608 175
1694725484067 0.09078959898305325 176
1694725484317 18.187602803308593 177
1694725484546 0.0004070976177373668 178
1694725484897 0.05590769166774496 179
1694725485228 1.9869887297636035 180
1694725485454 0.6460789826869561 181
1694725485808 1.0482765890565326 182
1694725486178 1.2286422023490255 183
1694725486444 1.944579781757097 184
1694725486812 2.087228375351313 185
1694725487127 0.11282716969334704 186
1694725487412 2.340523409010728 187
1694725487720 0.07259403063670204 188
1694725488100 0.5964725286999397 189
1694725488361 0.799951555742305 190
1694725488644 0.2406035265947979 191
1694725488966 3.1400088952494185 192
1694725489350 1.2923396426892235 193
1694725489859 4.705051576576034 194
1694725490118 0.00942963873252035 195
1694725490546 2.3823899607849377e-06 196
1694725490855 3.973007135064696 197
1694725491190 0.023907192131554 198
1694725491431 21.76895077182502 199
1694725491683 2.0016607700645404 200
1694725492000 1.4434517993082403 201
1694725492326 1.9125468757458315 202
1694725492622 0.03871932226077775 203
1694725492926 8.9479482747439 204
1694725493286 1.55847327191273 205
1694725493558 5.980940285440446 206
1694725493838 0.7118953558588043 207
1694725494151 2.253964049757548 208
1694725494457 0.7914472774424213 209
1694725494880 0.05174699404738129 210
1694725495210 0.5824900052748094 211
1694725495555 8.785761880511528 212
1694725495911 0.6730601486367748 213
1694725496214 0.545556363763647 214
1694725496526 0.06085935004197193 215
1694725496920 0.3841360070912598 216
1694725497285 0.4400093334043933 217
1694725497514 1.7499007927282986 218
1694725497798 2.659767720287967 219
1694725498140 0.3207068161860615 220
1694725498425 0.012292560437474157 221
1694725498664 2.3057029032155913 222
1694725498990 1.3576353188568 223
1694725499366 2.690234741260503 224
1694725499650 0.15464731496688736 225
1694725499975 0.38332952794523223 226
1694725500317 2.497198109749712 227
1694725500613 4.424762615956383 228
1694725500928 0.8091427016564482 229
1694725501259 2.677254775444146 230
1694725501592 3.524484083424192 231
1694725501914 0.43602111577627284 232
1694725502277 20.426405620039603 233
1694725502569 0.017915687755361162 234
1694725502804 0.6288917525988503 235
1694725503115 1.8691364108904793 236
1694725503477 10.296141588323147 237
1694725503806 0.3091889034262557 238
1694725504068 0.00642188080945426 239
1694725504377 3.0931720529324536 240
1694725504638 1.2526475482214612 241
1694725504966 0.027489369116612847 242
1694725505203 2.7629833378736084 243
1694725505517 12.57099269665128 244
1694725505779 1.9682784455745288 245
1694725506124 30.647018351496435 246
1694725506427 3.5330858606668927 247
1694725506804 1.8511788500322919 248
1694725507094 1.7735652266624846 249
1694725507392 0.6659682810284111 250
1694725507671 0.01393638620055178 251
1694725507963 0.09428288758553414 252
1694725508315 0.09730502488714472 253
1694725508601 0.5626457088939653 254
1694725508900 2.683647928948031 255
1694725509235 0.09070936426988656 256
1694725509569 0.6330380210654524 257
1694725509894 1.2086608120772873 258
