1694736080978 2.323498494383423 0
1694736081119 2.1919255336096417 1
1694736081289 2.0392361443098537 2
1694736081463 2.5249806459647606 3
1694736081714 1.1902780761008507 4
1694736081953 2.6179848066107145 5
1694736082114 2.404351612481664 6
1694736082335 1.9784799966696565 7
1694736082588 1.4786035542066307 8
1694736082852 2.380827343977419 9
1694736083062 3.2912247187117254 10
1694736083331 2.4780645425721515 11
1694736083561 2.6213328812917327 12
1694736083816 3.122157387786295 13
1694736084039 2.1243918466383724 14
1694736084255 1.3948212414317247 15
1694736084479 2.5640806869568022 16
1694736084690 2.4361684633834506 17
1694736085032 2.811851663209672 18
1694736085169 2.4276713243195505 19
1694736085311 2.153257904990138 20
1694736085471 3.3399613979868 21
1694736085689 2.753037263271576 22
1694736085944 2.2227254621283175 23
1694736086130 2.4942717183163112 24
1694736086280 2.525667884449625 25
1694736086543 2.3675556141015197 26
1694736086780 3.1666491952344864 27
1694736087059 2.2036437532413045 28
1694736087259 2.3312181723762686 29
1694736087456 2.483099185543204 30
1694736087657 3.4456896172987848 31
1694736087893 1.5637516668913047 32
1694736088170 3.041997834034583 33
1694736088372 1.9645640554400843 34
1694736088618 3.0525878924846186 35
1694736088850 1.8628688406243803 36
1694736089075 1.5500444397523245 37
1694736089402 2.2001936166914167 38
1694736089664 1.5320977340933464 39
1694736090028 2.887134306308705 40
1694736090226 2.2254985488085035 41
1694736090439 2.7652715399360344 42
1694736090653 2.32621078777069 43
1694736090925 2.5640776862937824 44
1694736091114 1.9526736402260574 45
1694736091312 2.0391504504162135 46
1694736091599 2.3767721349367736 47
1694736091826 2.026118116335366 48
1694736092063 2.440441188410707 49
1694736092235 2.170914086421421 50
1694736092484 1.5650843252257292 51
1694736092718 3.0338011124789324 52
1694736092955 2.0265266818989103 53
1694736093142 2.130263301621813 54
1694736093329 2.0961334332615493 55
1694736093574 2.7719034727823897 56
1694736093856 2.9036207140241745 57
1694736094094 1.6341458161832372 58
1694736094303 2.4453154075325534 59
1694736094552 1.4512790047005322 60
1694736094793 1.7489448546549087 61
1694736095103 2.0005599281477093 62
1694736095303 2.015466047074037 63
1694736095614 2.0804318298452844 64
1694736095868 2.1957099237130433 65
1694736096118 1.7210443408638931 66
1694736096292 1.579225700681544 67
1694736096503 1.8397567274336928 68
1694736096744 1.633821999189338 69
1694736096979 1.7985473416174627 70
1694736097197 1.8884604908519347 71
1694736097402 1.468456149542049 72
1694736097638 2.6439005902349306 73
1694736097899 1.902763722389547 74
1694736098161 3.722462846699922 75
1694736098292 1.4051612815198808 76
1694736098456 2.2989565874894327 77
1694736098674 1.8052232203532168 78
1694736098918 1.8218189123993416 79
1694736099129 1.9409403778069068 80
1694736099303 2.040755739257339 81
1694736099584 1.7600208936049804 82
1694736099830 1.666718986018671 83
1694736100080 2.697866341356833 84
1694736100289 2.1830552858473165 85
1694736100520 2.4931247052652883 86
1694736100758 1.8968658067164483 87
1694736101005 1.9029710568804254 88
1694736101241 2.646370166546416 89
1694736101482 3.0423500485298116 90
1694736101718 2.027802155179221 91
1694736101956 1.5049050972398095 92
1694736102208 2.788940078130393 93
1694736102373 2.223968630328588 94
1694736102654 1.577432925205551 95
1694736102893 2.7349137224375037 96
1694736103131 1.8025458439933864 97
1694736103356 2.4330479466816812 98
1694736103589 2.002978340771816 99
1694736103835 2.994755115616459 100
1694736104061 2.907860036528276 101
1694736104293 2.049145725455078 102
1694736104539 1.6002760814904238 103
1694736104832 1.7805998668856216 104
1694736105110 2.612826131102262 105
1694736105316 1.9534163965538804 106
1694736105491 1.6357211577641624 107
1694736105686 2.246464540690369 108
1694736105904 2.8718596976799247 109
1694736106131 2.6732449143349695 110
1694736106341 2.845620793638585 111
1694736106497 1.8708137045104751 112
1694736106659 1.9328394464709988 113
1694736106826 2.175753807066705 114
1694736107115 1.5693228913037685 115
1694736107324 1.9451774769195624 116
1694736107481 2.2348211424296296 117
1694736107696 2.1593624460282084 118
1694736107974 2.7699716591309214 119
1694736108194 2.3614054976963765 120
1694736108434 2.3150816780059666 121
1694736108641 2.8577947598683933 122
1694736108860 2.1455337149217377 123
1694736109110 2.614246027292737 124
1694736109342 1.5844685845484283 125
1694736109542 2.1294344203886832 126
1694736109771 1.9114960384228623 127
1694736110006 2.6113622688944695 128
1694736110308 1.752918210070564 129
1694736110490 2.411361597408794 130
1694736110716 2.485114534870685 131
1694736110929 2.7806994729645056 132
1694736111133 2.2765896698952783 133
1694736111331 1.8029571336678127 134
1694736111561 2.3244796845872955 135
1694736111786 3.210368386358664 136
1694736112085 2.461743794395788 137
1694736112366 2.9456776586641586 138
1694736112563 1.4692264956276144 139
1694736112761 2.6274688492732947 140
1694736112952 1.9416565272549255 141
1694736113194 2.7835985356797135 142
1694736113435 2.2785262331493206 143
1694736113718 1.9992434176649416 144
1694736113958 3.008583859364017 145
1694736114206 1.5243537083357057 146
1694736114402 1.186831456399486 147
1694736114570 2.172050613177221 148
1694736114793 2.308463794398645 149
1694736115084 2.93621187809985 150
1694736115340 2.446375922371479 151
1694736115494 1.7677738600828938 152
1694736115715 2.145536404694251 153
1694736115969 3.282062261738381 154
1694736116176 4.22736324031111 155
1694736116448 1.9764801505400325 156
1694736116696 2.427578199521821 157
1694736116940 2.0564313505113017 158
1694736117152 2.754258094728925 159
1694736117413 3.2759803960325993 160
1694736117663 1.2436589774405393 161
1694736117899 2.9994259461542487 162
1694736118154 2.6788311840637395 163
1694736118383 2.159202646743483 164
1694736118569 2.1513199290981726 165
1694736118793 2.1880203088947594 166
1694736119007 1.7641567404767813 167
1694736119223 2.3461541502049017 168
1694736119430 1.7861836423508142 169
1694736119660 1.318041434560456 170
1694736119871 1.6548614495741805 171
1694736120093 1.6118159105562608 172
1694736120407 1.3841276140667529 173
1694736120675 2.290045443952009 174
1694736120915 2.6966917915834134 175
1694736121154 2.663999358841155 176
1694736121378 2.53922242516226 177
1694736121573 2.165610268762842 178
1694736121820 2.694702247507638 179
1694736122052 2.5189522113596836 180
1694736122278 3.2000176957820745 181
1694736122484 2.12088084696458 182
1694736122750 1.8681709037910765 183
1694736122964 1.8128696786568457 184
1694736123175 1.6401498624946937 185
1694736123440 2.8770570895565446 186
1694736123607 2.2226152165275095 187
1694736123825 1.8782267256159881 188
1694736124050 2.1029216943375935 189
1694736124284 1.870083813276386 190
1694736124475 2.458965524836164 191
1694736124664 2.7680045810114997 192
1694736124972 2.433064628891342 193
1694736125243 3.489534814607574 194
1694736125468 1.2468863542740267 195
1694736125709 1.5338713840780986 196
1694736125957 1.5692480559302462 197
1694736126196 2.75739398054483 198
1694736126434 2.2729690467652777 199
1694736126610 2.240821176153693 200
1694736126840 1.8353629706191479 201
1694736127142 2.5928902296953837 202
1694736127377 2.384418802347624 203
1694736127561 1.6975432573535105 204
1694736127785 2.240346683162087 205
1694736127998 1.6601136001704453 206
1694736128231 1.792092793505743 207
1694736128455 2.5631350671917144 208
1694736128630 1.9598238330218931 209
1694736128868 2.8941365597100166 210
1694736129111 2.0072496714291215 211
1694736129435 2.04691355886793 212
1694736129644 1.9731766299971356 213
1694736129872 3.4133681939835245 214
1694736130111 2.4134833746634192 215
1694736130353 1.8407226117758 216
1694736130548 2.4931553643851503 217
1694736130758 2.447616051490975 218
1694736130968 1.935425968155469 219
1694736131169 1.958251967473823 220
1694736131397 1.5713765103327964 221
1694736131615 2.4301678049988165 222
1694736131848 2.4832001197157125 223
1694736132054 1.522879240363047 224
1694736132328 1.5721877645437352 225
1694736132559 1.8559339340211438 226
1694736132788 2.8438709778595888 227
1694736133005 2.235257692131722 228
1694736133213 3.171630817025262 229
1694736133533 3.024484283637025 230
1694736133737 2.1290282043380437 231
1694736133988 1.5185777070774367 232
1694736134227 1.3456536400405665 233
1694736134469 2.31382675390028 234
1694736134651 1.9911221885523713 235
1694736134833 1.9192700751596496 236
1694736135098 2.4745833409530626 237
1694736135301 1.5206923010407567 238
1694736135513 2.1611972530164687 239
1694736135736 2.3274957566270364 240
1694736135969 2.218440487429248 241
1694736136190 1.6768408002033282 242
1694736136392 3.083775583095608 243
1694736136569 1.3457847007587125 244
1694736136793 2.506202636631622 245
1694736137004 1.624154859697066 246
1694736137231 2.1395421042168246 247
1694736137436 1.2698122622299381 248
1694736137613 2.148822254138096 249
1694736137818 2.305109025886849 250
1694736138015 1.4380897197963083 251
1694736138246 1.8886809627492085 252
1694736138556 1.6391872031179646 253
1694736138747 2.5033652304655822 254
1694736138989 2.432572162233473 255
1694736139220 1.9424561099978221 256
1694736139455 1.6647353673905483 257
1694736139625 1.4767346247033868 258
1694736139803 2.536812128586418 259
1694736140023 3.1617803523325123 260
1694736140254 1.257554381648932 261
1694736140534 2.589344429525432 262
1694736140736 3.3167915637497747 263
1694736140979 2.573316868884131 264
1694736141217 2.063611619003614 265
1694736141454 2.3329265934456247 266
1694736141662 2.53709612917817 267
1694736141888 2.028347336877337 268
1694736142142 2.238594542839906 269
1694736142467 1.4452585091479733 270
1694736142704 1.0939111036799032 271
1694736142924 1.7709053230157232 272
1694736143169 1.981184057336975 273
1694736143445 2.2866257957835066 274
1694736143728 1.7701606949587565 275
1694736143939 1.8820982168699962 276
1694736144198 1.5348289584244128 277
1694736144425 2.6670790349926814 278
1694736144636 2.069285966795189 279
1694736144817 1.7157957286201067 280
1694736145105 1.630433774881558 281
1694736145338 1.813194607989291 282
1694736145561 1.734629711666475 283
1694736145713 2.0789089110801213 284
1694736145946 1.8162111108875127 285
1694736146184 2.059603720608474 286
1694736146441 2.6080635316380487 287
1694736146633 2.0280563764663966 288
1694736146859 2.808257666851232 289
1694736147116 3.1315425966754007 290
1694736147328 1.6461266042176732 291
1694736147566 2.173205411155083 292
1694736147707 1.709411879521225 293
1694736147841 2.7782809004179736 294
1694736148043 2.275637243805011 295
1694736148278 1.7631364804684313 296
1694736148519 1.8190172971990826 297
1694736148725 2.1625540204563145 298
1694736148945 2.3256531977336192 299
1694736149123 1.0305350695630724 300
1694736149317 1.6236181050926757 301
1694736149522 1.846973873232189 302
1694736149684 3.001029272117105 303
1694736149832 3.2802200141516358 304
1694736150011 1.3090184389788038 305
1694736150198 2.4437341640838133 306
1694736150370 2.7606898105253412 307
1694736150591 2.155777435975731 308
1694736150785 1.8650884342573297 309
1694736150961 2.2330342472343245 310
1694736151115 1.7730216248804418 311
1694736151290 2.2284402146986904 312
1694736151504 2.995864205513687 313
1694736151746 2.5883869491422353 314
1694736151929 1.4705914929939825 315
1694736152092 2.1976722103650568 316
1694736152253 2.847212805414803 317
1694736152421 2.095203066399817 318
1694736152617 3.4710113416104185 319
1694736152844 1.8345442112016066 320
1694736153070 3.0766243871154835 321
1694736153381 1.5212149780107835 322
1694736153643 2.8819148863248674 323
1694736153884 2.573652844291863 324
1694736154060 2.2739707872048505 325
1694736154299 2.343564361605492 326
1694736154542 2.5435901805750647 327
1694736154778 2.419805107413156 328
1694736154954 2.269904910827368 329
1694736155224 2.614919736880986 330
1694736155466 1.748110905657136 331
1694736155654 1.736246097986241 332
1694736155821 2.6362965358593446 333
1694736156036 2.005347703441091 334
1694736156193 2.1992797231652568 335
1694736156341 2.5676351248308102 336
1694736156570 2.6231754960655738 337
1694736156755 1.8809063161482045 338
1694736156945 2.04137326710873 339
1694736157169 2.242327166933653 340
1694736157402 1.7620729217173288 341
1694736157592 2.578410996017609 342
1694736157772 1.9488678656344525 343
1694736157933 2.102257533548966 344
1694736158104 2.683870934645988 345
1694736158366 2.6838719261387225 346
1694736158602 2.673435831089556 347
1694736158802 2.487729262581523 348
1694736158990 2.1002771205954023 349
1694736159249 2.2302474579393325 350
1694736159493 2.259213933769358 351
1694736159725 2.0678345457902143 352
1694736159865 1.9725505438959365 353
1694736160059 2.4292633824356344 354
1694736160302 2.697336677768605 355
1694736160579 3.254516690541937 356
1694736160779 2.1101682266320494 357
1694736160985 3.2779215882983803 358
1694736161232 2.406457479480908 359
1694736161390 2.312039349952075 360
1694736161551 2.4034614011592157 361
1694736161741 2.9633018850248884 362
1694736161898 1.6278245518649501 363
1694736162079 2.196328474476367 364
1694736162246 2.5793654472852867 365
1694736162508 1.8928350868535773 366
1694736162723 1.9780979434633263 367
1694736162895 1.2288321758508676 368
1694736163102 2.123568835304879 369
1694736163333 1.9214133797933948 370
1694736163621 2.5645265644222177 371
1694736163819 3.116982986764958 372
1694736163995 1.9349973840382142 373
1694736164145 1.9215507272150472 374
1694736164308 2.5568870411305697 375
1694736164535 1.803260847586757 376
1694736164768 1.6497339295518525 377
1694736164992 1.7762156266968903 378
1694736165238 3.0541620115347534 379
1694736165450 2.9880707557872674 380
1694736165657 2.9473424551977723 381
1694736165822 3.3033995230146553 382
1694736166044 2.6840760437577917 383
1694736166218 2.290808591699057 384
1694736166420 2.8952801945611517 385
