1694714900587 169.3302270244576 0
1694714900877 131.87371248225446 1
1694714901199 102.82135992214234 2
1694714901494 80.28751541872154 3
1694714901780 62.80961193313116 4
1694714902072 49.25324069908124 5
1694714902414 38.73852187869601 6
1694714902706 30.582995540329904 7
1694714903067 24.25732626992676 8
1694714903400 19.3509464025126 9
1694714903657 15.54540793131134 10
1694714903926 12.593713487384779 11
1694714904242 10.304284857133725 12
1694714904555 8.528528506612306 13
1694714904824 7.151191047057222 14
1694714905213 6.082878658504137 15
1694714905548 5.254254941099083 16
1694714905798 4.611540602866072 17
1694714906034 4.113022889010665 18
1694714906327 3.7263481955970175 19
1694714906759 3.426422143392789 20
1694714907127 3.1937808151692875 21
1694714907446 3.013327440834003 22
1694714907737 2.8733525343390527 23
1694714908073 2.764773883882492 24
1694714908417 2.6805470666025384 25
1694714908697 2.6152082269387025 26
1694714909016 2.564519442470408 27
1694714909317 2.5251936595330826 28
1694714909641 2.494681345426147 29
1694714910008 2.471005009772305 30
1694714910319 2.452630854557742 31
1694714910653 2.4383692222376294 32
1694714910956 2.4272973804435365 33
1694714911287 2.4186996315972427 34
1694714911612 2.4120208602167303 35
1694714911890 2.4068305028800245 36
1694714912253 2.402794602300131 37
1694714912600 2.399654131667418 38
1694714912895 2.397208182390513 39
1694714913239 2.3953009240279846 40
1694714913558 2.3938114900389276 41
1694714913784 2.3926461328822537 42
1694714914038 2.3917321392876536 43
1694714914401 2.391013110765974 44
1694714914672 2.390445303038272 45
1694714914950 2.389994786792456 46
1694714915203 2.389635245485033 47
1694714915524 2.389346267253261 48
1694714915791 2.3891120200734215 49
1694714916085 2.3889202241757483 50
1694714916470 2.388761355020088 51
