1694732416582 3.1351224675150786 0
1694732416905 13.664518408827195 1
1694732417222 0.05604626162281973 2
1694732417507 39.935653718156765 3
1694732417729 0.4641770206744233 4
1694732418110 0.012953029631579138 5
1694732418437 4.895768900325044 6
1694732418768 0.8144715636196737 7
1694732419013 0.0009198262549036297 8
1694732419290 1.5504973017753356 9
1694732419573 0.04283062068135508 10
1694732419877 6.84382953131093 11
1694732420154 5.5031354316343375 12
1694732420436 15.177703339192684 13
1694732420727 9.374223848989311 14
1694732420987 19.25528524132706 15
1694732421346 6.1187653946044716 16
1694732421666 27.642803291676348 17
1694732421955 57.77057415763052 18
1694732422259 3.6922568596111223 19
1694732422596 0.028705073141640936 20
1694732422908 3.5673297990753094 21
1694732423134 2.948556884503368 22
1694732423367 2.6034910948792644 23
1694732423648 0.5209079656040896 24
1694732423901 6.295929870113884 25
1694732424132 0.46240583057668977 26
1694732424380 10.21478724417579 27
1694732424607 24.420203096255207 28
1694732424845 29.263646934515144 29
1694732425142 30.147854474915135 30
1694732425571 2.1583817230064515 31
1694732425975 23.871271801404312 32
1694732426234 1.8136455652603753 33
1694732426472 0.36908495498604926 34
1694732426789 3.5093598447636527 35
1694732427065 20.94216589883702 36
1694732427370 19.240120220271383 37
1694732427641 0.014544159302051194 38
1694732427993 6.303942875836317 39
1694732428284 2.39402740654445 40
1694732428595 53.84612552851093 41
1694732428927 0.8366296868155809 42
1694732429173 0.6654991765255778 43
1694732429402 26.700418136423906 44
1694732429673 0.07396084703891508 45
1694732429995 0.7422146601836507 46
1694732430334 24.05500240982846 47
1694732430681 12.550554756841212 48
1694732430977 0.10137077239603774 49
1694732431269 1.4179677439519351 50
1694732431579 17.698386775125975 51
1694732431883 2.520550972274827 52
1694732432209 0.11541757590152879 53
1694732432593 12.010038213615474 54
1694732432886 33.24896960614874 55
1694732433149 30.57558415605412 56
1694732433413 13.855267732717287 57
1694732433730 59.611658121336326 58
1694732434010 6.839085027862219 59
1694732434232 15.298713522302265 60
1694732434493 38.116868167960384 61
1694732434826 3.0935911069478275 62
1694732435065 0.5237703717716445 63
1694732435336 0.1027993128377976 64
1694732435713 6.742746988258293 65
1694732436067 31.634737998738576 66
1694732436316 15.57520973217711 67
1694732436624 0.42401805580164115 68
1694732436902 2.551817867131732 69
1694732437174 62.49218879094663 70
1694732437454 3.903269665759871 71
1694732437737 0.017964648664591916 72
1694732438028 10.13904139076064 73
1694732438299 6.584302701448223 74
1694732438541 4.572591611710559e-06 75
1694732438786 0.46735184423081927 76
1694732439225 17.615789511977194 77
1694732439497 0.25868634105263943 78
1694732439754 1.9913806035464992 79
1694732440035 6.414732045321829 80
1694732440328 0.700830214001936 81
1694732440649 10.922659060986266 82
1694732440953 5.579080012256765 83
1694732441292 5.357242897122292 84
1694732441656 25.321000153841812 85
1694732441968 5.124865774891835 86
1694732442327 1.3942321076047797 87
1694732442652 5.81778102020554 88
1694732442966 9.015264582965555 89
1694732443267 0.09195913428660915 90
1694732443621 0.2985854544304742 91
1694732443943 22.154886088845647 92
1694732444252 39.93397781936001 93
1694732444563 10.85639886116701 94
1694732444871 0.20053348597169462 95
1694732445188 0.8812124248692099 96
1694732445401 2.436704729907332 97
1694732445662 1.3959212449205347 98
1694732445955 0.2788567823443968 99
1694732446252 3.453461302451355 100
1694732446495 13.82054576241251 101
1694732446792 36.744252932652465 102
1694732447130 0.42976479222582287 103
1694732447414 16.857885388153502 104
1694732447748 3.851244367954375 105
1694732448121 1.4260452082753015 106
1694732448404 20.15586939450212 107
1694732448679 7.574504245299874 108
1694732448961 21.793206403226392 109
1694732449229 16.09755404408224 110
1694732449504 37.615848354233556 111
1694732449844 19.0488744520626 112
1694732450175 0.10102179124115693 113
1694732450617 19.139408465013364 114
1694732450878 8.3868166938736 115
1694732451195 7.81746900997569 116
1694732451467 10.193619899294253 117
1694732451719 3.4063964018939665 118
1694732452074 3.0925508831756887 119
1694732452446 11.803296261598831 120
1694732452775 0.1654656270500528 121
1694732453107 0.31095128926941246 122
1694732453413 0.11428069080250877 123
1694732453653 5.417615551357124 124
1694732453935 0.22268272584453824 125
1694732454255 11.36590307787638 126
1694732454584 0.10617531939512234 127
1694732454926 11.911505388829044 128
1694732455222 0.21198398417774683 129
1694732455506 24.575710905184533 130
1694732455821 11.685269868503466 131
1694732456123 0.6379638204429438 132
1694732456446 1.058724788757443 133
1694732456678 2.995608794165487 134
1694732456994 3.4343938202816404 135
1694732457247 6.201240566085745 136
1694732457514 26.232121872027026 137
1694732457748 88.07747359593462 138
1694732457984 0.04230431011247422 139
1694732458287 3.0117477115985616 140
1694732458575 10.946972921674128 141
1694732458892 8.685750539512414 142
1694732459248 5.629999305248507 143
1694732459549 30.247505793640443 144
1694732459962 0.0349284032546683 145
1694732460284 2.6431207335636846 146
1694732460674 2.7153889660806874 147
1694732460994 6.298261704042011 148
1694732461422 5.408981286630567 149
1694732461722 62.01948005433608 150
1694732462041 2.012601889393238 151
1694732462406 17.851255594067762 152
1694732462678 20.12229064125293 153
1694732462957 5.688259162387218 154
1694732463264 3.7245920131496506 155
1694732463592 0.6333888096284288 156
1694732463883 3.0350737507018675 157
1694732464198 7.48102563176168 158
1694732464475 12.27091008772428 159
1694732464728 0.011679811350367768 160
1694732465058 1.1765861748301782 161
1694732465455 9.261680552589718 162
1694732465785 1.2757406791739065 163
1694732466119 8.7964564055683 164
1694732466426 15.252697415519119 165
1694732466682 23.927524156866244 166
1694732466933 0.09013451101883893 167
1694732467240 0.06881084912309786 168
1694732467564 0.212435578524381 169
1694732467807 1.531003976199997 170
1694732468110 1.242563918233336 171
1694732468386 0.8506786990675552 172
1694732468664 14.709365199921667 173
1694732468895 0.9821193234398853 174
1694732469201 3.451166483450633 175
1694732469525 8.623076022661326 176
1694732469770 12.0522968695027 177
1694732469989 0.1539872932616451 178
1694732470274 2.2954371299291623 179
1694732470636 1.7667505345322703 180
1694732470868 16.829170317041566 181
1694732471299 29.517128291030783 182
1694732471646 5.710806616251884 183
1694732471892 5.254553925214998 184
1694732472120 1.8510556713641493 185
1694732472468 2.0301075628972707 186
1694732472780 28.324693392895934 187
1694732473018 6.00693907610016 188
1694732473304 13.491156891452006 189
1694732473620 17.203936916172 190
1694732473862 0.03754750471638537 191
1694732474121 2.8362958144447368 192
1694732474459 6.748076789771659 193
1694732474796 23.808262453458536 194
1694732475033 3.0460627721824767 195
1694732475344 13.099327218443058 196
1694732475674 6.2065437360339715 197
1694732475913 8.046408307294248 198
1694732476155 0.07481919290606329 199
1694732476394 8.183373881019685 200
1694732476701 7.274842879365082 201
1694732477038 3.29272775785286 202
1694732477345 26.11051722788685 203
1694732477684 0.37567159001398825 204
1694732478086 4.3975484476942475 205
1694732478437 12.383982552514253 206
1694732478758 18.595233579088873 207
1694732479042 1.3829963734039028 208
1694732479391 2.002570428514723 209
1694732479676 11.259293811287058 210
1694732479922 59.96507721165024 211
1694732480122 11.811608632724171 212
1694732480361 34.250365578848516 213
1694732480736 7.2841787112007825 214
1694732481037 19.60336699081858 215
1694732481399 40.65753902876265 216
1694732481730 5.9680644077551595 217
1694732482051 53.277232831470464 218
1694732482416 0.1322754698670097 219
1694732482733 0.8958835418635696 220
1694732483026 23.68465384314031 221
1694732483341 11.689378016963643 222
1694732483707 0.3915000981927677 223
1694732484008 6.93147091910533 224
1694732484263 17.99052837186103 225
1694732484581 14.989585860140664 226
1694732484885 6.201815033164081 227
1694732485148 17.934922006467737 228
1694732485460 9.219801877367829 229
1694732485763 4.61109220930247 230
1694732486018 5.146038262441572 231
1694732486357 2.6556738991457234 232
1694732486666 18.252657209523218 233
1694732486883 7.46808066649807 234
1694732487091 6.361104222822025 235
1694732487381 5.59786090361059 236
1694732487705 1.4591006757152232 237
1694732488117 6.4424581112693176 238
1694732488426 26.45658230113175 239
1694732488774 16.732120923588912 240
1694732489062 10.431566938138475 241
1694732489402 0.0813926106252477 242
1694732489743 4.660080820182413 243
1694732490002 27.860298924190438 244
1694732490244 36.493911934818 245
1694732490568 0.45645514629825257 246
1694732490889 1.967421134513072 247
1694732491129 5.317169782798138 248
1694732491438 11.628296053003922 249
1694732491750 21.18552448852374 250
1694732492040 45.26466474036504 251
1694732492314 3.286909490054033 252
1694732492681 6.645596528580758 253
1694732492998 0.6620782635353226 254
1694732493263 7.223960861978221 255
1694732493523 19.458914338388137 256
1694732493821 11.285594647350333 257
1694732494093 38.202104940137595 258
1694732494367 16.83759657748603 259
1694732494759 0.13042308115722956 260
1694732495073 1.3723294162727866 261
1694732495296 17.080224515985318 262
1694732495534 8.143075613765072 263
1694732495830 1.5050690108339644 264
1694732496137 5.103975363965327 265
1694732496392 30.23951197363637 266
1694732496708 20.75041141846623 267
1694732497085 23.42762788055481 268
1694732497317 10.785137871582064 269
1694732497606 13.949998788555279 270
1694732497932 0.18543133857342767 271
1694732498231 10.653003509732462 272
1694732498457 0.18396984200237584 273
1694732498738 3.5432021655268366 274
1694732499077 16.143951299585698 275
1694732499360 25.352369727391174 276
1694732499636 16.14269215372985 277
1694732499923 4.705123090183647 278
1694732500280 0.15025288450294086 279
1694732500623 46.73318143067723 280
1694732500918 1.8632621067868096 281
1694732501300 63.31642632904364 282
1694732501586 1.053692459993322 283
1694732501877 4.635543424568054 284
1694732502225 57.28058246141247 285
1694732502459 7.084237277078896 286
1694732502731 1.9452539982752877 287
1694732503051 14.90339900115399 288
1694732503348 7.143731365502571 289
1694732503691 9.297687060176763 290
1694732504005 11.619321331705368 291
1694732504311 3.5884088736247772 292
1694732504561 0.8846550550594013 293
1694732504888 4.225277347119741 294
1694732505202 25.560332031737143 295
1694732505474 0.802970306074708 296
1694732505813 14.915477828450518 297
1694732506162 1.3962924235072325 298
1694732506465 24.003452914895817 299
1694732506733 9.790012585473113 300
1694732507001 9.35766680440628 301
1694732507302 0.7701200918594975 302
1694732507574 1.657909765821385 303
1694732507905 2.329922068863725 304
1694732508268 9.910546349873423 305
1694732508534 0.6362049182169522 306
1694732508790 1.333307143241101 307
1694732509130 16.8763466295221 308
1694732509443 64.9485279589219 309
1694732509704 0.3426201284989182 310
1694732510037 4.034475140329604 311
1694732510404 42.73430713394017 312
1694732510717 1.8189728056356018 313
1694732510988 0.0009005650211245935 314
1694732511261 4.243956418074329 315
1694732511569 0.47363288211841004 316
1694732511841 6.7169769488467965 317
1694732512168 76.43810103417606 318
1694732512571 0.8079005062693078 319
1694732512800 0.5957324784575485 320
1694732513051 12.078676203222832 321
1694732513377 0.35430347502124604 322
1694732513650 7.175301336660523 323
1694732513882 4.4708568582321435 324
1694732514178 18.32962796812889 325
1694732514508 2.662517634367364 326
1694732514799 0.32234194450269377 327
1694732515108 50.59975624734895 328
1694732515444 10.5591653778327 329
1694732515728 7.18939804938906 330
1694732516037 7.2597419525104 331
1694732516321 0.08365801747575992 332
1694732516619 17.319402734354338 333
1694732516876 18.531877220576135 334
1694732517163 37.211259020520295 335
1694732517427 3.047947702782675 336
1694732517707 21.606562624253847 337
1694732517994 5.471808658433483 338
1694732518309 13.760616791784607 339
1694732518613 0.11489810964782268 340
1694732518833 0.15594912929012555 341
1694732519183 13.404819479363105 342
1694732519455 6.106112610934745 343
1694732519736 18.411733276822215 344
1694732519972 0.807293516743621 345
1694732520263 63.46052677880388 346
1694732520659 7.205257584641051 347
1694732520903 7.5495483255982005 348
1694732521136 22.890756972226907 349
1694732521425 25.697374365440783 350
1694732521732 0.9891194886240293 351
1694732521988 2.4980005032277877 352
1694732522309 16.42918167577078 353
1694732522596 17.545737789492822 354
1694732522877 1.590435161867594 355
1694732523189 2.4757861464011284 356
1694732523537 43.20970211474998 357
1694732523895 14.178246168532617 358
1694732524174 2.29491293587766 359
1694732524439 0.4391953434894692 360
1694732524741 8.765820114756508 361
1694732525035 6.2564524059822135 362
1694732525348 3.782210880743631 363
1694732525684 22.314636615596925 364
1694732526101 0.7364336681228268 365
1694732526416 14.89938374491007 366
1694732526732 4.901498876818022 367
1694732526958 3.0247078272043986 368
1694732527242 5.837945164021994 369
1694732527557 3.1163088620898196 370
1694732527853 46.574144265402516 371
1694732528178 30.035862322609507 372
1694732528517 29.618438961000056 373
1694732528827 78.69576007089331 374
1694732529109 1.670074632474142 375
1694732529447 32.75947874575253 376
1694732529747 72.11498580646825 377
1694732530006 3.1243303522144394 378
1694732530305 65.36768933336919 379
1694732530695 1.4885066865255434 380
1694732530951 13.893475074150903 381
1694732531212 9.107004309743076 382
1694732531548 0.022623255823722054 383
1694732531817 14.369361696152497 384
1694732532098 32.469962161896305 385
1694732532413 38.637493654226276 386
1694732532735 0.23148040952680296 387
1694732532985 3.0663517055627705 388
1694732533212 29.446219860808256 389
1694732533493 8.557355477020973 390
1694732533758 21.745679700174147 391
1694732533997 16.38446720731802 392
1694732534223 0.3457379255341316 393
1694732534454 12.56977312784518 394
1694732534899 16.556489713742618 395
1694732535207 5.153501543342198 396
1694732535540 2.0411084982220458 397
1694732535824 34.49514985104786 398
1694732536132 4.391597001573692 399
1694732536416 0.23840239352233028 400
1694732536726 34.984109935145526 401
1694732537086 48.82602217151038 402
1694732537386 0.16009276817008994 403
1694732537719 5.826835893001138 404
1694732538084 18.954100877935012 405
1694732538390 83.86899299061652 406
1694732538699 10.751986081641718 407
1694732539022 0.10376689041010832 408
1694732539300 4.701165580954453 409
1694732539623 24.929030247612825 410
1694732539954 5.639815449091155 411
1694732540232 17.801076445555566 412
1694732540619 5.104113626452181 413
1694732540926 8.905345784652122 414
1694732541319 2.686533344431583 415
1694732541670 3.3003547948118634 416
1694732541994 17.62056389103227 417
1694732542277 49.59874714430682 418
1694732542524 19.977606192678028 419
1694732542835 10.570850413185465 420
1694732543133 29.00355708297239 421
1694732543396 6.277145207255779 422
1694732543740 0.7356290267392364 423
1694732544034 0.34557097128694536 424
1694732544326 14.956219831077114 425
1694732544655 5.520381811397988 426
1694732544979 4.230676457780143 427
1694732545280 1.7653541651257096 428
1694732545526 9.646273996021948 429
1694732545875 5.825181176790359 430
1694732546167 0.19035240627724362 431
1694732546423 2.6345785591172004 432
1694732546680 3.8070761799862067 433
1694732546934 6.601081041551325 434
1694732547178 0.00020895471899686017 435
1694732547493 16.722706304193938 436
1694732547776 29.098051646000606 437
1694732548131 0.1806600187182697 438
1694732548367 3.299895864586505 439
1694732548595 16.81750470361231 440
1694732548907 8.791180522362918 441
1694732549241 77.00753134999151 442
1694732549559 1.868669075148915 443
1694732549890 0.26561920188873983 444
1694732550187 14.07776938911579 445
1694732550580 3.4870918025859496 446
1694732550916 0.014727024746531894 447
1694732551328 13.938064789865436 448
1694732551650 0.03685046453443345 449
1694732551995 26.77153142956873 450
1694732552421 2.9220692396656163 451
1694732552726 1.0747689133723144 452
1694732553051 58.93007511997076 453
1694732553341 0.07947691654548295 454
1694732553597 21.600564356023195 455
1694732553919 22.52591107685455 456
1694732554210 2.4733607143648237 457
1694732554429 34.23697333207561 458
1694732554796 9.317436626143213 459
1694732555137 19.46684932721367 460
1694732555391 2.107154008107507 461
1694732555656 0.09402115751166079 462
1694732555980 1.2344791272485038 463
1694732556254 2.9847719403827067 464
1694732556545 17.592988302869145 465
1694732556853 27.427969493321637 466
1694732557227 10.516347484803003 467
1694732557481 0.7693012215189549 468
1694732557800 0.7065960485187077 469
1694732558135 26.648415526054286 470
1694732558406 5.082622586818783 471
1694732558681 0.03444568071096749 472
1694732558982 0.983016474762306 473
1694732559349 14.393434968007664 474
1694732559607 10.453228161748198 475
1694732559926 28.271530697465305 476
1694732560248 3.745927703207265 477
1694732560572 32.61808437371692 478
1694732560870 16.645703410544357 479
1694732561204 0.4199184252311919 480
1694732561511 8.392941411706326 481
1694732561795 12.331696681376595 482
1694732562111 4.99755584991342 483
1694732562464 16.719531294570213 484
1694732562772 15.297643631350185 485
1694732563035 31.704629717008473 486
1694732563279 0.009030037288231664 487
1694732563620 7.567555653253437 488
1694732563954 1.227943549963617 489
1694732564192 1.967464197925164 490
1694732564556 8.328399595651804 491
1694732564887 0.13933160610105164 492
1694732565167 75.43324665018162 493
1694732565434 1.0280998281843903 494
1694732565673 9.949398751000237 495
1694732566007 3.3416018353041324 496
1694732566315 5.695928947965448 497
1694732566586 12.37786763866241 498
1694732566850 10.38429832562313 499
