1694715236286 169.33022702445763 0
1694715236734 165.37073066630563 1
1694715237057 161.50514599511544 2
1694715237592 157.73124560260126 3
1694715237913 154.04685491040547 4
1694715238224 150.44985091707224 5
1694715238500 146.93816097474053 6
1694715238849 143.5097615948517 7
1694715239180 140.16267728218355 8
1694715239467 136.89497939653864 9
1694715239736 133.7047850414316 10
1694715240054 130.5902559791342 11
1694715240359 127.54959757145403 12
1694715240645 124.5810577456354 13
1694715241047 121.6829259847876 14
1694715241389 118.85353234225792 15
1694715241626 116.09124647938212 16
1694715241929 113.39447672605749 17
1694715242227 110.7616691635975 18
1694715242504 108.1913067293393 19
1694715242751 105.68190834248827 20
1694715243033 103.23202805069586 21
1694715243404 100.84025419687912 22
1694715243647 98.50520860580153 23
1694715243914 96.22554578994671 24
1694715244209 93.99995217422729 25
1694715244493 91.82714533908225 26
1694715244754 89.70587328152642 27
1694715245055 87.63491369372673 28
1694715245359 85.61307325868907 29
1694715245701 83.63918696265026 30
1694715246036 81.71211742377865 31
1694715246374 79.8307542367969 32
1694715246619 77.9940133331488 33
1694715246911 76.20083635634194 34
1694715247238 74.45019005210597 35
1694715247512 72.74106567301519 36
1694715247788 71.07247839723239 37
1694715248131 69.4434667610389 38
1694715248416 67.85309210482413 39
1694715248740 66.30043803221497 40
1694715249051 64.78460988203385 41
1694715249353 63.30473421278073 42
1694715249606 61.85995829934249 43
1694715249901 60.44944964163906 44
1694715250233 59.07239548492397 45
1694715250539 57.728002351462 46
1694715250839 56.41549558331498 47
1694715251164 55.134118895971525 48
1694715251505 53.883133942564115 49
1694715251822 52.66181988842179 50
1694715252134 51.469472995714014 51
1694715252459 50.30540621794572 52
1694715252784 49.16894880407033 53
1694715253129 48.0594459119924 54
1694715253476 46.97625823123726 55
1694715253783 45.91876161457027 56
1694715254079 44.88634671835329 57
1694715254475 43.87841865143129 58
1694715254762 42.894396632346655 59
1694715255107 41.933713654683764 60
1694715255494 40.99581616035097 61
1694715255802 40.08016372061159 62
1694715256097 39.18622872468049 63
1694715256430 38.31349607570631 64
1694715256703 37.461462893964566 65
1694715257074 36.62963822709041 66
1694715257457 35.817542767184186 67
1694715257753 35.024708574626544 68
1694715258057 34.250678808444356 69
1694715258380 33.49500746307167 70
1694715258667 32.757259111354294 71
1694715258976 32.037008653649806 72
1694715259259 31.333841072878382 73
1694715259593 30.647351195383497 74
1694715259926 29.97714345746439 75
1694715260256 29.322831677446022 76
1694715260556 28.684038833155157 77
1694715260793 28.060396844674177 78
1694715261090 27.451546362247672 79
1694715261352 26.8571365592194 80
1694715261656 26.276824929880476 81
1694715262055 25.71027709211213 82
1694715262356 25.157166594709476 83
1694715262681 24.617174729275206 84
1694715262979 24.089990346574712 85
1694715263320 23.575309677247066 86
1694715263689 23.072836156768265 87
1694715264010 22.58228025456607 88
1694715264357 22.10335930718799 89
1694715264655 21.635797355426053 90
1694715264948 21.179324985304813 91
1694715265231 20.73367917284075 92
1694715265555 20.29860313248368 93
1694715265812 19.87384616915292 94
1694715266050 19.459163533782764 95
1694715266271 19.054316282294252 96
1694715266602 18.65907113791181 97
1694715266951 18.273200356745484 98
1694715267267 17.89648159656134 99
1694715267578 17.528697788664303 100
1694715267847 17.169637012819837 101
1694715268147 16.81909237514208 102
1694715268437 16.47686188887838 103
1694715268735 16.142748358021294 104
1694715269015 15.816559263681174 105
1694715269325 15.49810665315373 106
1694715269651 15.18720703161872 107
1694715269906 14.883681256407327 108
1694715270167 14.58735443377734 109
1694715270486 14.298055818136618 110
1694715270753 14.015618713656778 111
1694715271092 13.739880378220432 112
1694715271434 13.47068192964662 113
1694715271716 13.20786825414037 114
1694715272025 12.951287916913703 115
1694715272318 12.700793074926503 116
1694715272643 12.456239391697041 117
1694715272914 12.217485954132998 118
1694715273158 11.984395191335125 119
1694715273492 11.756832795326718 120
1694715273781 11.534667643663264 121
1694715274041 11.317771723877582 122
1694715274325 11.106020059717036 123
1694715274642 10.899290639130268 124
1694715274893 10.697464343961888 125
1694715275185 10.500424881314752 126
1694715275527 10.308058716540126 127
1694715275883 10.12025500781726 128
1694715276178 9.936905542284551 129
1694715276497 9.75790467368562 130
1694715276796 9.583149261494238 131
1694715277124 9.412538611483154 132
1694715277445 9.24597441770247 133
1694715277741 9.083360705834215 134
1694715278057 8.924603777890434 135
1694715278434 8.769612158222907 136
1694715278801 8.618296540813462 137
1694715279056 8.47056973781442 138
1694715279344 8.326346629309583 139
1694715279649 8.185544114266818 140
1694715279900 8.048081062653893 141
1694715280168 7.913878268690106 142
1694715280515 7.782858405206638 143
1694715280830 7.654945979089447 144
1694715281084 7.530067287778914 145
1694715281393 7.408150376801285 146
1694715281698 7.2891249983073605 147
1694715281965 7.172922570594574 148
1694715282266 7.059476138589146 149
1694715282593 6.9487203352655 150
1694715282887 6.840591343980753 151
1694715283133 6.735026861702563 152
1694715283445 6.631966063109135 153
1694715283751 6.531349565540718 154
1694715284047 6.433119394782363 155
1694715284333 6.337218951658292 156
1694715284648 6.243592979418534 157
1694715284960 6.152187531899128 158
1694715285300 6.0629499424374895 159
1694715285599 5.9758287935250385 160
1694715285890 5.890773887179634 161
1694715286173 5.807736216020698 162
1694715286501 5.726667935030399 163
1694715286884 5.647522333984575 164
1694715287191 5.570253810537584 165
1694715287531 5.494817843945519 166
1694715287840 5.421170969412623 167
1694715288121 5.3492707530462225 168
1694715288455 5.279075767405627 169
1694715288832 5.210545567630997 170
1694715289125 5.143640668138356 171
1694715289421 5.078322519867398 172
1694715289775 5.01455348806891 173
1694715290055 4.952296830619012 174
1694715290371 4.8915166768477905 175
1694715290671 4.832178006870028 176
1694715290954 4.774246631406226 177
1694715291247 4.717689172082177 178
1694715291595 4.662473042195821 179
1694715291915 4.608566427940285 180
1694715292237 4.555938270072245 181
1694715292530 4.504558246015129 182
1694715292848 4.454396752386747 183
1694715293146 4.405424887941353 184
1694715293456 4.357614436916321 185
1694715293739 4.3109378527737325 186
1694715294017 4.265368242327671 187
1694715294328 4.220879350247915 188
1694715294646 4.177445543931208 189
1694715294946 4.135041798731357 190
1694715295175 4.093643683539627 191
1694715295424 4.053227346707161 192
1694715295739 4.013769502301264 193
1694715296014 3.9752474166877025 194
1694715296286 3.9376388954312196 195
1694715296632 3.9009222705067463 196
1694715297001 3.8650763878139367 197
1694715297232 3.8300805949878645 198
1694715297519 3.7959147294987803 199
1694715297818 3.762559107034166 200
1694715298101 3.729994510156296 201
1694715298366 3.6982021772288727 202
1694715298679 3.6671637916062654 203
1694715299031 3.6368614710791674 204
1694715299299 3.60727775757058 205
1694715299617 3.5783956070762075 206
1694715299900 3.5501983798434282 207
1694715300189 3.522669830783193 208
1694715300470 3.495794100109369 209
1694715300708 3.46955570420007 210
1694715300970 3.4439395266757415 211
1694715301327 3.4189308096888786 212
1694715301621 3.3945151454203173 213
1694715301933 3.3706784677772235 214
1694715302205 3.34740704428797 215
1694715302513 3.324687468189303 216
1694715302810 3.302506650701117 217
1694715303106 3.2808518134845244 218
1694715303477 3.2597104812787596 219
1694715303809 3.2390704747127392 220
1694715304084 3.2189199032871127 221
1694715304331 3.1992471585227698 222
1694715304645 3.1800409072718634 223
1694715304956 3.161290085187457 224
1694715305247 3.1429838903480776 225
1694715305560 3.125111777033476 226
1694715305906 3.107663449648029 227
1694715306191 3.090628856788239 228
1694715306515 3.073998185450958 229
1694715306860 3.057761855378992 230
1694715307142 3.0419105135407953 231
1694715307399 3.0264350287411115 232
1694715307696 3.0113264863594282 233
1694715308074 2.9965761832132434 234
1694715308376 2.982175622543144 235
1694715308730 2.9681165091168387 236
1694715309036 2.9543907444493205 237
1694715309310 2.9409904221363923 238
1694715309601 2.9279078232988685 239
1694715309887 2.91513541213483 240
1694715310170 2.902665831577387 241
1694715310520 2.8904918990554145 242
1694715310854 2.878606602354843 243
1694715311164 2.867003095578108 244
1694715311497 2.8556746951994416 245
1694715311813 2.844614876213709 246
1694715312103 2.8338172683766083 247
1694715312429 2.823275652534034 248
1694715312765 2.8129839570384907 249
1694715313085 2.802936254250531 250
1694715313397 2.7931267571231437 251
1694715313693 2.783549815867169 252
1694715313988 2.7741999146958047 253
1694715314282 2.7650716686463186 254
1694715314604 2.7561598204771487 255
1694715314960 2.7474592376385987 256
1694715315271 2.73896490931538 257
1694715315630 2.730671943539306 258
1694715315988 2.722575564370456 259
1694715316282 2.714671109145206 260
1694715316537 2.7069540257895315 261
1694715316844 2.6994198701960266 262
1694715317224 2.692064303663138 263
1694715317561 2.6848830903951444 264
1694715317843 2.6778720950614137 265
1694715318156 2.6710272804135653 266
1694715318408 2.6643447049591504 267
1694715318727 2.6578205206904864 268
1694715319030 2.651450970867391 269
1694715319298 2.6452323878524777 270
1694715319560 2.6391611909978123 271
1694715319892 2.6332338845816783 272
1694715320148 2.6274470557942946 273
1694715320458 2.6217973727713013 274
1694715320792 2.6162815826738792 275
1694715321114 2.610896509814424 276
1694715321390 2.605639053826649 277
1694715321670 2.6005061878791245 278
1694715322026 2.595494956931154 279
1694715322307 2.59060247603004 280
1694715322608 2.5858259286487293 281
1694715322940 2.581162565062883 282
1694715323246 2.5766097007664426 283
1694715323524 2.5721647149247775 284
1694715323836 2.567825048864514 285
1694715324130 2.563588204599193 286
1694715324480 2.5594517433898876 287
1694715324758 2.5554132843399606 288
1694715325041 2.551470503023163 289
1694715325295 2.547621130144252 290
1694715325594 2.543862950231397 291
1694715325898 2.5401938003595825 292
1694715326203 2.5366115689042976 293
1694715326517 2.5331141943247912 294
1694715326975 2.5296996639761717 295
1694715327295 2.526366012949694 296
1694715327585 2.523111322940547 297
1694715327907 2.5199337211424933 298
1694715328232 2.516831379168733 299
1694715328506 2.513802511998357 300
1694715328806 2.510845376947787 301
1694715329169 2.5079582726666176 302
1694715329429 2.5051395381572683 303
1694715329682 2.5023875518178946 304
1694715329980 2.4997007305079895 305
1694715330353 2.497077528636157 306
1694715330630 2.4945164372695197 307
1694715330916 2.492015983264241 308
1694715331260 2.489574728416685 309
1694715331551 2.4871912686346938 310
1694715331877 2.4848642331285298 311
1694715332187 2.4825922836210084 312
1694715332505 2.4803741135763553 313
1694715332795 2.4782084474473645 314
1694715333098 2.4760940399404077 315
1694715333397 2.4740296752978725 316
1694715333751 2.47201416659763 317
1694715334073 2.470046355069106 318
1694715334369 2.4681251094255807 319
1694715334636 2.466249325212327 320
1694715334925 2.4644179241702 321
1694715335244 2.4626298536143305 322
1694715335525 2.4608840858275536 323
1694715335870 2.4591796174682155 324
1694715336243 2.457515468992041 325
1694715336577 2.4558906840876946 326
1694715336939 2.4543043291257476 327
1694715337231 2.4527554926207014 328
1694715337529 2.4512432847057757 329
1694715337848 2.449766836620154 330
1694715338210 2.44832530020839 331
1694715338510 2.4469178474316857 332
1694715338841 2.4455436698907644 333
1694715339203 2.4442019783600575 334
1694715339501 2.442892002332938 335
1694715339778 2.441612989577747 336
1694715340075 2.4403642057043413 337
1694715340398 2.43914493374093 338
1694715340766 2.4379544737209407 339
1694715341062 2.436792142279691 340
1694715341362 2.43565727226062 341
1694715341687 2.434549212330864 342
1694715341988 2.433467326605947 343
1694715342291 2.4324109942833765 344
1694715342616 2.4313796092849236 345
1694715342967 2.4303725799073934 346
1694715343293 2.42938932848168 347
1694715343579 2.428429291039893 348
1694715343875 2.4274919169904043 349
1694715344169 2.426576668800579 350
1694715344498 2.425683021687044 351
1694715344827 2.4248104633132987 352
1694715345164 2.4239584934945 353
1694715345512 2.4231266239092464 354
1694715345822 2.4223143778182004 355
1694715346099 2.4215212897893825 356
1694715346412 2.4207469054299846 357
1694715346679 2.419990781124537 358
1694715347097 2.4192524837792964 359
1694715347451 2.4185315905726865 360
1694715347747 2.41782768871166 361
1694715348024 2.4171403751938447 362
1694715348355 2.416469256575327 363
1694715348708 2.415813948743937 364
1694715349015 2.415174076697926 365
1694715349323 2.4145492743298798 366
1694715349574 2.4139391842157605 367
1694715349915 2.4133434574089563 368
1694715350248 2.4127617532392107 369
1694715350561 2.412193739116325 370
1694715350859 2.4116390903385123 371
1694715351152 2.411097489905302 372
1694715351477 2.410568628334876 373
1694715351769 2.410052203485741 374
1694715352120 2.409547920382634 375
1694715352423 2.4090554910465456 376
1694715352742 2.4085746343287884 377
1694715353071 2.4081050757489915 378
1694715353449 2.4076465473369417 379
1694715353941 2.4071987874781735 380
1694715354273 2.406761540763224 381
1694715354597 2.406334557840463 382
1694715354918 2.405917595272409 383
1694715355211 2.4055104153954594 384
1694715355512 2.4051127861829458 385
1694715355811 2.4047244811114337 386
1694715356137 2.4043452790301982 387
1694715356455 2.403974964033795 388
1694715356731 2.4036133253376466 389
1694715357117 2.40326015715659 390
1694715357381 2.402915258586299 391
1694715357639 2.402578433487521 392
1694715357940 2.4022494903730545 393
1694715358258 2.401928242297413 394
1694715358571 2.401614506749107 395
1694715358971 2.401308105545476 396
1694715359302 2.4010088647300147 397
1694715359599 2.4007166144721386 398
1694715359834 2.4004311889693253 399
1694715360120 2.4001524263515766 400
1694715360436 2.3998801685881435 401
1694715360685 2.399614261396471 402
1694715361034 2.399354554153294 403
1694715361389 2.399100899807848 404
1694715361720 2.3988531547971363 405
1694715362012 2.3986111789632045 406
1694715362336 2.3983748354723824 407
1694715362680 2.3981439907364357 408
1694715362915 2.3979185143355912 409
1694715363209 2.397698278943388 410
1694715363587 2.397483160253308 411
1694715363879 2.3972730369071504 412
1694715364183 2.3970677904251017 413
1694715364475 2.396867305137465 414
1694715364759 2.396671468118014 415
1694715365090 2.396480169118917 416
1694715365393 2.396293300507214 417
1694715365715 2.396110757202796 418
1694715366034 2.3959324366178567 419
1694715366313 2.395758238597778 420
1694715366655 2.3955880653634223 421
1694715367026 2.395421821454788 422
1694715367298 2.3952594136760057 423
1694715367630 2.395100751041634 424
1694715367927 2.3949457447242373 425
1694715368237 2.394794308003199 426
1694715368577 2.3946463562147517 427
1694715368885 2.3945018067031927 428
1694715369197 2.394360578773258 429
1694715369557 2.3942225936436223 430
1694715369808 2.394087774401504 431
1694715370112 2.3939560459583507 432
1694715370470 2.393827335006566 433
1694715370748 2.393701569977273 434
1694715371064 2.393578680999073 435
1694715371376 2.393458599857787 436
1694715371678 2.3933412599571455 437
1694715371996 2.3932265962804182 438
1694715372305 2.3931145453529497 439
1694715372664 2.3930050452055824 440
1694715372974 2.3928980353389515 441
1694715373303 2.392793456688623 442
1694715373669 2.3926912515910597 443
1694715373970 2.392591363750394 444
1694715374290 2.3924937382059928 445
1694715374622 2.3923983213007824 446
1694715374955 2.392305060650337 447
1694715375273 2.3922139051126887 448
1694715375661 2.39212480475886 449
1694715375978 2.3920377108440967 450
1694715376281 2.3919525757797775 451
1694715376642 2.391869353105994 452
1694715376993 2.3917879974647778 453
1694715377252 2.391708464573968 454
1694715377568 2.3916307112016915 455
1694715377842 2.3915546951414544 456
1694715378154 2.391480375187822 457
1694715378480 2.3914077111126737 458
1694715378791 2.391336663642025 459
1694715379029 2.391267194433396 460
1694715379406 2.3911992660537185 461
1694715379772 2.3911328419577647 462
1694715380019 2.391067886467093 463
1694715380311 2.3910043647494863 464
1694715380615 2.390942242798881 465
1694715380882 2.390881487415775 466
1694715381140 2.3908220661880937 467
1694715381463 2.3907639474725184 468
1694715381755 2.390707100376249 469
1694715382024 2.390651494739204 470
1694715382278 2.3905971011166423 471
1694715382592 2.3905438907621974 472
1694715382912 2.3904918356113125 473
1694715383256 2.390440908265068 474
1694715383620 2.3903910819743954 475
1694715383873 2.3903423306246654 476
