1694728536186 170.25223035331183 0
1694728536529 8.532416153471653 1
1694728536933 2.629071684381995 2
1694728537321 2.3777057841182963 3
1694728537870 2.373654831161194 4
1694728538429 2.3719739884887536 5
1694728538860 2.371717054144822 6
1694728539546 2.371256186496572 7
1694728540024 2.3708385931754736 8
1694728540460 2.3704138883088315 9
1694728540893 2.36999172518527 10
1694728541373 2.36957022920179 11
1694728541830 2.3691497602071503 12
1694728542291 2.368730245748507 13
1694728542913 2.368311697049355 14
1694728543415 2.367894109146725 15
1694728543791 2.367477480217617 16
1694728544383 2.367061807838691 17
1694728544782 2.3666470897101184 18
1694728545294 2.366233323515465 19
1694728545780 2.365820506948794 20
1694728546281 2.3654086377093946 21
1694728546582 2.364997713502782 22
1694728546985 2.3645877320404827 23
1694728547379 2.364178691040056 24
1694728547810 2.363770588225067 25
1694728548218 2.36336342132507 26
1694728548616 2.362957188075593 27
1694728549047 2.36255188621812 28
1694728549457 2.3621475135000707 29
1694728549923 2.361744067674785 30
1694728550394 2.3613415465015066 31
1694728550801 2.360939947745364 32
1694728551312 2.3605392691773543 33
1694728551701 2.3601395085743246 34
1694728552109 2.359740663718957 35
1694728552611 2.3593427323997487 36
1694728553031 2.3589457124109985 37
1694728553495 2.3585496015527876 38
1694728553961 2.3581543976309614 39
1694728554475 2.357760098457117 40
1694728554981 2.3573667018485804 41
1694728555419 2.356974205628396 42
1694728555770 2.356582607625306 43
1694728556190 2.3561919056737337 44
1694728556680 2.3558020976137684 45
1694728557304 2.3554131812911496 46
1694728557845 2.3550251545572483 47
1694728558297 2.3546380152690514 48
1694728558693 2.354251761289146 49
1694728558952 2.3538663904857025 50
1694728559376 2.3534819007324597 51
1694728559750 2.3530982899087047 52
1694728560094 2.3527155558992607 53
1694728560567 2.3523336965944717 54
1694728560964 2.3519527098901807 55
1694728561324 2.35157259368772 56
1694728561688 2.3511933458938925 57
1694728562016 2.350814964420954 58
1694728562464 2.3504374471866014 59
1694728562835 2.3500607921139545 60
1694728563203 2.349684997131539 61
1694728563721 2.349310060173275 62
1694728564175 2.3489359791784565 63
1694728564710 2.3485627520917394 64
1694728565071 2.3481903768631245 65
1694728565434 2.347818851447941 66
1694728565861 2.3474481738068342 67
1694728566281 2.3470783419057466 68
1694728566645 2.346709353715905 69
1694728567074 2.3463412072138055 70
1694728567503 2.345973900381195 71
1694728567883 2.3456074312050577 72
1694728568336 2.3452417976776037 73
1694728568791 2.344876997796247 74
1694728569274 2.3445130295635974 75
1694728569765 2.344149890987441 76
1694728570168 2.3437875800807255 77
1694728570597 2.343426094861547 78
1694728570992 2.3430654333531353 79
1694728571370 2.342705593583837 80
1694728571840 2.342346573587103 81
1694728572327 2.341988371401473 82
1694728572858 2.3416309850705592 83
1694728573330 2.341274412643036 84
1694728573746 2.34091865217262 85
1694728574144 2.3405637017180596 86
1694728574574 2.3402095593431187 87
1694728575005 2.3398562231165627 88
1694728575412 2.339503691112144 89
1694728575793 2.339151961408589 90
1694728576096 2.338801032089581 91
1694728576582 2.338450901243748 92
1694728577025 2.338101566964649 93
1694728577605 2.337753027350759 94
1694728577962 2.337405280505455 95
1694728578311 2.337058324536999 96
1694728578670 2.3367121575585315 97
1694728579077 2.3363667776880503 98
1694728579498 2.3360221830483994 99
1694728579907 2.335678371767255 100
1694728580372 2.335335341977112 101
1694728580681 2.3349930918152704 102
1694728581014 2.3346516194238203 103
1694728581530 2.3343109229496295 104
1694728581968 2.333971000544328 105
1694728582505 2.3336318503642977 106
1694728582880 2.3332934705706556 107
1694728583180 2.3329558593292417 108
1694728583634 2.332619014810606 109
1694728584043 2.332282935189994 110
1694728584527 2.3319476186473342 111
1694728584879 2.331613063367224 112
1694728585261 2.3312792675389162 113
1694728585638 2.3309462293563077 114
1694728586071 2.3306139470179237 115
1694728586593 2.3302824187269073 116
1694728587136 2.329951642691003 117
1694728587620 2.329621617122547 118
1694728588118 2.3292923402384513 119
1694728588590 2.328963810260192 120
1694728589144 2.328636025413798 121
1694728589681 2.3283089839298348 122
1694728590044 2.3279826840433944 123
1694728590486 2.3276571239940798 124
1694728590872 2.327332302025995 125
1694728591196 2.327008216387732 126
1694728591603 2.3266848653323535 127
1694728591965 2.3263622471173875 128
1694728592312 2.326040360004809 129
1694728592725 2.3257192022610305 130
1694728593097 2.3253987721568863 131
1694728593583 2.325079067967625 132
1694728593995 2.3247600879728916 133
1694728594379 2.3244418304567187 134
1694728594764 2.3241242937075124 135
1694728595073 2.3238074760180405 136
1694728595401 2.3234913756854203 137
1694728595781 2.323175991011107 138
1694728596240 2.322861320300879 139
1694728596626 2.3225473618648285 140
1694728596964 2.322234114017348 141
1694728597340 2.321921575077118 142
1694728597771 2.321609743367097 143
1694728598167 2.3212986172145045 144
1694728598571 2.320988194950815 145
1694728599004 2.320678474911742 146
1694728599462 2.3203694554372287 147
1694728599824 2.3200611348714326 148
1694728600187 2.319753511562718 149
1694728600563 2.3194465838636407 150
1694728601006 2.319140350130938 151
1694728601327 2.3188348087255166 152
1694728601708 2.3185299580124408 153
1694728602071 2.31822579636092 154
1694728602467 2.317922322144298 155
1694728602875 2.317619533740043 156
1694728603303 2.3173174295297323 157
1694728603759 2.3170160078990443 158
1694728604206 2.316715267237745 159
1694728604563 2.3164152059396756 160
1694728604923 2.3161158224027454 161
1694728605245 2.3158171150289153 162
1694728605659 2.3155190822241902 163
1694728606012 2.315221722398606 164
1694728606377 2.3149250339662175 165
1694728606841 2.314629015345089 166
1694728607234 2.3143336649572825 167
1694728607743 2.314038981228847 168
1694728608172 2.313744962589806 169
1694728608611 2.3134516074741467 170
1694728608999 2.3131589143198092 171
1694728609368 2.3128668815686786 172
1694728609827 2.3125755076665673 173
1694728610226 2.3122847910632105 174
1694728610537 2.3119947302122514 175
1694728610971 2.3117053235712306 176
1694728611304 2.3114165696015796 177
1694728611660 2.3111284667686034 178
1694728612069 2.310841013541474 179
1694728612402 2.3105542083932185 180
1694728612832 2.3102680498007078 181
1694728613237 2.3099825362446484 182
1694728613702 2.3096976662095674 183
1694728614163 2.3094134381838067 184
1694728614534 2.309129850659509 185
1694728614962 2.308846902132608 186
1694728615357 2.3085645911028188 187
1694728615728 2.3082829160736265 188
1694728616117 2.3080018755522773 189
1694728616445 2.307721468049765 190
1694728616806 2.3074416920808227 191
1694728617146 2.3071625461639145 192
1694728617642 2.3068840288212207 193
1694728618072 2.3066061385786307 194
1694728618355 2.306328873965731 195
1694728618748 2.3060522335157962 196
1694728619210 2.305776215765779 197
1694728619590 2.305500819256298 198
1694728619979 2.3052260425316304 199
1694728620332 2.3049518841396996 200
1694728620704 2.3046783426320663 201
1694728621079 2.3044054165639176 202
1694728621446 2.3041331044940585 203
1694728621811 2.3038614049849007 204
1694728622148 2.3035903166024516 205
1694728622472 2.3033198379163076 206
1694728622798 2.303049967499642 207
1694728623207 2.302780703929194 208
1694728623558 2.3025120457852624 209
1694728623842 2.3022439916516917 210
1694728624198 2.3019765401158665 211
1694728624498 2.301709689768699 212
1694728624826 2.301443439204618 213
1694728625174 2.3011777870215644 214
1694728625497 2.300912731820976 215
1694728625953 2.3006482722077823 216
1694728626278 2.3003844067903905 217
1694728626692 2.3001211341806798 218
1694728627057 2.2998584529939907 219
1694728627449 2.2995963618491135 220
1694728627795 2.299334859368283 221
1694728628176 2.2990739441771644 222
1694728628514 2.298813614904847 223
1694728628831 2.298553870183835 224
1694728629211 2.2982947086500345 225
1694728629588 2.29803612894275 226
1694728629960 2.2977781297046684 227
1694728630396 2.297520709581857 228
1694728630724 2.297263867223746 229
1694728630996 2.2970076012831284 230
1694728631372 2.2967519104161433 231
1694728631818 2.2964967932822704 232
1694728632249 2.29624224854432 233
1694728632675 2.2959882748684253 234
1694728633055 2.295734870924029 235
1694728633458 2.29548203538388 236
1694728633806 2.295229766924022 237
1694728634100 2.2949780642237823 238
1694728634478 2.2947269259657666 239
1694728634838 2.294476350835846 240
1694728635258 2.2942263375231535 241
1694728635664 2.2939768847200686 242
1694728636134 2.293727991122215 243
1694728636568 2.2934796554284467 244
1694728636910 2.293231876340841 245
1694728637403 2.292984652564691 246
1694728638054 2.2927379828084957 247
1694728638565 2.29249186578395 248
1694728638935 2.2922463002059383 249
1694728639299 2.2920012847925255 250
1694728639698 2.291756818264947 251
1694728640054 2.291512899347599 252
1694728640370 2.291269526768036 253
1694728640805 2.2910266992569555 254
1694728641270 2.2907844155481905 255
1694728641591 2.290542674378705 256
1694728642038 2.2903014744885826 257
1694728642364 2.290060814621018 258
1694728642740 2.289820693522308 259
1694728643187 2.289581109941846 260
1694728643567 2.2893420626321115 261
1694728643874 2.28910355034866 262
1694728644323 2.2888655718501196 263
1694728644669 2.2886281258981778 264
1694728645044 2.2883912112575757 265
1694728645435 2.2881548266960996 266
1694728645828 2.2879189709845726 267
1694728646207 2.287683642896846 268
1694728646655 2.28744884120979 269
1694728647005 2.28721456470329 270
1694728647375 2.2869808121602317 271
1694728647843 2.2867475823665013 272
1694728648194 2.286514874110968 273
1694728648516 2.286282686185485 274
1694728648869 2.2860510173848736 275
1694728649261 2.285819866506922 276
1694728649576 2.285589232352371 277
1694728649932 2.285359113724913 278
1694728650403 2.285129509431178 279
1694728650784 2.284900418280728 280
1694728651202 2.28467183908605 281
1694728651513 2.2844437706625462 282
1694728651847 2.2842162118285287 283
1694728652241 2.2839891614052084 284
1694728652609 2.2837626182166906 285
1694728653032 2.2835365810899657 286
1694728653438 2.2833110488549 287
1694728653874 2.283086020344231 288
1694728654343 2.2828614943935572 289
1694728654787 2.282637469841331 290
1694728655218 2.282413945528853 291
1694728655645 2.2821909203002613 292
1694728656043 2.281968393002527 293
1694728656429 2.2817463624854417 294
1694728656799 2.2815248276016176 295
1694728657212 2.2813037872064728 296
1694728657650 2.2810832401582273 297
1694728658042 2.280863185317895 298
1694728658493 2.280643621549276 299
1694728658941 2.280424547718949 300
1694728659349 2.280205962696264 301
1694728659683 2.279987865353336 302
1694728660033 2.2797702545650353 303
1694728660448 2.279553129208982 304
1694728660830 2.2793364881655385 305
1694728661294 2.279120330317802 306
1694728661716 2.278904654551595 307
1694728662127 2.278689459755463 308
1694728662544 2.278474744820662 309
1694728663057 2.2782605086411563 310
1694728663519 2.278046750113605 311
1694728663838 2.2778334681373598 312
1694728664272 2.277620661614459 313
1694728664682 2.277408329449614 314
1694728665099 2.2771964705502086 315
1694728665572 2.276985083826288 316
1694728665977 2.276774168190553 317
1694728666470 2.276563722558355 318
1694728666832 2.276353745847684 319
1694728667185 2.276144236979165 320
1694728667622 2.275935194876054 321
1694728668040 2.2757266184642226 322
1694728668482 2.27551850667216 323
1694728668827 2.27531085843096 324
1694728669293 2.2751036726743155 325
1694728669667 2.2748969483385157 326
1694728669992 2.2746906843624313 327
1694728670395 2.274484879687516 328
1694728670703 2.274279533257794 329
1694728671129 2.274074644019855 330
1694728671562 2.2738702109228477 331
1694728672023 2.2736662329184734 332
1694728672469 2.273462708960978 333
1694728672866 2.2732596380071457 334
1694728673340 2.2730570190162935 335
1694728673706 2.2728548509502615 336
1694728674026 2.272653132773411 337
1694728674378 2.2724518634526136 338
1694728674737 2.272251041957245 339
1694728675054 2.2720506672591823 340
1694728675366 2.271850738332792 341
1694728675701 2.271651254154927 342
1694728676039 2.2714522137049196 343
1694728676422 2.271253615964573 344
1694728676748 2.271055459918157 345
1694728677103 2.2708577445524014 346
1694728677510 2.270660468856488 347
1694728677906 2.2704636318220452 348
1694728678323 2.270267232443141 349
1694728678729 2.2700712697162784 350
1694728679051 2.269875742640385 351
1694728679466 2.2696806502168116 352
1694728679778 2.269485991449322 353
1694728680247 2.269291765344089 354
1694728680668 2.2690979709096846 355
1694728680997 2.2689046071570815 356
1694728681338 2.268711673099636 357
1694728681724 2.2685191677530896 358
1694728682188 2.268327090135562 359
1694728682706 2.26813543926754 360
1694728683185 2.2679442141718766 361
1694728683653 2.2677534138737827 362
1694728684072 2.2675630374008215 363
1694728684408 2.2673730837829 364
1694728684740 2.267183552052266 365
1694728685155 2.2669944412435004 366
1694728685688 2.2668057503935124 367
1694728686107 2.266617478541531 368
1694728686598 2.2664296247291005 369
1694728686926 2.266242188000075 370
1694728687343 2.2660551674006113 371
1694728687800 2.2658685619791625 372
1694728688170 2.2656823707864744 373
1694728688452 2.265496592875576 374
1694728688833 2.2653112273017766 375
1694728689203 2.2651262731226582 376
1694728689683 2.2649417293980703 377
1694728690031 2.2647575951901233 378
1694728690486 2.2645738695631827 379
1694728690824 2.264390551583865 380
1694728691206 2.264207640321028 381
1694728691582 2.26402513484577 382
1694728691945 2.263843034231418 383
1694728692354 2.26366133755353 384
1694728692730 2.2634800438898792 385
1694728693049 2.2632991523204558 386
1694728693421 2.26311866192746 387
1694728693801 2.2629385717952926 388
1694728694206 2.262758881010554 389
1694728694639 2.262579588662035 390
1694728695021 2.2624006938407124 391
1694728695426 2.262222195639744 392
1694728695807 2.2620440931544614 393
1694728696120 2.2618663854823655 394
1694728696532 2.261689071723121 395
1694728696957 2.2615121509785503 396
1694728697400 2.2613356223526266 397
1694728697904 2.2611594849514725 398
1694728698249 2.2609837378833486 399
1694728698649 2.2608083802586525 400
1694728699055 2.2606334111899113 401
1694728699532 2.260458829791778 402
1694728699880 2.2602846351810215 403
1694728700322 2.2601108264765264 404
1694728700699 2.2599374027992853 405
1694728700999 2.259764363272393 406
1694728701375 2.2595917070210407 407
1694728701831 2.259419433172511 408
1694728702178 2.259247540856175 409
1694728702548 2.259076029203482 410
1694728702897 2.2589048973479584 411
1694728703206 2.2587341444252007 412
1694728703570 2.2585637695728695 413
1694728703963 2.258393771930685 414
1694728704342 2.258224150640421 415
1694728704717 2.258054904845903 416
1694728705012 2.257886033692996 417
1694728705321 2.257717536329606 418
1694728705662 2.2575494119056714 419
1694728705980 2.2573816595731584 420
1694728706415 2.257214278486056 421
1694728706829 2.25704726780037 422
1694728707132 2.2568806266741177 423
1694728707485 2.2567143542673263 424
1694728707908 2.256548449742022 425
1694728708295 2.256382912262229 426
1694728708761 2.256217740993963 427
1694728709171 2.256052935105225 428
1694728709640 2.2558884937660006 429
1694728709976 2.2557244161482473 430
1694728710377 2.2555607014258965 431
1694728710764 2.255397348774845 432
1694728711043 2.255234357372951 433
1694728711411 2.2550717264000286 434
1694728711797 2.2549094550378435 435
1694728712091 2.254747542470106 436
1694728712425 2.254585987882468 437
1694728712805 2.2544247904625183 438
1694728713125 2.254263949399777 439
1694728713571 2.2541034638856887 440
1694728713929 2.2539433331136203 441
1694728714295 2.253783556278855 442
1694728714690 2.2536241325785875 443
1694728715024 2.253465061211919 444
1694728715358 2.253306341379852 445
1694728715746 2.253147972285285 446
1694728716086 2.252989953133011 447
1694728716403 2.2528322831297083 448
1694728716817 2.2526749614839368 449
1694728717149 2.2525179874061347 450
1694728717484 2.252361360108614 451
1694728717830 2.2522050788055528 452
1694728718122 2.252049142712993 453
1694728718494 2.251893551048835 454
1694728718909 2.2517383030328335 455
1694728719171 2.2515833978865905 456
1694728719550 2.2514288348335527 457
1694728720074 2.2512746130990084 458
1694728720472 2.2511207319100768 459
1694728720842 2.250967190495712 460
1694728721164 2.2508139880866884 461
1694728721555 2.250661123915606 462
1694728721995 2.250508597216877 463
1694728722350 2.250356407226728 464
1694728722749 2.250204553183191 465
1694728723090 2.250053034326102 466
1694728723479 2.249901849897093 467
1694728723876 2.24975099913959 468
1694728724175 2.249600481298807 469
1694728724582 2.249450295621744 470
1694728724952 2.249300441357178 471
1694728725239 2.249150917755664 472
1694728725587 2.2490017240695246 473
1694728726010 2.24885285955285 474
1694728726528 2.248704323461492 475
1694728727078 2.2485561150530597 476
1694728727510 2.248408233586915 477
1694728727971 2.248260678324166 478
1694728728359 2.2481134485276675 479
1694728728804 2.2479665434620113 480
1694728729162 2.2478199623935256 481
1694728729590 2.247673704590269 482
1694728730020 2.2475277693220264 483
1694728730435 2.247382155860304 484
1694728730876 2.2472368634783253 485
1694728731222 2.2470918914510274 486
1694728731560 2.2469472390550567 487
1694728731932 2.2468029055687637 488
1694728732250 2.246658890272198 489
1694728732562 2.2465151924471063 490
1694728732894 2.2463718113769273 491
1694728733224 2.2462287463467847 492
1694728733518 2.246085996643489 493
1694728733956 2.2459435615555257 494
1694728734292 2.2458014403730577 495
1694728734679 2.2456596323879165 496
1694728735047 2.2455181368936 497
1694728735313 2.2453769531852696 498
1694728735625 2.245236080559743 499
