1694733921963 168.8726089431785 0
1694733922264 165.02833355421564 1
1694733922639 163.1187079503943 2
1694733923061 161.22040962264202 3
1694733923416 159.34461400657 4
1694733923846 157.49098754135738 5
1694733924247 155.65926850588778 6
1694733924657 153.8491978690728 7
1694733925009 152.06051966563058 8
1694733925320 150.29298095739213 9
1694733925629 148.54633179751235 10
1694733925935 146.8203251950899 11
1694733926337 145.11471708020528 12
1694733926695 143.42926626937282 13
1694733926955 141.76373443140105 14
1694733927306 140.11788605365717 15
1694733927672 138.4914884087302 16
1694733927944 136.88431152148868 17
1694733928278 135.29612813652795 18
1694733928666 133.72671368600254 19
1694733928941 132.17584625783883 20
1694733929247 130.6433065643241 21
1694733929606 129.1288779110666 22
1694733929907 127.63234616632323 23
1694733930246 126.15349973068973 24
1694733930719 124.6921295071495 25
1694733930980 123.24802887147663 26
1694733931384 121.82099364298912 27
1694733931806 120.41082205564788 28
1694733932076 119.01731472949768 29
1694733932347 117.64027464244585 30
1694733932640 116.27950710237491 31
1694733933024 114.93481971958474 32
1694733933385 113.60602237956125 33
1694733933724 112.2929272160665 34
1694733934026 110.99534858454764 35
1694733934320 109.7131030358601 36
1694733934633 108.44600929030165 37
1694733934918 107.19388821195363 38
1694733935287 105.95656278332558 39
1694733935632 104.73385808029994 40
1694733935938 103.5256012473729 41
1694733936211 102.33162147318824 42
1694733936502 101.15174996636054 43
1694733936837 99.98581993158437 44
1694733937110 98.83366654602595 45
1694733937501 97.69512693599425 46
1694733937873 96.57004015388783 47
1694733938138 95.45824715541445 48
1694733938475 94.35959077708019 49
1694733938844 93.27391571394463 50
1694733939139 92.2010684976394 51
1694733939467 91.14089747464652 52
1694733939830 90.09325278483381 53
1694733940137 89.05798634024401 54
1694733940459 88.03495180413506 55
1694733940993 87.02400457026796 56
1694733941341 86.02500174243987 57
1694733941747 85.03780211425921 58
1694733942092 84.06226614915991 59
1694733942423 83.09825596065222 60
1694733942748 82.14563529280692 61
1694733943035 81.20426950097044 62
1694733943269 80.27402553270828 63
1694733943626 79.35477190897332 64
1694733943932 78.44637870549755 65
1694733944267 77.54871753440331 66
1694733944665 76.66166152603238 67
1694733944989 75.78508531098981 68
1694733945313 74.91886500240037 69
1694733945698 74.06287817837445 70
1694733946028 73.21700386468183 71
1694733946321 72.38112251763009 72
1694733946622 71.55511600714568 73
1694733946961 70.7388676000549 74
1694733947222 69.93226194356289 75
1694733947518 69.13518504892785 76
1694733947862 68.34752427532847 77
1694733948162 67.56916831392208 78
1694733948496 66.80000717209141 79
1694733948914 66.03993215787771 80
1694733949238 65.28883586459791 81
1694733949578 64.54661215564381 82
1694733949888 63.813156149460994 83
1694733950224 63.08836420470545 84
1694733950583 62.3721339055758 85
1694733950893 61.66436404731891 86
1694733951232 60.964954621907026 87
1694733951593 60.273806803884284 88
1694733951899 59.590822936380604 89
1694733952154 58.915906517291106 90
1694733952519 58.24896218561888 91
1694733952847 57.589895707979345 92
1694733953142 56.93861396526418 93
1694733953581 56.295024939463154 94
1694733954029 55.659037700641605 95
1694733954320 55.03056239407205 96
1694733954655 54.40951022751809 97
1694733954991 53.79579345866852 98
1694733955380 53.18932538272028 99
1694733955767 52.590020320108046 100
1694733956121 51.997793604379176 101
1694733956449 51.41256157021195 102
1694733956816 50.8342415415755 103
1694733957137 50.26275182002988 104
1694733957444 49.698011673164395 105
1694733957764 49.13994132317283 106
1694733958166 48.588461935563664 107
1694733958501 48.043495608003916 108
1694733958879 47.504965359294935 109
1694733959176 46.97279511847846 110
1694733959481 46.44690971407176 111
1694733959844 45.92723486342982 112
1694733960157 45.41369716223358 113
1694733960545 44.9062240741024 114
1694733960892 44.404743920329395 115
1694733961223 43.90918586973816 116
1694733961497 43.419479928659534 117
1694733961895 42.935556931026845 118
1694733962250 42.4573485285883 119
1694733962562 41.98478718123525 120
1694733962866 41.51780614744469 121
1694733963198 41.05633947483492 122
1694733963611 40.60032199083289 123
1694733963964 40.149689293451836 124
1694733964275 39.70437774217815 125
1694733964679 39.264324448965915 126
1694733965031 38.82946726933799 127
1694733965328 38.39974479359238 128
1694733965676 37.97509633811253 129
1694733966008 37.5554619367805 130
1694733966319 37.14078233249167 131
1694733966642 36.73099896876969 132
1694733966943 36.32605398148085 133
1694733967276 35.925890190646136 134
1694733967586 35.53045109235042 135
1694733967920 35.13968085074721 136
1694733968253 34.7535242901579 137
1694733968557 34.371926887264564 138
1694733968889 33.99483476339513 139
1694733969211 33.62219467689966 140
1694733969600 33.253954015616905 141
1694733969942 32.89006078942996 142
1694733970272 32.530463622909885 143
1694733970568 32.17511174804641 144
1694733970896 31.82395499706462 145
1694733971250 31.47694379532657 146
1694733971625 31.134029154316803 147
1694733972059 30.795162664710972 148
1694733972415 30.46029648952631 149
1694733972765 30.129383357353174 150
1694733973085 29.80237655566662 151
1694733973450 29.479229924217126 152
1694733973814 29.159897848499433 153
1694733974163 28.844335253298635 154
1694733974449 28.532497596312673 155
1694733974769 28.224340861850166 156
1694733975091 27.919821554602827 157
1694733975383 27.61889669349151 158
1694733975713 27.321523805585134 159
1694733976052 27.027660920091346 160
1694733976369 26.73726656241846 161
1694733976701 26.450299748307494 162
1694733977021 26.166719978033658 163
1694733977344 25.88648723067641 164
1694733977693 25.609561958457274 165
1694733978084 25.3359050811447 166
1694733978479 25.06547798052495 167
1694733978900 24.798242494938528 168
1694733979256 24.53416091388117 169
1694733979562 24.273195972668635 170
1694733979855 24.015310847164695 171
1694733980159 23.76046914857141 172
1694733980455 23.508634918281057 173
1694733980794 23.259772622788926 174
1694733981132 23.013847148666272 175
1694733981412 22.770823797592733 176
1694733981833 22.530668281447564 177
1694733982151 22.293346717458792 178
1694733982444 22.05882562340986 179
1694733982767 21.82707191290294 180
1694733983117 21.598052890678197 181
1694733983523 21.37173624798852 182
1694733983909 21.148090058028867 183
1694733984213 20.927082771419713 184
1694733984499 20.70868321174391 185
1694733984836 20.492860571136315 186
1694733985148 20.27958440592561 187
1694733985469 20.068824632327644 188
1694733985837 19.860551522189706 189
1694733986139 19.65473569878515 190
1694733986469 19.451348132657742 191
1694733986799 19.25036013751516 192
1694733987145 19.051743366171046 193
1694733987493 18.855469806535115 194
1694733987841 18.661511777650592 195
1694733988246 18.469841925778564 196
1694733988556 18.28043322052869 197
1694733988814 18.093258951035587 198
1694733989112 17.908292722180466 199
1694733989436 17.725508450857493 200
1694733989746 17.54488036228424 201
1694733990055 17.366382986355852 202
1694733990433 17.189991154042254 203
1694733990728 17.015679993828023 204
1694733991046 16.843424928194366 205
1694733991369 16.67320167014262 206
1694733991688 16.504986219758997 207
1694733991977 16.338754860819847 208
1694733992301 16.174484157437163 209
1694733992632 16.012150950743678 210
1694733992984 15.851732355617205 211
1694733993342 15.6932057574437 212
1694733993694 15.536548808918669 213
1694733993935 15.381739426886288 214
1694733994240 15.228755789216036 215
1694733994564 15.077576331716154 216
1694733994941 14.92817974508368 217
1694733995305 14.780544971890546 218
1694733995634 14.634651203605264 219
1694733995947 14.490477877649926 220
1694733996258 14.348004674491923 221
1694733996575 14.207211514770123 222
1694733996840 14.06807855645499 223
1694733997162 13.930586192042336 224
1694733997459 13.794715045780203 225
1694733997794 13.660445970928594 226
1694733998116 13.52776004705159 227
1694733998434 13.396638577341497 228
1694733998777 13.26706308597462 229
1694733999062 13.139015315498334 230
1694733999359 13.012477224249059 231
1694733999674 12.887430983800737 232
1694733999962 12.763858976443522 233
1694734000265 12.641743792692282 234
1694734000592 12.521068228824525 235
1694734000881 12.401815284447514 236
1694734001149 12.283968160094089 237
1694734001413 12.167510254846952 238
1694734001739 12.052425163991057 239
1694734002021 11.938696676693757 240
1694734002274 11.826308773712348 241
1694734002603 11.715245625128773 242
1694734002846 11.605491588111125 243
1694734003096 11.497031204701573 244
1694734003386 11.389849199630468 245
1694734003693 11.283930478156307 246
1694734003976 11.179260123931275 247
1694734004296 11.075823396891963 248
1694734004554 10.973605731175066 249
1694734004832 10.87259273305772 250
1694734005078 10.772770178922256 251
1694734005342 10.67412401324489 252
1694734005678 10.576640346608356 253
1694734005972 10.480305453737918 254
1694734006291 10.385105771560688 255
1694734006671 10.291027897287856 256
1694734006948 10.198058586519585 257
1694734007292 10.106184751372357 258
1694734007657 10.015393458628482 259
1694734008023 9.925671927907391 260
1694734008324 9.83700752985868 261
1694734008592 9.749387784376422 262
1694734008864 9.66280035883469 263
1694734009211 9.577233066343842 264
1694734009601 9.4926738640275 265
1694734009878 9.409110851319914 266
1694734010164 9.326532268283394 267
1694734010449 9.244926493945707 268
1694734010747 9.164282044657101 269
1694734011085 9.084587572466749 270
1694734011417 9.005831863518443 271
1694734011838 8.928003836465198 272
1694734012152 8.851092540902657 273
1694734012471 8.775087155820978 274
1694734012772 8.699976988075067 275
1694734013073 8.625751470872874 276
1694734013464 8.55240016228158 277
1694734013821 8.479912743751447 278
1694734014128 8.408279018657113 279
1694734014454 8.337488910856177 280
1694734014764 8.267532463264763 281
1694734015091 8.198399836449987 282
1694734015415 8.130081307239053 283
1694734015782 8.062567267344773 284
1694734016117 7.995848222007379 285
1694734016452 7.929914788652358 286
1694734016768 7.8647576955642124 287
1694734017066 7.800367780575834 288
1694734017339 7.7367359897734245 289
1694734017671 7.67385337621673 290
1694734017943 7.611711098674387 291
1694734018322 7.550300420374256 292
1694734018669 7.489612707768472 293
1694734018981 7.4296394293131724 294
1694734019335 7.370372154262617 295
1694734019689 7.31180255147755 296
1694734020019 7.253922388247716 297
1694734020434 7.196723529128224 298
1694734020769 7.140197934789726 299
1694734021046 7.084337660882175 300
1694734021358 7.029134856912003 301
1694734021755 6.974581765132599 302
1694734022022 6.920670719447929 303
1694734022309 6.867394144329047 304
1694734022719 6.814744553743506 305
1694734023014 6.762714550097345 306
1694734023282 6.71129682318966 307
1694734023705 6.660484149179516 308
1694734024036 6.61026938956502 309
1694734024372 6.5606454901745614 310
1694734024706 6.511605480169898 311
1694734025071 6.463142471061076 312
1694734025390 6.415249655733004 313
1694734025773 6.367920307483492 314
1694734026051 6.321147779072711 315
1694734026322 6.274925501783871 316
1694734026632 6.229246984495019 317
1694734026913 6.18410581276178 318
1694734027294 6.139495647911011 319
1694734027619 6.095410226145113 320
1694734027929 6.051843357656911 321
1694734028227 6.008788925755119 322
1694734028536 5.966240886000011 323
1694734028917 5.9241932653493885 324
1694734029194 5.882640161314622 325
1694734029591 5.841575741126696 326
1694734029909 5.800994240912069 327
1694734030182 5.760889964878342 328
1694734030543 5.7212572845095035 329
1694734030892 5.682090637770698 330
1694734031212 5.643384528322419 331
1694734031561 5.605133524743995 332
1694734031960 5.5673322597662125 333
1694734032288 5.529975429513094 334
1694734032716 5.493057792752543 335
1694734033026 5.4565741701559345 336
1694734033382 5.420519443566395 337
1694734033765 5.384888555275795 338
1694734034138 5.349676507310269 339
1694734034494 5.314878360724123 340
1694734034853 5.280489234902202 341
1694734035155 5.246504306870403 342
1694734035491 5.212918810614426 343
1694734035819 5.179728036406513 344
1694734036133 5.146927330140173 345
1694734036545 5.114512092672796 346
1694734036982 5.08247777917599 347
1694734037331 5.0508198984936685 348
1694734037643 5.019534012507651 349
1694734037990 4.988615735510815 350
1694734038419 4.958060733587657 351
1694734038821 4.92786472400215 352
1694734039122 4.898023474592874 353
1694734039464 4.868532803175262 354
1694734039837 4.839388576950955 355
1694734040176 4.8105867119240955 356
1694734040541 4.782123172324559 357
1694734040878 4.753993970037988 358
1694734041180 4.7261951640425615 359
1694734041557 4.698722859852446 360
1694734041986 4.671573208967821 361
1694734042297 4.644742408331351 362
1694734042641 4.6182266997911725 363
1694734042979 4.592022369570195 364
1694734043371 4.566125747741638 365
1694734043784 4.540533207710822 366
1694734044098 4.515241165703064 367
1694734044380 4.490246080257637 368
1694734044616 4.465544451727682 369
1694734044936 4.441132821786089 370
1694734045274 4.417007772937162 371
1694734045665 4.393165928034105 372
1694734045965 4.3696039498021735 373
1694734046231 4.3463185403674895 374
1694734046572 4.323306440791415 375
1694734046915 4.300564430610448 376
1694734047177 4.278089327381535 377
1694734047453 4.255877986232771 378
1694734047843 4.233927299419417 379
1694734048170 4.212234195885151 380
1694734048487 4.190795640828527 381
1694734048871 4.169608635274538 382
1694734049174 4.14867021565127 383
1694734049503 4.127977453371526 384
1694734049858 4.107527454419444 385
1694734050196 4.087317358941939 386
1694734050529 4.067344340845043 387
1694734050842 4.047605607394977 388
1694734051151 4.028098398823941 389
1694734051519 4.0088199879405675 390
1694734051894 3.989767679745011 391
1694734052191 3.9709388110485304 392
1694734052600 3.9523307500976186 393
1694734052938 3.9339408962025573 394
1694734053235 3.9157666793703663 395
1694734053602 3.897805559942065 396
1694734053942 3.8800550282342847 397
1694734054236 3.862512604185047 398
1694734054556 3.8451758370037883 399
1694734054934 3.828042304825473 400
1694734055209 3.8111096143688385 401
1694734055488 3.7943754005986703 402
1694734055853 3.7778373263920275 403
1694734056178 3.7614930822084625 404
1694734056482 3.7453403857641456 405
1694734056813 3.7293769817097906 406
1694734057195 3.7136006413124405 407
1694734057480 3.6980091621409774 408
1694734057798 3.682600367755384 409
1694734058134 3.667372107399634 410
1694734058432 3.6523222556982695 411
1694734058762 3.637448712356519 412
1694734059096 3.6227494018639774 413
1694734059504 3.608222273201794 414
1694734059811 3.5938652995533116 415
1694734060123 3.579676478018145 416
1694734060475 3.565653829329602 417
1694734060862 3.551795397575495 418
1694734061221 3.5380992499222095 419
1694734061548 3.5245634763420646 420
1694734061964 3.5111861893438685 421
1694734062316 3.49796552370669 422
1694734062681 3.4848996362167557 423
1694734063013 3.4719867054074682 424
1694734063289 3.459224931302483 425
1694734063667 3.4466125351618437 426
1694734064070 3.4341477592310987 427
1694734064331 3.4218288664933993 428
1694734064586 3.409654140424515 429
1694734064920 3.3976218847507593 430
1694734065231 3.3857304232097536 431
1694734065530 3.373978099314052 432
1694734065850 3.3623632761175304 433
1694734066228 3.3508843359845573 434
1694734066564 3.3395396803618747 435
1694734066887 3.3283277295531937 436
1694734067219 3.317246922496441 437
1694734067483 3.306295716543652 438
1694734067844 3.2954725872434576 439
1694734068197 3.284776028126128 440
1694734068582 3.2742045504911887 441
1694734068948 3.2637566831975207 442
1694734069246 3.2534309724559503 443
1694734069546 3.243225981624306 444
1694734069860 3.233140291004866 445
1694734070216 3.2231724976442218 446
1694734070523 3.2133212151355015 447
1694734070887 3.203585073422945 448
1694734071266 3.193962718608758 449
1694734071591 3.1844528127622818 450
1694734071932 3.175054033731399 451
1694734072283 3.165765074956165 452
1694734072594 3.1565846452846733 453
1694734072982 3.1475114687910457 454
1694734073346 3.1385442845956244 455
1694734073706 3.1296818466872645 456
1694734073958 3.12092292374773 457
1694734074195 3.1122662989781547 458
1694734074468 3.103710769927585 459
1694734074858 3.095255148323512 460
1694734075179 3.0868982599044354 461
1694734075485 3.0786389442543873 462
1694734075816 3.070476054639435 463
1694734076185 3.062408457846074 464
1694734076491 3.0544350340215867 465
1694734076792 3.046554676516244 466
1694734077071 3.038766291727381 467
1694734077378 3.031068798945348 468
1694734077722 3.0234611302012238 469
1694734078060 3.0159422301163827 470
1694734078414 3.0085110557538144 471
1694734078735 3.0011665764711966 472
1694734079063 2.9939077737757147 473
1694734079454 2.9867336411806082 474
1694734079738 2.9796431840633755 475
1694734080075 2.972635419525701 476
1694734080390 2.965709376254999 477
1694734080714 2.958864094387617 478
1694734081028 2.952098625373645 479
1694734081347 2.9454120318433263 480
1694734081661 2.9388033874750517 481
1694734082006 2.9322717768649027 482
1694734082398 2.9258162953977416 483
1694734082723 2.9194360491198355 484
1694734083062 2.913130154612965 485
1694734083398 2.9068977388700397 486
1694734083759 2.90073793917217 487
1694734084035 2.8946499029672013 488
1694734084384 2.888632787749681 489
1694734084743 2.882685760942234 490
1694734085084 2.876807999778363 491
1694734085428 2.8709986911866046 492
1694734085716 2.86525703167608 493
1694734086087 2.8595822272233864 494
1694734086385 2.853973493160822 495
1694734086672 2.848430054065937 496
1694734087041 2.842951143652393 497
1694734087388 2.837536004662103 498
1694734087681 2.832183888758653 499
