1694717866572 24.54611016181975 0
1694717866816 4.3834949515777195 1
1694717867013 3.29763144477219 2
1694717867281 2.42048825511664 3
1694717867512 2.4440470444691718 4
1694717867739 1.562755221633332 5
1694717867982 2.334964072936384 6
1694717868194 2.8050171227934673 7
1694717868410 1.984688625422036 8
1694717868625 2.0602487916951224 9
1694717868919 2.950280482887836 10
1694717869185 2.099177973870544 11
1694717869473 2.3574052649977055 12
1694717869723 2.009700926174448 13
1694717869958 2.366383657553968 14
1694717870204 2.44082185380678 15
1694717870445 2.162652669097165 16
1694717870707 1.498072529382504 17
1694717870956 2.734732870266737 18
1694717871175 1.6216765808994893 19
1694717871439 2.449362751376591 20
1694717871725 1.9889969783249994 21
1694717871988 2.7174291134849913 22
1694717872149 1.7869809320971846 23
1694717872372 1.4765902047091701 24
1694717872628 1.9142962037989795 25
1694717872891 1.6398789600081494 26
1694717873132 2.0131818414963774 27
1694717873283 2.928378393994359 28
1694717873480 1.8064111316223082 29
1694717873691 2.1514190780130136 30
1694717873939 2.382666134766597 31
1694717874127 2.516803718952299 32
1694717874359 1.3453037575457762 33
1694717874545 2.4019922237778326 34
1694717874815 1.5380528797807937 35
1694717875055 2.7703814061145744 36
1694717875217 2.1172214227119026 37
1694717875402 1.7919621587183923 38
1694717875579 1.4609569649028304 39
1694717875845 2.0686355473751927 40
1694717876141 2.5638276969409177 41
1694717876410 1.9072520293406074 42
1694717876649 1.7337931670411653 43
1694717876922 1.8000716664419267 44
1694717877142 3.126753163437091 45
1694717877392 2.7988632023502027 46
1694717877623 2.6199061947903126 47
1694717877858 1.4357917611479283 48
1694717878134 1.4535188702147794 49
