1694744628582 165.47032345721448 0
1694744628900 128.93515973912983 1
1694744629276 116.23557673340693 2
1694744629643 103.77120124396752 3
1694744629936 92.73341065973403 4
1694744630300 82.89404993539415 5
1694744630718 74.12685718779576 6
1694744631065 66.31473969776442 7
1694744631444 59.353639771538816 8
1694744631818 53.15082397849052 9
1694744632187 47.623666195879736 10
1694744632516 42.698544973414755 11
1694744632852 38.30986217206129 12
1694744633193 34.399168501067535 13
1694744633532 30.914384370604925 14
1694744633859 27.809105666790874 15
1694744634126 25.04198519306357 16
1694744634531 22.576181530509714 17
1694744634885 20.378867968713 18
1694744635175 18.420794959654618 19
1694744635499 16.675900260858146 20
1694744635849 15.120961569843555 21
1694744636169 13.735287018518143 22
1694744636518 12.500439400941227 23
1694744636897 11.399990457684112 24
1694744637188 10.419301940766491 25
1694744637628 9.54533054022721 26
1694744637969 8.766454071543825 27
1694744638329 8.07231660659302 28
1694744638714 7.453690483423041 29
1694744639133 6.902353355158013 30
1694744639484 6.410978638872452 31
1694744639830 5.973037903936857 32
1694744640211 5.5827138985240214 33
1694744640585 5.234823054802941 34
1694744640947 4.924746439725031 35
1694744641305 4.648368230909592 36
1694744641633 4.402020897465179 37
1694744641986 4.182436354976752 38
1694744642256 3.9867024435387264 39
1694744642587 3.8122241486823674 40
1694744642889 3.656689048278861 41
1694744643210 3.5180365248404035 42
1694744643611 3.394430332841485 43
1694744643940 3.284234155410764 44
1694744644239 3.18598982459706 45
1694744644624 3.0983979149222134 46
1694744644936 3.020300451572429 47
1694744645268 2.9506655027701547 48
1694744645632 2.8885734509862586 49
1694744646034 2.833204760032378 50
1694744646316 2.7838290750140224 51
1694744646658 2.739795509892351 52
1694744646959 2.700523993233331 53
1694744647255 2.665497556828289 54
1694744647608 2.634255464437845 55
1694744647916 2.6063870891092757 56
1694744648275 2.5815264574950354 57
1694744648638 2.559347388490211 58
1694744648976 2.5395591614279205 59
1694744649321 2.521902656129447 60
1694744649679 2.506146913394541 61
1694744649957 2.492086070120477 62
1694744650408 2.4795366282309756 63
1694744650747 2.4683350210444757 64
1694744651091 2.458335444674796 65
1694744651437 2.449407925588787 66
1694744651775 2.44143659859226 67
1694744652243 2.434318172319212 68
1694744652660 2.4279605617975157 69
1694744653019 2.4222816698901624 70
1694744653321 2.4172083013944428 71
1694744653614 2.4126751953486263 72
1694744653950 2.4086241626702765 73
1694744654291 2.405003317653305 74
1694744654617 2.401766393100962 75
1694744655037 2.3988721299857847 76
1694744655330 2.3962837335200304 77
1694744655689 2.3939683884043745 78
1694744656036 2.3918968268106453 79
1694744656336 2.3900429433564003 80
1694744656707 2.3883834519547507 81
1694744657003 2.3868975799802308 82
1694744657355 2.385566795688144 83
1694744657712 2.384374565267417 84
1694744658068 2.383306136301251 85
1694744658352 2.38234834476125 86
1694744658620 2.38148944297378 87
1694744658997 2.3807189462762355 88
1694744659297 2.3800274963294985 89
1694744659763 2.3794067392743212 90
1694744660217 2.3788492171167483 91
1694744660530 2.378348270903511 92
1694744660866 2.3778979544050407 93
1694744661216 2.37749295716338 94
1694744661523 2.377128535886648 95
1694744661896 2.3768004532826086 96
1694744662275 2.376504923522664 97
1694744662633 2.376238563615609 98
1694744662950 2.375998350048936 99
1694744663278 2.3757815801253543 100
1694744663597 2.375585837484483 101
1694744663909 2.37540896135517 102
1694744664260 2.375249019133332 103
1694744664566 2.3751042819243064 104
1694744664823 2.3749732027279458 105
1694744665123 2.3748543969796954 106
1694744665433 2.374746625192084 107
1694744665760 2.374648777468829 108
1694744666073 2.3745598596885413 109
1694744666352 2.374478981177068 110
1694744666689 2.3744053437071835 111
1694744667032 2.3743382316818744 112
1694744667352 2.374277003373058 113
1694744667696 2.3742210831015225 114
1694744668043 2.3741699542562644 115
1694744668318 2.374123153062451 116
1694744668579 2.374080263017109 117
1694744668896 2.3740409099203883 118
1694744669260 2.374004757438111 119
1694744669576 2.3739715031382698 120
1694744669861 2.373940874950353 121
1694744670315 2.37391262800194 122
1694744670630 2.373886541791911 123
1694744670914 2.373862417664056 124
1694744671132 2.3738400765487655 125
1694744671464 2.3738193569439874 126
1694744671816 2.3738001131097666 127
1694744672171 2.3737822134534414 128
1694744672502 2.373765539085064 129
1694744672887 2.3737499825248127 130
1694744673157 2.37373544654614 131
1694744673441 2.373721843140147 132
1694744673845 2.3737090925882374 133
1694744674106 2.373697122631526 134
