1694734445578 169.41744068394323 0
1694734445881 8.555658177742947 1
1694734446157 69.83551813648016 2
1694734446495 11.781966915427303 3
1694734446828 32.76985587278371 4
1694734447147 10.723637753184939 5
1694734447497 17.32225805650136 6
1694734447843 8.442850295417088 7
1694734448233 10.214204890687396 8
1694734448589 6.3815412081782545 9
1694734448922 6.673764169844499 10
1694734449308 4.886279489957558 11
1694734449649 4.803569152466783 12
1694734449992 3.901511669290458 13
1694734450315 3.7741513168207517 14
1694734450589 3.284739403054269 15
1694734450870 3.191521471873455 16
1694734451174 2.90930038055092 17
1694734451571 2.85553657029966 18
1694734451846 2.684664047113088 19
1694734452183 2.65926382881406 20
1694734452504 2.5517401170258958 21
1694734452858 2.5434982754599647 22
1694734453240 2.4736921242159124 23
1694734453608 2.474660280724315 24
1694734454003 2.4281360233234515 25
1694734454326 2.4333978837544143 26
1694734454806 2.4016744116114754 27
1694734455048 2.408439731243539 28
1694734455394 2.386364979825497 29
1694734455748 2.393172964390126 30
1694734456053 2.377530298704167 31
1694734456353 2.383696889134596 32
1694734456697 2.372429889194334 33
1694734457030 2.377700334156752 34
1694734457345 2.369465670812491 35
1694734457631 2.3738081499528594 36
1694734457886 2.367710389441713 37
1694734458304 2.3711984770684977 38
1694734458630 2.3666292136075393 39
1694734458918 2.3693776378750795 40
1694734459235 2.3659159959229497 41
1694734459579 2.368047303539942 42
1694734459870 2.3653972730199198 43
1694734460232 2.3670258882039863 44
1694734460603 2.3649761484993697 45
1694734460922 2.3662019015501654 46
1694734461193 2.3645995968417104 47
1694734461525 2.365506180541112 48
1694734461868 2.3642394884307576 49
1694734462244 2.364895299162008 50
1694734462573 2.363881633039629 51
1694734462874 2.364341612544949 52
1694734463262 2.3635194955742596 53
1694734463612 2.3638272498468362 54
1694734463920 2.363150624371149 55
1694734464241 2.3633404654390358 56
1694734464568 2.3627746468491213 57
1694734464813 2.362873404492436 58
1694734465059 2.3623921650718054 59
1694734465426 2.3624207212834976 60
1694734465778 2.3620041635493445 61
1694734466026 2.36197871491749 62
1694734466326 2.3616117051182313 63
1694734466657 2.3615447814939987 64
1694734466960 2.3612157860634 65
