1694734261003 169.56414812628753 0
1694734261366 8.618681608492617 1
1694734261725 70.04376153956272 2
1694734262030 11.890796881684594 3
1694734262414 32.955990830740134 4
1694734262773 10.840225757114908 5
1694734263051 17.469193028736484 6
1694734263350 8.546191213686622 7
1694734263713 10.32505029938854 8
1694734264050 6.465349466236841 9
1694734264336 6.756193413040605 10
1694734264726 4.951552714916123 11
1694734264990 4.865056616329254 12
1694734265270 3.9517894554882145 13
1694734265569 3.820762768966377 14
1694734265870 3.3238438730490794 15
1694734266145 3.227821188263763 16
1694734266450 2.940482726114849 17
1694734266824 2.8848165517469453 18
1694734267103 2.7104115425183024 19
1694734267407 2.6838318233312957 20
1694734267727 2.5738455867561307 21
1694734268076 2.5649381956854627 22
1694734268369 2.49339978707127 23
1694734268673 2.4940414141429508 24
1694734268959 2.4462870307198568 25
1694734269328 2.451432626825111 26
1694734269631 2.418826524172194 27
1694734269928 2.42559769911877 28
1694734270361 2.402882492553116 29
1694734270723 2.4097611228615987 30
1694734271006 2.3936481968337433 31
1694734271377 2.3999145694038853 32
1694734271719 2.3882981098957496 33
1694734272086 2.393676341021395 34
1694734272407 2.38517893115415 35
1694734272742 2.3896254411092714 36
1694734273015 2.3833279395886326 37
1694734273328 2.386910390961398 38
1694734273716 2.3821877408552603 39
1694734274075 2.385018466801247 40
1694734274379 2.3814379609452936 41
1694734274756 2.383639131827208 42
1694734275075 2.380896244246228 43
1694734275391 2.382582989124586 44
1694734275679 2.3804601867530466 45
1694734275993 2.3817335520095946 46
1694734276332 2.3800733859131578 47
1694734276630 2.381018457302964 48
1694734276917 2.379705665811594 49
1694734277215 2.380392223065289 50
1694734277500 2.379341614372178 51
1694734277803 2.3798258770663083 52
1694734278125 2.378973980900084 53
1694734278495 2.3793006854809917 54
1694734278825 2.3785999057823766 55
1694734279198 2.3788043364780393 56
1694734279514 2.3782187930839296 57
1694734279842 2.3783285995388095 58
1694734280134 2.377831130461798 59
1694734280467 2.3778678763349634 60
1694734280840 2.3774378508845144 61
1694734281140 2.377418293569785 62
1694734281415 2.377040000749185 63
1694734281791 2.3769771277643392 64
1694734282185 2.376638578512725 65
1694734282545 2.376542435214063 66
1694734282895 2.376234466004312 67
1694734283230 2.376112810134683 68
1694734283547 2.375828408310216 69
1694734283903 2.3756872239102744 70
1694734284223 2.3754210176087667 71
1694734284583 2.3752649163861213 72
1694734284901 2.375012787510843 73
1694734285163 2.3748453210858886 74
1694734285508 2.3746041108085376 75
1694734285816 2.374428012913664 76
1694734286116 2.374195297087957 77
1694734286444 2.374012671017891 78
1694734286783 2.373786588610696 79
1694734287074 2.3735990520565498 80
1694734287349 2.3733781739040416 81
1694734287669 2.37318697071707 82
1694734288031 2.3729701990230194 83
1694734288356 2.37277628537529 84
1694734288688 2.3725627766882353 85
1694734288996 2.372366887446133 86
1694734289274 2.372155993593451 87
1694734289598 2.371958693419207 88
1694734289969 2.3717499161897972 89
1694734290278 2.3715516388679014 90
1694734290578 2.371344595230305 91
1694734290857 2.3711456739220154 92
1694734291161 2.370940069321035 93
1694734291449 2.370740759833771 94
1694734291767 2.3705363676847275 95
1694734292140 2.3703368663655544 96
1694734292430 2.37013351230509 97
1694734292754 2.369933969798213 98
1694734293070 2.3697315195867215 99
1694734293433 2.3695320514097915 100
1694734293837 2.3693304016378685 101
1694734294190 2.369131096311965 102
1694734294586 2.3689301672604044 103
1694734294914 2.368731092559117 104
1694734295201 2.3685308227130886 105
1694734295519 2.368332030465593 106
1694734295801 2.3681323722995815 107
1694734296116 2.3679339020821653 108
1694734296403 2.367734818821183 109
1694734296824 2.367536700794371 110
1694734297183 2.3673381639252584 111
1694734297501 2.3671404210142333 112
1694734297842 2.3669424083732964 113
1694734298175 2.3667450579435934 114
1694734298517 2.3665475522470745 115
1694734298873 2.366350607392364 116
1694734299219 2.3661535951071984 117
1694734299506 2.365957065638946 118
1694734299844 2.36576053611499 119
1694734300168 2.365564429323004 120
1694734300424 2.365368374126193 121
1694734300663 2.3651726953630883 122
1694734300971 2.3649771077629915 123
1694734301299 2.36478186089335 124
1694734301618 2.364586735469379 125
1694734301954 2.364391923214909 126
1694734302235 2.364197255553693 127
1694734302554 2.3640028797584822 128
1694734302844 2.363808666221319 129
1694734303161 2.363614728055671 130
1694734303483 2.3634209655998104 131
1694734303855 2.3632274657168875 132
1694734304159 2.3630341517581956 133
1694734304435 2.3628410904143924 134
1694734304793 2.362648222721811 135
1694734305124 2.362455599869258 136
1694734305455 2.3622631764836965 137
1694734305835 2.362070991841342 138
1694734306222 2.361879011013347 139
1694734306482 2.361687264121586 140
1694734306773 2.3614957242634413 141
1694734307119 2.3613044145260846 142
1694734307448 2.361113314174998 143
1694734307794 2.360922440891533 144
1694734308147 2.3607317786813455 145
1694734308439 2.360541341071719 146
1694734308763 2.3603511157111625 147
1694734309121 2.360161112934827 148
1694734309427 2.359971323190812 149
1694734309725 2.35978175436136 150
1694734310038 2.3595923990461336 151
1694734310342 2.3594032632425392 152
1694734310648 2.359214341203814 153
1694734310982 2.359025637479074 154
1694734311329 2.358837147592439 155
1694734311606 2.3586488749802084 156
1694734311880 2.358460816143296 157
1694734312282 2.3582729736629884 158
1694734312585 2.358085344790992 159
1694734312934 2.357897931451693 160
1694734313239 2.3577107314739183 161
1694734313528 2.3575237462773955 162
1694734313897 2.357336974134606 163
1694734314205 2.357150416077619 164
1694734314480 2.3569640707200024 165
1694734314805 2.3567779387960717 166
1694734315110 2.356592019181668 167
1694734315445 2.356406312382442 168
1694734315761 2.3562208174759345 169
1694734316043 2.356035534792229 170
1694734316338 2.355850463564019 171
1694734316655 2.355665603986618 172
1694734316987 2.355480955412104 173
1694734317299 2.355296517932376 174
1694734317628 2.355112290991405 175
1694734317944 2.35492827460177 176
1694734318221 2.3547444682782093 177
1694734318481 2.354560871972497 178
1694734318778 2.354377485253907 179
1694734319104 2.3541943080276364 180
1694734319375 2.354011339905014 181
1694734319621 2.353828580755595 182
1694734319973 2.3536460302231785 183
1694734320295 2.353463688150077 184
1694734320545 2.3532815542051893 185
1694734320823 2.3530996282100434 186
1694734321108 2.3529179098529767 187
1694734321402 2.3527363989396903 188
1694734321719 2.3525550951736083 189
1694734322110 2.352373998348419 190
1694734322462 2.3521931081792853 191
1694734322772 2.3520124244508125 192
1694734323167 2.3518319468873328 193
1694734323483 2.351651675266617 194
1694734323854 2.351471609320192 195
1694734324183 2.3512917488207217 196
1694734324543 2.351112093505408 197
1694734324826 2.350932643143138 198
1694734325160 2.3507533974756205 199
1694734325473 2.3505743562689845 200
1694734325783 2.350395519268549 201
1694734326055 2.3502168862384694 202
1694734326349 2.3500384569269825 203
1694734326655 2.3498602310968746 204
1694734326989 2.349682208498767 205
1694734327358 2.349504388894537 206
1694734327636 2.3493267720367874 207
1694734327949 2.3491493576868385 208
1694734328292 2.3489721455989576 209
1694734328600 2.348795135534185 210
1694734328881 2.3486183272482095 211
1694734329176 2.348441720501996 212
1694734329469 2.3482653150524704 213
1694734329773 2.3480891106606854 214
1694734330126 2.3479131070846586 215
1694734330407 2.3477373040856517 216
1694734330707 2.347561701422664 217
1694734331061 2.347386298857259 218
1694734331386 2.3472110961493335 219
1694734331755 2.3470360930608254 220
1694734332135 2.346861289352462 221
1694734332477 2.3466866847866084 222
1694734332785 2.346512279124771 223
1694734333092 2.3463380721297873 224
1694734333443 2.3461640635639025 225
1694734333807 2.3459902531904553 226
1694734334191 2.345816640772399 227
1694734334524 2.345643226073599 228
1694734334850 2.345470008857692 229
1694734335171 2.3452969888890878 230
1694734335498 2.3451241659320887 231
1694734335758 2.34495153975166 232
1694734336020 2.3447791101127557 233
1694734336283 2.344606876780907 234
1694734336586 2.3444348395217074 235
1694734336869 2.3442629981012617 236
1694734337135 2.344091352285792 237
1694734337457 2.3439199018419816 238
1694734337781 2.3437486465366746 239
1694734338120 2.3435775861371377 240
1694734338544 2.343406720410829 241
1694734338879 2.3432360491256 242
1694734339226 2.343065572049519 243
1694734339557 2.342895288951024 244
1694734339857 2.3427251995987874 245
1694734340187 2.3425553037618347 246
1694734340529 2.3423856012094406 247
1694734340852 2.3422160917112183 248
1694734341267 2.3420467750370384 249
1694734341595 2.3418776509571018 250
1694734341949 2.3417087192418755 251
1694734342248 2.3415399796621448 252
1694734342509 2.3413714319889705 253
1694734342817 2.341203075993724 254
1694734343134 2.341034911448055 255
1694734343525 2.3408669381239204 256
1694734343857 2.3406991557935557 257
1694734344130 2.340531564229503 258
1694734344465 2.340364163204584 259
1694734344802 2.340196952491921 260
1694734345113 2.3400299318649207 261
1694734345455 2.3398631010972863 262
1694734345834 2.339696459963005 263
1694734346164 2.33953000823636 264
1694734346474 2.3393637456919194 265
1694734346736 2.339197672104543 266
1694734347049 2.339031787249377 267
1694734347398 2.3388660909018575 268
1694734347718 2.3387005828377085 269
1694734348112 2.3385352628329388 270
1694734348442 2.3383701306638485 271
1694734348778 2.33820518610702 272
1694734349127 2.338040428939324 273
1694734349471 2.3378758589379167 274
1694734349762 2.3377114758802398 275
1694734350100 2.3375472795440193 276
1694734350453 2.337383269707266 277
1694734350744 2.337219446148275 278
1694734351016 2.3370558086456255 279
1694734351285 2.336892356978178 280
1694734351578 2.336729090925079 281
1694734351873 2.3365660102657553 282
1694734352251 2.3364031147799165 283
1694734352646 2.3362404042475533 284
1694734352986 2.3360778784489393 285
1694734353349 2.335915537164628 286
1694734353666 2.335753380175452 287
1694734353959 2.335591407262526 288
1694734354258 2.3354296182072445 289
1694734354673 2.3352680127912806 290
1694734354939 2.335106590796585 291
1694734355242 2.3349453520053904 292
1694734355553 2.334784296200204 293
1694734355870 2.3346234231638126 294
1694734356215 2.3344627326792797 295
1694734356566 2.3343022245299476 296
1694734356851 2.334141898499432 297
1694734357216 2.333981754371628 298
1694734357606 2.3338217919307036 299
1694734357894 2.3336620109611035 300
1694734358210 2.3335024112475495 301
1694734358532 2.3333429925750337 302
1694734358838 2.333183754728825 303
1694734359097 2.3330246974944675 304
1694734359439 2.3328658206577755 305
1694734359772 2.3327071240048385 306
1694734360062 2.3325486073220185 307
1694734360361 2.3323902703959494 308
1694734360713 2.332232113013536 309
1694734361030 2.3320741349619576 310
1694734361368 2.3319163360286614 311
1694734361648 2.3317587160013673 312
1694734361939 2.331601274668065 313
1694734362266 2.3314440118170143 314
1694734362600 2.3312869272367447 315
1694734362943 2.3311300207160546 316
1694734363258 2.330973292044011 317
1694734363576 2.3308167410099507 318
1694734363930 2.3306603674034774 319
1694734364240 2.330504171014463 320
1694734364569 2.330348151633047 321
1694734364841 2.330192309049635 322
1694734365092 2.3300366430548998 323
1694734365362 2.3298811534397807 324
1694734365678 2.3297258399954828 325
1694734366007 2.329570702513476 326
1694734366405 2.3294157407854956 327
1694734366763 2.3292609546035417 328
1694734367092 2.3291063437598796 329
1694734367444 2.328951908047037 330
1694734367783 2.3287976472578067 331
1694734368063 2.3286435611852427 332
1694734368333 2.3284896496226644 333
1694734368626 2.3283359123636536 334
1694734368900 2.328182349202051 335
1694734369183 2.328028959931962 336
1694734369482 2.3278757443477534 337
1694734369805 2.327722702244051 338
1694734370070 2.327569833415744 339
1694734370361 2.3274171376579793 340
1694734370686 2.327264614766166 341
1694734371088 2.327112264535971 342
1694734371426 2.3269600867633216 343
1694734371745 2.3268080812444016 344
1694734372119 2.326656247775658 345
1694734372448 2.326504586153791 346
1694734372739 2.326353096175762 347
1694734373038 2.326201777638787 348
1694734373397 2.3260506303403417 349
1694734373689 2.325899654078156 350
1694734373962 2.3257488486502185 351
1694734374258 2.3255982138547715 352
1694734374597 2.325447749490315 353
1694734374913 2.3252974553556025 354
1694734375217 2.3251473312496445 355
1694734375577 2.324997376971702 356
1694734375891 2.324847592321296 357
1694734376170 2.3246979770981953 358
1694734376473 2.3245485311024265 359
1694734376798 2.3243992541342684 360
1694734377121 2.3242501459942506 361
1694734377433 2.324101206483157 362
1694734377806 2.3239524354020236 363
1694734378097 2.3238038325521364 364
1694734378411 2.3236553977350347 365
1694734378721 2.3235071307525077 366
1694734379027 2.323359031406595 367
1694734379341 2.323211099499588 368
1694734379653 2.323063334834026 369
1694734379952 2.322915737212699 370
1694734380325 2.3227683064386477 371
1694734380639 2.3226210423151574 372
1694734380952 2.3224739446457674 373
1694734381252 2.3223270132342613 374
1694734381563 2.322180247884672 375
1694734381827 2.3220336484012787 376
1694734382160 2.32188721458861 377
1694734382533 2.3217409462514396 378
1694734382827 2.3215948431947884 379
1694734383152 2.3214489052239227 380
1694734383493 2.3213031321443554 381
1694734383867 2.321157523761844 382
1694734384198 2.321012079882392 383
1694734384524 2.3208668003122477 384
1694734384903 2.320721684857903 385
1694734385171 2.3205767333260936 386
1694734385466 2.3204319455238007 387
1694734385796 2.3202873212582475 388
1694734386101 2.3201428603369005 389
1694734386408 2.319998562567469 390
1694734386736 2.319854427757905 391
1694734387057 2.3197104557164017 392
1694734387391 2.319566646251395 393
1694734387791 2.3194229991715614 394
1694734388093 2.3192795142858196 395
1694734388363 2.319136191403328 396
1694734388663 2.318993030333485 397
1694734389012 2.3188500308859297 398
1694734389322 2.318707192870541 399
1694734389641 2.3185645160974375 400
1694734390003 2.318422000376976 401
1694734390261 2.3182796455197527 402
1694734390617 2.3181374513366007 403
1694734390953 2.317995417638594 404
1694734391268 2.3178535442370416 405
1694734391640 2.317711830943491 406
1694734391981 2.3175702775697262 407
1694734392293 2.3174288839277697 408
1694734392578 2.317287649829878 409
1694734392930 2.3171465750885445 410
1694734393244 2.3170056595165 411
1694734393515 2.316864902926708 412
1694734393925 2.3167243051323694 413
1694734394197 2.3165838659469187 414
1694734394551 2.3164435851840244 415
1694734394879 2.31630346265759 416
1694734395146 2.3161634981817536 417
1694734395446 2.316023691570884 418
1694734395786 2.3158840426395866 419
1694734396128 2.315744551202697 420
1694734396480 2.315605217075283 421
1694734396782 2.315466040072648 422
1694734397099 2.3153270200103244 423
1694734397401 2.315188156704076 424
1694734397692 2.315049449969899 425
1694734398036 2.3149108996240204 426
1694734398418 2.3147725054828974 427
1694734398717 2.3146342673632168 428
1694734399039 2.314496185081897 429
1694734399329 2.3143582584560844 430
1694734399634 2.3142204873031558 431
1694734399935 2.314082871440717 432
1694734400227 2.313945410686601 433
1694734400518 2.3138081048588717 434
1694734400875 2.313670953775818 435
1694734401226 2.3135339572559595 436
1694734401491 2.3133971151180406 437
1694734401806 2.3132604271810346 438
1694734402206 2.313123893264141 439
1694734402526 2.312987513186786 440
1694734402864 2.312851286768622 441
1694734403206 2.3127152138295255 442
1694734403518 2.3125792941896015 443
1694734403833 2.312443527669178 444
1694734404188 2.3123079140888096 445
1694734404470 2.312172453269274 446
1694734404812 2.3120371450315735 447
1694734405119 2.3119019891969343 448
1694734405433 2.311766985586808 449
1694734405791 2.3116321340228674 450
1694734406116 2.311497434327009 451
1694734406369 2.3113628863213527 452
1694734406636 2.3112284898282405 453
1694734406904 2.3110942446702363 454
1694734407237 2.310960150670125 455
1694734407493 2.3108262076509156 456
1694734407870 2.310692415435836 457
1694734408291 2.310558773848336 458
1694734408588 2.3104252827120852 459
1694734408912 2.3102919418509744 460
1694734409229 2.310158751089115 461
1694734409479 2.310025710250836 462
1694734409759 2.3098928191606873 463
1694734410101 2.309760077643438 464
1694734410383 2.3096274855240764 465
1694734410725 2.309495042627807 466
1694734411011 2.309362748780056 467
1694734411298 2.309230603806463 468
1694734411598 2.30909860753289 469
1694734411882 2.308966759785413 470
1694734412283 2.308835060390327 471
1694734412576 2.3087035091741424 472
1694734412926 2.308572105963586 473
1694734413263 2.308440850585602 474
1694734413543 2.30830974286735 475
1694734413919 2.308178782636203 476
1694734414246 2.3080479697197527 477
1694734414526 2.307917303945803 478
1694734414857 2.3077867851423735 479
1694734415184 2.3076564131376984 480
1694734415475 2.3075261877602258 481
1694734415802 2.3073961088386175 482
1694734416122 2.307266176201748 483
1694734416444 2.3071363896787065 484
1694734416808 2.3070067490987936 485
1694734417206 2.306877254291524 486
1694734417477 2.3067479050866226 487
1694734417793 2.306618701314029 488
1694734418107 2.3064896428038915 489
1694734418449 2.3063607293865727 490
1694734418710 2.3062319608926445 491
1694734419002 2.306103337152891 492
1694734419355 2.305974857998305 493
1694734419659 2.3058465232600915 494
1694734420010 2.305718332769664 495
1694734420339 2.305590286358647 496
1694734420660 2.3054623838588735 497
1694734420993 2.305334625102386 498
1694734421306 2.3052070099214355 499
