1694749348152 nan 0
1694749348420 nan 1
1694749348619 nan 2
1694749348846 nan 3
1694749349080 nan 4
1694749349395 nan 5
1694749349638 nan 6
1694749349876 nan 7
1694749350117 nan 8
1694749350347 nan 9
1694749350563 nan 10
1694749350783 nan 11
1694749350987 nan 12
1694749351195 nan 13
1694749351398 nan 14
1694749351581 nan 15
1694749351778 nan 16
1694749352065 nan 17
1694749352304 nan 18
1694749352529 nan 19
1694749352689 nan 20
1694749352903 nan 21
1694749353113 nan 22
1694749353316 nan 23
1694749353565 nan 24
1694749353776 nan 25
1694749354042 nan 26
1694749354310 nan 27
1694749354555 nan 28
1694749354727 nan 29
1694749354982 nan 30
1694749355197 nan 31
1694749355453 nan 32
1694749355656 nan 33
1694749355804 nan 34
1694749356000 nan 35
1694749356236 nan 36
1694749356530 nan 37
1694749356692 nan 38
1694749357004 nan 39
1694749357261 nan 40
1694749357521 nan 41
1694749357701 nan 42
1694749357903 nan 43
1694749358154 nan 44
1694749358360 nan 45
1694749358609 nan 46
1694749358781 nan 47
1694749359014 nan 48
1694749359232 nan 49
1694749359459 nan 50
1694749359665 nan 51
1694749359856 nan 52
1694749360063 nan 53
1694749360312 nan 54
1694749360564 nan 55
1694749360794 nan 56
1694749361037 nan 57
1694749361265 nan 58
1694749361504 nan 59
1694749361691 nan 60
1694749361913 nan 61
1694749362107 nan 62
1694749362338 nan 63
1694749362591 nan 64
1694749362754 nan 65
1694749362988 nan 66
1694749363238 nan 67
1694749363469 nan 68
1694749363650 nan 69
1694749363859 nan 70
1694749364015 nan 71
1694749364176 nan 72
1694749364405 nan 73
1694749364647 nan 74
1694749364823 nan 75
1694749365051 nan 76
1694749365337 nan 77
1694749365613 nan 78
1694749365816 nan 79
1694749366109 nan 80
1694749366373 nan 81
1694749366617 nan 82
1694749366847 nan 83
1694749367034 nan 84
1694749367242 nan 85
1694749367511 nan 86
1694749367722 nan 87
1694749367960 nan 88
1694749368168 nan 89
1694749368386 nan 90
1694749368631 nan 91
1694749368841 nan 92
1694749369049 nan 93
1694749369287 nan 94
1694749369492 nan 95
1694749369723 nan 96
1694749369912 nan 97
1694749370125 nan 98
1694749370351 nan 99
1694749370594 nan 100
1694749370771 nan 101
1694749371000 nan 102
1694749371242 nan 103
1694749371555 nan 104
1694749371740 nan 105
1694749371978 nan 106
1694749372204 nan 107
1694749372462 nan 108
1694749372705 nan 109
1694749372872 nan 110
1694749373062 nan 111
1694749373296 nan 112
1694749373545 nan 113
1694749373800 nan 114
1694749374082 nan 115
1694749374363 nan 116
1694749374607 nan 117
1694749374801 nan 118
1694749374957 nan 119
1694749375161 nan 120
1694749375452 nan 121
1694749375707 nan 122
1694749375911 nan 123
1694749376095 nan 124
1694749376308 nan 125
1694749376557 nan 126
1694749376735 nan 127
1694749376918 nan 128
1694749377131 nan 129
1694749377340 nan 130
1694749377569 nan 131
1694749377782 nan 132
1694749377960 nan 133
1694749378194 nan 134
1694749378449 nan 135
1694749378698 nan 136
1694749378877 nan 137
1694749379090 nan 138
1694749379319 nan 139
1694749379543 nan 140
1694749379693 nan 141
1694749379860 nan 142
1694749380071 nan 143
1694749380288 nan 144
1694749380540 nan 145
1694749380818 nan 146
1694749380978 nan 147
1694749381157 nan 148
1694749381305 nan 149
1694749381472 nan 150
1694749381693 nan 151
1694749381875 nan 152
1694749382065 nan 153
1694749382234 nan 154
1694749382375 nan 155
1694749382598 nan 156
1694749382800 nan 157
1694749383049 nan 158
1694749383251 nan 159
1694749383481 nan 160
1694749383738 nan 161
1694749383998 nan 162
1694749384226 nan 163
1694749384428 nan 164
1694749384638 nan 165
1694749384925 nan 166
1694749385207 nan 167
1694749385515 nan 168
1694749385754 nan 169
1694749385959 nan 170
1694749386128 nan 171
1694749386338 nan 172
1694749386591 nan 173
1694749386821 nan 174
1694749387008 nan 175
1694749387228 nan 176
1694749387498 nan 177
1694749387713 nan 178
1694749387908 nan 179
1694749388033 nan 180
1694749388245 nan 181
1694749388411 nan 182
1694749388632 nan 183
1694749388865 nan 184
1694749389014 nan 185
1694749389223 nan 186
1694749389457 nan 187
1694749389748 nan 188
1694749389935 nan 189
1694749390116 nan 190
1694749390366 nan 191
1694749390608 nan 192
1694749390815 nan 193
1694749391023 nan 194
1694749391263 nan 195
1694749391495 nan 196
1694749391709 nan 197
1694749391962 nan 198
1694749392177 nan 199
1694749392417 nan 200
1694749392626 nan 201
1694749392827 nan 202
1694749393010 nan 203
1694749393200 nan 204
1694749393427 nan 205
1694749393639 nan 206
1694749393907 nan 207
1694749394180 nan 208
1694749394371 nan 209
1694749394609 nan 210
1694749394825 nan 211
1694749395013 nan 212
1694749395217 nan 213
1694749395448 nan 214
1694749395710 nan 215
1694749395931 nan 216
1694749396104 nan 217
1694749396345 nan 218
1694749396549 nan 219
1694749396787 nan 220
1694749396995 nan 221
1694749397234 nan 222
1694749397475 nan 223
1694749397694 nan 224
1694749397924 nan 225
1694749398083 nan 226
1694749398273 nan 227
1694749398486 nan 228
1694749398783 nan 229
1694749398995 nan 230
1694749399158 nan 231
1694749399366 nan 232
1694749399608 nan 233
1694749399818 nan 234
1694749400004 nan 235
1694749400252 nan 236
1694749400470 nan 237
1694749400645 nan 238
1694749400944 nan 239
1694749401142 nan 240
1694749401334 nan 241
1694749401523 nan 242
1694749401729 nan 243
1694749401920 nan 244
1694749402107 nan 245
1694749402343 nan 246
1694749402566 nan 247
1694749402781 nan 248
1694749403037 nan 249
1694749403187 nan 250
1694749403365 nan 251
1694749403604 nan 252
1694749403894 nan 253
1694749404107 nan 254
1694749404333 nan 255
1694749404558 nan 256
1694749404744 nan 257
1694749404974 nan 258
1694749405320 nan 259
1694749405599 nan 260
1694749405829 nan 261
1694749406047 nan 262
1694749406218 nan 263
1694749406449 nan 264
1694749406683 nan 265
1694749406889 nan 266
1694749407098 nan 267
1694749407299 nan 268
1694749407545 nan 269
1694749407714 nan 270
1694749407938 nan 271
1694749408124 nan 272
1694749408289 nan 273
1694749408528 nan 274
1694749408760 nan 275
1694749408989 nan 276
1694749409176 nan 277
1694749409428 nan 278
1694749409758 nan 279
1694749410009 nan 280
1694749410232 nan 281
1694749410565 nan 282
1694749410792 nan 283
1694749411045 nan 284
1694749411212 nan 285
1694749411421 nan 286
1694749411668 nan 287
1694749411934 nan 288
1694749412161 nan 289
1694749412368 nan 290
1694749412602 nan 291
1694749412812 nan 292
1694749413064 nan 293
1694749413238 nan 294
1694749413477 nan 295
1694749413762 nan 296
1694749414008 nan 297
1694749414288 nan 298
1694749414525 nan 299
1694749414705 nan 300
1694749414903 nan 301
1694749415112 nan 302
1694749415310 nan 303
1694749415584 nan 304
1694749415819 nan 305
1694749416052 nan 306
1694749416278 nan 307
1694749416651 nan 308
1694749416881 nan 309
1694749417123 nan 310
1694749417331 nan 311
1694749417557 nan 312
1694749417786 nan 313
1694749418025 nan 314
1694749418220 nan 315
1694749418398 nan 316
1694749418673 nan 317
1694749418877 nan 318
1694749419082 nan 319
1694749419241 nan 320
1694749419435 nan 321
1694749419658 nan 322
1694749419951 nan 323
1694749420197 nan 324
1694749420348 nan 325
1694749420554 nan 326
1694749420808 nan 327
1694749421059 nan 328
1694749421266 nan 329
1694749421509 nan 330
1694749421748 nan 331
1694749421980 nan 332
1694749422210 nan 333
1694749422400 nan 334
1694749422660 nan 335
1694749422887 nan 336
1694749423168 nan 337
1694749423410 nan 338
1694749423630 nan 339
1694749423933 nan 340
1694749424170 nan 341
1694749424369 nan 342
1694749424571 nan 343
1694749424823 nan 344
1694749425061 nan 345
1694749425322 nan 346
1694749425603 nan 347
1694749425858 nan 348
1694749426096 nan 349
1694749426295 nan 350
1694749426510 nan 351
1694749426723 nan 352
1694749426962 nan 353
1694749427283 nan 354
1694749427578 nan 355
1694749427789 nan 356
1694749428052 nan 357
1694749428268 nan 358
1694749428449 nan 359
1694749428688 nan 360
1694749428914 nan 361
1694749429136 nan 362
1694749429310 nan 363
1694749429475 nan 364
1694749429784 nan 365
1694749430016 nan 366
1694749430266 nan 367
1694749430471 nan 368
1694749430710 nan 369
1694749430909 nan 370
1694749431107 nan 371
1694749431318 nan 372
1694749431445 nan 373
1694749431647 nan 374
1694749431884 nan 375
1694749432137 nan 376
1694749432345 nan 377
1694749432535 nan 378
1694749432809 nan 379
1694749433024 nan 380
1694749433247 nan 381
1694749433457 nan 382
1694749433688 nan 383
1694749433975 nan 384
1694749434259 nan 385
1694749434486 nan 386
1694749434726 nan 387
1694749434962 nan 388
1694749435191 nan 389
1694749435443 nan 390
1694749435727 nan 391
1694749435987 nan 392
1694749436213 nan 393
1694749436432 nan 394
1694749436678 nan 395
1694749436895 nan 396
1694749437111 nan 397
1694749437327 nan 398
1694749437471 nan 399
1694749437731 nan 400
1694749437929 nan 401
1694749438130 nan 402
1694749438327 nan 403
1694749438482 nan 404
1694749438691 nan 405
1694749438864 nan 406
1694749439105 nan 407
1694749439343 nan 408
1694749439501 nan 409
1694749439798 nan 410
1694749440096 nan 411
1694749440352 nan 412
1694749440540 nan 413
1694749440826 nan 414
1694749441032 nan 415
1694749441233 nan 416
1694749441415 nan 417
1694749441632 nan 418
1694749441871 nan 419
1694749442105 nan 420
1694749442335 nan 421
1694749442537 nan 422
1694749442777 nan 423
1694749443083 nan 424
1694749443311 nan 425
1694749443494 nan 426
1694749443765 nan 427
1694749444033 nan 428
1694749444287 nan 429
1694749444455 nan 430
1694749444606 nan 431
1694749444800 nan 432
1694749445027 nan 433
1694749445274 nan 434
1694749445478 nan 435
1694749445659 nan 436
1694749445853 nan 437
1694749446009 nan 438
1694749446162 nan 439
1694749446397 nan 440
1694749446559 nan 441
1694749446794 nan 442
1694749447025 nan 443
1694749447256 nan 444
1694749447510 nan 445
1694749447740 nan 446
1694749447980 nan 447
1694749448195 nan 448
1694749448413 nan 449
1694749448650 nan 450
1694749448854 nan 451
1694749449129 nan 452
1694749449329 nan 453
1694749449543 nan 454
1694749449793 nan 455
1694749450046 nan 456
1694749450258 nan 457
1694749450459 nan 458
1694749450652 nan 459
1694749450814 nan 460
1694749451042 nan 461
1694749451265 nan 462
1694749451466 nan 463
1694749451710 nan 464
1694749452004 nan 465
1694749452242 nan 466
1694749452470 nan 467
1694749452690 nan 468
1694749452923 nan 469
1694749453161 nan 470
1694749453407 nan 471
1694749453626 nan 472
1694749453914 nan 473
1694749454195 nan 474
1694749454403 nan 475
1694749454616 nan 476
1694749454841 nan 477
1694749455093 nan 478
1694749455278 nan 479
1694749455511 nan 480
1694749455736 nan 481
1694749455979 nan 482
1694749456210 nan 483
1694749456494 nan 484
1694749456674 nan 485
1694749456917 nan 486
1694749457138 nan 487
1694749457359 nan 488
1694749457570 nan 489
1694749457730 nan 490
1694749457973 nan 491
1694749458210 nan 492
1694749458446 nan 493
1694749458688 nan 494
1694749458897 nan 495
1694749459158 nan 496
1694749459447 nan 497
1694749459613 nan 498
1694749459784 nan 499
