1694739425586 169.3302270244576 0
1694739425944 131.87371248225446 1
1694739426266 102.84524865477205 2
1694739426569 80.32709929144883 3
1694739426864 62.85887488618803 4
1694739427186 49.30781517094475 5
1694739427555 38.79528329857837 6
1694739427845 30.63975205590002 7
1694739428121 24.312581835052168 8
1694739428410 19.40372031848669 9
1694739428748 15.59509778165986 10
1694739429052 12.639991383543812 11
1694739429360 10.347019215892507 12
1694739429746 8.56772536202267 13
1694739430057 7.186950277190276 14
1694739430373 6.115361572177398 15
1694739430722 5.283660492174156 16
1694739431038 4.638088134686934 17
1694739431357 4.136939801441127 18
1694739431634 3.7478613047867713 19
1694739432111 3.4457517953073427 20
1694739432452 3.2111370377695505 21
1694739432780 3.0289075918444115 22
1694739433118 2.887340033608352 23
1694739433438 2.7773377205558023 24
1694739433755 2.6918418487546414 25
1694739434096 2.6253746004309515 26
1694739434472 2.5736847508102363 27
1694739434898 2.533472750697874 28
1694739435244 2.5021774574805855 29
1694739435554 2.4778106866028717 30
1694739435902 2.458828857667675 31
1694739436259 2.44403341544387 32
1694739436630 2.432493572381599 33
1694739436933 2.4234863668527185 34
1694739437222 2.416450154186941 35
1694739437572 2.4109485185272534 36
1694739437905 2.4066422690959866 37
1694739438233 2.4032677084803824 38
1694739438581 2.4006197670140024 39
1694739438980 2.3985389126198053 40
1694739439336 2.396900990047196 41
1694739439691 2.3956093331449857 42
1694739439985 2.394588640971095 43
1694739440267 2.3937802226935334 44
1694739440575 2.3931383047895136 45
1694739440900 2.392627162743355 46
1694739441262 2.392218892733587 47
1694739441573 2.391891680140578 48
1694739441859 2.3916284537780497 49
1694739442146 2.3914158396339538 50
1694739442449 2.3912433472107733 51
1694739442782 2.391102736533234 52
