1694724097272 2.347577681565034 0
1694724097492 2.860707062526319 1
1694724097715 2.3982860140445124 2
1694724097952 3.2588825380054347 3
1694724098192 1.4579508056563528 4
1694724098485 2.14471234073314 5
1694724098723 3.6711334377170255 6
1694724098959 2.8557429258401372 7
1694724099192 3.2585719711952565 8
1694724099432 1.4964097758642696 9
1694724099670 1.863610998737714 10
1694724099897 2.933105658316736 11
1694724100128 2.274015731003293 12
1694724100379 2.3477356189736596 13
1694724100647 2.0761838707837046 14
1694724100913 2.310975347111487 15
1694724101150 2.718306783206017 16
1694724101388 2.979265342474895 17
1694724101617 1.6866384066516358 18
1694724101835 2.7407813110905983 19
1694724102070 1.6737175609355193 20
1694724102306 2.21589393027448 21
1694724102517 2.2856826799986427 22
1694724102751 2.59442382922014 23
1694724103036 3.8975100968250476 24
1694724103262 2.708743134951847 25
1694724103483 1.6174631990355623 26
1694724103638 2.3309455918887525 27
1694724103902 2.361896989871021 28
1694724104115 2.3427099603591603 29
1694724104329 2.8285530090170843 30
1694724104542 1.5245501908514831 31
1694724104744 1.4647274457048574 32
1694724105004 1.7492830391664207 33
1694724105292 2.8660675134114384 34
1694724105556 2.126468431243381 35
1694724105783 2.4006484225577416 36
1694724106122 2.983288781778288 37
1694724106332 1.8593266061335372 38
1694724106536 1.3091556977135022 39
1694724106692 2.527841132993609 40
1694724106937 1.4900353588217226 41
1694724107193 2.087696290941666 42
1694724107480 1.5398853061749558 43
1694724107682 1.3826239180332234 44
1694724107916 1.9105867929561329 45
1694724108162 1.751674974037698 46
1694724108412 1.3981634982645526 47
1694724108617 1.8819704758761222 48
1694724108851 1.4626490967925054 49
1694724109083 1.6688154592039859 50
1694724109360 1.5436647662800793 51
1694724109606 1.7406720340192172 52
1694724109790 3.045216746006836 53
1694724109978 1.915781827944091 54
1694724110226 2.240653736713344 55
1694724110452 1.3703994398375794 56
1694724110628 2.0243940104088036 57
1694724110834 1.0862334709159396 58
1694724111057 1.5466598627907044 59
1694724111302 1.354389182091461 60
1694724111538 1.0941859999302301 61
1694724111779 1.8855488035745966 62
1694724112036 2.0510004417011727 63
1694724112245 1.6310180872858844 64
1694724112473 1.4621512564618189 65
1694724112669 1.8594804132886378 66
1694724112866 1.5019508177646117 67
1694724113098 1.3781458030578495 68
1694724113351 1.0025408342147855 69
1694724113595 1.7380478881670287 70
1694724113790 1.9418379775523977 71
1694724114107 1.1559663269535965 72
1694724114351 1.5707018576538176 73
1694724114601 1.072828570205864 74
1694724114807 1.719639993338443 75
1694724115058 1.5146668838922657 76
1694724115294 1.7185272331677033 77
1694724115604 1.4462628135457047 78
1694724115797 2.518420000665499 79
1694724116012 1.1822572841714516 80
1694724116288 1.004957345877568 81
1694724116529 0.9613539522907104 82
1694724116748 1.546586860550559 83
1694724116966 1.3896184789191806 84
1694724117194 1.3398840532386405 85
1694724117436 1.1914901268021543 86
1694724117645 1.3432000243441988 87
1694724117874 1.2960686027559012 88
1694724118107 1.6711350062440944 89
1694724118345 1.1394552074852333 90
1694724118632 1.5602980251024643 91
1694724118855 1.8362015663560625 92
1694724119096 1.5414349978057573 93
1694724119371 0.8308017607864148 94
1694724119619 1.1772354493268176 95
1694724119778 2.0607130979226356 96
1694724120013 0.966630868138581 97
1694724120218 0.9635942672246867 98
1694724120426 1.4929877074255191 99
1694724120682 1.1030279761360795 100
1694724120963 1.3396747058274947 101
1694724121200 1.4834145180921796 102
1694724121446 1.4099458115320116 103
1694724121654 1.0050561323120109 104
1694724121819 0.9468764519144219 105
1694724122052 1.5045173538407783 106
1694724122268 0.9936932128055764 107
1694724122506 1.399306494718182 108
1694724122725 1.2953942092424968 109
1694724122996 0.7264882259815543 110
1694724123252 1.2522006541384199 111
1694724123493 1.0938422124831118 112
1694724123700 1.2177791951867736 113
1694724123984 1.8141203026128427 114
1694724124244 1.751380133625417 115
1694724124490 1.3016061837068138 116
1694724124713 1.5437885705658712 117
1694724124945 1.0888454833692414 118
1694724125236 0.8167693076805936 119
1694724125503 0.8600586749959576 120
1694724125743 1.5685009584368612 121
1694724125980 1.1367868121839368 122
1694724126207 2.0811204438340094 123
1694724126459 1.1316258937306152 124
1694724126699 1.28307501799098 125
1694724126894 1.9727042368930179 126
1694724127139 1.4801480492578085 127
1694724127406 1.3495195490109402 128
1694724127653 1.054600587542037 129
1694724127808 0.6511541609044569 130
1694724127973 1.4364599805061804 131
1694724128175 0.6498235164884388 132
1694724128389 0.8222610691905349 133
1694724128648 0.9342591969803602 134
1694724128885 0.838966051090109 135
1694724129139 1.156028464045774 136
1694724129497 0.9881494168711354 137
1694724129895 0.849421007799443 138
1694724130146 1.4298413189775647 139
1694724130379 0.8452782474148903 140
1694724130632 1.0977483623662838 141
1694724130854 1.356849597791152 142
1694724131056 0.8172636886858301 143
1694724131280 1.2053316066310278 144
1694724131488 1.2998344369401509 145
1694724131747 0.9842623565355887 146
1694724131974 1.270528501173048 147
1694724132197 1.1187054043002684 148
1694724132370 1.3543220125131297 149
1694724132591 0.6367583980961925 150
1694724132847 1.3916584535759546 151
1694724133082 0.9151917696200202 152
1694724133325 1.6052509779855133 153
1694724133564 1.2479657087438616 154
1694724133819 1.0304443861086217 155
1694724134155 1.0023824182588013 156
1694724134443 1.2326741473482885 157
1694724134685 1.1496210712683328 158
1694724134891 1.178896511675883 159
1694724135138 0.9521199280113559 160
1694724135390 1.145671034640371 161
1694724135701 1.306723473288961 162
1694724135901 1.2215043139575492 163
1694724136140 0.9235387182771263 164
1694724136391 1.3213665833726593 165
1694724136648 0.81967137046725 166
1694724137003 0.7304186872798961 167
1694724137244 1.466425919678355 168
1694724137448 1.0856335141453213 169
1694724137703 1.7870465767409822 170
1694724137908 0.9167908707966764 171
1694724138122 0.7111686210853294 172
1694724138342 1.5136085073145769 173
1694724138586 1.1074510339116792 174
1694724138867 0.9636085166110059 175
1694724139071 1.21367159802709 176
1694724139308 1.4833055597754417 177
1694724139519 1.1754644105010998 178
1694724139744 1.1309205000220715 179
1694724139981 0.9668002259586381 180
1694724140222 1.8191972557030138 181
1694724140462 0.55581373440956 182
1694724140703 1.1640171451253243 183
1694724140925 1.377187292249268 184
1694724141189 1.9270860358743895 185
1694724141407 0.7424645308770764 186
1694724141595 1.4079867417069942 187
1694724141851 1.112002696755062 188
1694724142009 1.83868933005901 189
1694724142239 1.66033440363349 190
1694724142464 1.0311878351349184 191
1694724142709 0.8942305374244887 192
1694724142940 1.3389225892797065 193
1694724143115 1.0365812183105796 194
1694724143367 0.9729950948049495 195
1694724143603 1.4212973771972075 196
1694724143871 1.0284195234657898 197
1694724144117 1.0292280305883046 198
1694724144353 0.9789650405684418 199
1694724144595 0.788796354776026 200
1694724144823 1.0395383257124924 201
1694724145045 1.4733652568367612 202
1694724145266 1.1283170155261235 203
1694724145538 1.0192796033749594 204
1694724145808 1.1558613513881482 205
1694724145991 1.155402531080133 206
1694724146206 1.0898420477114341 207
1694724146448 0.9719047802109568 208
1694724146671 1.024833768647333 209
1694724146915 1.2985583266637224 210
1694724147132 1.0837669054254748 211
1694724147374 1.2117197038259566 212
1694724147631 0.9531756065546227 213
1694724147902 1.0086881148258582 214
1694724148110 0.8761295450610324 215
1694724148349 0.9006026093301472 216
1694724148588 0.7684770279799797 217
1694724148822 1.3713042060821314 218
1694724149017 0.7180705554944486 219
1694724149231 1.2267982582536974 220
1694724149486 1.703324896692866 221
1694724149725 1.2085235072830256 222
1694724149984 0.8667987796779797 223
1694724150225 1.1926679722858062 224
1694724150468 1.0897843497231454 225
1694724150701 1.2721124675840751 226
1694724150938 1.0513353590981502 227
1694724151104 0.9356163389137422 228
1694724151274 0.8330145287335954 229
1694724151494 1.1640306444935309 230
1694724151732 0.7266733736030355 231
1694724151967 0.5720604579587785 232
1694724152262 0.8129047008279647 233
1694724152511 1.135334078321708 234
1694724152743 0.9926435448518427 235
1694724152964 1.3039372266818505 236
1694724153155 2.158177455542538 237
1694724153363 0.8614329916288932 238
1694724153586 0.7424341879849032 239
1694724153824 1.691601410991016 240
1694724154127 1.2248283273389786 241
1694724154397 1.327127297219236 242
1694724154668 0.8722402585044121 243
1694724154904 1.6317040425250358 244
1694724155107 0.989274293350165 245
1694724155313 1.174564335539414 246
1694724155493 1.0145713561186656 247
1694724155767 1.0467429025871127 248
1694724155962 0.780723726112963 249
1694724156104 1.4716236335629085 250
1694724156274 0.8061085150003104 251
1694724156478 1.0367791681221394 252
1694724156776 0.9374442351876249 253
1694724156992 1.230704680054366 254
1694724157155 0.8200812761157698 255
1694724157296 1.3794732290697806 256
1694724157495 0.6351136977941662 257
1694724157710 0.9976445365176406 258
1694724157949 0.8545723742437193 259
1694724158118 1.3690254543544405 260
1694724158303 0.8525321337328436 261
1694724158502 1.0359265935361173 262
1694724158730 0.8597363718000832 263
1694724159073 1.1027648579743425 264
1694724159228 1.0650099332182084 265
1694724159442 0.9256359186596539 266
1694724159653 1.085940722110443 267
1694724159869 1.391409328419098 268
1694724160106 1.0339434243738663 269
1694724160327 0.99293108223364 270
1694724160543 1.335721359031397 271
1694724160782 0.7953396899371016 272
1694724161021 1.3639797703374341 273
1694724161262 0.5402927642281972 274
1694724161431 1.184356746623548 275
1694724161650 0.9682036943138235 276
1694724161883 1.0011054468160585 277
1694724162106 1.1192520968465696 278
1694724162341 1.3748405937201513 279
1694724162575 1.1245392846673754 280
1694724162843 0.6940782433669243 281
1694724163075 0.7753556095888678 282
1694724163268 1.7137719926771773 283
1694724163558 0.8468897324470667 284
1694724163816 0.7079873416619382 285
1694724164024 0.9941968928890016 286
1694724164298 0.9027001372309181 287
1694724164677 0.9274031535924565 288
1694724164900 1.2190040231209973 289
1694724165035 0.7141820738673813 290
1694724165188 0.9077115541681706 291
1694724165352 1.2037056213949575 292
1694724165676 0.979391455048305 293
1694724165891 0.646982892603414 294
1694724166122 0.9948063458789848 295
1694724166329 0.641546064094599 296
1694724166584 0.7270875510898449 297
1694724166832 0.9493610820982803 298
1694724167083 0.681258654110007 299
1694724167268 0.8940699720417031 300
1694724167506 1.3622762515805469 301
1694724167791 1.1156792414436332 302
1694724168069 1.2860078654941365 303
1694724168280 0.7927043135283002 304
1694724168524 0.7292444300959104 305
1694724168758 0.8694890446911947 306
1694724168981 1.0603793990074142 307
1694724169178 1.0890443006111616 308
1694724169364 1.3003836954650139 309
1694724169564 0.6329992235390467 310
1694724169815 0.7851297241210876 311
1694724170070 0.9421824481323195 312
1694724170325 1.560550234150775 313
1694724170560 1.08174123717882 314
1694724170810 0.9827877084648231 315
1694724171055 1.160920388658472 316
1694724171242 0.9732340022550411 317
1694724171414 1.2565168008788505 318
1694724171602 0.8302219425977342 319
1694724171801 0.6034508610216754 320
1694724172047 0.9536224325238477 321
1694724172253 0.8280248711705823 322
1694724172446 1.1803531655480035 323
1694724172663 0.797755859837272 324
1694724172919 1.0907968274968214 325
1694724173167 0.8089649472161626 326
1694724173325 1.0109184901901058 327
1694724173502 0.8411683499732803 328
1694724173727 0.996330297194246 329
1694724174045 0.9189668067546204 330
1694724174238 1.2052504683750536 331
1694724174433 1.035429337051994 332
1694724174715 1.048285229871492 333
1694724174938 0.9735679868278161 334
1694724175175 1.0216227903059034 335
1694724175330 1.099193384392209 336
1694724175489 1.1393399929027437 337
1694724175766 0.8828768687003707 338
1694724176003 0.8790095339665874 339
1694724176235 1.2745322157611032 340
1694724176391 0.8575102457314447 341
1694724176561 1.4367898778970407 342
1694724176772 1.218995620248385 343
1694724177025 1.0554770815062489 344
1694724177259 1.033939161531684 345
1694724177458 1.1068116795252263 346
1694724177670 0.9417554400191571 347
1694724177909 0.5830868225123128 348
1694724178137 0.6448069732591126 349
1694724178326 0.9127438976406899 350
1694724178529 0.8481948765046284 351
1694724178756 1.3018686875034071 352
1694724179028 1.2073542370507704 353
1694724179267 0.9870567702675936 354
1694724179506 0.9463760162305097 355
1694724179747 1.3361931309432278 356
1694724179986 0.5712687964663894 357
1694724180224 1.4996411664800013 358
1694724180424 0.9297886765601957 359
1694724180662 1.0196324884556862 360
1694724180885 1.1727471187614125 361
1694724181079 1.092959851917796 362
1694724181355 0.9102637501023282 363
1694724181538 0.9991308632656493 364
1694724181743 1.1242535490649659 365
1694724181962 0.9694593603847901 366
1694724182201 0.9046440545149936 367
1694724182426 0.9949540401464632 368
1694724182627 1.082764319298512 369
1694724182846 1.0104422272678948 370
1694724183092 1.4026410532644482 371
1694724183300 1.2635055760518088 372
1694724183519 0.9610693988852507 373
1694724183811 0.8794596254967553 374
1694724184091 0.9342955319701611 375
1694724184322 1.0322449043474775 376
1694724184561 1.1229596685229035 377
1694724184812 1.037966862103711 378
1694724185060 1.179123588849897 379
1694724185347 1.2810503461221991 380
1694724185654 1.1066381434391732 381
1694724185953 0.7687446672446345 382
1694724186173 0.7139069850000705 383
1694724186318 0.8075378732930002 384
1694724186530 1.0448444551836802 385
1694724186776 1.0189011035084838 386
1694724187045 0.979583494170247 387
1694724187283 1.0988245977589823 388
1694724187451 1.1783512012214044 389
1694724187690 1.159795831436305 390
1694724187933 1.395272617255237 391
1694724188190 0.9117674125946976 392
1694724188367 0.8013988747765849 393
1694724188539 1.0991344827945078 394
1694724188745 1.1025925171777093 395
1694724189000 1.1751420935582044 396
1694724189238 0.8440276262394374 397
1694724189469 0.6142187065500219 398
1694724189722 1.2120999544591062 399
1694724189959 1.0230145048296986 400
1694724190208 0.754281583603533 401
1694724190424 0.6927110863895147 402
1694724190592 0.855147426960975 403
1694724190796 0.9536402857545854 404
1694724191035 1.2163543109662884 405
1694724191274 1.1111478844347364 406
1694724191445 0.9578565758125253 407
1694724191657 1.14919861431152 408
1694724191864 0.9738073036411804 409
1694724192093 0.7475991786268967 410
1694724192318 1.1389681467273491 411
1694724192520 0.7748974413774682 412
1694724192695 0.9232686741641289 413
1694724192922 0.8327422314321028 414
1694724193139 1.085888742844675 415
1694724193363 1.1939775627738485 416
1694724193564 0.8114176031699576 417
1694724193822 1.373905265614722 418
1694724194105 1.6246383362150927 419
1694724194360 0.9177021437340797 420
1694724194543 0.9058261497076894 421
1694724194791 0.5391473484318071 422
1694724195041 0.8717692125277758 423
1694724195275 1.3255834845502361 424
1694724195479 1.0106831211293499 425
1694724195746 0.8222500829499988 426
1694724195940 1.2462576755118526 427
1694724196180 0.9034284111884738 428
1694724196397 0.9003227286468072 429
1694724196595 1.4984436681870554 430
1694724196915 0.9341828007124333 431
1694724197222 1.002900789037763 432
1694724197447 0.8985675419289787 433
1694724197634 0.7304289026575919 434
1694724197816 0.8703929740048614 435
1694724198067 1.0507730805959687 436
1694724198329 0.8301394972629575 437
1694724198519 0.9772213553722405 438
1694724198764 0.8920477172183189 439
1694724199044 0.6852408518203282 440
1694724199322 1.3346282333480475 441
1694724199522 0.7835709304062807 442
1694724199738 1.0424270194921526 443
1694724199973 0.8763223883339204 444
1694724200211 0.9747287307404722 445
1694724200402 1.1362344945297502 446
1694724200610 0.8241239043924021 447
1694724200819 0.7306408671854925 448
1694724201028 1.321010634223389 449
1694724201264 0.8471994860541816 450
1694724201517 0.8635419756752798 451
1694724201677 1.085094193664788 452
1694724201867 0.8667780614735623 453
1694724202052 0.8181162327679624 454
1694724202294 0.7546878831219728 455
1694724202495 0.9576584108621948 456
1694724202690 0.6849181592106248 457
1694724202888 0.5929359011130225 458
1694724203135 1.0128345620530008 459
1694724203378 1.2037123076791312 460
1694724203583 0.7147302993935298 461
1694724203891 0.8118247098675677 462
1694724204138 0.5404420736758622 463
1694724204320 0.9830704571725115 464
1694724204539 1.7065093430306928 465
1694724204763 0.9039687925432348 466
1694724204982 0.8163490037102155 467
1694724205205 0.8401683259285142 468
1694724205439 0.9089475354326542 469
1694724205668 1.2750219809279426 470
1694724205945 1.1161320277906277 471
1694724206165 0.9856153571278446 472
1694724206373 1.1908887454218784 473
1694724206587 0.7455751020997213 474
1694724206800 1.5378009251860882 475
1694724207068 0.7911247437340918 476
1694724207300 0.7933584022254824 477
1694724207521 0.7593960148848694 478
1694724207734 1.1036256612306345 479
1694724207985 1.2765897291249788 480
1694724208223 0.9763644842994023 481
1694724208383 0.986088280120593 482
1694724208576 1.6946830773025026 483
1694724208795 0.9365679598971132 484
1694724209014 0.7912878396666756 485
1694724209247 0.9477728439184427 486
1694724209461 0.7043113439115231 487
1694724209674 1.1499856336029484 488
1694724209886 1.2143301016128392 489
1694724210121 0.8394436732733959 490
1694724210430 1.403542945697519 491
1694724210594 0.778901553284471 492
1694724210802 1.7917989120846527 493
1694724211038 0.9760217427704746 494
1694724211272 1.4892344521899055 495
1694724211509 0.9768246789686043 496
1694724211719 0.6823620789112436 497
1694724211960 1.2464368489978224 498
1694724212172 0.9446744290409645 499
