1694732723031 1.2308557933956292 0
1694732723308 0.7199568423621089 1
1694732723658 0.8281197185326152 2
1694732723921 1.9344924641565424 3
1694732724196 0.2236198234265932 4
1694732724439 0.008889434659409945 5
1694732724736 0.4529416190289053 6
1694732725013 1.2113577201563779 7
1694732725324 3.6831038138536427 8
1694732725607 0.5057397918862725 9
1694732725948 0.7305845390006429 10
1694732726257 0.5069012404060362 11
1694732726527 0.9192548494796945 12
1694732726818 0.5660287245185968 13
1694732727131 8.350590409293863 14
1694732727395 1.473300488757777 15
1694732727670 1.6670331868694477 16
1694732727978 0.4132834106500358 17
1694732728324 1.4714469459468664 18
1694732728574 0.20190332859929067 19
1694732728877 0.38164066157521 20
1694732729183 0.3914292903920935 21
1694732729470 1.6055224175037308 22
1694732729795 4.367621291507487 23
1694732730114 4.562517183608264 24
1694732730463 4.452805545897902 25
1694732730796 0.04190569731581686 26
1694732731117 0.48987289496194686 27
1694732731467 7.667462700113679 28
1694732731798 0.016614541690472797 29
1694732732155 0.4797385680801685 30
1694732732621 0.04809922361462971 31
1694732732926 0.37090941482728157 32
1694732733272 2.3965163279416966 33
1694732733534 0.5349760583860707 34
1694732733765 0.0291364788049993 35
1694732734049 2.0111567216641038 36
1694732734382 0.368310578313078 37
1694732734625 0.8594844368013372 38
1694732734980 10.524573903916771 39
1694732735314 0.2411939637348079 40
1694732735635 0.623187730122352 41
1694732735924 1.9643606541559173 42
1694732736238 3.9045794259567734 43
1694732736554 0.06386055636735159 44
1694732736864 0.8041419711256665 45
1694732737214 0.0007128845997198067 46
1694732737525 2.302663517949175 47
1694732737771 3.1422776220236277 48
1694732737978 2.1635703383346323 49
1694732738177 1.6948946424836597 50
1694732738396 0.007716509783454127 51
1694732738691 0.3520249711124394 52
1694732738996 0.0315079470569611 53
1694732739403 0.5245098394267497 54
1694732739664 0.20494175439801257 55
1694732739962 3.27125065337851 56
1694732740311 0.014530155562037626 57
1694732740592 1.8371056405338018 58
1694732740967 8.715215458796898 59
1694732741283 0.01979869103218353 60
1694732741625 1.0644122213670961 61
1694732741957 0.09816320900024891 62
1694732742267 0.529160419032696 63
1694732742612 0.0048082215979901016 64
1694732742915 0.55406506592595 65
1694732743224 3.8195866549855566 66
1694732743567 0.0011342939942638507 67
1694732743828 2.7903619163359727 68
1694732744107 2.5004276381735244 69
1694732744391 22.68199118275251 70
1694732744693 11.538088298938602 71
1694732745038 0.839302162530534 72
1694732745365 1.7052053912594236 73
1694732745660 2.2033563182430966 74
1694732745976 0.9018213436910932 75
1694732746293 0.41592181443172854 76
1694732746585 0.032900487045441296 77
1694732746854 0.49074157554808306 78
1694732747188 4.469445703055784 79
1694732747492 5.063620700142782 80
1694732747758 2.418158323312488 81
1694732748114 1.7428837868766394 82
1694732748454 0.08196814405327836 83
1694732748736 0.13181072177955466 84
1694732748975 0.6553169952717544 85
1694732749230 1.0310020989672815 86
1694732749511 1.3007121514620068 87
1694732749766 0.5091763270730478 88
1694732749997 3.412509864590375 89
1694732750237 1.1610247159992504 90
1694732750572 0.10043057364414525 91
1694732750918 9.338816322734141 92
1694732751231 1.9605698994184912 93
1694732751568 0.10264973296557416 94
1694732751827 0.017911171688000087 95
1694732752122 0.004901823779473355 96
1694732752535 2.5988145029288305 97
1694732752801 2.1675251704710408 98
1694732753044 0.5306093314438018 99
1694732753340 0.4580610063741654 100
1694732753667 0.026969523977375676 101
1694732753890 12.662263700261148 102
1694732754155 11.455050486321456 103
1694732754496 2.216502864872558 104
1694732754848 2.959018078863519 105
1694732755167 0.018574951421594457 106
1694732755447 1.0332380825217002 107
1694732755754 0.009706334642287763 108
1694732755973 1.4393130602427953 109
1694732756266 0.1724462437877935 110
1694732756575 0.4033730828359418 111
1694732756874 6.130755040835785 112
1694732757204 0.7585900292418691 113
1694732757525 0.6995586503289404 114
1694732757849 0.0009597650162310632 115
1694732758286 0.0312498560111471 116
1694732758587 0.1483720320266194 117
1694732758863 0.9207622726687338 118
1694732759176 0.5373583451566485 119
1694732759549 0.548503936919201 120
1694732759853 1.6431908462968068 121
1694732760108 1.7688521242792108 122
1694732760448 4.320042134948488 123
1694732760888 0.26066244923250687 124
1694732761175 0.05357861361115073 125
1694732761546 0.04151500340390742 126
1694732761852 0.036374793455740836 127
1694732762107 0.13022868568274149 128
1694732762380 3.4776189842048706 129
1694732762758 0.10535850891203125 130
1694732763039 0.0016506748074704015 131
1694732763325 0.25157903325024916 132
1694732763670 0.828331459078938 133
1694732763979 18.377485358752768 134
1694732764234 0.25984818231527196 135
1694732764464 2.4046561800832524 136
1694732764746 7.96587475033905 137
1694732765060 0.013270716285342104 138
1694732765294 7.016517365831162 139
1694732765567 3.2580458856568466 140
1694732765923 2.609248201897836 141
1694732766182 3.628774243982902 142
1694732766442 0.5067485906654663 143
1694732766693 1.1705674467492293 144
1694732766993 3.2015743091087154 145
1694732767230 0.5033916264307501 146
1694732767458 0.48921721910141097 147
1694732767712 1.2425201307157836 148
1694732768026 4.840732700858299 149
1694732768305 0.051622784573873134 150
1694732768706 0.08466293948874234 151
1694732769096 0.7955284157397099 152
1694732769370 0.9780100411451462 153
1694732769655 2.31030049023139 154
1694732769974 2.935469024639856 155
1694732770316 0.0889445592778165 156
1694732770604 1.355465620583501 157
1694732770956 0.007408273321830818 158
1694732771288 1.115912194645443 159
1694732771604 0.3431325880489467 160
1694732771925 0.98169106202969 161
1694732772220 9.133206213069188 162
1694732772622 6.633664332534054 163
1694732772945 5.005270974162498 164
1694732773240 3.9294264718646836 165
1694732773577 3.2902743344941183 166
1694732773906 9.04308088435827 167
1694732774192 1.1156390275724066 168
1694732774498 31.297311550198092 169
1694732774822 6.305475599992077 170
1694732775075 0.021418077840023433 171
1694732775298 4.332226848245207 172
1694732775613 0.3612294073885828 173
1694732775921 0.4932854503241416 174
1694732776217 0.22780969385771194 175
1694732776525 0.004602019349827038 176
1694732776802 0.01248644619441467 177
1694732777141 22.45423505905713 178
1694732777373 0.8760552224798941 179
1694732777650 2.805371363322886 180
1694732778076 0.7300449506715863 181
1694732778359 0.2743377222300272 182
1694732778729 0.7068041999392323 183
1694732779040 1.9282884288899753 184
1694732779345 1.6189054324226135 185
1694732779652 0.27254436837129054 186
1694732779969 0.5189665786305939 187
1694732780231 0.8554189250793685 188
1694732780454 0.0627274325420331 189
1694732780778 1.0915328886613729 190
1694732781127 6.166432736572575 191
1694732781407 1.567022137052988 192
1694732781756 2.907940918138629 193
1694732782092 3.5814856533744477 194
1694732782434 24.003164539994543 195
1694732782766 0.03615570251509609 196
1694732783075 3.592098531720538 197
1694732783340 0.7887876305170916 198
1694732783680 0.08156893660404771 199
1694732783960 0.00023085915718740166 200
1694732784272 1.3037648392572838 201
1694732784501 2.006412735549348 202
1694732784756 0.560192103376587 203
1694732785153 0.22037685088993186 204
1694732785417 0.27318024614459807 205
1694732785678 0.4447178110692336 206
1694732785993 0.009980374344641397 207
1694732786305 2.137614840119438 208
1694732786563 1.371486857710195 209
1694732786858 10.39457634507562 210
1694732787184 3.4593916444821433 211
1694732787474 2.685712729627819 212
1694732787765 1.1572133910362608 213
1694732788085 0.1310084720073954 214
1694732788425 2.8253290517860843 215
1694732788743 0.06347750317767578 216
1694732789053 1.7667349854850607 217
1694732789340 2.1489779512109775 218
1694732789653 3.974649743335028 219
1694732789984 2.8288626297752315 220
1694732790354 3.429139907456551 221
1694732790598 0.6400881829585332 222
1694732790904 2.902372249041794 223
1694732791201 0.0014639038996507336 224
1694732791441 0.1940659721906133 225
1694732791731 0.7669481585021418 226
1694732792035 0.9481779596618737 227
1694732792325 6.500749597537041 228
1694732792698 0.024818002082452738 229
1694732793011 0.6092444253417585 230
1694732793349 0.10276159595710418 231
1694732793594 0.5586438791475029 232
1694732793921 0.8616307283004306 233
1694732794234 3.620877923917306 234
1694732794481 0.2522157383948031 235
1694732794863 0.5510507611299318 236
1694732795149 2.4191002800437524 237
1694732795420 1.1899449094312113 238
1694732795662 3.303597655759089 239
1694732795904 2.980056227239484 240
1694732796150 7.371921040255529 241
1694732796413 9.124993692751396 242
1694732796683 0.0025126543186885257 243
1694732797048 2.4211727484113834 244
1694732797372 4.753943615897388 245
1694732797669 0.6987209183392181 246
1694732798018 1.4173417650359788 247
1694732798341 0.9839678402940404 248
1694732798629 1.3079656132996587 249
1694732799142 0.3521492330153451 250
1694732799538 6.683524553447267 251
1694732799771 0.33978504478863303 252
1694732800054 3.2782939963739848 253
1694732800297 1.4223875300199877 254
1694732800523 7.618098620729978 255
1694732800867 2.284376559283347 256
1694732801187 8.552309048801584 257
1694732801502 0.03560338922548943 258
1694732801772 0.0029344176819567054 259
1694732802059 1.2479788540379662 260
1694732802365 0.5591820300633814 261
1694732802687 3.297464986958342 262
1694732802934 5.727916247363779 263
1694732803169 0.2034847450014755 264
1694732803465 0.9455159522730824 265
1694732803756 4.997401390559306 266
1694732804072 0.0025312183523048377 267
1694732804417 4.536057564478982 268
1694732804685 0.009642255376750591 269
1694732804933 0.009296684257763447 270
1694732805188 0.708059215312211 271
1694732805512 2.642382990448366 272
1694732805746 2.253887506068221 273
1694732806020 0.0018237509723138853 274
1694732806277 1.3406342506750863 275
1694732806632 0.653671041593093 276
1694732806850 1.6335579384578678 277
1694732807084 5.74004373545178 278
1694732807374 13.506260671266615 279
1694732807707 0.8139816147885662 280
1694732807989 0.7625761149476104 281
1694732808345 0.005712693210882691 282
1694732808632 0.04401704085676335 283
1694732808871 1.22817318904739 284
1694732809169 0.07861895015073798 285
1694732809459 0.9112025824559631 286
1694732809747 0.03375862557883503 287
1694732809946 0.29940257262747294 288
1694732810228 0.16990779274171042 289
1694732810570 30.635196381791058 290
1694732810914 0.02236005924950123 291
1694732811167 2.469956825132382 292
1694732811464 0.6958953300341302 293
1694732811770 2.1037557349986713 294
1694732812074 2.3821184242187763 295
1694732812405 9.902068137646856 296
1694732812805 3.47177803438075 297
1694732813134 12.4451191188944 298
1694732813455 2.8002316682487964 299
1694732813767 22.292638190318115 300
1694732814054 0.03664422333853409 301
1694732814371 0.4912271386310247 302
1694732814693 0.9848477360751022 303
1694732815040 0.00601731887156261 304
1694732815350 0.2952609936218433 305
1694732815656 0.4032334427986442 306
1694732815929 0.1058674263114699 307
1694732816204 0.005675283977865915 308
1694732816507 0.13058720680566635 309
1694732816815 0.4254486569466856 310
1694732817096 2.053551538105894 311
1694732817449 0.939651038639636 312
1694732817745 0.6313177192861779 313
1694732817996 1.8148375262538645 314
1694732818303 0.09808679185417624 315
1694732818611 0.1546328623274234 316
1694732818925 8.494055896460166 317
1694732819208 0.806950367523892 318
1694732819555 0.3490774505600658 319
1694732819836 2.0797397415487056 320
1694732820076 4.142355796949352 321
1694732820336 1.466178200348869 322
1694732820624 3.4715826334260944 323
1694732820979 0.39419700877979374 324
1694732821260 9.819971513086006 325
1694732821656 1.341180251885397 326
1694732821934 1.3903276597204741 327
1694732822203 0.7703343783763673 328
1694732822555 0.20079392242439054 329
1694732822949 0.16447898277583461 330
1694732823228 0.008001535143935956 331
1694732823547 0.0854663261740134 332
1694732823919 0.013965242317933259 333
1694732824229 4.591345833265672 334
1694732824634 5.091620779117224 335
1694732824951 0.1443330829871532 336
1694732825207 1.724893754162685 337
1694732825498 0.5407572263288858 338
1694732825780 0.13391179964682373 339
1694732826096 0.02238185062235292 340
1694732826371 0.4797808506573867 341
1694732826658 0.04093320837335421 342
1694732826941 0.003557409728406155 343
1694732827219 0.30634501410397286 344
1694732827541 0.16118711803207994 345
1694732827796 2.16630374916759 346
1694732828107 0.17522728767929094 347
1694732828453 2.483603609857527 348
1694732828763 0.12922411966979297 349
1694732829099 14.350320648851405 350
1694732829450 1.649058148685752 351
1694732829803 1.477430931924351 352
1694732830116 0.016716507004962345 353
1694732830448 1.3748624015706565 354
1694732830809 0.8307863924077507 355
1694732831131 0.11697345351919186 356
1694732831435 3.1535721832275483 357
1694732831782 2.2032889441774066 358
1694732832093 8.80003707298053 359
1694732832383 0.07532230826234469 360
1694732832771 30.42089389262857 361
1694732833051 1.4534113318298978 362
1694732833347 4.487424862182873 363
1694732833680 1.026906711454558 364
1694732833987 2.377971501656172 365
1694732834261 0.5038592219700873 366
1694732834529 1.19711534123805 367
1694732834899 0.7372396996390346 368
1694732835212 3.6364146942795776 369
1694732835489 1.7860939237817062 370
1694732835798 2.291548011617091 371
1694732836104 0.4175049089874251 372
1694732836329 7.894804211641421 373
1694732836576 0.6369194750599152 374
1694732836885 0.06124882921760506 375
1694732837227 8.275626201590418 376
1694732837479 0.2973639385949462 377
1694732837801 2.597746344760876 378
1694732838300 3.748429847690077 379
1694732838618 5.547736681524631 380
1694732838934 3.1652657244612694 381
1694732839293 0.6203103493371548 382
1694732839590 0.6844658483206869 383
1694732839878 2.7655591837744598 384
1694732840199 0.38175555196621225 385
1694732840406 5.020860206692224 386
1694732840698 1.4925632880055324 387
1694732841077 0.11241679583978084 388
1694732841398 1.168137928426217 389
1694732841755 0.06627378329788182 390
1694732842017 0.018239694985616752 391
1694732842330 2.440781758020373 392
1694732842698 0.9687022590067569 393
1694732843011 0.12397390195736056 394
1694732843323 3.6100355208782453 395
1694732843652 0.0072044732294004364 396
1694732844010 0.12377427882517228 397
1694732844308 0.006011179602567169 398
1694732844598 6.31102679241663 399
1694732844914 0.721236787024841 400
1694732845231 0.3631509991777534 401
1694732845490 17.67228718554979 402
1694732845803 4.402338890584605 403
1694732846180 2.1546019114925645 404
1694732846443 8.568925428350669 405
1694732846783 0.3515549636930902 406
1694732847095 0.9152053720172676 407
1694732847380 1.3282655892938535 408
1694732847709 0.030960840505806015 409
1694732848016 0.3738719632112221 410
1694732848368 4.070989982605296 411
1694732848621 2.13707063366988 412
1694732848936 0.2649972504909027 413
1694732849217 0.8612120814094776 414
1694732849460 2.6057411575319147 415
1694732849703 0.3457504089634187 416
1694732850028 5.2760776861240695 417
1694732850375 3.808434347960423 418
1694732850681 0.03917168139755541 419
1694732851051 0.4651584424101304 420
1694732851368 0.052614062811423785 421
1694732851652 0.44858051660770004 422
1694732851996 10.375625205457082 423
1694732852312 0.2689793925045898 424
1694732852662 0.9074850872405128 425
1694732853019 15.239672821011455 426
1694732853332 3.690681653246625 427
1694732853618 10.305369547860447 428
1694732853929 0.11610335027598599 429
1694732854262 0.9623274986685111 430
1694732854515 1.8907097762569094 431
1694732854792 0.006112288070417681 432
1694732855145 3.1839520852145218 433
1694732855444 0.35173262803528105 434
1694732855676 1.1732937553654985 435
1694732855992 0.5697539750336572 436
1694732856336 0.4040298144592362 437
1694732856642 0.2994202594117416 438
1694732856958 0.00013416668254992277 439
1694732857345 0.31427590736840233 440
1694732857615 0.3625489821454651 441
1694732857903 0.19169856141170336 442
1694732858222 0.4324291756402968 443
1694732858501 0.20521353717114074 444
1694732858707 0.03332196584211684 445
1694732858976 0.08795469107131128 446
1694732859350 9.635545476629657 447
1694732859683 0.9545657618758052 448
1694732860008 0.5144018390880831 449
1694732860327 3.269995395216655 450
1694732860628 0.136822746661904 451
1694732861004 0.4847918778511848 452
1694732861321 0.005265545002913884 453
1694732861665 1.1840130844513732 454
1694732861983 4.598366142048933 455
1694732862306 0.011578785576171981 456
1694732862669 1.526469412255927 457
1694732862911 0.023369947936015618 458
1694732863220 0.07355323619480814 459
1694732863529 0.36714318978089383 460
1694732863889 1.8875146037007333 461
1694732864206 0.059840407813935514 462
1694732864516 1.3562939269560326 463
1694732864767 3.5770912675269453 464
1694732865072 0.19852943122532835 465
1694732865411 1.3731770584714305 466
1694732865686 1.7500234554491882 467
1694732866043 4.475306872938425 468
1694732866355 2.5099693843344095 469
1694732866653 12.305528259637795 470
1694732866954 2.5281477455586554 471
1694732867239 2.3058974530189036 472
1694732867533 0.0011937767485177705 473
1694732867827 1.7726356850143805 474
1694732868122 0.8518417812645902 475
1694732868441 8.369359288605754 476
1694732868693 2.42470546222721 477
1694732868926 0.4384767707045852 478
1694732869247 1.6051503706093722 479
1694732869557 0.8314748965813207 480
1694732869800 0.05542216593376097 481
1694732870150 6.241297656517138 482
1694732870561 0.6650980057305291 483
1694732870813 0.042630251342850936 484
1694732871108 0.5091747850508109 485
1694732871424 0.6216086568438606 486
1694732871729 0.7519889511454035 487
1694732872030 0.015853116110269724 488
1694732872354 0.13737454850867853 489
1694732872748 0.1753850993518592 490
1694732873057 1.428657245239115 491
1694732873389 1.2208375287675552 492
1694732873701 1.7697849608082612 493
1694732873991 1.1084021113003542 494
1694732874313 0.33940799423319507 495
1694732874659 8.526306264842654 496
1694732875004 0.27318613255448176 497
1694732875323 1.7717790128826736 498
1694732875647 4.417630354437524 499
