1694743616785 1.2061149602779833 0
1694743617075 0.3244204249917029 1
1694743617289 0.007339791876486687 2
1694743617552 1.9213829553820796 3
1694743617804 5.050759542100056 4
1694743618054 0.24509437660267688 5
1694743618353 0.8039787395221033 6
1694743618665 0.3338280684512438 7
1694743618895 0.017886567331449738 8
1694743619264 0.17118380665479793 9
1694743619571 3.409171242509199 10
1694743619808 0.4740874816634171 11
1694743620052 0.7455003893981099 12
1694743620328 0.5370466610895273 13
1694743620696 0.7297940282578196 14
1694743620982 0.036246876762653375 15
1694743621357 0.6461081187489173 16
1694743621692 1.7360648339537184 17
1694743621921 1.9149074580371621 18
1694743622201 2.476079533831919 19
1694743622511 6.268517065001286 20
1694743622820 0.010945582530870527 21
1694743623101 3.316550785598943 22
1694743623409 1.8977331814557956 23
1694743623634 1.4081299892131838 24
1694743623832 5.418884740370502 25
1694743624096 0.3744926089748711 26
1694743624383 1.1722895193462264 27
1694743624687 16.484127209178826 28
1694743624908 0.15478496884947943 29
1694743625199 0.6810546706759124 30
1694743625516 0.5031500599403308 31
1694743625877 6.0148528215247925 32
1694743626196 1.30038152422786 33
1694743626541 9.027403417403436 34
1694743626836 7.286586157220442 35
1694743627152 0.15120892006487427 36
1694743627516 0.18259722806531317 37
1694743627853 0.17693596377877086 38
1694743628138 0.5575443113099927 39
1694743628430 6.391060261074993 40
1694743628768 0.5780625324528333 41
1694743629004 1.1215491212675248 42
1694743629327 1.0929440838977615 43
1694743629655 9.737807216058474 44
1694743629920 1.9180610216764076 45
1694743630199 6.079454369312457 46
1694743630490 0.2661279238607912 47
1694743630883 0.05093439238182743 48
1694743631125 0.7357308397732406 49
1694743631382 0.5919096045936902 50
1694743631753 6.110897082192205 51
1694743632053 0.008772019579443147 52
1694743632374 0.9782644218574166 53
1694743632665 5.124226169376621 54
1694743632934 0.5418210413933471 55
1694743633173 0.5122252050998096 56
1694743633425 21.22113898547309 57
1694743633711 1.42087416340306 58
1694743634058 0.33350273100278227 59
1694743634376 0.6354826373129314 60
1694743634649 0.034072461804523654 61
1694743634906 0.15263968830397834 62
1694743635152 0.22108498705994845 63
1694743635398 7.237046884666928 64
1694743635688 7.046094892800864 65
1694743635958 2.1067116908390386 66
1694743636270 19.78091282627801 67
1694743636588 0.526867745690591 68
1694743636885 0.24273546044310013 69
1694743637104 0.8402941911493863 70
1694743637407 0.03977442665503641 71
1694743637721 0.4461932348245225 72
1694743638030 2.5330138405201286 73
1694743638308 0.141499088127422 74
1694743638655 0.8387342037721927 75
1694743638952 1.6052614323772758 76
1694743639229 0.8139528149368918 77
1694743639627 0.05057973121738201 78
1694743639940 4.362974077955416 79
1694743640173 4.34015809115986 80
1694743640420 3.208879800146761 81
1694743640708 0.04041434249532047 82
1694743641061 0.22176792173202134 83
1694743641313 0.07785367058990461 84
1694743641584 32.17070699874191 85
1694743641893 3.2871510478530928 86
1694743642206 4.635242139943091 87
1694743642523 15.877297051697894 88
1694743642847 2.088784393744101 89
1694743643141 0.004277085792050004 90
1694743643396 10.102533985486085 91
1694743643679 0.07240016853577498 92
1694743643959 4.091606502395788 93
1694743644190 9.898054389009436 94
1694743644478 1.8881138572573115 95
1694743644840 3.4017866753571484 96
1694743645183 0.5020271722859444 97
1694743645480 8.299951066690033 98
1694743645806 0.11158197193171078 99
1694743646113 0.42921209916355485 100
1694743646412 0.1836415740610654 101
1694743646801 0.7793651189614642 102
1694743647092 14.670099108427522 103
1694743647388 5.998723453336395 104
1694743647638 0.5469383523612078 105
1694743647910 0.46941793238690155 106
1694743648200 1.0818913156528087 107
1694743648408 0.14828384358381683 108
1694743648699 0.010888749942922032 109
1694743649024 1.7696769810238522 110
1694743649336 0.00033896103781214413 111
1694743649701 0.36425983653868016 112
1694743650026 0.949468238951746 113
1694743650296 1.3987002029814715 114
1694743650611 0.4690555982211966 115
1694743650953 2.462114533651289 116
1694743651225 6.7615989363395315 117
1694743651537 0.4474836217563877 118
1694743651889 1.2362729614769423 119
1694743652198 2.901241602680485 120
1694743652514 9.666169687269822 121
1694743652847 2.5698924549010935 122
1694743653167 1.5552020924685237 123
1694743653399 3.7760795782760352 124
1694743653626 0.019365632717906353 125
1694743653877 5.221070895412508 126
1694743654129 0.5887301724819991 127
1694743654431 7.141865545128131 128
1694743654754 0.22769902625141053 129
1694743655061 1.0522281157161533 130
1694743655327 0.21353297054199974 131
1694743655620 1.6607880954093575 132
1694743655937 0.8879061872867781 133
1694743656286 0.039124793914074585 134
1694743656641 0.7707060121409073 135
1694743656935 9.123914120926107 136
1694743657242 0.04632407775012256 137
1694743657524 7.814283733537923e-05 138
1694743657845 2.0323520555479897 139
1694743658158 1.4939355295249324 140
1694743658496 0.5271550522403686 141
1694743658788 0.6311973877282906 142
1694743659093 0.005691765508391836 143
1694743659407 0.465251995533143 144
1694743659735 0.6105258731697558 145
1694743660110 0.8566813246112617 146
1694743660379 0.12439171528318395 147
1694743660697 2.647014466716612 148
1694743661072 0.7750976083046105 149
1694743661347 0.20768290998398822 150
1694743661632 5.132495565880089 151
1694743661968 0.5768353538500296 152
1694743662277 0.9490317670511978 153
1694743662506 1.3650411867379877 154
1694743662855 0.1620932517765874 155
1694743663172 0.9052766166796788 156
1694743663446 14.250814049003454 157
1694743663728 4.097381031485248 158
1694743664016 0.06568679419404085 159
1694743664335 0.6645208376474347 160
1694743664569 11.68626117560855 161
1694743664819 0.00014633507498775568 162
1694743665203 11.896798932122715 163
1694743665496 0.02224926529857941 164
1694743665802 4.931508593725184 165
1694743666117 2.056244036641401 166
