1694748897836 168.82788297592853 0
1694748898181 29312.778127052294 1
1694748898542 5263861.341967017 2
1694748898904 945441782.647154 3
1694748899220 169810915645.38065 4
1694748899538 30499759765428.83 5
1694748899865 5478065660526453.0 6
1694748900173 9.83916057432681e+17 7
1694748900490 1.7672128595494725e+20 8
1694748900828 3.174093224076385e+22 9
1694748901194 5.700992803830134e+24 10
1694748901489 1.0239560294824154e+27 11
1694748901873 1.8391287033531835e+29 12
1694748902205 3.3032613609466007e+31 13
1694748902485 5.932991855778435e+33 14
1694748902802 1.0656254081767849e+36 15
1694748903164 1.9139711264662597e+38 16
1694748903514 3.437685930569321e+40 17
1694748903809 6.17443199315817e+42 18
1694748904108 1.1089905014045729e+45 19
1694748904394 1.9918592245705547e+47 20
1694748904713 3.577580840847455e+49 21
1694748905085 6.425697416220903e+51 22
1694748905461 1.1541203154209455e+54 23
1694748905867 2.0729169398871545e+56 24
1694748906185 3.723168704559086e+58 25
1694748906585 6.68718796005536e+60 26
1694748906957 1.2010866646561255e+63 27
1694748907315 2.1572732584038687e+65 28
1694748907623 3.874681193598009e+67 29
1694748907994 6.959319730839324e+69 30
1694748908321 1.2499642859926682e+72 31
1694748908682 2.2450624151287944e+74 32
1694748909005 4.03235940762991e+76 33
1694748909335 7.242525767983439e+78 34
1694748909682 1.3008309576932028e+81 35
1694748910032 2.336424107696574e+83 36
1694748910361 4.196454257750829e+85 37
1694748910664 7.537256733220654e+87 38
1694748911033 1.3537676231678664e+90 39
1694748911339 2.4315037186672435e+92 40
1694748911678 4.3672268657584274e+94 41
1694748912017 7.84398162773787e+96 42
1694748912335 1.4088585197784107e+99 43
1694748912726 2.5304525468714474e+101 44
1694748913093 4.544948979671364e+103 45
1694748913420 8.163188538490767e+105 46
1694748913735 1.4661913128839011e+108 47
1694748914064 2.6334280481700876e+110 48
1694748914371 4.729903406158057e+112 49
1694748914719 8.495385414889688e+114 50
1694748915179 1.5258572353413673e+117 51
1694748915502 2.7405940860116117e+119 52
1694748915796 4.922384460562912e+121 53
1694748916169 8.841100877092294e+123 54
1694748916478 1.587951232683344e+126 55
1694748916806 2.8521211921855886e+128 56
1694748917236 5.122698435246131e+130 57
1694748917501 9.200885057189256e+132 58
1694748917773 1.6525721142033413e+135 59
1694748918119 2.9681868381874825e+137 60
1694748918429 5.331164086982385e+139 61
1694748918763 9.57531047462165e+141 62
1694748919091 1.7198227101896754e+144 63
1694748919449 3.0889757176265673e+146 64
1694748919787 5.548113144193929e+148 65
1694748920182 9.964972947222988e+150 66
1694748920532 1.7898100355578303e+153 67
1694748920896 3.2146800401261917e+155 68
1694748921237 5.773890834825323e+157 69
1694748921537 1.0370492539335627e+160 70
1694748921950 1.8626454601417753e+162 71
1694748922269 3.3454998371842325e+164 72
1694748922582 6.008856435699702e+166 73
1694748922893 1.0792514548510308e+169 74
1694748923199 1.938444885915191e+171 75
1694748923512 3.4816432804803735e+173 76
1694748923868 6.253383844230939e+175 77
1694748924277 1.1231710532359045e+178 78
1694748924549 2.0173289314246408e+180 79
1694748924843 3.6233270131367234e+182 80
1694748925193 6.507862173401208e+184 81
1694748925497 1.1688779377195063e+187 82
1694748925823 2.0994231237281226e+189 83
1694748926134 3.7707764944589303e+191 84
1694748926479 6.772696370950969e+193 85
1694748926789 1.2164448410160728e+196 86
1694748927128 2.184858098144514e+198 87
1694748927448 3.924226358706378e+200 88
1694748927739 7.048307863766518e+202 89
1694748928060 1.2659474556612852e+205 90
1694748928393 2.2737698061316844e+207 91
1694748928745 4.083920788462332e+209 92
1694748929096 7.335135228490615e+211 93
1694748929460 1.3174645544607215e+214 94
1694748929747 2.3662997316241073e+216 95
1694748930029 4.250113903198189e+218 96
1694748930347 7.633634889423207e+220 97
1694748930642 1.3710781158398973e+223 98
1694748930958 2.4625951161742327e+225 99
1694748931293 4.423070163650205e+227 100
1694748931637 7.944281844822957e+229 101
1694748931951 1.4268734542953706e+232 102
1694748932278 2.5628091932558786e+234 103
1694748932614 4.603064792652059e+236 104
1694748932957 8.267570422765156e+238 105
1694748933308 1.4849393561544858e+241 106
1694748933677 2.6671014321024706e+243 107
1694748934021 4.790384213093081e+245 108
1694748934376 8.604015067759052e+247 109
1694748934686 1.5453682208597915e+250 110
1694748935053 2.775637791468165e+252 111
1694748935401 4.985326503698859e+254 112
1694748935712 8.954151159375925e+256 113
1694748936076 1.608256208002948e+259 114
1694748936416 2.8885909837156362e+261 115
1694748936740 5.188201873359699e+263 116
1694748937093 9.318535864191075e+265 117
1694748937459 1.6737033903421316e+268 118
1694748937736 3.0061407496508277e+270 119
1694748938090 5.3993331547616436e+272 120
1694748938414 9.697749022395077e+274 121
1694748938725 1.7418139130463848e+277 122
1694748939113 3.1284741445419105e+279 123
1694748939445 5.6190563181054357e+281 124
1694748939712 1.009239407048506e+284 125
1694748940030 1.8126961594203198e+286 126
1694748940403 3.2557858357776695e+288 127
1694748940730 5.8477210057312085e+290 128
1694748941040 1.0503099001504838e+293 129
1694748941393 1.8864629233729634e+295 130
1694748941664 3.388278412638963e+297 131
1694748941987 6.085691088499315e+299 132
1694748942348 1.0930517364361074e+302 133
1694748942707 1.9632315889050637e+304 134
1694748943037 inf 135
