1694741875932 20.467527206303277 0
1694741876127 3.1431124474678755 1
1694741876291 2.7169007523982427 2
1694741876475 2.5634419634513086 3
1694741876702 2.9536051017279528 4
1694741876938 1.749337689558314 5
1694741877128 1.8020548423106002 6
1694741877317 3.5225533043304043 7
1694741877488 2.347290559767255 8
1694741877649 2.2197569139618203 9
1694741877873 2.7600336244789845 10
1694741878074 2.3990642056470675 11
1694741878222 2.5268709909333684 12
1694741878392 1.5721916975935124 13
1694741878548 2.29835012275855 14
1694741878729 1.8175575895989944 15
1694741878976 1.813618257308421 16
1694741879169 3.54712788636228 17
1694741879343 3.0859859623990813 18
1694741879641 2.8831029766790777 19
1694741879913 3.4100527733514663 20
1694741880151 1.8831619304973066 21
1694741880326 1.6374283830644212 22
1694741880589 1.7637984971524345 23
1694741880828 2.5859191152300176 24
1694741881027 2.3885142469475396 25
