1694712438598 1.5987156606917503 0
1694712438898 2.5108880582122537 1
1694712439152 0.36957605462128046 2
1694712439456 15.027063294853734 3
1694712439742 0.10909899179806114 4
1694712440017 1.7598413656511616 5
1694712440331 0.06730423128401321 6
1694712441893 0.458885484201699 7
1694712442387 0.051700877304824255 8
1694712442602 0.9386616214395039 9
1694712442814 0.9035816890510248 10
1694712443101 0.5183652388848243 11
1694712443332 4.417882638388808 12
1694712443625 0.4691645937099349 13
1694712443919 0.0047380496445094825 14
1694712444132 1.566439007577923 15
1694712444356 0.3374554781510482 16
1694712444723 1.4933042801246215 17
1694712445020 0.07207659808028859 18
1694712445270 0.00041992996497246753 19
1694712445548 0.19413002658734566 20
1694712445803 0.3226141532075142 21
1694712446051 8.605378690571053e-06 22
1694712446366 1.2393104438219922 23
1694712446657 0.5523213685044149 24
1694712446940 0.08951328957983722 25
1694712447167 0.2656896632813729 26
1694712447476 0.01667504157979764 27
1694712448110 0.17762468920765098 28
1694712448420 0.12586974702879095 29
1694712448831 0.0074980927071072205 30
1694712449144 0.07254336842959037 31
1694712449470 0.00011809662694403671 32
1694712449856 1.418106187093659 33
1694712450342 0.04955676978918636 34
1694712450634 6.545054247961225 35
1694712450920 0.01160042644031345 36
1694712451150 0.09099753723685228 37
1694712451433 0.6691751790430635 38
1694712451719 0.003032039423465487 39
1694712452079 1.1547517908741525 40
1694712452311 0.37044508278518506 41
1694712452600 0.057463803665205905 42
1694712452890 0.9358864467127008 43
1694712453174 0.6566186612652932 44
1694712453390 0.8607628133442068 45
1694712453652 0.02470312883343807 46
1694712453944 0.45833407501802587 47
1694712454265 2.675251134922697 48
1694712454648 1.7233676464357173 49
1694712454916 2.064912632447624 50
1694712455147 0.5659138633835571 51
1694712455362 2.74618589044876 52
1694712455578 0.7048849871552579 53
1694712455813 2.1423408710501035 54
1694712456007 0.04109068155244139 55
1694712456250 0.03174738444279179 56
1694712456531 0.008769174887716693 57
1694712456800 0.7166177918988519 58
1694712457071 0.31543585018139286 59
1694712457328 0.8571441709371126 60
1694712457578 0.1841940706402744 61
1694712457882 0.09944111152550182 62
1694712458166 1.6229341696547996 63
1694712458378 0.07339949917460886 64
1694712458671 3.9126204584928863 65
1694712458968 0.06981678962559756 66
1694712459258 0.05896668927128249 67
1694712459480 0.4495575992127668 68
1694712459770 1.5832243791177922 69
1694712460083 0.6023766598752803 70
1694712460338 0.03887080021571496 71
1694712460612 4.097736956984079 72
1694712460985 0.08792226585188737 73
1694712461278 1.2629337842087436 74
1694712461500 1.7045425254334423 75
1694712461779 0.20121736357652767 76
1694712462099 5.738628177498015 77
1694712462374 0.3293028501077545 78
1694712462669 0.0007009762055129801 79
1694712462954 0.061057553671377704 80
1694712463307 0.8271936078958053 81
1694712463542 0.006759712317251504 82
1694712463851 0.5754272792555325 83
1694712464183 3.640276637621078 84
1694712464458 0.9783725330495674 85
1694712464836 1.756682742652376 86
1694712465154 0.030107057551571566 87
1694712465451 0.07293877324855326 88
1694712465695 2.5146358734301173 89
1694712465996 0.12148801945027018 90
1694712466384 1.6500281095692122 91
1694712466609 0.5884744132750269 92
1694712466979 4.454623862342745 93
1694712467494 0.6738419768237025 94
1694712467818 0.6819892581358029 95
1694712468135 0.007259590202026069 96
1694712468478 0.20733947339789732 97
1694712468700 2.334265909982287 98
1694712468959 2.1479490535098 99
1694712469244 0.235818855621225 100
1694712469476 0.1477648439669002 101
1694712469822 0.02138317844119326 102
1694712470155 1.3304072616264924 103
1694712470442 0.0024059251831216985 104
1694712470703 0.18722095855170856 105
1694712470969 3.525683985097277 106
1694712471252 0.7647537175153731 107
1694712471910 1.327067133777096 108
1694712472250 1.5541301819759683 109
1694712472494 3.463884084763828 110
1694712472747 2.4262551779118535 111
1694712473072 0.16914428915494586 112
1694712473709 2.3189246186492034 113
1694712474095 0.17353649526318227 114
1694712474466 0.4003485299150408 115
1694712474752 0.3814930559874569 116
1694712475003 1.5856343516782476 117
1694712475300 0.012125376838084765 118
1694712475586 0.04278310485918222 119
1694712475879 0.032817381977325026 120
1694712476154 4.032404632369641 121
1694712476469 0.263601464878848 122
1694712476815 0.5592552344716641 123
1694712477087 1.9529861203737073 124
1694712477371 0.6342550519038445 125
1694712477666 1.312562931587265 126
1694712477958 1.1484964321142912 127
1694712478224 0.5156529478140449 128
1694712478478 0.01404997198795513 129
1694712478746 1.0401090247046736 130
1694712479027 0.7564615687449021 131
1694712479300 0.0006102678823661534 132
1694712479559 1.4498030477071142 133
1694712479770 0.05749981250075442 134
1694712480030 0.30572635771531353 135
1694712480369 0.09400019336318127 136
1694712480613 1.138335825226785 137
1694712480872 1.0653712851493498 138
1694712481262 0.007433340195929842 139
1694712481526 2.5997649021594578 140
1694712481743 3.3488337220670044 141
1694712481970 0.00020263345992138233 142
1694712482271 0.13971496869705374 143
1694712482590 0.9990850760509136 144
1694712482879 0.25316666295581697 145
1694712483152 0.018160568231810077 146
1694712483512 0.3836828994884064 147
1694712483728 1.1796092133917684 148
1694712483916 5.022569834129597 149
1694712484174 0.001241913566287694 150
1694712484483 0.018043718120099955 151
1694712484776 0.14470033752133485 152
1694712485061 0.19239625906883495 153
1694712485442 0.2022469485705852 154
1694712485792 0.10641083366736329 155
1694712486058 0.3974696640447064 156
1694712486389 0.04051627046545923 157
1694712486653 2.4095614846863818 158
1694712486946 0.2371754960999192 159
1694712487245 0.5162928546967167 160
1694712487504 0.3969856907979658 161
1694712487779 0.6565805852130288 162
1694712488065 0.02692047920347858 163
1694712488328 0.857839023215206 164
1694712488616 1.174720117503025 165
1694712489017 0.04103046871541854 166
1694712489331 0.33037476191432774 167
1694712489619 0.2048650980295994 168
1694712489880 0.9419061724731113 169
1694712490218 0.19073827286895184 170
1694712490534 3.378863513857299 171
1694712490779 0.0665646181934716 172
1694712491114 0.06567457965922341 173
1694712491461 0.678677792991053 174
1694712491792 0.07913542149697186 175
1694712492254 0.47801474318109344 176
1694712492553 0.002464724780854563 177
1694712492860 0.8530659715894893 178
1694712493214 3.3655843047622 179
1694712493542 4.01826930292111 180
1694712493807 0.4302727241148395 181
1694712494069 0.06762823236693691 182
1694712494357 3.733206398811313 183
1694712494729 0.027103460870635733 184
1694712494986 0.16086054630816074 185
1694712495299 0.7878705221091886 186
1694712495741 0.010695345020211466 187
1694712496004 0.11761324281181888 188
1694712496291 5.570881697798386 189
1694712496630 0.6546364463403401 190
1694712496973 3.124237558128307 191
1694712497279 0.7393644632165202 192
1694712497585 1.9210397431101316 193
1694712497881 1.0996773887267783 194
1694712498208 7.756777640362948 195
1694712498525 0.12376011902034831 196
1694712498794 0.11190696932365694 197
1694712499140 0.0007600677146466692 198
1694712499459 2.9373684391046315 199
1694712499760 0.07431002569847746 200
1694712500012 0.049517072345816406 201
1694712500323 0.2186680506051001 202
1694712500625 0.1675009932590295 203
1694712500857 1.2500636064614639 204
1694712501109 0.020082892467056034 205
1694712501440 0.0041781722203803285 206
1694712501702 0.6482709351422924 207
1694712501915 3.300740828731048 208
1694712502211 4.906767248650743 209
1694712502506 2.692575514461431 210
1694712502799 0.18732753881073336 211
1694712503034 1.8436071426504375 212
1694712503286 0.03489399366947386 213
1694712503620 1.9100595139647205 214
1694712503863 0.008936422540044116 215
1694712504113 0.357141752174569 216
1694712504364 0.04171751962206555 217
1694712504764 0.4750031997833599 218
1694712505018 0.2029688854970303 219
1694712505328 1.773490590034348 220
1694712505624 0.4245525184843392 221
1694712505878 0.2341851133770981 222
1694712506152 0.56540524750341 223
1694712506550 0.12154088135428676 224
1694712506820 0.685377729168992 225
1694712507047 0.0021248354119692376 226
1694712507381 0.839392298871411 227
1694712507685 1.7832214104499708 228
1694712507923 8.217813848842933 229
1694712508218 0.7542067430446485 230
1694712508516 0.16716258889788985 231
1694712508830 0.8957112207647359 232
1694712509097 0.07726479896687061 233
1694712509427 1.1923128923399666 234
1694712509739 3.7420804623241763 235
1694712510002 0.11971387294536241 236
1694712510292 0.00024109439123185932 237
1694712510643 0.023450799240759816 238
1694712510986 4.13948452686522 239
1694712511241 1.9433468357240242 240
1694712511446 2.525480959976337 241
1694712511683 0.9390878299551378 242
1694712511959 0.008659985274948179 243
1694712512205 1.3871485868477975 244
1694712512542 0.2510956868824028 245
1694712512878 0.47890766089508247 246
1694712513169 0.11750405917119598 247
1694712513464 0.1978084311875051 248
1694712513779 1.1410797796051229 249
1694712514025 0.8520663602669086 250
1694712514252 4.140301506940395 251
1694712514544 0.25329026932532406 252
1694712514973 1.664472429436821 253
1694712515184 9.156190981244002 254
1694712515397 0.26770758120283744 255
1694712515710 0.2475925989899418 256
1694712516023 0.004320122532344888 257
1694712516295 0.0205669703579149 258
1694712516673 0.14978577138259355 259
1694712517054 0.16242476131073166 260
1694712517392 0.003312147152596304 261
1694712517693 0.9173190265421298 262
1694712517956 3.247637787784095 263
1694712518223 0.5576669020933702 264
1694712518495 0.5986899425364288 265
1694712518813 0.35371190323955337 266
1694712519099 6.607193931621753 267
1694712519368 1.879273880324369 268
1694712519583 0.4830901388472449 269
1694712519766 0.2479176904712467 270
1694712520060 0.05028622346695513 271
1694712520367 3.261546005575404 272
1694712520664 1.6477537653112209 273
1694712520976 0.01841260866172207 274
1694712521268 9.675102566140177 275
1694712521525 0.038824821238257944 276
1694712521891 1.145239844435334 277
1694712522222 0.0025749122601735593 278
1694712522552 0.6206399035358122 279
1694712522923 0.11488306807662206 280
1694712523268 0.3771618378224732 281
1694712523578 2.1480912948125517 282
1694712523928 1.761094146711942 283
1694712524250 0.5255693490165928 284
1694712524594 0.07656046470229051 285
1694712524949 0.44414418459115357 286
1694712525292 1.836146031116384 287
1694712525616 0.03526098132976689 288
1694712526147 0.33000757185333 289
1694712526770 0.13349362793843753 290
1694712527360 0.3180766533361573 291
1694712527717 0.1558515111561414 292
1694712528219 0.0014316320187788053 293
1694712528585 1.269188946056191 294
1694712528910 0.025990211590099146 295
1694712529308 0.06061267489106664 296
1694712529789 1.0399984907699453 297
1694712530148 0.4849109738432453 298
1694712530570 0.004124485698472648 299
1694712530987 0.11006522453483361 300
1694712531363 0.8991796554634635 301
1694712531612 1.232941113029856 302
1694712531915 0.031333459220399165 303
1694712532317 1.7141134347414952 304
1694712532600 1.8836365996039053 305
1694712532909 0.3399319158958738 306
1694712533367 4.5478814625142 307
1694712533716 0.9426047383565803 308
1694712534117 0.014157683970181367 309
1694712534488 0.25875315401880067 310
1694712534796 2.3332997195417944 311
1694712535124 0.47286220727983436 312
1694712535602 0.05962880410785163 313
1694712536017 5.421653019819955 314
1694712536369 0.23732675643324927 315
1694712536656 0.0028748364141772047 316
1694712537062 0.4063151589062698 317
1694712537354 0.49643609431603647 318
1694712537686 1.0547670472451496 319
1694712537967 2.1358000906901444 320
1694712538326 0.00015906888739279632 321
1694712538574 0.0010843570449314804 322
1694712538819 0.008191880935180052 323
1694712539117 0.8320872822395032 324
1694712539370 2.408021646533621 325
1694712539639 0.011834527578091327 326
1694712539894 0.07546829692391611 327
1694712540181 0.27422461718441393 328
1694712540505 2.3560309555522108 329
1694712540775 1.8945039616765103 330
1694712541053 1.4743250720796575 331
1694712541338 0.31698946238205317 332
1694712541656 3.0537298383958618 333
1694712541913 2.8940656386041597 334
1694712542223 6.083820259177359 335
1694712542533 0.5198356808207603 336
1694712542869 0.1661127364463623 337
1694712543150 0.2559118762537652 338
1694712543478 1.0866995887178608 339
1694712543772 0.5962073593956143 340
1694712544093 0.988067714387989 341
1694712544396 2.471268840254526 342
1694712544672 0.2677755164198799 343
1694712544994 0.013069125096258996 344
1694712545374 5.577834654077747 345
1694712545752 0.15315866520656587 346
1694712546101 0.0755284390799802 347
1694712546434 0.007355287678083706 348
1694712546697 0.07765754922089745 349
1694712546980 1.7120674825935687 350
1694712547277 0.025173620498588505 351
1694712547548 0.10189273930573048 352
1694712547779 0.8493337702329219 353
1694712548026 0.3334574424741516 354
1694712548244 0.2547667835994193 355
1694712548489 1.3174498309625675 356
1694712548705 0.019948996887412872 357
1694712548989 0.12186370035861673 358
1694712549304 0.43229554102379664 359
1694712549619 0.8369001619715429 360
1694712549867 1.2260581709810863 361
1694712550166 2.438982642599453 362
1694712550488 0.22878903048859128 363
1694712550751 0.28108324939774804 364
1694712551026 0.008499678134595297 365
1694712551269 1.8958469454682418 366
1694712551522 0.21143774491769782 367
1694712551792 0.03241291680251654 368
1694712552044 0.00015816037369016417 369
1694712552313 0.007920398224006272 370
1694712552598 0.08758297707573143 371
1694712552818 6.365989430639625 372
1694712553079 0.7180344154816374 373
1694712553407 0.11675838137851789 374
1694712553748 1.1448972331275884 375
1694712554094 0.010434389597798941 376
1694712554402 1.4391825615642297 377
1694712554767 3.769424504842571 378
1694712555031 0.46777778640785034 379
1694712555292 1.237955573806216 380
1694712555528 0.0510696764523181 381
1694712555864 0.25424740788498235 382
1694712556299 0.23203590417099448 383
1694712556661 1.2241093188872334 384
1694712556914 0.4533579629993284 385
1694712557191 1.5229873030737784 386
1694712557442 0.5899487187126656 387
1694712557711 0.004148614360653885 388
1694712557938 0.7688789959776333 389
1694712558203 0.6928852426508849 390
1694712558399 0.5550485079461339 391
1694712558715 0.5018578666230985 392
1694712558957 0.7729944012666131 393
1694712559269 1.8567826433776795 394
1694712559537 0.7053261212106074 395
1694712559849 1.420746148946042 396
1694712560284 0.030790753148207374 397
1694712560592 1.5362086190949127 398
1694712560893 0.025387966329320034 399
1694712561082 2.18623163560539 400
1694712561353 0.02716754966773623 401
1694712561672 8.103446229474368 402
1694712561906 0.08633412541224615 403
1694712562112 3.1050754123694624 404
1694712562339 1.0397975413433074 405
1694712562593 2.180946625694875 406
1694712562875 1.9200741154039034 407
1694712563150 0.028860095640724583 408
1694712563422 3.83407609259413 409
1694712563697 0.26611966801729653 410
1694712563988 0.8830200984032789 411
1694712564282 0.8635564089559007 412
1694712564556 0.004634412131722097 413
1694712564897 0.33277372412445444 414
1694712565289 7.809949824067203 415
1694712565587 0.3969544089501985 416
1694712565871 0.8827513364379427 417
1694712566092 0.0020586980092705195 418
1694712566314 0.02161343648402579 419
1694712566552 6.319938061098073 420
1694712566804 1.8771874009624707 421
1694712567058 1.0830216765654526 422
1694712567335 1.0560859142236896 423
1694712567709 0.362446247523596 424
1694712567954 0.9117324786536957 425
1694712568224 0.019009196409819205 426
1694712568530 0.00818481230760334 427
1694712568836 1.1945771885430485 428
1694712569073 0.02451956857593158 429
1694712569341 7.323581197825865 430
1694712569718 2.186096810322842 431
1694712570014 0.4090768094899205 432
1694712570326 1.9090726322121467 433
1694712570602 0.3394984269618038 434
1694712570894 0.12147632165631343 435
1694712571152 0.14580912239606209 436
1694712571451 1.3503177645882065 437
1694712571753 0.313240184534901 438
1694712572087 0.00715177463355238 439
1694712572367 0.15050213851612457 440
1694712572712 0.35902573725031517 441
1694712573005 3.1886182219602732 442
1694712573304 0.05563739750189006 443
1694712573660 0.17406468790783067 444
1694712574009 0.18284517285561233 445
1694712574323 0.05424584321604199 446
1694712574743 0.01833156322487708 447
1694712575072 0.0744661613955279 448
1694712575318 6.776642594942488 449
1694712575607 1.0414168973480664 450
1694712575901 0.06463815604284899 451
1694712576109 1.3504131482294286 452
1694712576317 0.3860077508664527 453
1694712576693 0.8898737605941388 454
1694712576981 0.20637056428474979 455
1694712577258 0.1819862440755469 456
1694712577554 2.863934789998818 457
1694712577900 0.9178468910959787 458
1694712578165 0.27327252823294196 459
1694712578447 0.7922250688070689 460
1694712578778 0.1190487707069818 461
1694712579020 0.8456231913699586 462
1694712579246 0.2771112942657297 463
1694712579542 0.0742145806345914 464
1694712579804 0.029694111722509322 465
1694712580095 0.14585604707347377 466
1694712580311 0.4605073360985748 467
1694712580537 1.055178693649202 468
1694712580878 0.14200915683274676 469
1694712581196 8.16884836349738e-06 470
1694712581453 0.06483544790969276 471
1694712581758 0.00958058935513041 472
1694712582093 0.05234911270491025 473
1694712582355 0.2347380688119387 474
1694712582676 0.20307633990369195 475
1694712582934 0.1018925945781331 476
1694712583361 0.11684566790204769 477
1694712583629 0.0011580658273660897 478
1694712583948 1.6592425174573213 479
1694712584270 0.845195501198785 480
1694712584512 0.4174812768664387 481
1694712584853 0.0179743266385016 482
1694712585170 0.3680674605929614 483
1694712585396 0.6201113800029273 484
1694712585721 0.08100801998711721 485
1694712586013 0.2762898195293063 486
1694712586314 9.896645353261837 487
1694712586622 1.343624808082369 488
1694712586909 0.8993798011588944 489
1694712587158 0.304666490945533 490
1694712587393 0.050882425877283324 491
1694712587675 0.9079786120623966 492
1694712588036 0.32924807860232197 493
1694712588320 0.5780232469516235 494
1694712588590 0.1909397726739797 495
1694712588825 1.4187085925894674 496
1694712589148 0.17448006713508343 497
1694712589480 4.491830908557787 498
1694712589768 0.11493495057581396 499
