1694750315872 5.3883029886227325 0
1694750316145 8.55719968504678 1
1694750316384 5.959914397792506 2
1694750316593 7.003670790980203 3
1694750316824 4.221796525142657 4
1694750317070 6.2017589625828125 5
1694750317366 5.224989207619152 6
1694750317625 4.563061718004288 7
1694750317869 3.9896157686851685 8
1694750318095 6.901289221962748 9
1694750318325 7.246816128519487 10
1694750318489 5.8795345703096675 11
1694750318677 11.765838901347742 12
1694750318856 5.506042794927061 13
1694750319056 3.7658650221211225 14
1694750319295 5.64773061875516 15
1694750319495 5.517862652106714 16
1694750319802 6.986608681278136 17
1694750320026 6.871752531255943 18
1694750320240 3.7143330086300876 19
1694750320448 7.464658008787254 20
1694750320596 5.546036054792436 21
1694750320765 3.149093888678571 22
1694750320982 7.874120412467974 23
1694750321209 9.703817200179648 24
1694750321450 5.867337185735595 25
1694750321639 4.789936471197268 26
1694750321855 8.446685395563026 27
1694750322059 6.272375407666142 28
1694750322274 5.974018520852522 29
1694750322449 5.712238253679321 30
1694750322680 5.454060745179156 31
1694750322925 4.804734254476178 32
1694750323216 4.5023126112932035 33
1694750323453 6.651051879934656 34
1694750323644 4.646932807526948 35
1694750323864 3.7365217206098187 36
1694750324003 4.380839201901478 37
1694750324140 5.8637798741896985 38
1694750324347 6.969193455910358 39
1694750324551 7.6015458665518585 40
1694750324917 5.126328930952763 41
1694750325149 7.425085815523604 42
1694750325435 4.370026771175593 43
1694750325597 5.411502647052836 44
1694750325756 8.170209492056921 45
1694750325910 5.187759656512823 46
1694750326159 7.676929057622843 47
1694750326410 4.567312411928967 48
1694750326605 4.580506947682622 49
1694750326739 7.0354507007041285 50
1694750326875 6.403691241420928 51
1694750327080 4.886709890404286 52
1694750327322 6.537706002886561 53
1694750327575 5.3132759786028645 54
1694750327823 8.60094592476984 55
1694750328071 5.742353891946091 56
1694750328308 5.09991576506822 57
1694750328544 6.899696975661925 58
1694750328718 4.323667841902165 59
1694750328925 4.148067513145125 60
1694750329184 6.472737516741154 61
1694750329401 5.896975495157793 62
1694750329619 4.018040785198625 63
1694750329911 4.88797791376989 64
1694750330144 6.290261221809101 65
1694750330380 5.835377980721323 66
1694750330585 6.695357454900682 67
1694750330775 5.558207617940461 68
1694750330953 7.437152703568059 69
1694750331202 4.405093581589686 70
1694750331460 9.079070231468009 71
1694750331695 6.232102824944681 72
1694750331843 5.088351169525997 73
1694750332107 6.74397341380734 74
1694750332355 5.985939537414442 75
1694750332593 5.581658606014475 76
1694750332808 4.799219638054451 77
1694750333034 8.05935649407505 78
1694750333204 7.2627708019887445 79
1694750333381 7.065552930498659 80
1694750333664 6.757271011585335 81
1694750333915 3.10518821306779 82
1694750334158 5.09637149414055 83
1694750334433 5.181973176589436 84
1694750334737 5.99515820396509 85
1694750335081 5.144955703466629 86
1694750335370 3.426897011504686 87
1694750335639 6.207618683174897 88
1694750335885 7.477010966179352 89
1694750336138 8.79531324957354 90
1694750336453 7.015525426105462 91
1694750336744 4.474180704223224 92
1694750337004 2.769785065908832 93
1694750337250 4.907891789532313 94
1694750337487 5.3600510019405085 95
1694750337722 7.00815583956483 96
1694750338083 4.941244766462388 97
1694750338319 7.245559378934547 98
1694750338563 5.662639780195221 99
1694750338793 3.8644121260895097 100
1694750339052 4.257744570453097 101
1694750339293 6.41717184160327 102
1694750339525 4.539056050393875 103
1694750339766 6.493861712681996 104
1694750340008 5.370036958933512 105
1694750340227 7.033001459736094 106
1694750340411 3.357816510526875 107
1694750340574 4.107293598011113 108
1694750340778 5.411322528585666 109
1694750340944 2.955628749981218 110
1694750341207 6.008168304798942 111
1694750341428 4.258015455523752 112
1694750341682 5.4547089440364775 113
1694750341848 6.884750840447978 114
1694750342111 3.9315465290205966 115
1694750342363 7.295531944553894 116
1694750342571 5.407760526199165 117
1694750342773 5.650026531089354 118
1694750343012 4.953249316023276 119
1694750343323 6.0495109187358125 120
1694750343562 4.155415844753604 121
1694750343827 5.356543042332685 122
1694750344033 7.306597463222104 123
1694750344365 6.559689972377025 124
1694750344623 4.7090259954355895 125
1694750344814 8.784385568244785 126
1694750345040 4.192006898505588 127
1694750345277 3.865399007726734 128
1694750345547 5.440451632664433 129
1694750345754 5.746813926013227 130
1694750345965 6.442432917755813 131
1694750346218 4.687080677422892 132
1694750346591 5.970455077488274 133
1694750346990 5.449191791120761 134
1694750347328 5.014521061154036 135
1694750347737 5.108463475385907 136
1694750348019 9.515209966307712 137
1694750348414 4.437044659098415 138
1694750348740 6.020101718759115 139
1694750349031 8.524984104245746 140
1694750349257 5.915449702738557 141
1694750349473 3.8794305764319272 142
1694750349739 5.360118993451543 143
1694750350026 6.092345087699682 144
1694750350353 4.379635609411668 145
1694750350632 4.385286572642866 146
1694750350933 6.006183545071542 147
1694750351309 6.170893625123166 148
1694750351702 5.5193045828634135 149
1694750351959 6.190831908144322 150
1694750352347 4.875617492521089 151
1694750352667 3.1874521206623663 152
1694750352894 5.428663904254677 153
1694750353112 6.603287753368127 154
1694750353457 7.499889807127709 155
1694750353755 5.9725620595620095 156
1694750354001 4.817129770050918 157
1694750354371 4.352643240655896 158
1694750354756 5.922174258998052 159
1694750354960 3.238729544845487 160
1694750355242 6.428426010589113 161
1694750355550 6.409780978936939 162
1694750355861 7.187115716662943 163
1694750356179 2.539303400017811 164
1694750356521 5.3299347873592975 165
1694750356799 5.857031824670325 166
1694750357010 5.243722890370987 167
1694750357273 5.267725230412159 168
1694750357574 6.061644680822144 169
1694750357841 3.553585225181702 170
1694750358143 8.097437530100656 171
1694750358398 5.235757977477893 172
1694750358669 4.739335752429346 173
1694750358865 6.901127528754595 174
1694750359062 9.682002308581971 175
1694750359290 5.920069679589714 176
1694750359482 5.689712811319199 177
1694750359722 6.2777288654165595 178
1694750359907 6.429115174147937 179
1694750360080 6.642143418298757 180
1694750360470 5.274740938739467 181
1694750360725 9.0399638256147 182
1694750360924 3.827805541436427 183
1694750361148 5.104504716379609 184
1694750361386 9.293864395236978 185
1694750361619 7.82352429571548 186
1694750361857 5.782620008264825 187
1694750362030 4.225372884457574 188
1694750362267 4.90442254823096 189
1694750362513 5.1569769167515105 190
1694750362804 8.009319766373098 191
1694750363052 7.248188989821291 192
1694750363303 4.5665561747342815 193
1694750363541 7.5654165057701555 194
1694750363763 4.5470506799923776 195
1694750364015 5.890373955727048 196
1694750364195 3.862388817215049 197
1694750364394 6.356630514856939 198
1694750364669 4.978423838888667 199
1694750364934 4.510359470851975 200
1694750365234 4.281811298836318 201
1694750365416 6.0214650856756595 202
1694750365627 5.292732939779492 203
1694750365860 5.291142947469307 204
1694750366079 5.261329854667693 205
1694750366339 7.397224508010728 206
1694750366581 4.2387767116446255 207
1694750366804 4.8940777691528945 208
1694750366969 6.1493658935256 209
1694750367223 3.9448472574328854 210
1694750367465 6.773157091693997 211
1694750367676 5.511003892457047 212
1694750367893 3.710953600080738 213
1694750368098 5.918763548629105 214
1694750368336 4.865179875523205 215
1694750368575 4.718625430319125 216
1694750368790 7.30347761191429 217
1694750368955 4.5598560358348905 218
1694750369119 4.3336124960103035 219
1694750369358 4.092630956303899 220
1694750369613 4.343889129513114 221
1694750369831 6.274646547972341 222
1694750370010 5.815036391800224 223
1694750370210 7.088891624780193 224
1694750370390 4.7858449994182655 225
1694750370600 6.9802103800631174 226
1694750370799 8.017410340654205 227
1694750370965 6.606397000255011 228
1694750371121 6.2013084661285385 229
1694750371269 5.5354965617837255 230
1694750371558 6.62641342080998 231
1694750371797 6.561297572124769 232
1694750371982 5.281310073781075 233
1694750372183 4.091045335944855 234
1694750372423 4.088339787309687 235
1694750372685 5.509788428916658 236
1694750372809 4.753991092883396 237
1694750372961 5.54560880048497 238
1694750373110 5.988642421972543 239
1694750373307 6.507326753501298 240
1694750373555 5.834199856197981 241
1694750373811 6.668931004215196 242
1694750374025 2.631919728193719 243
1694750374200 5.4175174268285815 244
1694750374363 3.6105602407956723 245
1694750374624 5.385022982069619 246
1694750374824 4.8569175669420455 247
1694750375023 8.271947265233235 248
1694750375230 5.641477064203068 249
1694750375465 5.824700389222942 250
1694750375719 6.309124107971608 251
1694750375992 7.745226532493872 252
1694750376229 5.257196917136545 253
1694750376451 4.205491113716635 254
1694750376603 4.875768920099613 255
1694750376826 5.220334044061441 256
1694750377033 3.733716195360372 257
1694750377308 4.22382177329591 258
1694750377518 5.978371451876975 259
1694750377727 4.375098291091426 260
1694750377947 6.757730561268492 261
1694750378218 5.191140387986246 262
1694750378492 5.713335862743179 263
1694750378748 4.9574014218053675 264
1694750379016 5.340910942459534 265
1694750379220 5.459702867379626 266
1694750379488 6.684966762119837 267
1694750379720 9.851209714428814 268
1694750379952 5.0811673846879835 269
1694750380166 8.002156919708426 270
1694750380423 2.7816475769355584 271
1694750380695 7.058010874437494 272
1694750380927 5.401969268574388 273
1694750381132 4.235825228180703 274
1694750381313 7.176719656440006 275
1694750381545 6.42336976427747 276
1694750381773 8.090012722430108 277
1694750381999 4.778870600288193 278
1694750382229 4.415998860346552 279
1694750382454 6.710520805181167 280
1694750382734 7.673469804172294 281
1694750382958 4.7236082544584255 282
1694750383094 6.236200290881329 283
1694750383222 7.634288519235498 284
1694750383410 4.350580567982669 285
1694750383651 6.729916671602161 286
1694750383877 7.951158699278949 287
1694750384085 3.4320685023378754 288
1694750384256 7.725401143031827 289
1694750384481 6.93710764450195 290
1694750384787 4.097597791076957 291
1694750385083 4.315860760434916 292
1694750385318 7.875349547264359 293
1694750385493 4.560242389482374 294
1694750385674 7.997117804414384 295
1694750385866 4.257844334091115 296
1694750386083 5.816692816321272 297
1694750386299 5.895419585417885 298
1694750386543 3.945546363252146 299
1694750386783 7.393215945377194 300
1694750387037 4.139658761077897 301
1694750387311 4.420742907969787 302
1694750387539 8.4716691247677 303
1694750387779 6.816355007480733 304
1694750388034 6.668859788122925 305
1694750388227 5.23550718602298 306
1694750388498 7.032501070463824 307
1694750388739 7.461118407897811 308
1694750388999 6.755317011662367 309
1694750389230 6.155221691187815 310
1694750389529 6.062045608582292 311
1694750389759 5.363417669698931 312
1694750390029 6.675876898409819 313
1694750390242 5.40119578179165 314
1694750390464 7.167867895731896 315
1694750390706 4.1198374153739 316
1694750390965 6.33229225556144 317
1694750391195 6.196692434318853 318
1694750391399 5.640261045180569 319
1694750391613 5.471495580660961 320
1694750391812 3.385341427819344 321
1694750391994 6.305522283186657 322
1694750392196 4.980281565610244 323
1694750392401 5.47373505855812 324
1694750392581 7.555943281506748 325
1694750392790 4.473940281585759 326
1694750392991 5.47179313669795 327
1694750393143 4.86348634681633 328
1694750393349 5.163947048039863 329
1694750393592 5.547273060195491 330
1694750393880 6.359115880326185 331
1694750394130 6.070050458743177 332
1694750394306 4.821017178709245 333
1694750394511 6.176883134613292 334
1694750394794 4.927151998227749 335
1694750395031 4.390846613506405 336
1694750395248 8.295135213210921 337
1694750395533 3.673736352169925 338
1694750395771 6.411610152590133 339
1694750396047 4.274420435280667 340
1694750396300 5.154838539197483 341
1694750396539 6.29132083216466 342
1694750396778 5.511550968921632 343
1694750397029 6.249377903451023 344
1694750397220 6.53225153632293 345
1694750397375 4.677180142571134 346
1694750397590 6.02337946037411 347
1694750397854 3.3855169363469106 348
1694750398106 8.90929830207697 349
1694750398343 4.620292280796967 350
1694750398594 6.6071574919897165 351
1694750398827 6.4294719906247755 352
1694750399066 4.71856006511467 353
1694750399255 5.840551826170566 354
1694750399428 4.414132106248134 355
1694750399589 4.459034366287659 356
1694750399813 3.9884596549034326 357
1694750400034 5.910923102960899 358
1694750400262 5.788665748458182 359
1694750400578 7.268210109515439 360
1694750400856 7.117349860902978 361
1694750401107 5.761704309351001 362
1694750401300 5.828158022225056 363
1694750401532 3.635779680530803 364
1694750401791 5.018724382265126 365
1694750402029 5.206790054787029 366
1694750402235 6.572471594799114 367
1694750402475 4.011727142724189 368
1694750402711 6.952721305662669 369
1694750403005 6.418238970567742 370
1694750403230 3.0373690595000866 371
1694750403428 3.9397892035337887 372
1694750403657 6.759426735139741 373
1694750403884 5.2846522834024 374
1694750404193 3.792130080232065 375
1694750404399 3.3343377590770507 376
1694750404671 4.440788586322815 377
1694750404909 5.965043770391925 378
1694750405218 5.673320810114246 379
1694750405355 3.284528477628019 380
1694750405570 5.647578255081566 381
1694750405796 5.019440095288877 382
1694750406031 7.779326398165668 383
1694750406266 3.069516690001526 384
1694750406500 6.340156586101386 385
1694750406701 5.69120095430403 386
1694750406891 6.6967214918777955 387
1694750407069 3.0236360398702256 388
1694750407316 6.535878831577853 389
1694750407534 2.6256634801657275 390
1694750407732 3.5821246588410847 391
1694750407967 7.024780648531051 392
1694750408220 7.4216705709267545 393
1694750408437 5.873157900913023 394
1694750408601 4.428114705062398 395
1694750408767 3.8687953345258395 396
1694750408999 3.456782459118289 397
1694750409259 6.745526730156726 398
1694750409526 4.016894589775754 399
1694750409756 3.4153346695547917 400
1694750409959 5.291127187160661 401
1694750410167 6.278927848983448 402
1694750410394 5.2328438603819345 403
1694750410633 6.280161291606418 404
1694750410860 7.009064186470495 405
1694750411094 4.9270034294195515 406
1694750411320 2.9066394426366173 407
1694750411543 4.190316663724815 408
1694750411806 6.222026821519925 409
1694750411994 6.955200415151115 410
1694750412216 4.582987386188439 411
1694750412379 6.78400421549965 412
1694750412687 4.529676271627359 413
1694750412951 6.8715598088995495 414
1694750413188 5.768318867312458 415
1694750413371 6.454185906170038 416
1694750413607 6.217445717929122 417
1694750413848 8.693345782690159 418
1694750414136 4.41200850392117 419
1694750414341 4.6840565607621265 420
1694750414507 5.634834049472545 421
1694750414768 5.715723560433965 422
1694750415002 7.256309247167557 423
1694750415238 5.625609187536078 424
1694750415461 5.991287111129574 425
1694750415619 7.884776360566797 426
1694750415819 4.136025231998016 427
1694750416034 7.539509619738337 428
1694750416277 7.238201686411497 429
1694750416512 4.994550862449628 430
1694750416757 5.494657623506694 431
1694750416991 4.582357145972216 432
1694750417223 5.309973511514436 433
1694750417401 4.185739237420532 434
1694750417551 6.095998606457614 435
1694750417748 4.562975126496924 436
1694750417984 5.661378247331799 437
1694750418232 5.2176606575313755 438
1694750418504 4.358031203750832 439
1694750418746 5.940148897768799 440
1694750418991 3.589993367329899 441
1694750419150 5.65704716316236 442
1694750419349 6.179941120134789 443
1694750419555 5.238787986642274 444
1694750419809 4.687986684655794 445
1694750420039 3.6596529395595767 446
1694750420274 3.336895748782934 447
1694750420519 8.375965815404038 448
1694750420770 4.420767424688723 449
1694750421002 4.801992727389467 450
1694750421251 7.039684055933723 451
1694750421480 6.558714373005802 452
1694750421731 3.5511692283651244 453
1694750421955 5.821719768662244 454
1694750422193 4.538301524130397 455
1694750422394 6.009972014009875 456
1694750422552 5.30409171339481 457
1694750422800 4.339596528370389 458
1694750423068 6.249817253377524 459
1694750423283 7.643547422597668 460
1694750423473 6.831555319720232 461
1694750423702 8.447694971843783 462
1694750423934 7.0606703056067746 463
1694750424155 8.169216960894934 464
1694750424398 4.763870085379463 465
1694750424624 5.4741909142667025 466
1694750424867 4.280220887989632 467
1694750425206 5.498190090173629 468
1694750425511 3.7994496089735548 469
1694750425692 5.072284455797062 470
1694750425848 7.03264221663879 471
1694750426030 5.818120422065427 472
1694750426253 4.680281570977181 473
1694750426524 5.8824523953464105 474
1694750426771 4.316539559332042 475
1694750427027 4.37641213016695 476
1694750427260 5.60053544877827 477
1694750427541 5.365571531897706 478
1694750427750 5.553188130648636 479
1694750427955 4.115977742195015 480
1694750428169 5.867346743920902 481
1694750428350 7.518646322170157 482
1694750428553 6.540342485180941 483
1694750428750 6.931915311808017 484
1694750428950 7.19805292538045 485
1694750429196 5.162470027718049 486
1694750429436 10.710426088891024 487
1694750429692 5.821417563835144 488
1694750429923 7.373055394361298 489
1694750430165 2.7997930650189207 490
1694750430394 4.848753014541165 491
1694750430576 6.524708214733512 492
1694750430759 6.392890022299513 493
1694750430996 5.1258471941899035 494
1694750431222 4.376556921035749 495
1694750431455 5.937975978935898 496
1694750431679 5.68857921193898 497
1694750431989 3.655656797505293 498
1694750432221 7.351304571670234 499
