1694722611736 171.1980437947085 0
1694722612020 133.34436612925373 1
1694722612382 120.19052005074121 2
1694722612773 107.28126192081804 3
1694722613122 95.85014481475456 4
1694722613473 85.6607786533009 5
1694722613837 76.58229970970105 6
1694722614154 68.49335421495302 7
1694722614504 61.28609932773518 8
1694722614833 54.86443014221009 9
1694722615180 49.14271815946473 10
1694722615498 44.04466829576775 11
1694722615781 39.50230160733012 12
1694722616136 35.45504883028503 13
1694722616464 31.848942728498923 14
1694722616733 28.635898474937445 15
1694722617127 25.773072471215126 16
1694722617458 23.222291055579838 17
1694722617752 20.949541481519102 18
1694722618072 18.924518379513184 19
1694722618466 17.120219654291926 20
1694722618798 15.512586429143642 21
1694722619130 14.080182236163232 22
1694722619476 12.803907174646595 23
1694722619759 11.666743226115969 24
1694722620122 10.653527329914848 25
1694722620545 9.750749193480495 26
1694722620978 8.94637114122314 27
1694722621252 8.22966759981182 28
1694722621552 7.591082079505635 29
1694722621867 7.022099744467863 30
1694722622211 6.515133872869469 31
1694722622594 6.063424692799973 32
1694722622953 5.660949245027293 33
1694722623328 5.302341070683884 34
1694722623605 4.982818652965929 35
1694722623955 4.698121658661254 36
1694722624310 4.444454129327483 37
1694722624698 4.218433864611115 38
1694722625007 4.017047322766402 39
1694722625336 3.837609437001262 40
1694722625631 3.6777278118268772 41
1694722625922 3.535270821992109 42
1694722626249 3.4083391886225054 43
1694722626589 3.295240653549779 44
1694722626952 3.194467414130181 45
1694722627276 3.104676017659443 46
1694722627574 3.024669447289188 47
1694722627868 2.953381160571917 48
1694722628176 2.889860867798793 49
1694722628454 2.8332618604934363 50
1694722628793 2.7828297210952764 51
1694722629148 2.737892263283315 52
1694722629520 2.6978505688009355 53
1694722630034 2.662171001263543 54
1694722630513 2.6303780904582763 55
1694722630822 2.6020481922524548 56
1694722631176 2.5768038395696964 57
1694722631523 2.5543087091075822 58
1694722631797 2.5342631366812727 59
1694722632121 2.516400121393026 60
1694722632444 2.5004817653457905 61
1694722632799 2.486296101426727 62
1694722633163 2.473654266861156 63
1694722633483 2.4623879848481147 64
1694722633805 2.452347320696707 65
1694722634129 2.443398682542785 66
1694722634527 2.4354230399867767 67
1694722634842 2.4283143368993496 68
1694722635255 2.4219780772306723 69
1694722635612 2.4163300649659583 70
1694722635858 2.4112952814253945 71
1694722636152 2.406806884937968 72
1694722636470 2.40280531955048 73
1694722636894 2.39923752088696 74
1694722637249 2.396056208569106 75
1694722637634 2.3932192557626473 76
1694722637949 2.3906891274429154 77
1694722638280 2.3884323798892724 78
1694722638589 2.3864192147344605 79
1694722638917 2.3846230816224083 80
1694722639257 2.3830203241761914 81
1694722639614 2.3815898645553655 82
1694722639908 2.380312922396421 83
1694722640252 2.379172764388636 84
1694722640577 2.378154481146071 85
1694722640865 2.3772447884004224 86
1694722641209 2.3764318498638017 87
1694722641558 2.3757051193993903 88
1694722641899 2.3750552003954453 89
1694722642277 2.374473720467482 90
1694722642700 2.37395321981788 91
1694722642985 2.3734870517642426 92
1694722643315 2.373069294110136 93
1694722643630 2.3726946701763807 94
1694722643904 2.372358478439909 95
1694722644269 2.3720565298419545 96
1694722644647 2.3717850919296315 97
1694722644962 2.3715408390860615 98
1694722645271 2.371320808185393 99
1694722645633 2.371122359081415 100
1694722645929 2.370943139402891 101
1694722646261 2.3707810531861946 102
1694722646672 2.3706342329269687 103
1694722646957 2.3705010146781538 104
1694722647329 2.3703799158623107 105
1694722647680 2.3702696155024037 106
1694722647942 2.3701689366074117 107
1694722648235 2.370076830477906 108
1694722648548 2.3699923627223134 109
1694722648954 2.369914700797402 110
1694722649307 2.369843102906848 111
1694722649650 2.369776908109856 112
1694722649986 2.3697155275079385 113
1694722650336 2.369658436392326 114
1694722650677 2.3696051672473133 115
1694722651000 2.3695553035162384 116
1694722651385 2.369508474046961 117
1694722651747 2.369464348142791 118
1694722652072 2.369422631152853 119
1694722652427 2.3693830605431128 120
1694722652833 2.3693454023956484 121
1694722653176 2.369309448289505 122
1694722653574 2.3692750125215363 123
1694722653887 2.3692419296301703 124
1694722654257 2.369210052189086 125
1694722654661 2.3691792488413776 126
1694722654967 2.3691494025479924 127
1694722655302 2.369120409027091 128
1694722655698 2.369092175363519 129
1694722656015 2.3690646187698365 130
1694722656404 2.3690376654824035 131
1694722656733 2.369011249777792 132
1694722657069 2.3689853130964016 133
1694722657442 2.3689598032616064 134
1694722657767 2.3689346737840133 135
1694722658156 2.368909883241556 136
1694722658515 2.3688853947271564 137
1694722658822 2.3688611753565962 138
1694722659084 2.3688371958300225 139
1694722659417 2.3688134300412558 140
1694722659720 2.3687898547296795 141
1694722660017 2.368766449170077 142
1694722660390 2.3687431948962696 143
1694722660749 2.368720075454887 144
1694722661085 2.3686970761859683 145
1694722661424 2.3686741840274834 146
1694722661799 2.3686513873411568 147
1694722662089 2.3686286757572823 148
1694722662451 2.368606040036445 149
1694722662909 2.3685834719463243 150
1694722663252 2.368560964151918 151
1694722663601 2.368538510117736 152
1694722663934 2.368516104020654 153
1694722664326 2.3684937406722644 154
1694722664882 2.3684714154496955 155
1694722665344 2.3684491242339645 156
1694722665678 2.3684268633550567 157
1694722665961 2.3684046295429875 158
1694722666308 2.368382419884197 159
1694722666624 2.368360231782704 160
1694722666969 2.368338062925487 161
1694722667341 2.3683159112516408 162
1694722667733 2.3682937749248993 163
1694722668047 2.3682716523091485 164
1694722668427 2.368249541946608 165
1694722668752 2.3682274425383962 166
1694722669041 2.3682053529272067 167
