1694724392815 60.88365778221699 0
1694724393102 23.035751152240728 1
1694724393316 8.545646008332234 2
1694724393469 3.683884321288624 3
1694724393622 2.1431810667066977 4
1694724393925 2.1716843442311276 5
1694724394304 2.397389437072461 6
1694724394523 1.6307011122162856 7
1694724394742 2.147806553614725 8
1694724394970 2.1252240515559575 9
1694724395191 2.714739036921387 10
1694724395429 2.666983822336994 11
1694724395660 1.8062757756815677 12
1694724395929 2.2643576243064936 13
1694724396212 1.521018204663213 14
1694724396434 1.9453009311185725 15
1694724396659 1.7063729348518633 16
1694724396961 2.803884096219231 17
1694724397193 2.6792871113884518 18
1694724397427 1.9446135637236166 19
1694724397616 3.0890328623317886 20
1694724397846 2.1911441342336064 21
1694724398078 2.11096283678035 22
1694724398348 2.9135380579910235 23
1694724398591 2.157987973882893 24
1694724398801 1.900296623716928 25
1694724399037 3.2447602637710475 26
1694724399261 1.543895773204022 27
1694724399475 1.9988088463116904 28
1694724399691 1.5066793609563953 29
1694724399926 2.067248913579016 30
1694724400150 2.154167678637485 31
1694724400335 1.7023343487954379 32
1694724400555 2.080574818397867 33
1694724400797 1.9161358884100168 34
1694724400951 2.8162153559958294 35
1694724401182 2.1624598965488793 36
1694724401418 2.1519535149485876 37
1694724401625 4.271741798583359 38
1694724401911 2.492262547097762 39
1694724402147 2.0547787595995395 40
1694724402371 3.1041563613753693 41
1694724402593 1.8244822391902442 42
1694724402881 1.4277250776041956 43
1694724403084 2.50029001856136 44
1694724403292 2.127188959752387 45
1694724403492 2.1868827439766254 46
1694724403698 1.7782861827592107 47
1694724403958 3.856315246712955 48
1694724404248 2.893889548229035 49
1694724404480 2.669345529693768 50
1694724404687 1.6563407494701463 51
1694724404945 3.076802381905458 52
1694724405231 2.042593712306656 53
1694724405470 2.1438109447943914 54
1694724405647 4.332069074629477 55
1694724405908 2.4687010627002137 56
1694724406123 3.6925502087839392 57
1694724406354 1.9236711233972252 58
1694724406538 2.823674154393736 59
1694724406711 2.9290413825589097 60
1694724406939 1.8114589495481017 61
1694724407198 2.1740418742242995 62
1694724407462 2.0747535231889778 63
1694724407646 1.9096738059814442 64
1694724407875 2.8664802534322673 65
1694724408234 2.157022476289904 66
1694724408371 2.8490926839598862 67
1694724408533 2.733223063242443 68
1694724408774 3.0073096819603315 69
1694724408940 2.2784556447563227 70
1694724409162 1.9092965704188507 71
1694724409439 2.4043540833586152 72
1694724409649 2.234464669296666 73
1694724409863 2.190987533578338 74
1694724410086 2.1200220211568293 75
1694724410306 3.3026377341059776 76
1694724410519 1.6649516685017576 77
1694724410659 2.225121668287756 78
1694724410876 3.109112170086018 79
1694724411073 2.391249433077343 80
1694724411310 1.9410314469180538 81
1694724411556 1.5852083263174808 82
1694724411775 2.44029405490197 83
1694724411965 2.0415863612847094 84
