1694718702261 20.05503880703751 0
1694718702529 4.642744874187975 1
1694718702755 2.7295715708142025 2
1694718702953 2.0704151112194005 3
1694718703143 1.872810843944651 4
1694718703309 3.3486474255371768 5
1694718703466 2.1514513548619743 6
1694718703653 2.675971248151561 7
1694718703892 4.016307781854302 8
1694718704162 2.4158272673680825 9
1694718704429 1.7424349069864113 10
1694718704638 1.8748860075758393 11
1694718704872 1.8275396764201826 12
1694718705125 2.323997887952534 13
1694718705352 2.925168143496135 14
1694718705593 2.833885036035811 15
1694718705842 2.0869212841735165 16
1694718706091 1.7251215266592563 17
1694718706314 1.8981524904296276 18
1694718706555 2.0847754897199176 19
1694718706731 1.9250792106132888 20
1694718706941 3.113109074936322 21
1694718707148 1.5855329853189184 22
1694718707396 2.586273031192205 23
1694718707632 2.2222100969503047 24
1694718707862 2.082171678564276 25
1694718708095 2.407090703150453 26
1694718708235 1.3184429209640416 27
1694718708422 2.805671066879335 28
1694718708653 2.1643261908227376 29
1694718708938 2.348825921619455 30
1694718709182 2.611252453343659 31
1694718709469 3.5395154405846156 32
1694718709761 2.1968940360210003 33
1694718709990 2.794747304975073 34
1694718710176 1.7230107817839995 35
1694718710376 3.913350801400554 36
1694718710602 2.2586277839502182 37
1694718710819 1.899001364954161 38
1694718711196 1.5470016186104127 39
1694718711485 2.0601140685330512 40
1694718711713 1.3235005460281526 41
1694718711935 1.9583127867681547 42
1694718712180 1.8978405756897858 43
1694718712386 1.7472534981729422 44
1694718712637 2.302682817162126 45
1694718712891 2.4649844898093876 46
1694718713136 2.0794768762768894 47
1694718713399 1.9949384859377932 48
1694718713692 3.1517354114991445 49
1694718713925 2.468750020947519 50
1694718714161 3.5256995208326254 51
1694718714408 2.5809182703737297 52
1694718714649 3.3890798886156075 53
1694718714952 2.303265315217736 54
1694718715206 3.6308246131198394 55
1694718715395 1.6571232013552648 56
1694718715640 1.7860435866656086 57
1694718715913 1.4332354040298392 58
1694718716138 2.063919801017604 59
1694718716304 2.005906052811672 60
1694718716506 1.7553359416253285 61
1694718716731 4.0564247835807645 62
1694718716962 2.632928430626812 63
1694718717192 1.671346963644904 64
1694718717368 1.9614518240360468 65
1694718717559 2.564771074500028 66
1694718717762 1.4271948031176842 67
1694718718083 2.6533785556251233 68
1694718718298 1.9928400738540726 69
1694718718512 2.310775368561045 70
1694718718730 3.2022489116916026 71
1694718718977 3.189431575865369 72
1694718719269 3.292100776519732 73
1694718719527 2.864351104081101 74
1694718719824 2.129220366680317 75
1694718720205 2.251108515653722 76
1694718720502 2.6346070942177 77
1694718720815 2.751118468775779 78
1694718721131 1.6621933138891234 79
1694718721433 1.6760341406328116 80
1694718721607 2.163643601477669 81
1694718721804 3.4781631815246854 82
1694718722029 2.3981924643911507 83
1694718722247 1.638579701301727 84
1694718722432 1.934279142645148 85
1694718722732 3.1870717749459945 86
1694718722977 1.807424097074512 87
1694718723192 1.8843489324477654 88
1694718723384 2.303717309332072 89
1694718723591 1.9269582697867376 90
1694718723845 2.575355672893241 91
1694718724114 2.411241948463407 92
1694718724369 1.346810390903488 93
1694718724595 1.6751328540622714 94
1694718724817 2.045620596869943 95
1694718725065 3.172565848924569 96
1694718725297 1.9784039707123908 97
1694718725475 2.275990681365851 98
1694718725659 2.8814286246131338 99
1694718725874 1.9475576448999317 100
1694718726133 2.6281710721650784 101
1694718726356 2.24033078862259 102
1694718726530 2.340006643866061 103
1694718726682 2.811563336919124 104
1694718726850 1.9505109650111954 105
1694718727176 2.0781243303262 106
1694718727433 3.4172393644766084 107
1694718727634 1.9126719643013448 108
1694718727869 2.5851944313271717 109
1694718728089 2.1575850186865195 110
1694718728326 1.9867297894108444 111
1694718728520 2.8185480220063672 112
1694718728677 2.119621302147617 113
1694718728827 2.845437347700905 114
1694718728985 2.7696792290452223 115
1694718729195 2.3205657686636525 116
1694718729551 1.9917507064203266 117
1694718729971 1.2163365991899198 118
1694718730296 2.6790621491757842 119
1694718730548 2.777400214116674 120
1694718730802 2.9072933837988026 121
1694718731043 1.88123104010787 122
1694718731317 2.2244732649889083 123
1694718731588 2.7103658303366127 124
1694718731875 2.4949024498460903 125
1694718732101 2.3031501518930613 126
1694718732369 1.6257592979108877 127
1694718732553 2.8743771440517323 128
1694718732812 2.6055942930531817 129
1694718733057 3.64007666508499 130
1694718733301 3.055514121804635 131
1694718733518 2.3699377248038047 132
1694718733748 1.908627680555395 133
1694718734063 1.9732002789525749 134
1694718734368 2.62250425732758 135
1694718734551 2.9002885441640647 136
1694718734766 2.430548461334365 137
1694718734979 2.6366708828561 138
1694718735198 2.0703634417292958 139
1694718735451 2.5719134847604046 140
1694718735728 2.611917114540724 141
1694718736009 2.5748901178349803 142
1694718736231 2.951468365427708 143
1694718736524 2.5295428136161 144
1694718736867 2.052541873430568 145
1694718737112 1.8752001558603246 146
