1694745993047 1.6632381819996442 0
1694745993222 1.7886891490057248 1
1694745993393 2.0416221802167316 2
1694745993668 1.8425290797653915 3
1694745993912 2.4799604009265095 4
1694745994147 1.835804769495495 5
1694745994405 3.0917956681963226 6
1694745994583 3.20778347593534 7
1694745994769 1.796570959390328 8
1694745994979 2.0496163039963258 9
1694745995189 1.8330920879796075 10
1694745995398 2.427247296850105 11
1694745995623 2.332417230061516 12
1694745995916 2.2086711652406805 13
1694745996158 1.9816028898956217 14
1694745996373 2.4017685188703912 15
1694745996548 2.472743868765169 16
