1694723018743 170.97773774947004 0
1694723019086 167.08366793805635 1
1694723019489 165.14864568060946 2
1694723019810 163.2251165939987 3
1694723020163 161.32438449468629 4
1694723020469 159.44611180775578 5
1694723020744 157.59003354996938 6
1694723021046 155.75588746028004 7
1694723021358 153.9434143790645 8
1694723021696 152.15235820902296 9
1694723022073 150.38246587900832 10
1694723022406 148.63348730826743 11
1694723022738 146.90517537110563 12
1694723023118 145.19728586196834 13
1694723023462 143.50957746093573 14
1694723023771 141.84181169962463 15
1694723024143 140.19375292749365 16
1694723024448 138.56516827854637 17
1694723024817 136.95582763842813 18
1694723025213 135.36550361191124 19
1694723025542 133.7939714907649 20
1694723025865 132.24100922200432 21
1694723026251 130.70639737651538 22
1694723026742 129.18991911804977 23
1694723027171 127.69136017258666 24
1694723027503 126.21050879805631 25
1694723027946 124.74715575442157 26
1694723028290 123.30109427411274 27
1694723028625 121.87212003281186 28
1694723029006 120.46003112058234 29
1694723029331 119.06462801333946 30
1694723029642 117.68571354465819 31
1694723029989 116.32309287791423 32
1694723030354 114.97657347875406 33
1694723030647 113.64596508789019 34
1694723030967 112.33107969421825 35
1694723031327 111.03173150825135 36
1694723031645 109.74773693586869 37
1694723031942 108.47891455237404 38
1694723032316 107.22508507686102 39
1694723032616 105.98607134688113 40
1694723032978 104.76169829341117 41
1694723033320 103.55179291611653 42
1694723033620 102.35618425890658 43
1694723034005 101.17470338577915 44
1694723034354 100.00718335695026 45
1694723034746 98.85345920526596 46
1694723035143 97.71336791289296 47
1694723035507 96.5867483882846 48
1694723035880 95.47344144341908 49
1694723036204 94.37328977130662 50
1694723036546 93.28613792376231 51
1694723036845 92.21183228944187 52
1694723037193 91.15022107213662 53
1694723037657 90.10115426932514 54
1694723038042 89.06448365097833 55
1694723038385 88.04006273861484 56
1694723038720 87.02774678460419 57
1694723039069 86.02739275171413 58
1694723039409 85.03885929289996 59
1694723039700 84.06200673133264 60
1694723039978 83.09669704066265 61
1694723040293 82.1427938255174 62
1694723040662 81.20016230222882 63
1694723040986 80.26866927978887 64
1694723041303 79.3481831410299 65
1694723041605 78.43857382402766 66
1694723041858 77.53971280372373 67
1694723042178 76.6514730737653 68
1694723042510 75.77372912855964 69
1694723042911 74.90635694554035 70
1694723043298 74.04923396764335 71
1694723043653 73.20223908598997 72
1694723043921 72.36525262277442 73
1694723044245 71.53815631435383 74
1694723044537 70.72083329453771 75
1694723044867 69.91316807807527 76
1694723045201 69.11504654433755 77
1694723045540 68.32635592119247 78
1694723045836 67.54698476907046 79
1694723046160 66.77682296521839 80
1694723046518 66.0157616881394 81
1694723046840 65.26369340221683 82
1694723047164 64.52051184251968 83
1694723047526 63.78611199978762 84
1694723047879 63.06039010559357 85
1694723048233 62.34324361768134 86
1694723048546 61.634571205476824 87
1694723048831 60.934272735770215 88
1694723049151 60.24224925856739 89
1694723049502 59.55840299310863 90
1694723049897 58.88263731405243 91
1694723050257 58.214856737822544 92
1694723050569 57.55496690911648 93
1694723050927 56.902874587573315 94
1694723051274 56.2584876345991 95
1694723051611 55.62171500034786 96
1694723052007 54.992466710856604 97
1694723052391 54.370653855332144 98
1694723052800 53.75618857358829 99
1694723053201 53.14898404363142 100
1694723053533 52.548954469392754 101
1694723053830 51.95601506860563 102
1694723054162 51.37008206082601 103
1694723054583 50.791072655594434 104
1694723054913 50.21890504073805 105
1694723055218 49.65349837081073 106
1694723055585 49.0947727556698 107
1694723055889 48.542649249187825 108
1694723056195 47.99704983809772 109
1694723056582 47.45789743096965 110
1694723057059 46.92511584731826 111
1694723057398 46.398629806838564 112
1694723057724 45.878364918769 113
1694723058021 45.364247671380255 114
1694723058344 44.85620542158825 115
1694723058773 44.354166384689876 116
1694723059163 43.85805962421994 117
1694723059513 43.36781504192816 118
1694723059830 42.883363367874296 119
1694723060126 42.40463615064064 120
1694723060483 41.93156574765999 121
1694723060850 41.46408531565785 122
1694723061131 41.00212880120773 123
1694723061532 40.54563093139798 124
1694723061883 40.094527204608816 125
1694723062194 39.64875388139854 126
1694723062532 39.2082479754972 127
1694723062847 38.772947244906874 128
1694723063215 38.34279018310706 129
1694723063610 37.917716010363904 130
1694723063933 37.49766466514223 131
1694723064281 37.08257679561894 132
1694723064606 36.67239375129688 133
1694723064931 36.267057574717555 134
1694723065289 35.866510993271994 135
1694723065640 35.47069741110822 136
1694723065997 35.07956090113442 137
1694723066359 34.69304619711662 138
1694723066721 34.31109868586971 139
1694723067004 33.9336643995407 140
1694723067343 33.560690007983254 141
1694723067697 33.192122811222276 142
1694723068012 32.82791073200752 143
1694723068416 32.46800230845524 144
1694723068747 32.11234668677675 145
1694723069013 31.76089361409296 146
1694723069294 31.413593431333688 147
1694723069649 31.07039706622102 148
1694723069949 30.73125602633558 149
1694723070251 30.39612239226457 150
1694723070657 30.064948810830966 151
1694723070954 29.737688488402654 152
1694723071218 29.41429518428049 153
1694723071527 29.094723204164776 154
1694723071864 28.77892739369866 155
1694723072159 28.46686313208803 156
1694723072461 28.158486325796613 157
1694723072748 27.853753402315775 158
1694723073066 27.552621304007797 159
1694723073398 27.25504748202195 160
1694723073721 26.960989890282434 161
1694723074030 26.670406979547426 162
1694723074355 26.383257691538265 163
1694723074674 26.09950145313799 164
1694723075057 25.819098170658528 165
1694723075410 25.542008224175515 166
1694723075732 25.268192461930138 167
1694723076013 24.99761219479706 168
1694723076375 24.730229190817784 169
1694723076749 24.466005669798566 170
1694723077096 24.204904297972174 171
1694723077492 23.946888182722716 172
1694723077897 23.69192086737286 173
1694723078200 23.439966326032536 174
1694723078567 23.190988958508598 175
1694723078907 22.94495358527462 176
1694723079194 22.701825442500144 177
1694723079482 22.461570177138604 178
1694723079820 22.224153842073335 179
1694723080183 21.989542891320962 180
1694723080554 21.757704175291433 181
1694723080882 21.528604936104056 182
1694723081207 21.30221280295893 183
1694723081548 21.07849578756298 184
1694723081910 20.857422279610155 185
1694723082255 20.638961042314953 186
1694723082588 20.423081207998738 187
1694723083033 20.209752273728235 188
1694723083329 19.998944097005523 189
1694723083653 19.790626891509024 190
1694723083995 19.58477122288473 191
1694723084272 19.381348004587228 192
1694723084633 19.18032849376985 193
1694723085048 18.981684287223384 194
1694723085370 18.785387317362783 195
1694723085715 18.591409848261243 196
1694723086036 18.39972447173127 197
1694723086379 18.21030410345192 198
1694723086679 18.02312197914187 199
1694723087028 17.838151650777718 200
1694723087326 17.655366982856894 201
1694723087694 17.474742148704824 202
1694723088053 17.296251626825708 203
1694723088406 17.119870197296358 204
1694723088734 16.945572938202712 205
1694723089110 16.77333522211844 206
1694723089447 16.60313271262511 207
1694723089828 16.43494136087359 208
1694723090218 16.26873740218595 209
1694723090538 16.104497352697603 210
1694723090864 15.942198006039098 211
1694723091216 15.781816430057109 212
1694723091912 15.623329963574188 213
1694723092304 15.466716213186809 214
1694723092626 15.311953050101232 215
1694723093020 15.159018607006761 216
1694723093349 15.007891274985967 217
1694723093708 14.858549700461376 218
1694723094118 14.710972782178304 219
1694723094408 14.56513966822326 220
1694723094788 14.421029753077693 221
1694723095120 14.2786226747064 222
1694723095460 14.137898311680503 223
1694723095773 13.998836780334303 224
1694723096127 13.861418431955776 225
1694723096506 13.725623850010262 226
1694723096840 13.591433847396992 227
1694723097161 13.458829463737938 228
1694723097469 13.327791962698836 229
1694723097813 13.19830282934173 230
1694723098126 13.0703437675089 231
1694723098413 12.943896697237646 232
1694723098804 12.818943752205637 233
1694723099164 12.695467277206468 234
1694723099457 12.573449825654988 235
1694723099759 12.452874157122174 236
1694723100114 12.333723234899102 237
1694723100447 12.215980223589701 238
1694723100837 12.099628486731962 239
1694723101223 11.984651584447214 240
1694723101552 11.871033271117277 241
1694723101884 11.758757493088948 242
1694723102235 11.647808386405677 243
1694723102498 11.538170274566053 244
1694723102806 11.429827666308725 245
1694723103197 11.322765253423537 246
1694723103516 11.216967908588533 247
1694723103834 11.112420683232497 248
1694723104153 11.009108805422755 249
1694723104449 10.907017677777956 250
1694723104802 10.806132875405467 251
1694723105150 10.706440143863222 252
1694723105447 10.607925397145564 253
1694723105838 10.510574715692968 254
1694723106179 10.41437434442521 255
1694723106443 10.319310690797824 256
1694723106808 10.225370322881533 257
1694723107161 10.132539967464307 258
1694723107492 10.040806508175944 259
1694723107879 9.950156983634718 260
1694723108258 9.86057858561601 261
1694723108525 9.772058657242507 262
1694723108871 9.684584691195845 263
1694723109210 9.598144327949322 264
1694723109515 9.512725354021581 265
1694723109823 9.428315700250847 266
1694723110171 9.34490344008957 267
1694723110514 9.262476787919267 268
1694723110863 9.18102409738524 269
1694723111209 9.10053385975097 270
1694723111510 9.020994702271947 271
1694723111829 8.942395386588775 272
1694723112166 8.86472480713919 273
1694723112552 8.787971989588865 274
1694723112870 8.712126089280789 275
1694723113284 8.637176389702944 276
1694723113596 8.563112300974073 277
1694723113924 8.489923358347372 278
1694723114299 8.417599220731855 279
1694723114604 8.346129669231164 280
1694723115048 8.275504605699687 281
1694723115366 8.20571405131571 282
1694723115699 8.136748145171419 283
1694723116056 8.068597142879618 284
1694723116376 8.001251415196837 285
1694723116774 7.934701446662758 286
1694723117166 7.868937834255717 287
1694723117490 7.80395128606407 288
1694723117847 7.739732619973261 289
1694723118162 7.676272762368442 290
1694723118529 7.613562746852373 291
1694723118880 7.551593712978501 292
1694723119228 7.490356904999004 293
1694723119588 7.429843670627614 294
1694723120001 7.370045459817094 295
1694723120349 7.310953823551128 296
1694723120648 7.252560412650489 297
1694723120998 7.194856976593337 298
1694723121300 7.137835362349441 299
1694723121602 7.0814875132281605 300
1694723121961 7.025805467740084 301
1694723122299 6.970781358472062 302
1694723122613 6.916407410975587 303
1694723123080 6.862675942668279 304
1694723123440 6.80957936174833 305
1694723123770 6.75711016612185 306
1694723124174 6.705260942342808 307
1694723124455 6.654024364565541 308
1694723124777 6.603393193509628 309
1694723125184 6.553360275437014 310
1694723125504 6.503918541141178 311
1694723125802 6.455061004948294 312
1694723126162 6.4067807637301755 313
1694723126551 6.359070995928866 314
1694723126887 6.311924960592788 315
1694723127231 6.265335996424254 316
1694723127548 6.21929752083825 317
1694723127887 6.173803029032326 318
1694723128199 6.12884609306749 319
1694723128516 6.084420360959936 320
1694723128920 6.040519555783578 321
1694723129292 5.997137474783102 322
1694723129641 5.954267988497506 323
1694723130070 5.911905039894079 324
1694723130378 5.870042643512515 325
1694723130678 5.8286748846192165 326
1694723131092 5.787795918371538 327
1694723131420 5.747399968991936 328
1694723131762 5.707481328951849 329
1694723132138 5.668034358165247 330
1694723132461 5.629053483191733 331
1694723132760 5.590533196448984 332
1694723133141 5.552468055434565 333
1694723133510 5.514852681956925 334
1694723133788 5.4776817613754645 335
1694723134084 5.440950041849589 336
1694723134435 5.404652333596645 337
1694723134740 5.3687835081586 338
1694723135116 5.333338497677441 339
1694723135471 5.298312294179065 340
1694723135829 5.26369994886568 341
1694723136158 5.229496571416549 342
1694723136521 5.195697329296999 343
1694723136896 5.162297447075604 344
1694723137326 5.129292205749426 345
1694723137679 5.096676942077236 346
1694723138031 5.064447047920611 347
1694723138381 5.032597969592793 348
1694723138755 5.001125207215291 349
1694723139105 4.970024314082073 350
1694723139428 4.939290896031208 351
1694723139697 4.908920610824043 352
1694723139985 4.878909167531611 353
1694723140355 4.849252325928343 354
1694723140654 4.819945895892949 355
1694723140972 4.790985736816374 356
1694723141287 4.762367757016702 357
1694723141605 4.734087913161036 358
1694723141956 4.706142209694204 359
1694723142296 4.678526698274174 360
1694723142622 4.651237477214154 361
1694723142901 4.624270690931323 362
1694723143315 4.597622529402027 363
1694723143631 4.571289227623444 364
1694723143945 4.54526706508158 365
1694723144315 4.519552365225609 366
1694723144704 4.494141494948348 367
1694723145019 4.469030864072921 368
1694723145346 4.44421692484548 369
1694723145678 4.419696171433917 370
1694723145936 4.395465139432495 371
1694723146261 4.371520405372336 372
1694723146629 4.347858586237704 373
1694723146933 4.3244763389879814 374
1694723147328 4.301370360085315 375
1694723147675 4.278537385027824 376
1694723147966 4.255974187888357 377
1694723148325 4.233677580858645 378
1694723148672 4.211644413798906 379
1694723148938 4.189871573792709 380
1694723149206 4.168355984707146 381
1694723149481 4.147094606758178 382
1694723149800 4.126084436081117 383
1694723150049 4.105322504306201 384
1694723150341 4.084805878139151 385
1694723150663 4.06453165894673 386
1694723150988 4.044496982347135 387
1694723151316 4.024699017805317 388
1694723151634 4.0051349682329995 389
1694723152056 3.9858020695934626 390
1694723152406 3.966697590511002 391
1694723152724 3.947818831884985 392
1694723153126 3.92916312650847 393
1694723153603 3.910727838691359 394
1694723154064 3.892510363887951 395
1694723154498 3.874508128328949 396
1694723154814 3.8567185886577895 397
1694723155152 3.8391392315712682 398
1694723155487 3.8217675734644185 399
1694723155775 3.804601160079583 400
1694723156076 3.787637566159638 401
1694723156376 3.7708743951053054 402
1694723156766 3.754309278636531 403
1694723157082 3.7379398764578293 404
1694723157413 3.7217638759276337 405
1694723157775 3.7057789917315143 406
1694723158114 3.689982965559271 407
1694723158458 3.6743735657858223 408
1694723158819 3.658948587155913 409
1694723159266 3.6437058504724993 410
1694723159606 3.628643202288834 411
1694723159883 3.613758514604205 412
1694723160194 3.5990496845632274 413
1694723160557 3.5845146341587495 414
1694723160824 3.570151309938204 415
1694723161112 3.555957682713485 416
1694723161420 3.541931747274205 417
1694723161764 3.528071522104394 418
1694723162005 3.5143750491024934 419
1694723162265 3.5008403933046828 420
1694723162552 3.487465642611485 421
1694723162849 3.4742489075175964 422
1694723163125 3.4611883208448804 423
1694723163418 3.448282037478567 424
1694723163787 3.4355282341065263 425
1694723164112 3.4229251089616426 426
1694723164417 3.410470881567232 427
1694723164758 3.3981637924854744 428
1694723165118 3.3860021030687832 429
1694723165459 3.373984095214164 430
1694723165799 3.362108071120452 431
1694723166160 3.350372353048397 432
1694723166511 3.338775283083618 433
1694723166873 3.327315222902346 434
1694723167213 3.3159905535399194 435
1694723167562 3.3047996751620445 436
1694723167878 3.2937410068387334 437
1694723168245 3.282812986320924 438
1694723168619 3.2720140698197517 439
1694723168917 3.2613427317883894 440
1694723169270 3.250797464706514 441
1694723169616 3.240376778867291 442
1694723169903 3.2300792021668827 443
1694723170186 3.21990327989644 444
1694723170556 3.209847574536564 445
1694723170918 3.1999106655541856 446
1694723171244 3.1900911492018365 447
1694723171587 3.180387638319326 448
1694723171900 3.170798762137722 449
1694723172251 3.161323166085665 450
1694723172613 3.151959511597982 451
1694723172994 3.1427064759265355 452
1694723173424 3.133562751953339 453
1694723173767 3.124527048005851 454
1694723174046 3.115598087674472 455
1694723174376 3.1067746096321955 456
1694723174708 3.098055367456374 457
1694723175096 3.0894391294526136 458
1694723175502 3.0809246784807307 459
1694723175863 3.072510811782783 460
1694723176191 3.064196340813115 461
1694723176526 3.055980091070422 462
1694723176991 3.047860901931796 463
1694723177307 3.0398376264887275 464
1694723177676 3.031909131385062 465
1694723177987 3.0240742966568512 466
1694723178350 3.0163320155741102 467
1694723178694 3.008681194484436 468
1694723178989 3.001120752658477 469
1694723179345 2.993649622137229 470
1694723179714 2.986266747581139 471
1694723180035 2.9789710861209873 472
1694723180370 2.971761607210523 473
1694723180686 2.964637292480868 474
1694723181119 2.9575971355966137 475
1694723181530 2.9506401421136212 476
1694723181908 2.9437653293385293 477
1694723182266 2.936971726189892 478
1694723182648 2.930258373060957 479
1694723182995 2.9236243216840916 480
1694723183365 2.917068634996786 481
1694723183740 2.910590387009248 482
1694723184059 2.904188662673576 483
1694723184422 2.8978625577544483 484
1694723184904 2.8916111787013694 485
1694723185236 2.8854336425224014 486
1694723185570 2.8793290766594173 487
1694723185908 2.8732966188647935 488
1694723186231 2.867335417079586 489
1694723186521 2.8614446293131293 490
1694723186892 2.8556234235240807 491
1694723187237 2.8498709775028335 492
1694723187518 2.8441864787553595 493
1694723187885 2.838569124388399 494
1694723188209 2.8330181209960115 495
1694723188526 2.8275326845474686 496
1694723188870 2.8221120402764797 497
1694723189292 2.8167554225717133 498
1694723189628 2.811462074868627 499
