1694748803539 169.3302270244576 0
1694748803873 29487.965768866314 1
1694748804182 5312199.477895582 2
1694748804528 957165527.3782141 3
1694748804889 172464686946.10522 4
1694748805245 31075156352769.586 5
1694748805532 5599206188119181.0 6
1694748805868 1.0088801993842136e+18 7
1694748806200 1.8178277822118075e+20 8
1694748806461 3.2754115382560296e+22 9
1694748806766 5.901725592447076e+24 10
1694748807118 1.0633889684314288e+27 11
1694748807384 1.916043164780197e+29 12
1694748807707 3.452378685774988e+31 13
1694748808083 6.220589811900569e+33 14
1694748808370 1.12084279072169e+36 15
1694748808692 2.0195650243798237e+38 16
1694748809138 3.6389071879314333e+40 17
1694748809407 6.556681940184288e+42 18
1694748809688 1.1814007844804874e+45 19
1694748810012 2.1286800645569857e+47 20
1694748810355 3.835513634972685e+49 21
1694748810682 6.910932783655781e+51 22
1694748811056 1.24523066492888e+54 23
1694748811399 2.243690479158412e+56 24
1694748811723 4.042742527990685e+58 25
1694748812067 7.284323439191539e+60 26
1694748812442 1.3125092087704062e+63 27
1694748812806 2.36491478925641e+65 28
1694748813123 4.2611677869164747e+67 29
1694748813497 7.677888011332474e+69 30
1694748813791 1.3834227437737456e+72 31
1694748814104 2.492688725292224e+74 32
1694748814409 4.491394339990099e+76 33
1694748814761 8.092716476234005e+78 34
1694748815145 1.4581676648070416e+81 35
1694748815562 2.6273661568807186e+83 36
1694748816014 4.734059799107967e+85 37
1694748816397 8.529957700352471e+87 38
1694748816726 1.5369509777530164e+90 39
1694748817082 2.76932007285141e+92 40
1694748817430 4.989836225687443e+94 41
1694748817752 8.99082262222805e+96 42
1694748818107 1.6199908728112845e+99 43
1694748818440 2.918943614240176e+101 44
1694748818769 5.259431991939398e+103 45
1694748819087 9.476587606176206e+105 46
1694748819409 1.7075173287755919e+108 47
1694748819697 3.0766511630924316e+110 48
1694748820005 5.543593742703408e+112 49
1694748820322 9.988597977175707e+114 50
1694748820611 1.7997727499595515e+117 51
1694748820987 3.2428794900932105e+119 52
1694748821339 5.843108463278793e+121 53
1694748821721 1.052827174674286e+124 54
1694748822139 1.897012637534798e+126 55
1694748822480 3.4180889642025563e+128 56
1694748822882 6.158805658978632e+130 57
1694748823367 1.1097103540111199e+133 58
1694748823683 1.999506297140911e+135 59
1694748823993 3.6027648276462742e+137 60
1694748824359 6.491559652442722e+139 61
1694748824670 1.1696668735592433e+142 62
1694748824988 2.107537584726719e+144 63
1694748825398 3.797418539793125e+146 64
1694748825673 6.842292005072082e+148 65
1694748826010 1.2328627827583057e+151 66
1694748826339 2.2214056926887046e+153 67
1694748826692 4.002589193640367e+155 68
1694748827052 7.21197406929113e+157 69
1694748827410 1.2994731025299658e+160 70
1694748827765 2.3414259784836307e+162 71
1694748828093 4.218845008830496e+164 72
1694748828471 7.601629678705832e+166 73
1694748828801 1.3696823099979152e+169 74
1694748829128 2.467930838010276e+171 75
1694748829433 4.446784905334266e+173 76
1694748829844 8.012337983608574e+175 77
1694748830234 1.4436848493968473e+178 78
1694748830551 2.6012706261790893e+180 79
1694748830877 4.6870401621580705e+182 80
1694748831206 8.445236439682271e+184 81
1694748831532 1.5216856705852981e+187 82
1694748831858 2.741814627219297e+189 83
1694748832247 4.9402761656697205e+191 84
1694748832590 8.901523958181234e+193 85
1694748832912 1.6039007966538014e+196 86
1694748833302 2.889952077410701e+198 87
1694748833618 5.207194252384395e+200 88
1694748833914 9.382464226313084e+202 89
1694748834264 1.6905579222003327e+205 90
1694748834623 3.046093243072642e+207 91
1694748834942 5.488533651314471e+209 92
1694748835320 9.88938920701745e+211 93
1694748835617 1.7818970439299536e+214 94
1694748835899 3.210670556795593e+216 95
1694748836218 5.785073531262534e+218 96
1694748836563 1.0423702827834239e+221 97
1694748836851 1.8781711253251246e+223 98
1694748837165 3.3841398150622156e+225 99
1694748837506 6.097635158727534e+227 100
1694748837784 1.0986884869077603e+230 101
1694748838169 1.9796467972274803e+232 102
1694748838517 3.566981440574642e+234 103
1694748838821 6.4270841724004425e+236 104
1694748839200 1.1580495062084091e+239 105
1694748839528 2.0866050962713042e+241 106
1694748839900 3.75970181278401e+243 107
1694748840268 6.7743329805485405e+245 108
1694748840667 1.2206177408884877e+248 109
1694748841016 2.1993422432138422e+250 110
1694748841410 3.962834670307159e+252 111
1694748841712 7.140343287927986e+254 112
1694748842076 1.2865664735265496e+257 113
1694748842399 2.3181704633179746e+259 114
1694748842705 4.176942589114483e+261 115
1694748843061 7.526128759222853e+263 116
1694748843432 1.3560783489822792e+266 117
1694748843845 2.443418851059353e+268 118
1694748844227 4.402618540582737e+270 119
1694748844561 7.932757826387097e+272 120
1694748844876 1.4293458802310062e+275 121
1694748845228 2.5754342815527838e+277 122
1694748845572 4.640487533727894e+279 123
1694748845934 8.361356647664335e+281 124
1694748846300 1.5065719815279228e+284 125
1694748846648 2.714582371222028e+286 126
1694748846956 4.891208346166121e+288 127
1694748847307 8.813112226480443e+290 128
1694748847708 1.5879705303786516e+293 129
1694748847989 2.861248490373633e+295 130
1694748848274 5.155475348596844e+297 131
1694748848627 9.289275698846755e+299 132
1694748848922 1.6737669598724856e+302 133
1694748849238 3.0158388304790915e+304 134
1694748849570 inf 135
