1694745313444 2.8325109605621837 0
1694745313789 3.782860940007871 1
1694745314028 2.863766020633378 2
1694745314269 1.8320981671822825 3
1694745314461 1.8258394349677167 4
1694745314636 1.8402590848947968 5
1694745314891 3.188600365586805 6
1694745315172 3.5163000986076023 7
1694745315396 2.7598939050499967 8
1694745315558 2.545786491459394 9
1694745315797 3.169423348338455 10
1694745316037 2.543991128866968 11
1694745316269 2.0137474847483756 12
1694745316471 2.427721753312839 13
1694745316625 3.545915741458707 14
1694745316802 1.6634761293015305 15
1694745317102 3.4118980663875296 16
1694745317344 2.2504437423395505 17
1694745317553 3.114111871898713 18
1694745317804 2.0881089235640204 19
1694745318009 1.8940694827051214 20
1694745318243 2.8630660212252845 21
1694745318459 2.5502522174924507 22
1694745318640 2.1508173380474904 23
1694745318870 2.3806493438962852 24
1694745319082 4.222444877584688 25
1694745319375 2.8274371503479125 26
1694745319644 5.3003340845879325 27
1694745319922 4.077459281014128 28
1694745320155 2.2107685119060143 29
1694745320359 1.402864709020761 30
1694745320588 3.118352977839766 31
1694745320823 3.5156843296506146 32
1694745321073 2.2337178180261317 33
1694745321315 3.374238635900927 34
1694745321587 1.8831362647803558 35
1694745321818 1.8745683166641596 36
1694745322061 3.199212611962365 37
1694745322463 2.5563005746932816 38
1694745322683 1.6728592004356073 39
1694745322956 2.5486577483462036 40
1694745323209 3.1404973876895275 41
1694745323446 3.181339644905038 42
1694745323660 1.8101149781831454 43
1694745323881 3.5359732913352553 44
1694745324121 3.320859087124015 45
1694745324313 2.4089819073009773 46
1694745324454 2.8820490856217207 47
1694745324659 3.109728826004071 48
1694745324884 4.278413839572284 49
1694745325123 2.1186826798078418 50
1694745325378 2.098524567524991 51
1694745325567 3.1949452116787995 52
1694745325725 1.8886080712253972 53
1694745325984 2.188472064157997 54
1694745326190 1.72920729068295 55
1694745326401 4.273021142474091 56
1694745326577 2.0236664131993165 57
1694745326790 3.538547395002968 58
1694745327029 1.7561260439915052 59
1694745327272 1.9817835642976147 60
1694745327524 3.87864770358913 61
1694745327731 3.571375381787343 62
1694745327980 2.550794242363762 63
1694745328266 3.425252231447378 64
1694745328505 2.8367279113101334 65
1694745328724 1.167435275398058 66
1694745328961 1.978827347114382 67
1694745329176 2.637828146496163 68
1694745329383 3.2038119631607227 69
1694745329610 2.174269261838896 70
1694745329793 1.9739124407304434 71
1694745329956 2.1146281462541032 72
1694745330169 4.004785024397188 73
1694745330448 2.820356183790623 74
1694745330724 2.584450033666578 75
1694745330961 2.4007081317492647 76
1694745331199 2.506678908174337 77
1694745331432 2.340294362612875 78
1694745331696 2.459922574168497 79
1694745332006 2.5589479874587697 80
1694745332205 2.4620337255505733 81
1694745332587 2.336375560426821 82
1694745332806 3.153697709731242 83
1694745333047 3.194519236268312 84
1694745333291 3.8286697701430756 85
1694745333483 2.343221917098774 86
1694745333678 2.5614124505089446 87
1694745333869 2.8416744379804646 88
1694745334096 2.322486452078198 89
1694745334330 2.230499885221442 90
1694745334573 3.2779534143558897 91
1694745334771 2.909001018349354 92
1694745335009 3.74956373472776 93
1694745335261 3.278411295591991 94
1694745335523 2.6128430161237364 95
1694745335757 2.4219688185268087 96
1694745335986 2.030497955558104 97
1694745336209 1.7325023926408722 98
1694745336458 2.0148586326850615 99
1694745336676 2.1240967396600774 100
1694745336941 2.2380228132615976 101
1694745337203 2.8080130896943913 102
1694745337438 2.016955553346782 103
1694745337655 3.0844578976698847 104
1694745337824 1.6027852186445346 105
1694745338046 2.5160102898931007 106
1694745338249 3.1080960594702716 107
1694745338497 2.645960161068567 108
1694745338694 2.0949630313819014 109
1694745338885 2.2739239837163905 110
1694745339203 2.357722302738585 111
1694745339462 3.1344078785828366 112
1694745339673 2.2269803412474194 113
1694745339888 2.303683525362972 114
1694745340103 2.0057677620143073 115
1694745340307 3.3082858662936268 116
1694745340571 2.4574753709691106 117
1694745340851 2.6554674413681787 118
1694745341086 2.6917238915351844 119
1694745341362 2.015486845776566 120
1694745341673 2.2074584881113637 121
1694745341867 2.9976598488203874 122
1694745342086 2.2845110414383716 123
1694745342386 2.5463898554552604 124
1694745342633 2.2396838028842114 125
1694745342854 2.4312219682410157 126
1694745343093 2.518583194892466 127
1694745343335 2.1300883644562587 128
1694745343596 2.0777311690062086 129
1694745343852 1.7373254722825862 130
1694745344089 2.34095878778987 131
1694745344317 1.7954071908518778 132
1694745344555 2.8377653091010835 133
1694745344730 0.9780850014587291 134
1694745344944 1.2001071516186395 135
1694745345176 1.595342982712823 136
1694745345412 2.1427694943564295 137
1694745345655 2.4896586938354406 138
1694745345819 2.61596546418804 139
1694745346076 1.7173569109972506 140
1694745346313 2.6611974943471775 141
1694745346561 2.6773446948194266 142
1694745346739 2.003110810378969 143
1694745346903 2.323029075683727 144
1694745347149 2.015959990744645 145
1694745347398 1.9984538065210966 146
1694745347650 2.6100268700271645 147
1694745347878 1.5838799401824377 148
1694745348181 3.2651904251435977 149
1694745348426 1.796217898459876 150
1694745348667 2.3519019866717907 151
1694745348893 2.3554211673227234 152
1694745349151 2.2173224269200333 153
1694745349373 2.7606175987685653 154
1694745349589 2.2124294811140066 155
1694745349759 1.8493102709311016 156
1694745349989 4.525567942948249 157
1694745350250 1.3731254146859435 158
1694745350550 2.7122150771575657 159
1694745350791 1.8332303941873327 160
1694745351004 2.1306253156063173 161
1694745351237 2.3684226963890986 162
1694745351478 1.284963118743421 163
1694745351699 2.526930765037685 164
1694745351963 2.6532648201525553 165
1694745352188 2.9842486731278375 166
1694745352545 1.7932433993852774 167
1694745352786 1.9078784742015806 168
1694745353025 2.2164995200127913 169
1694745353265 2.595967119902523 170
1694745353520 2.5890192852438627 171
1694745353749 1.071535706120286 172
1694745353974 2.065537234660705 173
1694745354192 2.657618007136665 174
1694745354429 2.300199188278371 175
1694745354669 2.1679106037993225 176
1694745354946 1.54734781482444 177
1694745355157 3.0380606081104933 178
1694745355397 2.0333184133931 179
1694745355636 2.848608607608654 180
1694745355826 1.8787286260714278 181
1694745356014 2.143596021742602 182
1694745356258 2.0717491846093408 183
1694745356498 2.8210377907658657 184
1694745356734 1.9519779623041438 185
1694745356961 1.9642513011693947 186
1694745357227 1.8473334083625892 187
1694745357467 3.234595535706001 188
1694745357724 1.9314867248427408 189
1694745357903 1.5961962850080091 190
1694745358078 2.1258312031491937 191
1694745358322 2.551338424385022 192
1694745358562 2.2468057276269415 193
1694745358804 1.9187435198462093 194
1694745359009 3.320303330543707 195
1694745359274 1.4819576340657725 196
1694745359526 2.0338591170997016 197
1694745359758 2.3054837158784762 198
1694745359989 2.3082573437074134 199
1694745360240 1.5734629699901839 200
1694745360512 2.592968720170704 201
1694745360806 2.345459284853501 202
1694745360993 2.836022018288878 203
1694745361229 2.340012011156241 204
1694745361497 1.6058018411576636 205
1694745361685 4.491324097099709 206
1694745361865 2.1743837956058036 207
1694745362066 1.900792600903056 208
1694745362297 1.8627223313372523 209
1694745362541 2.3056599917323006 210
1694745362796 1.7418184554900742 211
1694745363055 1.8835137050524478 212
1694745363273 2.165491419660138 213
1694745363516 1.882510114316733 214
1694745363802 3.422836819991794 215
1694745364015 1.7090729096580386 216
1694745364265 2.5189729458833723 217
1694745364499 1.7869264936370588 218
1694745364732 1.8021400831273422 219
1694745364934 1.7652971649670102 220
1694745365135 1.8689496319287693 221
1694745365366 1.7929474550601527 222
1694745365599 2.3414872706422054 223
1694745365848 1.5056920679979775 224
1694745366089 1.9296812388630011 225
1694745366321 2.525138642120293 226
1694745366559 2.2638035633344473 227
1694745366797 2.273100260579441 228
1694745367026 2.2127071661359694 229
1694745367242 2.3918490713488962 230
1694745367500 1.6595550461019952 231
1694745367743 2.4893995433741076 232
1694745367954 1.8385985976281103 233
1694745368200 1.9943859713067622 234
1694745368456 2.34322015713392 235
1694745368689 1.976610106743184 236
1694745368904 2.807151573857266 237
1694745369062 1.9851458339003982 238
1694745369290 2.794208661307749 239
1694745369573 2.003150405414189 240
1694745369804 1.5269503944742382 241
1694745370090 1.4212169906648644 242
1694745370362 2.106542835380585 243
1694745370655 1.864845801118278 244
1694745370918 2.279963012899719 245
1694745371201 2.549857857124671 246
1694745371446 2.461589549176858 247
1694745371700 2.725523285095481 248
1694745371944 2.3165520385287337 249
1694745372116 2.1551111585224634 250
1694745372290 1.418532082832468 251
1694745372515 2.90752790112996 252
1694745372821 3.340324907376552 253
1694745373037 2.566612482411093 254
1694745373233 2.0692963820191093 255
1694745373434 2.656237082690253 256
1694745373627 2.391495540582623 257
1694745373821 2.696480747468194 258
1694745373995 2.7683119454753484 259
1694745374183 2.2191061584977643 260
1694745374375 2.98675457335291 261
1694745374620 2.480554542681366 262
1694745374930 1.0557085024894886 263
1694745375220 3.3240019448942837 264
1694745375519 1.827589535134095 265
1694745375747 2.591987781856331 266
1694745375996 2.03698691169558 267
1694745376204 2.282863991514279 268
1694745376418 2.381672600335527 269
1694745376650 2.4662722554063223 270
1694745376810 2.3760225046666803 271
1694745377063 1.6577286619491292 272
1694745377278 2.3959401076208464 273
1694745377489 2.8048189639872114 274
1694745377697 2.5877399884881513 275
1694745377917 2.3828662272280057 276
1694745378118 2.4381874644518544 277
1694745378360 1.4077499286334498 278
1694745378584 2.275073263783974 279
1694745378786 1.5409692416080287 280
1694745379009 1.6541845180170163 281
1694745379266 3.2986617797063773 282
1694745379568 1.7848095041510428 283
1694745379892 1.2810371402519585 284
1694745380083 1.648694113365825 285
1694745380311 1.6016146752462144 286
1694745380534 1.7995343428671235 287
1694745380814 2.047211298045695 288
1694745381014 2.7196550169726645 289
1694745381194 1.5266056939131079 290
1694745381482 2.4463142001783518 291
1694745381752 1.8158292335737123 292
1694745382002 2.357033204805161 293
1694745382162 2.1496374342578575 294
1694745382428 2.083177844206093 295
1694745382670 1.7581353715640486 296
1694745382905 1.8832260722133447 297
1694745383117 1.947826794333662 298
1694745383362 1.4688218519960528 299
1694745383619 2.5270026897058844 300
1694745383913 2.406892478972818 301
1694745384118 2.2835288442261876 302
1694745384309 1.9594285333311823 303
1694745384572 2.4631431935149655 304
1694745384799 1.7851679379290184 305
1694745385039 1.4630738761845425 306
1694745385244 2.802266090561937 307
1694745385477 2.3993518059481542 308
1694745385724 2.051771181830314 309
1694745386002 2.4037753627610305 310
1694745386204 2.255281753168524 311
1694745386550 2.1515711916978604 312
1694745386773 2.607622658025867 313
1694745386992 1.9903620919171705 314
1694745387152 1.7081520367601606 315
1694745387292 2.5145371353392685 316
1694745387500 2.3507314933682277 317
1694745387753 1.4683123501720585 318
1694745387970 1.8134643409783249 319
1694745388162 1.798460581087107 320
1694745388410 1.5846648327677002 321
1694745388657 2.497655854282138 322
1694745388900 1.5523729210142523 323
1694745389109 2.6555208764707086 324
1694745389286 2.7560717634671428 325
1694745389517 2.402352414623091 326
1694745389757 2.358278788128574 327
1694745390044 1.8945372933119737 328
1694745390245 2.1592717644339627 329
1694745390578 3.177845060845874 330
1694745390803 2.2440066456789394 331
1694745391023 2.4846850214725653 332
1694745391203 2.045854019933561 333
1694745391394 2.1966056023400373 334
1694745391615 1.740896931917042 335
1694745391790 2.180085604097628 336
1694745392060 2.4285752570666985 337
1694745392242 4.2488521450133785 338
1694745392538 2.112754165890264 339
1694745392822 2.4063855324767367 340
1694745393067 1.4009180863627764 341
1694745393210 3.6691442866107438 342
1694745393438 1.9846743489203296 343
1694745393657 2.1902830047523656 344
1694745393897 2.341210995754263 345
1694745394142 1.9191482326298392 346
1694745394312 2.2008952861588384 347
1694745394489 2.6762812430913154 348
1694745394725 1.59428961139902 349
1694745395025 3.031105386305545 350
1694745395240 3.36241456358962 351
1694745395395 2.605546570153645 352
1694745395558 3.2715695729344785 353
1694745395793 1.712528914082689 354
1694745396024 2.3881372691606004 355
1694745396212 1.890708846795617 356
1694745396491 1.7553692758802015 357
1694745396766 3.9378624209811712 358
1694745396957 2.2625187021406985 359
1694745397216 3.4159869235299385 360
1694745397456 2.355216868412103 361
1694745397791 2.710752919010722 362
1694745398026 2.334573481184122 363
1694745398228 1.354529453179484 364
1694745398388 2.544570982574388 365
1694745398560 2.116083939648207 366
1694745398829 1.9478818317112396 367
1694745399153 3.272386626401539 368
1694745399406 2.2170888536857474 369
1694745399615 1.962868825328589 370
1694745399853 2.440397819453531 371
1694745400146 2.153656061771252 372
1694745400316 2.3085726142033507 373
1694745400569 2.816299532306122 374
1694745400874 1.7570420912527123 375
1694745401126 2.03804874672639 376
1694745401315 3.433400448201862 377
1694745401570 2.741875831069007 378
1694745401839 1.9887637238755709 379
1694745402106 2.33234032182495 380
1694745402296 2.7325315455020807 381
1694745402518 2.651873800966752 382
1694745402756 2.855649359233107 383
1694745402991 1.0802438954406774 384
1694745403236 1.8244829631822599 385
1694745403540 1.3105231266237234 386
1694745403820 1.9318923925537055 387
1694745404062 2.4463328383278107 388
1694745404290 2.395823325926475 389
1694745404519 1.7139019837811231 390
1694745404702 2.884028864866982 391
1694745404919 1.9037409272910213 392
1694745405158 2.0201685897947934 393
1694745405336 2.121473334483645 394
1694745405531 3.2153234488754214 395
1694745405773 2.618683441253234 396
1694745406064 2.471961719305529 397
1694745406303 1.2674263690227223 398
1694745406548 2.1265180302208724 399
1694745406797 1.465282106493314 400
1694745407044 2.7573975941207793 401
1694745407258 1.9911938738893866 402
1694745407485 1.9276430838800236 403
1694745407731 2.129034386267073 404
1694745407926 2.0590066467075916 405
1694745408164 3.187360675542548 406
1694745408421 2.088576660288874 407
1694745408605 2.757330706133247 408
1694745408801 1.8088191768221429 409
1694745409008 2.017511452203125 410
1694745409232 2.046762248718409 411
1694745409410 1.8618486968921295 412
1694745409648 1.5904997620799635 413
1694745409858 2.4036808780026244 414
1694745410154 3.0696772409760835 415
1694745410400 1.9979776333858028 416
1694745410712 2.4101366357082483 417
1694745410960 1.6548527323919395 418
1694745411195 1.6868654958166802 419
1694745411373 3.056189281318087 420
1694745411604 2.018435257333911 421
1694745411836 1.4499215997487782 422
1694745412071 3.3252229046917123 423
1694745412308 1.57968153434031 424
1694745412566 2.590653676467831 425
1694745412835 1.7164530331410406 426
1694745413078 2.753545911865638 427
1694745413310 1.932794155618776 428
1694745413440 2.0802922783051927 429
1694745413637 3.88057049135831 430
1694745413877 1.7171219378437084 431
1694745414132 1.8366777028282122 432
1694745414351 2.773847939536925 433
1694745414542 2.474174636098252 434
1694745414795 3.2002154137380043 435
1694745415072 3.72830255426665 436
1694745415317 2.4270032619919206 437
1694745415516 1.8581997811768218 438
1694745415732 2.04425170061298 439
1694745415972 1.508454549833545 440
1694745416203 1.813807632561761 441
1694745416404 2.552927153114916 442
1694745416587 4.045988781355268 443
1694745416813 2.4262123150460133 444
1694745417116 2.6279743068657444 445
1694745417365 3.0811155533249313 446
1694745417527 2.409262095231935 447
1694745417742 1.6685164960623011 448
1694745417958 2.0944928955055993 449
1694745418197 2.4929846050884588 450
1694745418365 2.4647551838464907 451
1694745418534 2.4337610221975696 452
1694745418755 3.1891658189312624 453
1694745418958 1.0714478653639936 454
1694745419184 2.964599940600357 455
1694745419421 1.759858552527394 456
1694745419648 1.7685436323388224 457
1694745419891 2.185281722757867 458
1694745420266 1.241778827562452 459
1694745420479 2.5055611704717218 460
1694745420758 2.688512971008725 461
1694745420999 2.5128514116970613 462
1694745421225 3.0364743266111383 463
1694745421442 2.120225668253476 464
1694745421729 2.7051149376172874 465
1694745421987 1.7324047293170213 466
1694745422220 2.861524480047493 467
1694745422488 1.6703206739472969 468
1694745422663 1.9372050154322549 469
1694745422890 2.1619009580653348 470
1694745423053 1.5092069672525708 471
1694745423272 1.8565535132609603 472
1694745423483 2.505198671908401 473
1694745423641 1.632510769866667 474
1694745423918 1.5994088762300938 475
1694745424154 2.2479038325300644 476
1694745424408 1.8304250200384862 477
1694745424585 2.5511844674287802 478
1694745424766 3.091728358149518 479
1694745424964 1.8653761584200472 480
1694745425212 1.7577633835878015 481
1694745425419 1.9222611276536998 482
1694745425605 2.0511432964310803 483
1694745425841 1.7067816673181107 484
1694745426131 2.044350258807413 485
1694745426363 2.0062212704749705 486
1694745426584 3.483928151815646 487
1694745426809 3.8042149238399854 488
1694745427025 2.9036915364985494 489
1694745427281 2.002269902185589 490
1694745427489 1.9267921910461603 491
1694745427730 2.631930558622077 492
1694745428028 2.400679462907315 493
1694745428309 1.53701234848872 494
1694745428514 2.5012870557347013 495
1694745428717 3.996155325147968 496
1694745428965 2.380153722614242 497
1694745429200 3.5057906724843257 498
1694745429403 1.4748189220618562 499
