1694713618173 0.27535601383511593 0
1694713618488 1.173790292091194 1
1694713618839 6.677189390744729 2
1694713619148 0.005920339190089458 3
1694713619478 4.3506471290190145 4
1694713619756 5.164540578370088 5
1694713620044 2.1129319902566066 6
1694713620272 7.327074082494661 7
1694713620621 0.030030092906744313 8
1694713620991 0.15490415941533758 9
1694713621241 0.29497265871844425 10
1694713621504 0.0007755363434768801 11
1694713621748 0.0747786631256962 12
1694713622001 0.2470532921358067 13
1694713622370 0.6710836164475327 14
1694713622724 2.116027670295182 15
1694713623101 0.27019742702215577 16
1694713623363 0.014578340459343971 17
1694713623618 0.6697513786361501 18
1694713623949 2.6930501568995353e-05 19
1694713624244 0.311703627502841 20
1694713624485 0.17375306168680682 21
1694713624776 0.004441254633408693 22
1694713625095 0.3765078618194972 23
1694713625431 1.855531358331673 24
1694713625709 0.2864163363726842 25
1694713626055 0.5155756060358436 26
1694713626320 0.11373215078470743 27
1694713626588 0.8720570376951681 28
1694713626904 0.05151364386078139 29
1694713627405 3.8003292989180153 30
1694713627753 0.09528571319891413 31
1694713628063 0.19970424215915383 32
1694713628339 0.717753120680066 33
1694713628657 0.1373283792308838 34
1694713628955 2.798812705270227 35
1694713629324 1.7842513817981434 36
1694713629968 0.9318510635371752 37
1694713630303 1.1163095315071332 38
1694713630642 4.316349957786299 39
1694713630983 0.8865306822303928 40
1694713631420 0.5456320068839957 41
1694713631773 0.41429209754212465 42
1694713632413 0.05037116584003154 43
1694713632807 0.013687118814433874 44
1694713633184 0.09013741439006531 45
1694713633489 0.5069236722211939 46
1694713633886 1.647136760464737 47
1694713634291 1.030739280918667 48
1694713634659 2.4232187179205695 49
1694713635011 0.13426960885559763 50
1694713635399 0.7437897458396395 51
1694713635745 2.353812314954676 52
1694713636006 1.1419626977965052 53
1694713636358 6.425776560967475 54
1694713636646 4.488804481511164 55
1694713636977 1.056555568461098 56
1694713637512 0.7228137181820032 57
1694713637860 0.3384514199065098 58
1694713638258 0.05874272097452959 59
1694713638589 0.30489228666649637 60
1694713638874 0.29595889087268984 61
1694713639231 4.582561896927233 62
1694713639588 0.0022727374610656973 63
1694713639910 0.9655326278478658 64
1694713640272 0.6439169531147939 65
1694713640576 0.0712557864652875 66
1694713640988 4.1955234596986575 67
1694713641705 0.9410597711333554 68
1694713642536 0.003936876504661394 69
1694713642929 1.7238924413529975 70
1694713643517 2.9289514696339745 71
1694713643823 0.7774622223273815 72
1694713644158 0.028474514189262924 73
1694713644697 4.40576348224551 74
1694713645122 0.36896811520094047 75
1694713645620 2.9365408038924317 76
1694713645957 1.8191896656244384 77
1694713646290 3.713900594381877 78
1694713646688 1.0744398557347226 79
1694713646940 1.3905114228106583 80
1694713647231 0.5013089483759289 81
1694713647553 1.1337876754357876 82
1694713647851 0.11014773041494094 83
1694713648161 0.042479350343203146 84
1694713648530 0.790836674265183 85
1694713648920 0.0017869288071981114 86
1694713649217 2.6341461712178242 87
1694713649455 0.8147654441549173 88
1694713649715 0.3962380453411024 89
1694713649978 0.054052679199010745 90
1694713650255 0.5522677959891994 91
1694713650484 1.4847262097907927 92
1694713650714 0.6576555137693245 93
1694713651100 2.5615292064009996 94
1694713651424 2.4844054494302545 95
1694713651742 6.48622623119127e-05 96
1694713651989 4.574054446237761 97
1694713652229 0.1668229884717022 98
1694713652503 1.0914961548000046 99
1694713652800 0.17296855276615394 100
1694713653115 1.4983632206015753 101
1694713653469 0.7937685753061837 102
1694713653843 1.7949274472161032 103
1694713654095 1.8989027409798318 104
1694713654332 2.059953160602909 105
1694713654569 0.0005215084428012906 106
1694713654872 0.21140639649202203 107
1694713655112 0.22035904245523852 108
1694713655409 0.013353344166139043 109
1694713655759 0.6597750454339204 110
1694713656032 0.43980480527642685 111
1694713656337 0.1001593177532318 112
1694713656650 2.0846617422083704 113
1694713656978 0.18016385080886108 114
1694713657352 0.021998559242908007 115
1694713657679 0.12632866287322372 116
1694713658086 0.012714265881796515 117
1694713658416 0.4426347272100011 118
1694713658815 0.01724218678439554 119
1694713659181 2.2976623332867474 120
1694713659619 0.09940042711364795 121
1694713660009 0.2829567335471653 122
1694713660428 0.18403877287990175 123
1694713660760 0.2798613148464206 124
1694713661106 3.4374450357159594 125
1694713661354 0.02831014909092806 126
1694713661653 3.817572578307296 127
1694713661903 0.0037620351518489435 128
1694713662213 0.1426072167517619 129
1694713662599 0.0016507691955385737 130
1694713663165 0.7188973714539721 131
1694713663559 0.24534217988260063 132
1694713663921 0.13116984900357592 133
1694713664297 0.8877110160033593 134
1694713664556 0.016273067645154623 135
1694713664947 1.2563151353356579 136
1694713665381 0.13631988972017106 137
1694713665976 0.6113011768837731 138
1694713666333 0.4971050946666813 139
1694713666745 4.6004110718560325 140
1694713667233 0.9838936318114496 141
1694713667615 2.169428654206927 142
1694713668105 0.040566392225767106 143
1694713668482 0.8384648134002504 144
1694713668854 0.03526030631503879 145
1694713669178 0.019603695288043385 146
1694713669524 0.03654634114689488 147
1694713669829 1.0966406232292847 148
1694713670141 0.35882480453424387 149
1694713670410 0.333559489042696 150
1694713670698 1.3526931306492886 151
1694713670957 0.18783689648788207 152
1694713671222 1.6004409157389623 153
1694713671490 1.999030232339043 154
1694713671864 0.013386453411409203 155
1694713672167 0.7774256303934693 156
1694713672435 0.02187928964067376 157
1694713672666 0.08832550607777077 158
1694713673015 4.0170638402854095 159
1694713673341 1.346765518414201 160
1694713673614 0.7562099197929519 161
1694713673858 0.8482444179063465 162
1694713674186 0.9951698365531806 163
1694713674467 3.0819975846584935 164
1694713674702 0.16444952582564712 165
1694713675020 0.021906716189662008 166
1694713675327 0.013422305400994388 167
1694713675669 0.36423414286373434 168
1694713675926 0.00015132719578206003 169
1694713676375 0.39581637034807454 170
1694713676591 2.763417053505966 171
1694713676828 1.9066284624544598 172
1694713677225 0.023749301465840294 173
1694713677528 0.20937528984105505 174
1694713677758 0.3922208028879675 175
1694713678018 1.810009250224505 176
1694713678328 1.7828638945389803 177
1694713678632 0.34028955565556657 178
1694713678833 0.029965003491609264 179
1694713679123 0.08999418373026756 180
1694713679413 2.7120208912895927 181
1694713679638 0.08261119236245741 182
1694713679918 0.13908000560015865 183
1694713680225 1.911812291859525 184
1694713680533 0.07186424287638017 185
1694713680883 0.07412287459755885 186
1694713681155 0.1251253175504942 187
1694713681384 0.009761989463296714 188
1694713681634 0.4764336451644713 189
1694713681859 0.11326695877637072 190
1694713682200 0.0965636629610813 191
1694713682494 0.014899062656195885 192
1694713682759 3.7286939887775485 193
1694713683112 3.140046815672754 194
1694713683407 0.274473935270952 195
1694713683736 0.026851840210152442 196
1694713684039 0.13011885711458382 197
1694713684325 0.7498835932611034 198
1694713684629 0.7943951371231456 199
1694713684849 0.2286598798391524 200
1694713685155 0.024468101165829582 201
1694713685693 7.521414120219358 202
1694713685985 1.0861828578288324 203
1694713686262 0.006268713420207832 204
1694713686538 1.5571147354090946 205
1694713686799 0.7682706011167111 206
1694713687121 0.4176008428084485 207
1694713687443 0.0206325577964465 208
1694713687769 0.5336500140811894 209
1694713688089 3.5253899366703894 210
1694713688388 3.534746753779276 211
1694713688684 6.157861114425763 212
1694713689005 1.9620563819866397 213
1694713689328 0.8871114170009194 214
1694713689616 0.8049377989465649 215
1694713689898 0.15867861206322348 216
1694713690222 2.6842776260434937 217
1694713690545 0.9640145429968117 218
1694713690816 3.0437155110963694 219
1694713691144 2.622012252784216 220
1694713691450 0.11326142037474976 221
1694713691736 6.2987741507679935 222
1694713691996 0.0006612740080846643 223
1694713692393 0.055793194758030906 224
1694713692772 0.7787096126554647 225
1694713693005 1.9602698079379948 226
1694713693308 1.1406722775650424 227
1694713693548 0.01813814161352188 228
1694713693802 1.0477703089548993 229
1694713694410 2.3778672680503843 230
1694713694840 0.47877029670504856 231
1694713695248 0.014583591866723363 232
1694713695734 1.2802773713516524 233
1694713695963 0.05367164448463265 234
1694713696264 0.9714130047027871 235
1694713696665 2.997084629244075e-06 236
1694713696973 0.051939120779211215 237
1694713697434 1.1774056145616707 238
1694713697763 0.4070576576790215 239
1694713698068 5.182305293203294 240
1694713698428 0.006721587291082195 241
1694713698760 0.001111583173015092 242
1694713699093 8.503307728746737e-05 243
1694713699433 0.47201714977121845 244
1694713699772 0.45068832914584045 245
1694713700087 0.1326515972431284 246
1694713700408 0.11687762217623401 247
1694713700780 0.13654577444945426 248
1694713701046 0.0018796059948409407 249
1694713701426 0.5366724750713254 250
1694713701824 1.9357629823305638 251
1694713702135 2.1229609183805858 252
1694713702501 1.687894804640202 253
1694713702956 2.1841334799778056 254
1694713703323 0.28587996416309597 255
1694713703687 0.6995325786455918 256
1694713704048 0.006204647474054474 257
1694713704375 0.4780608825479087 258
1694713704681 0.08459673210470445 259
1694713704933 0.0024159476528401985 260
1694713705233 0.5077533949388665 261
1694713705654 0.05196230008726672 262
1694713705975 2.1373695783334137 263
1694713706465 0.014039707703002403 264
1694713706817 2.5170424517979906 265
1694713707202 2.1584749397062852 266
1694713707622 5.990201885102961 267
1694713707954 0.0017709503600010846 268
1694713708303 0.25963362413093083 269
1694713708657 2.6603616835744472 270
1694713708978 0.00015828220378503557 271
1694713709349 0.010545052707059948 272
1694713709728 1.7999069560545655 273
1694713710189 0.3404315927651791 274
1694713710530 0.006658241778565121 275
1694713710783 0.011097961808102954 276
1694713711027 1.595339665239012 277
1694713711315 0.18993627135907812 278
1694713711680 0.4069096353227695 279
1694713712103 0.02242278090702402 280
1694713712409 0.5665593938316966 281
1694713712858 5.374434749814988 282
1694713713210 2.4249956576676075 283
1694713713553 0.4316622297385229 284
1694713713949 0.01200375052515753 285
1694713714340 1.7418835705953256e-05 286
1694713714726 3.949644113391576 287
1694713715304 0.20381312263154042 288
1694713715785 0.03922163588415497 289
1694713716266 0.005408150304696334 290
1694713716547 0.6082743257275061 291
1694713716908 1.1457267544026615 292
1694713717570 0.04967410035495549 293
1694713717895 0.9988027236089881 294
1694713718191 0.7098206199997036 295
1694713718530 0.9070553563856664 296
1694713718926 0.7638852583351359 297
1694713719182 0.6934410126998477 298
1694713719478 6.11973200887197e-06 299
1694713719895 0.3252921906824188 300
1694713720233 0.8980789938717936 301
1694713720530 0.05404464472413462 302
1694713720815 0.22889759796852918 303
1694713721178 0.15930061995057843 304
1694713721500 0.3194124001940637 305
1694713721842 0.07273206957679705 306
1694713722237 2.2248338978326707 307
1694713722655 1.1828019886663352 308
1694713723157 0.052098424032542404 309
1694713723538 0.4515988255738819 310
1694713723956 2.3786817721415887 311
1694713724257 0.174819001640168 312
1694713724549 0.9148433045141233 313
1694713724807 0.24114573595594246 314
1694713725099 0.1295920173360014 315
1694713725391 1.2609130196083689 316
1694713725805 0.1777624539637162 317
1694713726116 0.995433337908941 318
1694713726385 2.9095859205550054 319
1694713726673 0.015677520498066512 320
1694713727004 0.2860372574827971 321
1694713727413 0.0590749817559234 322
1694713727635 3.4387256567897175 323
1694713727888 0.08722589032230342 324
1694713728218 1.292586919056568 325
1694713728456 0.11710641794014809 326
1694713728695 0.16766049792526155 327
1694713729057 2.393736468273447 328
1694713729436 3.0160276264751102 329
1694713729682 2.3303416282609772 330
1694713729911 0.16855787489236762 331
1694713730137 2.492009609322404 332
1694713730381 0.21489587264511337 333
1694713730641 1.5811439721958789 334
1694713730986 0.7883613018686997 335
1694713731343 0.09006121703284409 336
1694713731578 2.1625211100756125 337
1694713731828 0.12714791433759973 338
1694713732055 0.16044478946101642 339
1694713732347 1.1828181411558738 340
1694713732608 0.16265997022603249 341
1694713732960 1.2231293805050611 342
1694713733245 0.33186002664548936 343
1694713733570 0.9275802831132293 344
1694713733813 2.141590903668363 345
1694713734163 0.019800277565873554 346
1694713734436 0.24411332828347218 347
1694713734643 0.1843143800214516 348
1694713734929 2.534411251247641e-05 349
1694713735246 0.45713078348917335 350
1694713735586 0.005780391608272219 351
1694713735917 0.36041863615245506 352
1694713736164 3.840684809137976 353
1694713736447 0.07918196673843907 354
1694713736674 1.5307234840917523 355
1694713736935 0.39638528591540423 356
1694713737322 1.3499212700995975 357
1694713737633 0.1350074575525774 358
1694713737867 0.9952498801302929 359
1694713738217 0.8026695050831796 360
1694713738498 1.5391156252738174 361
1694713738741 0.06928452398949418 362
1694713739034 1.7337041894547212 363
1694713739390 0.006992540801301374 364
1694713739683 0.05039933949406298 365
1694713739918 0.0023571623120789997 366
1694713740237 0.3559206216078124 367
1694713740556 0.8143554511198448 368
1694713740783 0.0541284579115288 369
1694713741074 1.482199309760407 370
1694713741407 0.19084723491185596 371
1694713741620 0.021614779607428324 372
1694713741848 3.096056327890203 373
1694713742083 3.3021865138528383 374
1694713742390 0.12791446608148202 375
1694713742728 0.2639657238044409 376
1694713742961 0.040271908868425695 377
1694713743179 0.05090798272904856 378
1694713743458 0.001753495949306052 379
1694713743753 0.0547141721745766 380
1694713744044 0.0054769628272016355 381
1694713744318 0.06548596582266973 382
1694713744621 0.24121064817666943 383
1694713746817 0.0008470238381699467 384
1694713747100 0.5500777671337596 385
1694713747407 1.8526016474384517 386
1694713747745 0.7814671197210429 387
1694713748010 0.0010219835697651669 388
1694713748324 0.9920240085807089 389
1694713748626 1.350979560594175 390
1694713748912 0.014241789300623033 391
1694713749233 1.7692633186434061 392
1694713749491 1.5970735520652006 393
1694713749813 1.3703572831575013 394
1694713750009 1.1483706596444776 395
1694713750226 0.5882775029645432 396
1694713750506 1.8504396990621563 397
1694713750774 1.2313264785997113 398
1694713751068 0.5444952336649111 399
1694713751403 1.316213024482904 400
1694713751721 0.02729663741291368 401
1694713751979 0.20736253310803662 402
1694713752276 0.6396431652865138 403
1694713752545 2.6056249802955724 404
1694713752855 0.02901896215752405 405
1694713753252 0.5333215874236366 406
1694713753531 2.718489668953815 407
1694713753987 0.023173128214644206 408
1694713754312 0.5678728893629533 409
1694713754562 1.5801808874576073 410
1694713754883 0.055980758012802924 411
1694713755138 0.06943779855006806 412
1694713755508 0.14777230483584547 413
1694713756024 0.03760190402483568 414
1694713756318 0.3132007940992822 415
1694713756612 6.6211994278240685 416
1694713756915 0.6095799888830762 417
1694713757202 0.5214987878166223 418
1694713757568 0.05687483487101797 419
1694713757892 3.9109377843403355 420
1694713758217 0.4427680803285009 421
1694713758570 0.5153167210453127 422
1694713758878 0.567032758230604 423
1694713759152 1.445398891847569 424
1694713759417 0.17782346818730685 425
1694713759761 0.6132580970460488 426
1694713760145 1.7504933493093369 427
1694713760679 0.14584344527258622 428
1694713761109 1.4223851351635834 429
1694713761445 0.005294550504812832 430
1694713761739 0.11284157060050819 431
1694713762058 2.895878243676315 432
1694713762318 0.2864157245217608 433
1694713762612 0.1562261095413915 434
1694713763014 5.1923278473183165 435
1694713763305 0.08374339611448453 436
1694713763584 0.7946493354593226 437
1694713763935 0.08890229295488535 438
1694713764286 0.0062012441042988645 439
1694713764706 0.8203933793113315 440
1694713765093 1.3432331694923927 441
1694713765384 0.006465497259880558 442
1694713765946 0.00016231339738606695 443
1694713766292 0.0582022952624633 444
1694713766604 0.036438573296136686 445
1694713766856 1.3205774812905782 446
1694713767154 0.03832857273807801 447
1694713767489 0.011150678019571938 448
1694713767834 0.05872734122448527 449
1694713768157 0.004851237975326462 450
1694713768520 4.081733087718173 451
1694713768788 0.1380483715061905 452
1694713769096 0.003600806798687885 453
1694713769374 0.955243674727685 454
1694713769717 1.2980883667626015 455
1694713770013 2.837010032310036 456
1694713770389 0.009854379802031106 457
1694713770673 0.577350770138896 458
1694713770983 9.375022861976177 459
1694713771307 0.21447597880630265 460
1694713771602 2.223754635704148 461
1694713771973 0.8623410122941562 462
1694713772242 2.3731417520621947 463
1694713772472 0.011495616036428841 464
1694713772858 0.06382121527704941 465
1694713773140 0.8123932885811324 466
1694713773434 3.337041612141966 467
1694713773853 0.1237051445339976 468
1694713774133 0.0028700339539227417 469
1694713774383 1.7910672816920743 470
1694713774632 0.07771127030922836 471
1694713774940 0.4642476968411249 472
1694713775202 0.5845423627277133 473
1694713775457 0.23811102549772292 474
1694713775872 0.0008211243877194205 475
1694713776193 0.13750003813846237 476
1694713776506 2.535374964858948 477
1694713776794 1.7302292953760947 478
1694713777106 0.015386171833530159 479
1694713777407 0.35577708932503344 480
1694713777641 1.716217856374364 481
1694713777906 1.350763758975331 482
1694713778235 0.29560006550514023 483
1694713778505 3.0003654316039974 484
1694713778869 1.4428679926808012 485
1694713779146 1.155215530898591 486
1694713779392 0.19745415967470845 487
1694713779589 0.03182459424552782 488
1694713779816 0.01403946830814261 489
1694713780105 1.0507892907953482 490
1694713780358 0.1748315388077408 491
1694713780562 1.3403714222809633 492
1694713780778 0.19582758009142837 493
1694713781124 1.3701038857145897 494
1694713781387 0.01326987529231437 495
1694713781617 0.061038863452404536 496
1694713781891 0.2324699492238097 497
1694713782237 1.405209698333049 498
1694713782516 0.9650159263518141 499
