1694747826883 nan 0
1694747827171 nan 1
1694747827461 nan 2
1694747827826 nan 3
1694747828117 nan 4
1694747828418 nan 5
1694747828694 nan 6
1694747828987 nan 7
1694747829227 nan 8
1694747829527 nan 9
1694747829871 nan 10
1694747830125 nan 11
1694747830344 nan 12
1694747830606 nan 13
1694747830834 nan 14
1694747831127 nan 15
1694747831518 nan 16
1694747831823 nan 17
1694747832150 nan 18
1694747832530 nan 19
1694747832854 nan 20
1694747833121 nan 21
1694747833393 nan 22
1694747833724 nan 23
1694747833993 nan 24
1694747834265 nan 25
1694747834553 nan 26
1694747834851 nan 27
1694747835141 nan 28
1694747835412 nan 29
1694747835926 nan 30
1694747836197 nan 31
1694747836547 nan 32
1694747836841 nan 33
1694747837164 nan 34
1694747837450 nan 35
1694747837755 nan 36
1694747838085 nan 37
1694747838360 nan 38
1694747838676 nan 39
1694747838993 nan 40
1694747839267 nan 41
1694747839493 nan 42
1694747839783 nan 43
1694747840252 nan 44
1694747840521 nan 45
1694747840804 nan 46
1694747841114 nan 47
1694747841388 nan 48
1694747841681 nan 49
1694747841962 nan 50
1694747842255 nan 51
1694747842670 nan 52
1694747842958 nan 53
1694747843282 nan 54
1694747843586 nan 55
1694747843880 nan 56
1694747844234 nan 57
1694747844491 nan 58
1694747844774 nan 59
1694747845075 nan 60
1694747845391 nan 61
1694747845760 nan 62
1694747846057 nan 63
1694747846308 nan 64
1694747846591 nan 65
1694747846992 nan 66
1694747847287 nan 67
1694747847605 nan 68
1694747848044 nan 69
1694747848319 nan 70
1694747848554 nan 71
1694747848853 nan 72
1694747849168 nan 73
1694747849368 nan 74
1694747849639 nan 75
1694747849988 nan 76
1694747850290 nan 77
1694747850510 nan 78
1694747850757 nan 79
1694747851063 nan 80
1694747851363 nan 81
1694747851606 nan 82
1694747851838 nan 83
1694747852147 nan 84
1694747852385 nan 85
1694747852713 nan 86
1694747853026 nan 87
1694747853363 nan 88
1694747853661 nan 89
1694747853933 nan 90
1694747854250 nan 91
1694747854518 nan 92
1694747854824 nan 93
1694747855135 nan 94
1694747855482 nan 95
1694747855707 nan 96
1694747855978 nan 97
1694747856255 nan 98
1694747856607 nan 99
1694747856911 nan 100
1694747857255 nan 101
1694747857550 nan 102
1694747857802 nan 103
1694747858075 nan 104
1694747858416 nan 105
1694747858821 nan 106
1694747859124 nan 107
1694747859423 nan 108
1694747859673 nan 109
1694747859987 nan 110
1694747860274 nan 111
1694747860573 nan 112
1694747860858 nan 113
1694747861158 nan 114
1694747861456 nan 115
1694747861726 nan 116
1694747862064 nan 117
1694747862360 nan 118
1694747862697 nan 119
1694747862921 nan 120
1694747863262 nan 121
1694747863558 nan 122
1694747863887 nan 123
1694747864304 nan 124
1694747864619 nan 125
1694747864848 nan 126
1694747865181 nan 127
1694747865530 nan 128
1694747865749 nan 129
1694747865982 nan 130
1694747866292 nan 131
1694747866592 nan 132
1694747866820 nan 133
1694747867127 nan 134
1694747867433 nan 135
1694747867744 nan 136
1694747868011 nan 137
1694747868322 nan 138
1694747868642 nan 139
1694747868913 nan 140
1694747869206 nan 141
1694747869516 nan 142
1694747869827 nan 143
1694747870081 nan 144
1694747870318 nan 145
1694747870641 nan 146
1694747870866 nan 147
1694747871087 nan 148
1694747871313 nan 149
1694747871637 nan 150
1694747871879 nan 151
1694747872232 nan 152
1694747872563 nan 153
1694747872815 nan 154
1694747873089 nan 155
1694747873378 nan 156
1694747873699 nan 157
1694747873936 nan 158
1694747874315 nan 159
1694747874630 nan 160
1694747874922 nan 161
1694747875240 nan 162
1694747875556 nan 163
1694747875858 nan 164
1694747876164 nan 165
1694747876504 nan 166
1694747876818 nan 167
1694747877044 nan 168
1694747877318 nan 169
1694747877594 nan 170
1694747877879 nan 171
1694747878166 nan 172
1694747878468 nan 173
1694747878813 nan 174
1694747879088 nan 175
1694747879376 nan 176
1694747879682 nan 177
1694747879972 nan 178
1694747880378 nan 179
1694747880695 nan 180
1694747881030 nan 181
1694747881363 nan 182
1694747881661 nan 183
1694747881943 nan 184
1694747882185 nan 185
1694747882487 nan 186
1694747882825 nan 187
1694747883103 nan 188
1694747883409 nan 189
1694747883681 nan 190
1694747883949 nan 191
1694747884223 nan 192
1694747884529 nan 193
1694747884806 nan 194
1694747885095 nan 195
1694747885427 nan 196
1694747885718 nan 197
1694747886017 nan 198
1694747886312 nan 199
1694747886598 nan 200
1694747886890 nan 201
1694747887167 nan 202
1694747887444 nan 203
1694747887820 nan 204
1694747888064 nan 205
1694747888337 nan 206
1694747888688 nan 207
1694747888976 nan 208
1694747889186 nan 209
1694747889469 nan 210
1694747889802 nan 211
1694747890059 nan 212
1694747890269 nan 213
1694747890541 nan 214
1694747890960 nan 215
1694747891187 nan 216
1694747891406 nan 217
1694747891682 nan 218
1694747891949 nan 219
1694747892303 nan 220
1694747892691 nan 221
1694747892999 nan 222
1694747893218 nan 223
1694747893440 nan 224
1694747893668 nan 225
1694747893957 nan 226
1694747894331 nan 227
1694747894585 nan 228
1694747894893 nan 229
1694747895175 nan 230
1694747895408 nan 231
1694747895709 nan 232
1694747895984 nan 233
1694747896294 nan 234
1694747896661 nan 235
1694747896954 nan 236
1694747897254 nan 237
1694747897548 nan 238
1694747897862 nan 239
1694747898138 nan 240
1694747898411 nan 241
1694747898752 nan 242
1694747899072 nan 243
1694747899346 nan 244
1694747899624 nan 245
1694747900028 nan 246
1694747900350 nan 247
1694747900687 nan 248
1694747901019 nan 249
1694747901272 nan 250
1694747901589 nan 251
1694747901885 nan 252
1694747902179 nan 253
1694747902467 nan 254
1694747902825 nan 255
1694747903173 nan 256
1694747903454 nan 257
1694747903769 nan 258
1694747904088 nan 259
1694747904398 nan 260
1694747904675 nan 261
1694747904993 nan 262
1694747905224 nan 263
1694747905522 nan 264
1694747905863 nan 265
1694747906163 nan 266
1694747906454 nan 267
1694747906778 nan 268
1694747907114 nan 269
1694747907364 nan 270
1694747907675 nan 271
1694747907956 nan 272
1694747908197 nan 273
1694747908428 nan 274
1694747908710 nan 275
1694747909022 nan 276
1694747909301 nan 277
1694747909551 nan 278
1694747909867 nan 279
1694747910152 nan 280
1694747910450 nan 281
1694747910727 nan 282
1694747911056 nan 283
1694747911425 nan 284
1694747911726 nan 285
1694747912049 nan 286
1694747912331 nan 287
1694747912695 nan 288
1694747912993 nan 289
1694747913268 nan 290
1694747913598 nan 291
1694747913883 nan 292
1694747914170 nan 293
1694747914536 nan 294
1694747914850 nan 295
1694747915166 nan 296
1694747915456 nan 297
1694747915777 nan 298
1694747916085 nan 299
1694747916391 nan 300
1694747916725 nan 301
1694747917031 nan 302
1694747917342 nan 303
1694747917649 nan 304
1694747917953 nan 305
1694747918239 nan 306
1694747918523 nan 307
1694747918907 nan 308
1694747919276 nan 309
1694747919559 nan 310
1694747919934 nan 311
1694747920250 nan 312
1694747920518 nan 313
1694747920763 nan 314
1694747921123 nan 315
1694747921522 nan 316
1694747921858 nan 317
1694747922284 nan 318
1694747922653 nan 319
1694747922957 nan 320
1694747923356 nan 321
1694747923619 nan 322
1694747923910 nan 323
1694747924258 nan 324
1694747924590 nan 325
1694747924812 nan 326
1694747925093 nan 327
1694747925431 nan 328
1694747925700 nan 329
1694747925996 nan 330
1694747926297 nan 331
1694747926616 nan 332
1694747926913 nan 333
1694747927229 nan 334
1694747927554 nan 335
1694747927872 nan 336
1694747928180 nan 337
1694747928483 nan 338
1694747928781 nan 339
1694747929062 nan 340
1694747929352 nan 341
1694747929638 nan 342
1694747929938 nan 343
1694747930247 nan 344
1694747930525 nan 345
1694747930858 nan 346
1694747931176 nan 347
1694747931464 nan 348
1694747931732 nan 349
1694747932074 nan 350
1694747932392 nan 351
1694747932738 nan 352
1694747933068 nan 353
1694747933370 nan 354
1694747933666 nan 355
1694747933998 nan 356
1694747934380 nan 357
1694747934677 nan 358
1694747934938 nan 359
1694747935227 nan 360
1694747935509 nan 361
1694747935736 nan 362
1694747935962 nan 363
1694747936289 nan 364
1694747936659 nan 365
1694747936931 nan 366
1694747937250 nan 367
1694747937561 nan 368
1694747937825 nan 369
1694747938114 nan 370
1694747938338 nan 371
1694747938631 nan 372
1694747938931 nan 373
1694747939232 nan 374
1694747939561 nan 375
1694747939825 nan 376
1694747940076 nan 377
1694747940345 nan 378
1694747940621 nan 379
1694747940852 nan 380
1694747941117 nan 381
1694747941381 nan 382
1694747941694 nan 383
1694747941897 nan 384
1694747942163 nan 385
1694747942469 nan 386
1694747942869 nan 387
1694747943107 nan 388
1694747943467 nan 389
1694747943772 nan 390
1694747944011 nan 391
1694747944250 nan 392
1694747944609 nan 393
1694747944890 nan 394
1694747945118 nan 395
1694747945467 nan 396
1694747945792 nan 397
1694747946081 nan 398
1694747946382 nan 399
1694747946703 nan 400
1694747946963 nan 401
1694747947191 nan 402
1694747947414 nan 403
1694747947724 nan 404
1694747947958 nan 405
1694747948206 nan 406
1694747948495 nan 407
1694747948796 nan 408
1694747949049 nan 409
1694747949372 nan 410
1694747949682 nan 411
1694747950002 nan 412
1694747950302 nan 413
1694747950615 nan 414
1694747950933 nan 415
1694747951189 nan 416
1694747951474 nan 417
1694747951788 nan 418
1694747952107 nan 419
1694747952403 nan 420
1694747952777 nan 421
1694747953058 nan 422
1694747953374 nan 423
1694747953684 nan 424
1694747953978 nan 425
1694747954382 nan 426
1694747954697 nan 427
1694747955001 nan 428
1694747955281 nan 429
1694747955574 nan 430
1694747955868 nan 431
1694747956105 nan 432
1694747956413 nan 433
1694747956765 nan 434
1694747957010 nan 435
1694747957309 nan 436
1694747957608 nan 437
1694747957906 nan 438
1694747958179 nan 439
1694747958495 nan 440
1694747958850 nan 441
1694747959097 nan 442
1694747959424 nan 443
1694747959715 nan 444
1694747960089 nan 445
1694747960315 nan 446
1694747960617 nan 447
1694747960853 nan 448
1694747961114 nan 449
1694747961320 nan 450
1694747961552 nan 451
1694747961781 nan 452
1694747962047 nan 453
1694747962297 nan 454
1694747962582 nan 455
1694747962928 nan 456
1694747963160 nan 457
1694747963483 nan 458
1694747963776 nan 459
1694747964047 nan 460
1694747964371 nan 461
1694747964692 nan 462
1694747964936 nan 463
1694747965203 nan 464
1694747965562 nan 465
1694747965867 nan 466
1694747966135 nan 467
1694747966437 nan 468
1694747966725 nan 469
1694747967037 nan 470
1694747967312 nan 471
1694747967634 nan 472
1694747967983 nan 473
1694747968248 nan 474
1694747968581 nan 475
1694747968856 nan 476
1694747969156 nan 477
1694747969389 nan 478
1694747969692 nan 479
1694747970049 nan 480
1694747970348 nan 481
1694747970653 nan 482
1694747970950 nan 483
1694747971243 nan 484
1694747971551 nan 485
1694747971839 nan 486
1694747972137 nan 487
1694747972502 nan 488
1694747972856 nan 489
1694747973153 nan 490
1694747973445 nan 491
1694747973742 nan 492
1694747974022 nan 493
1694747974339 nan 494
1694747974683 nan 495
1694747974998 nan 496
1694747975229 nan 497
1694747975527 nan 498
1694747975872 nan 499
