1694713062782 0.0300502249756209 0
1694713063134 3.4797534816809383 1
1694713063473 10.875794716116635 2
1694713063823 0.5722683791261555 3
1694713064118 0.37880946945870425 4
1694713064443 0.5842456011906071 5
1694713064688 1.2396115629304678 6
1694713065006 2.220739819830786 7
1694713065379 0.3038901060640433 8
1694713065629 3.3188243361695338 9
1694713065860 0.6365891852868724 10
1694713066141 0.24227869864183163 11
1694713066439 0.5298750301577982 12
1694713066785 2.68677695349982 13
1694713067304 0.14801660355038576 14
1694713067713 1.3002983905999845 15
1694713068081 0.3807913540733756 16
1694713068338 3.179003104666812 17
1694713068636 2.846964054371263 18
1694713068896 3.4853107920422555 19
1694713069144 0.5773854563894802 20
1694713069348 2.5447076955991723 21
1694713069635 4.732509866416125 22
1694713069993 0.2632165366435411 23
1694713070304 0.1283166598718976 24
1694713070648 0.06484250878155479 25
1694713071067 2.045649978329066 26
1694713071303 0.26610457756780653 27
1694713071505 1.4076535361602482 28
1694713071689 0.006823750791566073 29
1694713071946 1.055420024151989 30
1694713072245 2.0901458271343323 31
1694713072613 1.7654899055564348 32
1694713072891 0.7118773600613931 33
1694713073163 0.3097926092380178 34
1694713073440 1.5238480858986725 35
1694713073686 1.1741335119099063 36
1694713073956 0.15171317585699626 37
1694713074208 0.25632814673771226 38
1694713074422 0.9517531977939251 39
1694713074660 0.7418937215549009 40
1694713075040 1.431669808077164 41
1694713075362 1.9508081213699628 42
1694713075660 0.4252035148881833 43
1694713075878 0.02161623547648356 44
1694713076131 2.060424606706966 45
1694713076414 0.4756073963146817 46
1694713076662 0.044771801436931095 47
1694713076964 0.40662128040397755 48
1694713077253 1.2704709269104397 49
1694713077475 0.012031610238927229 50
1694713077708 4.7044198991149875 51
1694713077993 5.142148102322311 52
1694713078242 0.7316868179627906 53
1694713078426 0.0005762685381175777 54
1694713078617 2.780673068112674 55
1694713078853 0.05032109579388417 56
1694713079147 0.049020136059374206 57
1694713079374 0.0029475407535222023 58
1694713079594 0.6564595604447853 59
1694713079781 0.12351578563627039 60
1694713080044 1.0227299238888552 61
1694713080370 0.138078605355894 62
1694713080611 0.7268196746697874 63
1694713080932 0.00043559352193921886 64
1694713081150 0.49058312699944984 65
1694713081416 9.96749042531893 66
1694713081773 14.346463666282625 67
1694713082021 0.15204918141023882 68
1694713082301 1.6562283760994987 69
1694713082578 0.054373134686492235 70
1694713082877 1.3346821105146005 71
1694713083142 0.5045225332084879 72
1694713083377 2.1797241163126344 73
1694713083572 0.42054842996931524 74
1694713083812 0.3983453648226949 75
1694713084071 1.628776756313128 76
1694713084357 0.0014467014976106672 77
1694713084570 0.19664198477795247 78
1694713084828 1.1280403759760662 79
1694713085108 0.1756285052191232 80
1694713085449 1.4532586004192074 81
1694713085692 0.0005166646891898453 82
1694713085908 1.669034854433155 83
1694713086223 3.146712291484802 84
1694713086502 11.464386108977763 85
1694713086761 0.16335918789998802 86
1694713087108 1.9835145027676018 87
1694713087393 1.4036553145618065 88
1694713087637 2.153758453291724 89
1694713087876 1.1517976964712322 90
1694713088193 0.2790313272048741 91
1694713088473 2.2756066010419653 92
1694713088696 1.9974074648333084 93
1694713088928 0.0689393068344601 94
1694713089246 0.15905534850748293 95
1694713089513 0.0035805066531364033 96
1694713089738 0.010737723232132849 97
1694713090010 0.686711557101003 98
1694713090334 2.9255738614870213 99
1694713090617 0.9367978505211962 100
1694713090862 3.910645254987087 101
1694713091100 0.6639765635146043 102
1694713091405 0.46351814133655367 103
1694713091656 0.19759986228013326 104
1694713091839 15.067127807734995 105
1694713092118 0.02965292631876079 106
1694713092427 8.472652003598227e-05 107
1694713092667 0.06692468099370812 108
1694713092913 1.5399769653156594 109
1694713093211 0.4182947058173932 110
1694713093565 0.49879862914134426 111
1694713093874 16.707153190990113 112
1694713094129 0.19162668989132364 113
1694713094343 0.6155704360914864 114
1694713094583 0.4514412273825069 115
1694713094808 0.009617440283394316 116
1694713095071 0.08376333671196974 117
1694713095376 5.856419333808201 118
1694713095678 0.15483258867028263 119
1694713095957 1.557585786869149 120
1694713096212 0.8923112828423346 121
1694713096407 0.16227288484692975 122
1694713096691 0.13208861312896833 123
1694713096931 0.8801018209942477 124
1694713097160 0.1665309316578878 125
1694713097426 0.7323526540958974 126
1694713097713 1.5136334619183012 127
1694713097904 0.006984697646915893 128
1694713098196 0.05759780546177557 129
1694713098401 1.549989100980589 130
1694713098608 0.696201189905129 131
1694713098828 1.2985780456642217 132
1694713099074 0.07123321199245629 133
1694713099362 0.6604588583364563 134
1694713099647 0.003536679486331851 135
1694713099889 7.071782210640182 136
1694713100175 0.33894572152610547 137
1694713100498 2.2843352280574276 138
1694713100736 0.04576187701049392 139
1694713100948 0.5690370989293492 140
1694713101234 0.30721463796259063 141
1694713101489 0.8840095374359916 142
1694713101747 0.5138403981732123 143
1694713101986 2.636837591249442 144
1694713102279 1.0999347303474019 145
1694713102609 0.08454086374655871 146
1694713102839 0.5353374442651261 147
1694713103074 0.6676273937500758 148
1694713103311 1.9282596943118113 149
1694713103550 0.003848568203094825 150
1694713103787 0.06737960732242448 151
1694713104104 1.4424856547679179e-05 152
1694713104447 0.5170732102643119 153
1694713104767 0.32595745975734325 154
1694713105008 0.04737431730993088 155
1694713105286 0.8147147983831403 156
1694713105527 1.2533938031984553 157
1694713105813 0.8147395476748561 158
1694713106027 0.941573560327999 159
1694713106278 0.5256512124852728 160
1694713106557 0.08043526648363021 161
1694713106872 1.7357871685288098 162
1694713107209 0.8096903759788909 163
1694713107498 0.3154965737209343 164
1694713107787 0.12748596805388096 165
1694713108033 0.7744622103281091 166
1694713108250 0.0035853088559740743 167
1694713108526 0.33708049921195166 168
1694713108809 0.1386425845875122 169
1694713109043 0.010191697878014957 170
1694713109328 0.531638112383314 171
1694713109604 0.07792367855184748 172
1694713109855 0.4231764581622144 173
1694713110088 0.5567268927758272 174
1694713110378 0.4751868723216454 175
1694713110657 0.19374138956373962 176
1694713110901 0.07845552991406182 177
1694713111092 0.02663371769673873 178
1694713111317 0.15081411648829715 179
1694713111643 3.781727897412155 180
1694713111917 0.4690634265850436 181
1694713112127 0.27531723397387575 182
1694713112342 0.3551710785240458 183
1694713112595 1.5859855468513078 184
1694713112851 0.00010955363276440805 185
1694713113087 1.330560959788622 186
1694713113307 0.4491573730239866 187
1694713113547 0.15986516367638426 188
1694713113899 0.975814380509479 189
1694713114125 0.22811299582393027 190
1694713114348 0.9066777658095462 191
1694713114639 0.020950955732731976 192
1694713114925 0.7053959465541737 193
1694713115227 0.00021823801220521773 194
1694713115511 0.21241127799619203 195
1694713115822 0.38009219976640524 196
1694713116108 0.24606819204176378 197
1694713116337 1.019498242636747 198
1694713116602 1.204604514331288 199
1694713116946 0.18216983205282153 200
1694713117179 0.039251187137643806 201
1694713117415 0.484212810493633 202
1694713117704 0.009741500800171221 203
1694713117993 0.07904204763853864 204
1694713118250 0.3938770019027371 205
1694713118483 0.922212050544066 206
1694713118762 0.9779941568215177 207
1694713119053 1.2615779726258398 208
