1694735497996 2.3206763586660824 0
1694735498235 1.8082957445033663 1
1694735498426 2.4119377895688734 2
1694735498632 3.727983683427732 3
1694735498966 1.5985447162706707 4
1694735499254 2.360012259125809 5
1694735499438 3.1757798094524894 6
1694735499622 1.9001063832976326 7
1694735499847 1.7316968294486133 8
1694735500073 2.7282577998561566 9
1694735500309 2.649096529982237 10
1694735500499 4.609460307546287 11
1694735500715 2.3702182727394705 12
1694735500979 1.533759092318153 13
1694735501243 1.6089177082246107 14
1694735501427 2.262971316672818 15
1694735501638 3.152194104270463 16
1694735501843 3.6779982410756706 17
1694735502054 3.2537385886974994 18
1694735502297 2.814970036694828 19
1694735502466 2.956763573456054 20
1694735502662 1.9537295192581887 21
1694735502968 2.152757861503275 22
1694735503254 1.9476658779581142 23
1694735503478 1.838504393565454 24
1694735503682 3.121770986274691 25
1694735503911 2.3143028332273303 26
1694735504136 2.627948385303259 27
1694735504324 2.5608010087763584 28
1694735504530 2.024012789877651 29
1694735504740 1.7481583078801854 30
1694735504935 1.7082012914556033 31
1694735505170 1.784527272506288 32
1694735505448 2.6212317683986988 33
1694735505700 2.5506739812935564 34
1694735505933 1.8049832444769123 35
1694735506170 2.250242085048634 36
1694735506376 1.9151888269965964 37
1694735506584 2.2565184606136905 38
1694735506864 3.914654114234921 39
1694735507167 2.012242954302833 40
1694735507395 1.781945322893237 41
1694735507690 3.0478372762958275 42
1694735507961 1.565319789775758 43
1694735508211 1.6835943886119644 44
1694735508450 2.223662947680907 45
1694735508641 2.1559970199752727 46
1694735508864 2.1913028508414953 47
1694735509101 1.9140801001884533 48
1694735509336 1.8814164454440743 49
1694735509516 1.5569382240283394 50
1694735509697 1.4105546115582162 51
1694735509917 2.7141347490861074 52
1694735510172 3.332902353120179 53
1694735510399 1.569562449666919 54
1694735510558 2.2330343837973508 55
1694735510733 2.3992698466204856 56
1694735510982 2.7793366965572837 57
1694735511216 1.8574419977671868 58
1694735511444 2.9033514238604803 59
1694735511626 1.6741941659796133 60
1694735511792 2.7514362682747655 61
1694735511983 1.9477777862042267 62
1694735512277 2.0433109238639524 63
1694735512494 2.799724810132909 64
1694735512705 2.3449090481287294 65
1694735512982 1.3465420105330537 66
1694735513200 3.1292547229835637 67
1694735513448 2.989117037048307 68
1694735513713 3.276045197657311 69
1694735513978 2.599668749254269 70
1694735514221 2.8146499621834478 71
1694735514510 1.6419196206325402 72
1694735514718 2.5440570573969112 73
1694735514957 2.7053273457255878 74
1694735515211 2.2282362742725397 75
1694735515448 1.271157250352694 76
1694735515672 2.0171179842658304 77
1694735515904 2.5804189881196327 78
1694735516140 2.062960532336492 79
1694735516389 2.2744742232682698 80
1694735516630 1.9051353665086233 81
1694735516847 2.4001611357475214 82
1694735517081 3.303533057622347 83
1694735517309 2.802607272110978 84
1694735517544 2.8129992171369023 85
1694735517731 2.6062158295301927 86
1694735517911 1.8941825821918332 87
1694735518062 3.1567492392823056 88
1694735518265 1.88211867018089 89
1694735518499 3.096612679615153 90
1694735518668 1.7241260579645086 91
1694735518912 2.1449675365641556 92
1694735519149 2.4966530858748293 93
1694735519356 1.7950174503536138 94
1694735519584 2.026407955677608 95
1694735519800 1.7630532527702496 96
1694735520011 2.0854541774226063 97
1694735520228 2.130941186589243 98
1694735520480 2.3699931506561045 99
1694735520638 2.187661808187506 100
1694735520899 1.7960750875559846 101
1694735521158 1.9984840888518554 102
1694735521359 1.9691754921383888 103
1694735521587 2.8110433550109972 104
1694735521786 2.123671351411501 105
1694735522013 3.953263041621492 106
1694735522250 1.916650525367611 107
1694735522496 1.697571812881097 108
1694735522712 1.9575671313527254 109
1694735522927 1.2848017940760375 110
1694735523169 1.036258479061937 111
1694735523456 3.0104621294675984 112
1694735523675 1.7449444433037524 113
1694735523909 2.442800784932632 114
1694735524145 2.1943903542686916 115
1694735524381 1.8751024589476268 116
1694735524617 2.636294741524396 117
1694735524856 1.9216042046775734 118
1694735525095 3.0603679022991814 119
1694735525355 3.017047734892191 120
1694735525627 2.7718860857722705 121
1694735525827 1.8813550719514476 122
1694735526058 1.358289795303363 123
1694735526291 2.0973879364761587 124
1694735526522 2.18554718322947 125
1694735526726 2.3812173211602197 126
1694735526907 2.2414799418618507 127
1694735527114 3.12025974122826 128
1694735527341 2.2506273481710775 129
1694735527587 1.4204172633016936 130
1694735527814 2.565803299828654 131
1694735528039 1.701073196667286 132
1694735528268 1.8118975145252545 133
1694735528495 2.741810629784355 134
1694735528676 1.3433283425359794 135
1694735528876 2.426623665735607 136
1694735529109 2.6987075023919096 137
1694735529341 2.1260193096530258 138
1694735529583 1.218049590855894 139
1694735529728 2.027780094143631 140
1694735529976 2.158914776560453 141
1694735530299 1.5763054757938602 142
1694735530552 2.0108773392522252 143
1694735530744 2.585919850099483 144
1694735530956 2.57073779715438 145
1694735531188 1.8200770941524536 146
1694735531445 1.7878536938971346 147
1694735531666 1.909138560932752 148
1694735531817 1.7351289422596685 149
1694735531978 2.2429714194677497 150
1694735532253 1.8982010671108906 151
1694735532435 2.84498513487582 152
1694735532706 2.352740801911717 153
1694735533025 2.0020444638290456 154
1694735533252 1.5313573547431085 155
1694735533485 2.6880625164410508 156
1694735533664 2.0385309391022752 157
1694735533848 1.5736678251333927 158
