1694723977578 2.5651780749033137 0
1694723977735 3.7906195149598965 1
1694723977920 1.578760494078881 2
1694723978133 4.6869253430010485 3
1694723978329 2.5925541316355605 4
1694723978514 2.1675664896876796 5
1694723978737 2.760706379402272 6
1694723978943 1.1952906561152588 7
1694723979191 2.713605935580785 8
1694723979394 3.343838447203549 9
1694723979687 2.419102715862421 10
1694723979942 3.117936647603476 11
1694723980150 1.9286930157714743 12
1694723980327 2.2698580358000306 13
1694723980573 1.8726082551468217 14
1694723980802 1.4558948977175183 15
1694723981035 2.2100613721677185 16
1694723981266 1.6361302991648703 17
1694723981437 1.4902797640064902 18
1694723981678 2.0576041254320763 19
1694723981948 2.065823487444055 20
1694723982218 2.013743968048456 21
1694723982421 1.9884973887200557 22
1694723982683 1.6688884655124394 23
1694723982895 1.457418720182431 24
1694723983098 1.396067008526673 25
1694723983331 1.565113936975112 26
1694723983568 2.681012313878589 27
1694723983850 2.061834916641819 28
1694723984098 1.5616265262456788 29
1694723984325 2.7089949115162675 30
1694723984471 2.085574943969062 31
1694723984693 2.204477036828714 32
1694723984954 1.1549614491284783 33
1694723985198 1.5151885527091573 34
1694723985439 1.7729644537452502 35
1694723985709 1.8280023421326153 36
1694723985969 3.3200972318418476 37
1694723986296 1.8984295546949992 38
1694723986554 2.701303502255887 39
1694723986797 1.4016249626932709 40
1694723987060 1.6530504786415878 41
1694723987302 2.1219913308460843 42
1694723987479 0.8929971473999893 43
1694723987761 1.9588842296020448 44
1694723988040 1.8269595569450447 45
1694723988255 1.891668696420861 46
1694723988441 1.7465493430702903 47
1694723988686 1.4967393132946898 48
1694723988937 2.7063055146609885 49
1694723989231 2.115590013153792 50
1694723989499 1.7938447150417287 51
1694723989812 2.084644796626859 52
1694723990096 1.6735570467402463 53
1694723990327 2.6192062423448736 54
1694723990516 1.9457829468249161 55
1694723990751 1.242114113067272 56
1694723991039 1.5391992943039998 57
1694723991289 1.9075467635968324 58
1694723991480 1.8670284532748267 59
1694723991721 1.8085426680284928 60
1694723992012 1.1535340260485378 61
1694723992267 0.7528341838639055 62
1694723992457 1.0861049393270232 63
1694723992618 2.4193496491081734 64
1694723992854 1.2828569273595558 65
1694723993120 1.2704647645907605 66
1694723993388 1.6893694166942763 67
1694723993571 2.071522612524189 68
1694723993888 1.0409177932719362 69
1694723994120 1.9421889749061847 70
1694723994366 1.4513979093711602 71
1694723994508 1.0313647066778966 72
1694723994659 1.5070062455257967 73
1694723994942 1.906044197325115 74
1694723995174 1.9448955503597087 75
1694723995516 1.108807112133926 76
1694723995756 1.9777786227064778 77
1694723995985 1.2224594660671602 78
1694723996214 1.0579915849346788 79
1694723996433 1.0333898168930646 80
1694723996652 1.998008455631111 81
1694723996885 1.4952856218076493 82
1694723997131 1.5312435235988622 83
1694723997371 1.2615657476855673 84
1694723997656 1.4973903787154466 85
1694723997879 1.6437591139753718 86
1694723998106 1.6060422619637023 87
1694723998347 1.8184076137725596 88
1694723998538 2.218912806859886 89
1694723998781 1.5827431160741448 90
1694723999012 1.5204340139160577 91
1694723999247 2.4958893898639003 92
1694723999472 2.187438830726073 93
1694723999653 1.306115956946029 94
1694723999934 1.0555305655928544 95
1694724000173 1.2001063641517888 96
1694724000417 1.1277747056360574 97
1694724000643 1.8768766584338465 98
1694724000904 1.3706508330544476 99
1694724001161 1.6209245195216768 100
1694724001408 1.0623065637540035 101
1694724001639 1.3564216231177963 102
1694724001900 1.083321638205918 103
1694724002186 0.8639911149319279 104
1694724002421 0.7861984967694512 105
1694724002605 1.4855836630483752 106
1694724002835 1.2333940062422022 107
1694724003066 1.103615202652301 108
1694724003272 1.4163820311825703 109
1694724003479 1.5265606135755072 110
1694724003760 1.0578049570295895 111
1694724004013 1.2522552397233633 112
1694724004365 0.9635289283828125 113
1694724004598 0.9071586252812736 114
1694724004836 1.1398168111757063 115
1694724005077 0.7491599138575954 116
1694724005315 1.7294528947124965 117
1694724005599 0.6666065136606008 118
1694724005857 1.3286156775669933 119
1694724006097 1.2607615901683051 120
1694724006334 1.164506446535297 121
1694724006596 1.3075810947717934 122
1694724006861 1.1132194411131806 123
1694724007101 1.3472622383794108 124
1694724007343 1.3395235558951528 125
1694724007560 1.4849779820469908 126
1694724007787 1.266922176179803 127
1694724008002 0.9292827660812081 128
1694724008207 1.4722325587936003 129
1694724008416 1.6225611182317425 130
1694724008584 1.0409426388472003 131
1694724008772 1.1771819876128435 132
1694724008978 1.3362199848670302 133
1694724009215 0.7795315683810314 134
1694724009452 1.4152329902952896 135
1694724009645 0.8687952397856004 136
1694724009888 1.120885817243083 137
1694724010151 1.65819116043362 138
1694724010399 1.322635810115818 139
1694724010612 1.9657512543965558 140
1694724010846 1.477929795541552 141
1694724011144 1.049225891577571 142
1694724011383 1.947594036771466 143
1694724011605 1.9125558631333346 144
1694724011834 0.999978095824807 145
1694724012072 1.2662067911289243 146
1694724012278 0.7242820601797062 147
1694724012512 1.549843539022157 148
1694724012725 1.2700533740039872 149
1694724012951 1.3937208326507402 150
1694724013197 1.7064607758434536 151
1694724013459 1.2932067939239453 152
1694724013661 1.2513762407964386 153
1694724013943 1.1593003123577998 154
1694724014188 1.2999172676908672 155
1694724014396 1.3712205849785981 156
1694724014615 1.274891145800125 157
1694724014831 1.1252538008326083 158
1694724015058 1.1035141525274033 159
1694724015301 1.6491227722785025 160
1694724015617 1.3429432176475504 161
1694724015797 0.8702405971237895 162
1694724016034 1.2273607512667688 163
1694724016228 1.381407538565054 164
1694724016480 0.995470667739499 165
1694724016728 0.7538142732574173 166
1694724017018 0.8775180996920461 167
1694724017250 1.2515417667660067 168
1694724017498 0.9429864750201103 169
1694724017711 1.2008864586670451 170
1694724017923 1.5787107683938741 171
1694724018146 1.035995204893185 172
1694724018379 0.817684807987862 173
1694724018632 1.1914130264583795 174
1694724018902 1.1721577857812828 175
1694724019168 0.8138194767450978 176
1694724019414 0.9861616116107333 177
1694724019648 1.2032356814385778 178
1694724019852 2.012070418574576 179
1694724020123 1.6561050478299828 180
1694724020370 1.0897576889003817 181
1694724020610 0.6841737353690761 182
1694724020794 0.8923901613629828 183
1694724021037 1.2885695274676117 184
1694724021255 0.7085163066146574 185
1694724021499 1.3161866503687318 186
1694724021725 1.1190142133334255 187
1694724021922 1.494517776731119 188
1694724022177 1.098838917210427 189
1694724022450 1.42263589862564 190
1694724022688 1.114762317838905 191
1694724022897 0.8128643800549392 192
1694724023130 1.1833815571484956 193
1694724023351 0.7714661021794299 194
1694724023587 1.0589379868287478 195
1694724023878 0.6974848275529606 196
1694724024119 1.1520355650500391 197
1694724024376 1.084143354031719 198
1694724024660 1.2302126780954799 199
1694724024914 1.178331640968823 200
1694724025155 1.6158209105137735 201
1694724025408 1.0956225672434483 202
1694724025687 1.3400211509683249 203
1694724025919 1.1932457582525293 204
1694724026170 0.6695209357370563 205
1694724026402 1.2389626356122292 206
1694724026663 1.5038844159046363 207
1694724026912 1.0733475427808654 208
1694724027171 2.2367497820614295 209
1694724027401 0.8638687206647059 210
1694724027633 1.3121783620379017 211
1694724027814 0.6227561169282108 212
1694724027990 0.8958485956880494 213
1694724028265 0.9063094798933808 214
1694724028511 2.0891599800939424 215
1694724028755 1.3064673554700723 216
1694724028999 1.115473261113876 217
1694724029222 1.5570856924205119 218
1694724029468 0.9688317408179791 219
1694724029707 1.0132045017025286 220
1694724029914 1.4149134952387632 221
1694724030154 0.854975780378567 222
1694724030386 0.8663527699907525 223
1694724030615 1.2688390055313266 224
1694724030836 1.0759099643234802 225
1694724031078 0.9345908407757265 226
1694724031366 1.2627063687198974 227
1694724031607 1.5436343140796842 228
1694724031821 0.8222009765591328 229
1694724032008 0.5889584194489327 230
1694724032277 1.1912957001167956 231
1694724032571 0.6836726929123206 232
1694724032798 0.8184657270125502 233
1694724033003 0.793514584076036 234
1694724033224 1.0198750898735953 235
1694724033520 0.9821692489263281 236
1694724033784 0.8236659899340486 237
1694724033994 0.9047603575801161 238
1694724034213 1.3987848982884072 239
1694724034457 1.3671089770503129 240
1694724034766 1.0586832319111765 241
1694724034995 0.9798242489302003 242
1694724035237 1.0057346822831739 243
1694724035520 0.841279758555685 244
1694724035823 0.8117499018031991 245
1694724036020 1.6640019420563268 246
1694724036257 1.1045011500960311 247
1694724036500 0.6300028524703946 248
1694724036757 0.9980221688783922 249
1694724036978 1.2053044535322175 250
1694724037227 1.0454934513232559 251
1694724037462 0.9532988004788684 252
1694724037695 1.0045384873520224 253
1694724037967 0.8125312025627931 254
1694724038174 1.5623492844295848 255
1694724038408 0.9522421388027013 256
1694724038631 0.8930543962816494 257
1694724038867 0.7803799694061239 258
1694724039191 0.8134901428707495 259
1694724039451 1.5312402367659816 260
1694724039674 1.088990729320024 261
1694724039898 1.3366261369163914 262
1694724040206 1.2148858494914594 263
1694724040449 1.0163807453596532 264
1694724040674 0.8009133429185308 265
1694724040889 0.6969976267826322 266
1694724041214 0.6195170598622103 267
1694724041429 0.9963315618494027 268
1694724041655 1.4387485953656995 269
1694724041888 1.0037438280192752 270
1694724042046 1.1141966772421787 271
1694724042305 1.192832888297829 272
1694724042555 1.1645305774447359 273
1694724042792 1.2973086080829288 274
1694724042994 0.7946320401148331 275
1694724043213 0.8613976701866042 276
1694724043452 1.8566315664001947 277
1694724043706 0.8560380732136319 278
1694724043963 0.9667694918067832 279
1694724044173 0.8824597089737003 280
1694724044434 1.065823375868441 281
1694724044722 0.7937990788806043 282
1694724044946 1.0388854322175074 283
1694724045155 1.1468790556602106 284
1694724045417 0.9790208584545644 285
1694724045686 0.7388871094401158 286
1694724045926 0.8491876399253778 287
1694724046175 1.2685686164600267 288
1694724046434 1.1425078665891668 289
1694724046679 0.8209048869312136 290
1694724046950 1.3417304864053459 291
1694724047145 0.8909709548464879 292
1694724047405 0.6842752450318165 293
1694724047672 0.9031032015897088 294
1694724047913 0.7015424109567755 295
1694724048085 0.7096540524829328 296
1694724048311 0.9441951564709807 297
1694724048569 0.9166155523158935 298
1694724048782 1.1536159559314594 299
1694724049023 0.701584855389153 300
1694724049288 1.0984758786971518 301
1694724049528 1.0008014452978395 302
1694724049792 1.356366483095181 303
1694724050015 0.9030300082482854 304
1694724050222 1.5374437531933511 305
1694724050436 0.9087531663796184 306
1694724050685 0.7210575242131653 307
1694724050904 1.0609922835102492 308
1694724051096 0.9927303846101792 309
1694724051389 1.0164457584046092 310
1694724051608 0.7268783999540173 311
1694724051863 1.1746215557891257 312
1694724052062 1.0014193987761555 313
1694724052254 0.5817811085224524 314
1694724052511 0.6065787791438672 315
1694724052764 1.121383395351329 316
1694724053001 0.6656127856042166 317
1694724053172 1.3960586706586984 318
1694724053534 1.2035806501273254 319
1694724054025 0.7827913432327247 320
1694724054226 0.882111437226223 321
1694724054470 1.22701615809042 322
1694724054703 0.5700146212611377 323
1694724054911 1.1134903789664508 324
1694724055134 1.0361016941900127 325
1694724055473 0.9170787897637173 326
1694724055837 1.1225357275589216 327
1694724056139 0.9335175073559104 328
1694724056427 0.7758412938538182 329
1694724056740 0.59419630492807 330
1694724057037 0.4844927300588543 331
1694724057265 0.8200271999866358 332
1694724057477 0.7029532524589855 333
1694724057704 0.8252427970309654 334
1694724057942 0.9661674337257025 335
1694724058219 1.2166523497368715 336
1694724058459 0.9884097765108033 337
1694724058691 1.2931439064712682 338
1694724058887 0.9103412662386428 339
1694724059071 0.7670178615177322 340
1694724059290 0.9574122495554063 341
1694724059533 0.6941167608747104 342
1694724059755 0.8518833793941661 343
1694724059990 1.1066697985698626 344
1694724060235 0.6668533271361481 345
1694724060513 0.744700734712249 346
1694724060731 0.9708926722056735 347
1694724060949 1.1805065653370204 348
1694724061143 1.012958897905238 349
1694724061416 0.9075765582581898 350
1694724061664 0.8822982482147406 351
1694724061879 1.132190911240463 352
1694724062082 0.7700555968880112 353
1694724062248 1.195694896138532 354
1694724062486 1.0762204641685476 355
1694724062754 1.7505395676772975 356
1694724062931 1.1416449045429895 357
1694724063119 1.2343798757789033 358
1694724063284 0.762224684491509 359
1694724063509 0.8503123808548266 360
1694724063811 1.0766474269792725 361
1694724064063 0.9519133668059782 362
1694724064299 1.2571484448155767 363
1694724064514 0.7295179499831308 364
1694724064851 0.9515209857694292 365
1694724065070 0.8636237961779362 366
1694724065238 0.7869126031715024 367
1694724065368 1.1163903332060672 368
1694724065577 1.8059701764992082 369
1694724065707 0.7393862242016196 370
1694724065925 0.8886442396218692 371
1694724066153 1.349154177361453 372
1694724066284 1.1520704413098366 373
1694724066411 1.159495798616491 374
1694724066542 0.73604399637148 375
1694724066716 1.1830356963009752 376
1694724066940 0.8681499938393804 377
1694724067176 1.6275264722731502 378
1694724067375 0.6209593721852413 379
1694724067577 1.0566102387813316 380
1694724067811 1.2290171622433652 381
1694724068054 1.093348314817255 382
1694724068241 0.7387964232510928 383
1694724068468 0.8059722021852632 384
1694724068668 0.8004229772565803 385
1694724068901 0.9238179879211529 386
1694724069240 0.9899772495356628 387
1694724069509 0.5539920008206266 388
1694724069749 0.7013646379914906 389
1694724069987 1.161842973776099 390
1694724070209 0.9026707865659636 391
1694724070450 0.3811766453344612 392
1694724070684 0.6760287447747444 393
1694724070919 0.9690789568798492 394
1694724071160 0.8116249439859308 395
1694724071355 0.9941324835656677 396
1694724071657 1.3578331937665442 397
1694724071878 0.9350431330300432 398
1694724072080 0.5511351953170844 399
1694724072275 0.7491131343420321 400
1694724072487 0.5085932629249729 401
1694724072741 0.8886257551736245 402
1694724072987 0.8696776346814304 403
1694724073224 1.0303242451053347 404
1694724073474 1.077608901499642 405
1694724073784 0.8204563315632282 406
1694724074065 0.8376502206637216 407
1694724074264 0.9682713699368252 408
1694724074435 1.0680390493662535 409
1694724074654 1.0620471024015912 410
1694724074898 1.1204823831709825 411
1694724075139 1.5376963773995755 412
1694724075328 0.9897096096199585 413
1694724075553 1.2760335735101147 414
1694724075777 0.3219105827886608 415
1694724076072 0.9648773718166984 416
1694724076310 0.6979512858620746 417
1694724076529 0.617901038981441 418
1694724076854 1.6140217809605775 419
1694724077129 0.9473635835623258 420
1694724077342 0.6847028456954775 421
1694724077611 1.0443249243273578 422
1694724077851 0.8298120377748088 423
1694724078111 0.8882846752083932 424
1694724078371 0.954655863933753 425
1694724078606 0.948855875819729 426
1694724078828 0.8433714657823536 427
1694724079087 0.9945548822102958 428
1694724079305 0.7439451546877242 429
1694724079560 1.2241701523216175 430
1694724079765 0.7846153401609035 431
1694724079981 1.1037353292586325 432
1694724080217 1.0725210035816242 433
1694724080472 0.6797959950793343 434
1694724080720 1.1058063740816668 435
1694724080940 1.0945615495828427 436
1694724081140 0.6203068169449212 437
1694724081350 1.015317344921136 438
1694724081503 1.4498706936760055 439
1694724081676 1.3923254321892085 440
1694724081897 1.0770515080257215 441
1694724082134 1.2382136924696072 442
1694724082368 0.7248420109823968 443
1694724082569 1.0441463001536266 444
1694724082836 0.9433329711428993 445
1694724083045 0.9752315506181765 446
1694724083248 1.1464768105020384 447
1694724083494 1.0627145461391834 448
1694724083757 0.6222483183396743 449
1694724084039 0.8102613623939939 450
1694724084281 0.9326346100239878 451
1694724084491 1.117775529947852 452
1694724084729 1.4712314590565836 453
1694724084998 1.1973038208047315 454
1694724085250 1.1033788268358382 455
1694724085432 1.489310982866269 456
1694724085699 1.146577744087108 457
1694724085916 0.7390305571342645 458
1694724086122 1.1628892018026473 459
1694724086299 0.6293542899135259 460
1694724086450 1.1201518805658113 461
1694724086649 1.0239599537202055 462
1694724086885 0.9587888936563848 463
1694724087128 0.7290444737404477 464
1694724087383 0.6945911783616172 465
1694724087626 1.1369409643231008 466
1694724087869 1.0068519271490688 467
1694724088106 1.1428014724635596 468
1694724088341 1.0012898913032608 469
1694724088529 1.3740431781954936 470
1694724088803 0.7724548830832825 471
1694724089044 0.7671832947970789 472
1694724089275 1.8737596314593872 473
1694724089532 1.1999794329944458 474
1694724089772 0.8425969387571106 475
1694724089996 1.1666816707612158 476
1694724090205 1.183635619662894 477
1694724090412 0.9594639601317736 478
1694724090622 1.0368932644016429 479
1694724090859 1.16761301591884 480
1694724091103 1.394468430702932 481
1694724091353 1.6429766490055924 482
1694724091567 1.033245671343842 483
1694724091855 0.7473094851786746 484
1694724092108 1.3891254289420547 485
1694724092345 1.0428343254134107 486
1694724092564 0.9145117616429871 487
1694724092801 0.9924946955471946 488
1694724093217 1.2169729986557904 489
1694724093440 1.031028451459627 490
1694724093602 1.1375683572867121 491
1694724093912 1.1188590236780458 492
1694724094157 0.7640389135137932 493
1694724094386 0.7619977534290414 494
1694724094611 1.180396251500655 495
1694724094808 0.7971275661875539 496
1694724095021 0.8146219321702322 497
1694724095274 0.9122478704339095 498
1694724095489 1.08746428338332 499
