1694731900752 2.005511814161975 0
1694731901098 0.07961755591358688 1
1694731901457 0.2754079414670741 2
1694731901745 0.9064433204415937 3
1694731902107 4.282671196301577 4
1694731902446 0.10774467164605903 5
1694731902727 0.6626277607443395 6
1694731903087 1.3285254731129663 7
1694731903420 2.811177422480663 8
1694731903677 0.013204958429365971 9
1694731903970 1.633223661607853 10
1694731904275 1.090822249833084 11
1694731904599 2.8799747853246645e-05 12
1694731904881 0.7094872098577621 13
1694731905227 2.247988936027954 14
1694731905587 0.7087157723461384 15
1694731905866 0.5321243420706759 16
1694731906168 0.08201739657315617 17
1694731906482 2.1896556786221315 18
1694731906778 2.0225166764239384e-05 19
1694731907072 8.534023169342305 20
1694731907431 7.614333096651141 21
1694731907775 2.5988909972172385 22
1694731908073 2.0320387297657434 23
1694731908378 0.1464290286308279 24
1694731908683 0.332771476995367 25
1694731908965 4.717743397457821 26
1694731909251 16.810723026082563 27
1694731909706 0.775088038008011 28
1694731910027 0.4445061149116039 29
1694731910403 13.209758536400564 30
1694731910736 1.060763360599933 31
1694731911068 0.23882083178183877 32
1694731911393 3.095565741579501 33
1694731911691 5.118881638548508 34
1694731912101 29.435875013243116 35
1694731912387 8.113154779431092 36
1694731912636 0.14704134770785143 37
1694731912869 9.920727672511964 38
1694731913181 0.5935954450655125 39
1694731913505 0.10533097013571155 40
1694731913774 0.6790271714614118 41
1694731914111 26.282640671276667 42
1694731914458 1.803274903172198 43
1694731914714 0.061821368211611064 44
1694731914961 0.07037652427880532 45
1694731915218 1.6039577164991614 46
1694731915489 0.6263893735135254 47
1694731915757 0.6228439750135191 48
