1694742706364 3.0989869562915144 0
1694742706675 5.983238417048901 1
1694742706888 0.4278897015030186 2
1694742707097 4.485516149810811 3
1694742707324 0.11393378570623425 4
1694742707642 0.3888481510582317 5
1694742707883 0.3299379343762273 6
1694742708169 0.19777227174917203 7
1694742708612 1.6825425509007021 8
1694742708845 1.2901093150139011 9
1694742709094 2.505489803841061 10
1694742709406 1.7690518256434007 11
1694742709744 1.6724521909128933 12
1694742710019 1.455683290558322 13
1694742710376 0.5040971426905214 14
1694742710795 1.3366424876917333 15
1694742710993 0.6295095657647478 16
1694742711193 0.07701215483335797 17
1694742711400 0.027829835623509293 18
1694742711623 0.018252633198704835 19
1694742711885 0.24740537684184835 20
1694742712115 3.5388538988508143 21
1694742712342 4.953694633381289 22
1694742712576 0.0224116469967141 23
1694742712936 5.0757200000186335 24
1694742713172 0.35382047419885443 25
1694742713472 1.5788190981576715 26
1694742713762 0.0486953537438352 27
1694742714032 0.0003840509479429314 28
1694742714283 0.035323806048781624 29
1694742714511 1.0974137093541765 30
1694742714738 1.3060721031413811 31
1694742714981 0.6212220089449905 32
1694742715399 0.07825569932806291 33
1694742715730 0.509266538386348 34
1694742716018 0.23046846409389635 35
1694742716343 2.9222908141588624 36
1694742716628 4.085113797714775 37
1694742716878 0.20607324944108865 38
1694742717145 13.204399315615632 39
1694742717487 4.0488253720148695 40
1694742717759 0.3996953687871128 41
1694742717984 0.24930405254578802 42
1694742718238 0.901831324486049 43
1694742718545 0.43253965246049547 44
1694742718816 15.024027686745987 45
1694742719067 1.3837344226841026 46
1694742719342 0.9871592577326523 47
1694742719701 2.377306003839187 48
1694742719998 1.315988219782042 49
1694742720340 2.242107510145989 50
1694742720592 31.410146194534423 51
1694742720827 0.7716753623528821 52
1694742721071 0.2645098709173861 53
1694742721397 0.635768287603101 54
1694742721704 0.1828119279328403 55
1694742721996 4.592863195436262 56
1694742722235 1.9255087517851783 57
1694742722526 1.1686014787921026 58
1694742722837 1.1809272726215587 59
1694742723122 2.869581685839729 60
1694742723425 0.020268443084242412 61
1694742723670 1.8889218862754809 62
1694742723941 0.05478409574521872 63
1694742724167 0.09691735589518567 64
1694742724392 0.2545933675109775 65
1694742724720 1.3788388973213874 66
1694742725038 2.5401010605734617 67
1694742725263 10.452161826657752 68
1694742725517 7.583250365026816 69
1694742725776 0.12987294097101884 70
1694742726065 0.3237861951854585 71
1694742726310 0.08867533598516344 72
1694742726543 4.237257410178148 73
1694742726820 2.6104102891659697 74
1694742727066 0.8408150001016969 75
1694742727289 1.7265275310418946 76
1694742727489 1.3942021074841664 77
1694742727751 0.1891120435637372 78
1694742728056 4.101494247340936 79
1694742728307 0.4017842640752919 80
1694742728647 0.0670032177772387 81
1694742728890 3.2928958469595706 82
1694742729156 2.2050754173912903 83
1694742729435 1.6175339049594581 84
1694742729761 5.163463831885655 85
1694742730003 0.04521396407450785 86
1694742730284 1.3525922532767758 87
1694742730567 4.534311337930626 88
1694742730901 6.325445035621311 89
1694742731164 18.557662076742215 90
1694742731434 9.451269934569025 91
1694742731747 8.4030207665981 92
1694742732080 2.380291543366985 93
1694742732337 0.2860740935520966 94
1694742732577 0.01307528718507954 95
1694742732871 0.0696000792753509 96
1694742733118 0.021787806714423045 97
1694742733360 5.120372841552888 98
1694742733590 0.07868503263523728 99
1694742733843 5.717673811984309 100
1694742734117 0.8406239096386943 101
1694742734339 0.4990914710190904 102
1694742734579 0.015201532749259823 103
1694742734907 0.8637692530709625 104
1694742735252 0.4174509981142922 105
1694742735457 1.4063773077863 106
1694742735674 0.40088016426308626 107
1694742735896 0.543539980615708 108
1694742736144 0.3106764264881424 109
1694742736376 0.13713657931522485 110
1694742736600 0.5668115558446064 111
1694742736862 0.1078710698060746 112
1694742737143 0.3225504426965304 113
1694742737453 0.27984913979959763 114
1694742737731 4.129197575945213 115
1694742738029 5.468502686313988 116
1694742738361 3.371932885628967 117
1694742738645 0.41931815725083266 118
1694742738932 0.8395808065031983 119
1694742739358 1.0189686195879326 120
1694742739685 5.230238778273818 121
1694742739995 1.2494355348959323 122
1694742740382 0.9913292676339782 123
1694742740670 0.6470505680055044 124
1694742740949 0.27715632995387807 125
1694742741205 0.45111884840650135 126
1694742741458 4.403724528034389 127
1694742741749 0.08748769658659325 128
