1694713120515 0.4658347013636941 0
1694713120780 3.1220189860119505 1
1694713121085 2.310742240634616 2
1694713121351 0.8790134379602416 3
1694713121631 1.9403551104720964 4
1694713121856 6.027079503752653 5
1694713122157 0.045414081091870645 6
1694713122359 1.5074684910686134 7
1694713122616 1.253658103436191 8
1694713122854 0.024961180942836007 9
1694713123047 1.0642952192778767 10
1694713123345 2.5938403531014838 11
1694713123594 0.08868985651306911 12
1694713123875 0.42683878328095004 13
1694713124157 0.5272427137675956 14
1694713124404 0.054254747956360795 15
1694713124656 1.485942376947791 16
1694713125009 0.007073411067359418 17
1694713125364 3.6349038681680526 18
1694713125610 0.5619650218984552 19
1694713125925 1.8829404455507188 20
1694713126417 2.2673335224946976 21
1694713126660 2.7429677233251897 22
1694713127019 3.0733062524857675 23
1694713127291 0.21748632210887792 24
1694713127579 0.4096627996004555 25
1694713127816 2.001526258015197 26
1694713128088 0.003139417202883658 27
1694713128334 2.6168262401085527 28
1694713128611 0.4733801506568149 29
1694713128887 3.289547389092776 30
1694713129173 0.761607005698344 31
1694713129432 0.012779722711591598 32
1694713129679 0.3467537909706193 33
1694713129955 0.066282960360989 34
1694713130273 0.7571926674960052 35
1694713130470 4.196687774207689 36
1694713130712 1.4276775532964656 37
1694713130980 0.11265897663799504 38
1694713131269 0.4781449429855955 39
1694713131512 1.6859552173840862 40
1694713131756 4.208684198762676 41
1694713131933 0.01841976728386746 42
1694713132118 0.06554229167474872 43
1694713132381 1.3843621646411348 44
1694713132601 0.0036473732412838516 45
1694713132897 0.5502407214374917 46
1694713133136 0.6106588131869349 47
1694713133389 0.3531778602259423 48
1694713133665 0.14723526232194553 49
1694713133988 0.6721034583342838 50
1694713134264 6.549528569918603 51
1694713134513 0.04415415642511331 52
1694713134787 3.864789871357737 53
1694713135125 0.491038040925512 54
1694713135372 0.3924147864229306 55
1694713135614 0.6499505414809802 56
1694713135975 2.6540383922406883 57
1694713136283 6.777007804360573 58
1694713136498 0.026242046165793016 59
1694713136771 3.057708653908477 60
1694713137044 2.9264568074349158 61
1694713137324 0.7238595587647418 62
1694713137583 0.020322095753372342 63
1694713137868 4.599262156878649 64
1694713138200 0.0646334970666408 65
1694713138462 1.0708275363590118 66
1694713138669 0.1528010334851274 67
1694713138870 0.5246438745638202 68
1694713139071 0.2636537915118341 69
1694713139317 0.38512588801266245 70
1694713139530 4.365525203780872 71
1694713139735 1.720657477534548 72
1694713139944 2.0688573986830225 73
1694713140237 0.9934427868522901 74
1694713140524 0.4928275923507927 75
1694713140776 0.707723738690755 76
1694713141052 0.20822512576912205 77
1694713141384 0.2509871437662829 78
1694713141584 2.0217551677988412 79
1694713141780 1.446277505089488 80
1694713142011 0.6968953839883107 81
1694713142212 1.6095722858660773 82
1694713142472 0.8184716943216338 83
1694713142703 0.30589504585178584 84
1694713142907 0.02122414775295013 85
1694713143137 0.6373214710020995 86
1694713143413 1.2887761551167267 87
1694713143590 0.2732454018096063 88
1694713143776 0.17015769069779024 89
1694713144019 7.028094524297207 90
1694713144269 0.8348615381709565 91
1694713144536 6.068768897862052 92
1694713144794 2.631887784354369 93
1694713145089 2.243411169427634 94
1694713145341 0.5206118537003531 95
1694713145675 0.1578424730623993 96
1694713145992 0.12269403703941083 97
1694713146264 0.020566732458459455 98
1694713146526 0.26505060862705204 99
1694713146776 0.37289901301352246 100
1694713147200 0.09007782831815839 101
1694713147480 0.1180257416515687 102
1694713147692 0.515467784197408 103
1694713147914 0.3352568320206152 104
1694713148223 0.599112972498331 105
1694713148504 0.08002940990351541 106
1694713148728 0.1340903641287213 107
1694713149011 0.062275410255642094 108
1694713149377 0.2733074641085991 109
1694713149651 0.5283611323267979 110
1694713149857 0.5762609049439542 111
1694713150121 1.6986646582598397 112
1694713150426 0.35539268685990966 113
1694713150648 2.7549918378331717 114
1694713150869 0.5082141243045277 115
1694713151135 0.3335715254477361 116
1694713151423 0.07133608648340206 117
1694713151708 0.7903443461931421 118
1694713151961 0.7523321695106353 119
1694713152214 0.6076632853512467 120
1694713152489 0.0834374545751308 121
1694713152718 0.4858968528953619 122
1694713152973 2.2578122567517687 123
1694713153261 0.006772958227718665 124
1694713153536 9.157803849568498e-05 125
1694713153821 0.07206901914254416 126
1694713154145 0.23351206302561947 127
1694713154454 0.4477188943235198 128
1694713154699 2.952648405336576 129
1694713154907 0.5246444852512366 130
1694713155217 0.2514191023723558 131
1694713155435 0.1555905039887169 132
1694713155746 1.8362088370068876 133
1694713156026 0.01488402626509174 134
1694713156356 0.07690174973848449 135
1694713156649 0.7725753359177552 136
1694713156881 0.23012950092834944 137
1694713157091 0.032257160369774836 138
1694713157306 1.0058905956632656 139
1694713157570 0.08593313806821762 140
1694713157801 0.1629866229883858 141
1694713158016 0.44626608290331804 142
1694713158349 0.23827863989717288 143
1694713158643 0.04105005346186654 144
1694713158916 0.6824879060306576 145
1694713159187 0.47554410906120753 146
1694713159449 0.5985711141494013 147
1694713159727 0.2513603826266489 148
1694713159978 0.09979007268579466 149
1694713160264 0.16165553220138487 150
1694713160556 0.09088779086855618 151
1694713160838 0.7745064709248628 152
1694713161129 0.12087588355744118 153
1694713161417 0.13135948370727835 154
1694713161698 0.5796763115675563 155
1694713161939 0.5460227553712347 156
1694713162206 0.021982659657935128 157
1694713162474 5.2150285784127455 158
1694713162758 0.1180490295173499 159
1694713163034 1.8098855076801306 160
1694713163321 0.7495303798746388 161
1694713163592 0.46734742014098374 162
1694713163818 0.00021703183483812795 163
1694713164049 0.006796677678474466 164
1694713164262 0.6711157860941203 165
1694713164478 0.002167046931180619 166
1694713164687 1.2970075553987683 167
1694713165074 1.216807962525392 168
1694713165409 0.17665249680065825 169
1694713165697 0.5086715919756091 170
1694713165956 1.401939239635452 171
1694713166188 0.005670604869827702 172
1694713166400 0.12388822651771603 173
1694713166681 0.22041306436308314 174
1694713166969 5.419436761198485 175
1694713167277 0.9633797080305256 176
1694713167566 0.1256252982787976 177
1694713167850 0.7457689536041189 178
1694713168063 0.11977873595103511 179
1694713168305 0.05399975325480784 180
1694713168575 0.15065029213242162 181
1694713168828 1.137793737094318 182
1694713169091 0.04942326754051004 183
1694713169358 0.03640669688544969 184
1694713169705 0.0028533910066197766 185
1694713169975 0.6993130851243031 186
1694713170227 0.5439118362072058 187
1694713170505 0.022831287555912502 188
1694713170758 0.5128316624347673 189
1694713170999 1.8384271930633038 190
1694713171252 0.31391423663834983 191
1694713171542 0.8781598479293454 192
1694713171881 0.28363949155831375 193
1694713172099 0.021773441894020303 194
1694713172375 0.00026228567468644583 195
1694713172676 0.000166246100491895 196
1694713172977 0.3352256539335176 197
1694713173188 0.34510116009140374 198
1694713173390 0.15181131206649412 199
1694713173642 0.0228800344928311 200
