1694742041303 0.013903088438217808 0
1694742041548 4.068650301475551 1
1694742041893 0.024266289661084572 2
1694742042232 21.237141746300487 3
1694742042488 9.928809380316522 4
1694742042741 27.067054713309364 5
1694742043058 34.06518500448604 6
1694742043399 1.1830175875500248 7
1694742043739 0.36219986839481744 8
1694742044193 0.0007101553166415156 9
1694742044511 0.23541066602694227 10
1694742044773 0.2216808011878068 11
1694742045064 12.636947308336477 12
1694742045332 0.06068913146630969 13
1694742045620 4.027131613892365 14
1694742045945 0.06365933219990005 15
1694742046303 0.4568238761055195 16
1694742046664 70.06276143113868 17
1694742046972 31.83874519210399 18
1694742047302 0.33630826908075406 19
1694742047543 7.902368902429724 20
1694742047774 0.13903209425718288 21
1694742048053 2.3024598443061297 22
1694742048315 1.2497758882812344 23
1694742048648 10.437070717118585 24
1694742048931 8.26244079147185 25
1694742049251 39.02680806162256 26
1694742049653 8.848254864146234 27
1694742049959 1.408837863292367 28
1694742050471 23.58552678961763 29
1694742050755 8.288786586409202 30
1694742051007 19.86961015465986 31
1694742051309 2.53040566702338 32
1694742051613 50.21875842184189 33
1694742051914 1.200265719035937 34
1694742052164 11.65825666893006 35
1694742052454 29.72182437159858 36
1694742052714 8.306718284879176 37
1694742052975 5.387576509780307 38
1694742053298 18.544354078327753 39
1694742053621 6.969847695729087 40
1694742053923 10.091690307026287 41
1694742054200 1.44798925958127 42
1694742054446 20.73696983602223 43
1694742054687 0.23352088951779934 44
1694742054917 1.0505829590890483 45
1694742055252 8.54054824526797 46
1694742055547 6.507879210140272 47
1694742055788 0.22695511652383213 48
1694742056061 104.29097115099117 49
1694742056375 11.866258920046322 50
1694742056676 0.0020811620393970586 51
1694742056995 0.9570552773221889 52
1694742057325 4.051142525943822 53
1694742057684 10.645571479610378 54
1694742058027 78.31337063204603 55
1694742058310 68.11804844221705 56
1694742058630 12.618849470320896 57
1694742058864 5.096977446740473 58
1694742059252 26.586096727808357 59
1694742059650 7.578431889212455 60
1694742059941 3.188514410593226 61
1694742060244 4.9536430248426 62
1694742060583 0.7998301125410867 63
1694742060861 9.943801497859674 64
1694742061247 5.299104054788468 65
1694742061561 0.2860251421037458 66
1694742061881 9.442211978034516 67
1694742062133 30.63062457254337 68
1694742062468 1.9961913951283645 69
1694742062764 0.08658117830882744 70
1694742063042 2.9094275451356726 71
1694742063355 13.363553749353121 72
1694742063656 1.0887288449001944 73
1694742063921 3.5823812867257026 74
1694742064234 14.252813711281329 75
1694742064537 0.5639531204474609 76
1694742064863 4.866300372646566 77
1694742065107 0.5565194770642389 78
1694742065369 0.04122800210963723 79
1694742065631 0.20042494292058044 80
1694742065947 0.6436663971820125 81
1694742066246 0.04652594809414435 82
1694742066586 0.06198676140803059 83
1694742066884 2.5432838670194506 84
1694742067101 19.299175990183404 85
1694742067357 34.77465614103246 86
1694742067647 44.7980892391218 87
1694742067980 3.009353651742979 88
1694742068270 1.6461043077163413 89
1694742068653 43.70046333651541 90
1694742068991 3.353370338343914 91
1694742069222 0.7253773141493658 92
1694742069562 0.0014612511598421313 93
1694742069864 9.309215257588203 94
1694742070171 1.589762192766133 95
1694742070406 0.957367166472693 96
1694742070760 0.004370025130910365 97
1694742071087 0.11038557003896368 98
1694742071368 5.956835844069695 99
1694742071668 0.7880213790464258 100
1694742071979 17.197438587544706 101
1694742072276 17.26809462057685 102
1694742072579 5.894939834279289 103
1694742072993 5.3617409949058 104
1694742073262 9.314532737235504 105
1694742073513 27.01605954373905 106
1694742073822 0.11045579893784935 107
1694742074077 0.8539364935193638 108
1694742074365 5.469067927470412 109
1694742074667 0.5282111089614611 110
1694742074965 0.9827365869257174 111
1694742075275 0.04539264015430988 112
1694742075610 4.262485740357676 113
1694742075882 14.128231878061133 114
1694742076142 61.62918866763963 115
1694742076434 1.7541344968905141 116
1694742076722 3.5608435287556355 117
1694742077013 0.5688458084834241 118
1694742077314 5.363616122141442 119
1694742077619 2.480142314927152 120
1694742077901 20.533574549103438 121
1694742078221 2.4397880979926674 122
1694742078446 29.221208139033834 123
1694742078750 7.791880257370602 124
1694742079097 8.573345624370889 125
1694742079529 34.246777804510565 126
1694742079887 9.618613845229534 127
1694742080172 5.3053927129135285 128
1694742080397 10.883158410994158 129
1694742080686 2.317104798374651 130
1694742080978 1.5653707541250221 131
1694742081275 5.8598347628279726 132
1694742081494 19.608329712746965 133
1694742081838 6.020868919228617 134
1694742082161 3.591720592296794 135
1694742082413 1.460672855302975 136
1694742082847 11.909570111130302 137
1694742083157 6.562794936299066 138
1694742083453 9.952996614179634 139
1694742083701 10.244881383666606 140
1694742084024 28.732377193301552 141
1694742084340 3.6401863812565973 142
1694742084575 0.027227341607381834 143
1694742084817 6.684809317292937 144
1694742085138 6.745546673171143 145
1694742085397 10.883053557658185 146
1694742085685 0.29860073901541534 147
1694742085998 0.7710290890393817 148
1694742086392 19.488684020650055 149
1694742086651 3.1135255306426957 150
1694742086958 64.7030539375639 151
1694742087293 28.498591401138835 152
1694742087518 0.004735493093115556 153
1694742087834 4.1215072296985555 154
1694742088202 3.8105359996706905 155
1694742088484 113.91079629508154 156
1694742088780 18.308005480359206 157
1694742089045 0.6944579974503785 158
1694742089348 5.002481616660983 159
1694742089628 10.764953129445649 160
1694742089889 34.83377924746371 161
1694742090145 2.6592028197065583 162
1694742090461 6.320720196933492 163
1694742090747 0.3903290673579209 164
1694742091052 23.649596632560513 165
1694742091301 12.216771199522723 166
1694742091574 3.5812749988828707 167
1694742091825 12.079638743558382 168
1694742092124 5.263905332629305 169
1694742092472 6.760843811538395 170
1694742092749 6.792050442484691 171
1694742093039 5.033526742971987 172
1694742093279 6.450632817253811 173
1694742093562 2.7501985525193495 174
1694742093795 6.156766125190293 175
1694742094067 6.615815514834323 176
1694742094389 4.442056975215529 177
1694742094668 1.2297153301035333 178
1694742094983 0.4168357328923715 179
1694742095337 5.447226346158864 180
1694742095625 12.438106532673723 181
1694742095900 8.992041184669798 182
1694742096209 4.904372493640826 183
1694742096520 0.44190399119367924 184
1694742096779 11.716034663112604 185
1694742097109 0.33262060927132964 186
1694742097452 14.228733678047703 187
1694742097728 3.6127767666490325 188
1694742098043 34.62532454756273 189
1694742098277 1.901927094612368 190
1694742098546 6.223309858704994 191
1694742098842 10.05361346546423 192
1694742099155 3.2261266059894407 193
1694742099517 4.574214004047082 194
1694742099856 0.13735947339787707 195
1694742100105 0.4339751752410241 196
1694742100415 1.5069537249358844 197
1694742100693 0.03361172059671463 198
1694742100934 0.9483790954518443 199
1694742101213 0.7401261699272074 200
1694742101512 4.454993455396459 201
1694742101795 43.53314665062491 202
1694742102089 9.74342305198227 203
1694742102400 19.641145620763968 204
1694742102677 1.4575412767415772 205
1694742102900 12.066482596145185 206
1694742103232 2.606046515231717 207
1694742103603 0.1501580275032792 208
1694742103825 7.74506648178075 209
1694742104121 15.883119024329101 210
1694742104449 13.230415962199586 211
1694742104740 0.0431495422099587 212
1694742104999 1.3974220602975407 213
1694742105325 14.228142059838035 214
1694742105643 0.08337603331572425 215
1694742105881 1.775114643808365 216
1694742106166 15.204086119277806 217
1694742106522 51.88066075243134 218
1694742106791 0.34697205779742746 219
1694742107034 75.1176849680704 220
1694742107371 0.06048807955250415 221
1694742107658 0.006219857080593733 222
1694742107979 12.907440018101143 223
1694742108240 0.7427257577486213 224
1694742108579 8.223989388949008 225
1694742108824 5.266004131712686 226
1694742109095 0.5948855292136168 227
1694742109384 0.042818572470574134 228
1694742109688 3.5570070250585055 229
1694742109916 6.182599947801663 230
1694742110165 9.957458985352936 231
1694742110417 38.71717970521034 232
1694742110787 10.571237522584095 233
1694742111055 55.57774658043084 234
1694742111343 12.246365300016183 235
1694742111641 6.829519295538 236
1694742111892 3.2484060531003305 237
1694742112174 0.20186938199659235 238
1694742112500 7.35422425822627 239
1694742112863 2.9657007811611256 240
1694742113140 6.6592329788096025 241
1694742113389 0.8239394013739925 242
1694742113642 22.22138826586018 243
1694742113917 25.505396846716252 244
1694742114169 5.619148941028831 245
1694742114461 10.013778466112763 246
1694742114803 2.7967660403747754 247
1694742115105 44.45459482331042 248
1694742115443 6.007769273621468 249
1694742115764 0.845492575189079 250
1694742116015 0.7955687622720005 251
1694742116300 0.5201967209996536 252
1694742116601 0.04410530915067891 253
1694742116896 24.338961875036972 254
1694742117121 1.4062229430093898 255
1694742117461 49.4524429169311 256
1694742117775 1.2911721576187303 257
1694742118095 0.020430690897051833 258
1694742118382 58.849645468229156 259
1694742118725 14.243969269600292 260
1694742119021 0.05577645562453291 261
1694742119318 12.523007690617023 262
1694742119726 3.7827639099994816 263
1694742119976 72.6578405880489 264
1694742120283 0.42378875755513024 265
1694742120662 1.995706272313677 266
1694742120949 0.012939041232191105 267
1694742121211 6.784085459004785 268
1694742121524 15.380383613097957 269
1694742121890 46.898688952687365 270
1694742122159 12.918477293065331 271
1694742122431 1.0531949661214592 272
1694742122720 21.704988337428752 273
1694742123007 0.6941809933841416 274
1694742123287 32.10310228064763 275
1694742123660 9.100062192299845 276
1694742124017 19.57961770973086 277
1694742124244 2.106394410686 278
1694742124522 40.92182338558267 279
1694742124820 1.9562282670625664 280
1694742125072 5.660686931875154 281
1694742125342 0.025116606571120137 282
1694742125649 0.17619067134199498 283
1694742125962 6.297868848613442 284
1694742126226 1.5399864071551774 285
1694742126542 29.649325609879195 286
1694742126872 29.35826994754481 287
1694742127135 11.48552636977978 288
1694742127387 53.49074274464461 289
1694742127683 0.8986719724624509 290
1694742128069 0.05402261025034659 291
1694742128337 2.763444796372373 292
1694742128596 0.29274231602996753 293
1694742128868 1.1740220459174526 294
1694742129184 0.0014273472170693309 295
1694742129524 10.145210093927192 296
1694742129882 38.81682141082826 297
1694742130179 3.38306185668669 298
1694742130520 1.6592816902877867 299
1694742130861 10.048005606050053 300
1694742131202 4.162270939718841 301
1694742131453 7.393687978783631 302
1694742131766 0.7530741809173781 303
1694742132062 40.812124006260426 304
1694742132337 44.730096651919546 305
1694742132623 7.656185137513686 306
1694742132966 13.714363205773287 307
1694742133234 0.0036116888967457667 308
1694742133470 2.966206850036415 309
1694742133778 1.7204500547776262 310
1694742134040 5.860360492035592 311
1694742134306 2.5780869512498126 312
1694742134626 8.390333787597012 313
1694742134963 23.570503932662017 314
1694742135256 0.941097635269298 315
1694742135523 7.115984296443075 316
1694742135822 1.8958319246619186 317
1694742136075 1.1734779047648023 318
1694742136334 5.804039519977968 319
1694742136664 12.80342410460109 320
1694742136975 0.025804830485658875 321
1694742137310 0.15309660818003967 322
1694742137599 70.39309351626075 323
1694742137963 2.5439121170849273 324
1694742138271 17.445555294602393 325
1694742138523 10.379927856344294 326
1694742138798 1.4367954131615173 327
1694742139017 0.07545196069762869 328
1694742139427 8.577340762061501 329
1694742139785 1.374131701286625 330
1694742140116 1.9942974102354836 331
1694742140409 3.0442293931481874 332
1694742140685 0.12205138204695437 333
1694742141010 5.059563437540947 334
1694742141302 2.732635134577323 335
1694742141541 7.849516355465743 336
1694742141850 3.210303486774416 337
1694742142101 22.661920958246323 338
1694742142459 13.235475094539105 339
1694742142701 0.3837787006051995 340
1694742142959 19.12991920131492 341
1694742143257 15.659007697773609 342
1694742143545 40.68076754210217 343
1694742143847 5.315044095515319 344
1694742144177 0.05346791207346173 345
1694742144426 8.013046408564506 346
1694742144722 0.09900058829818371 347
1694742145053 56.2447904030251 348
1694742145343 0.1347812968667139 349
1694742145593 6.114430158181511 350
1694742145892 3.6810111591162102 351
1694742146269 0.3306853984092776 352
1694742146511 15.799574438936157 353
1694742146813 0.8138387867205774 354
1694742147109 2.2757566593012717 355
1694742147405 39.2109924047518 356
1694742147687 104.08835515789691 357
1694742147954 1.2279590793406125 358
1694742148285 28.82766877277578 359
1694742148546 9.506422013103286 360
1694742148832 13.41125285199563 361
1694742149150 4.265594137096882 362
1694742149446 11.954321646925907 363
1694742149771 65.08514910392798 364
1694742150081 5.946645039628652 365
1694742150413 2.2232127731073676 366
1694742150718 30.042719759596984 367
1694742150983 5.005281147832379 368
1694742151285 2.0320020125932965 369
1694742151616 0.9585880562247584 370
1694742151936 84.70855300747876 371
1694742152265 5.050866635632738 372
1694742152555 1.177272282685292 373
1694742152856 10.378985885753675 374
1694742153141 32.418376780834286 375
1694742153472 9.839114895628219 376
1694742153790 2.928449329983397 377
1694742154104 1.7835293707979158 378
1694742154447 0.004145330216314133 379
1694742154702 10.56556626235502 380
1694742154978 12.807723426787947 381
1694742155295 11.514153987590891 382
1694742155552 23.008109218153212 383
1694742155813 5.41968693047631 384
1694742156123 2.8625550028253275 385
1694742156409 20.898528862253986 386
1694742156648 18.137893350430044 387
1694742156891 0.8860532753493876 388
1694742157148 0.7578509420802897 389
1694742157548 9.119863061245423 390
1694742157801 2.084846925710522 391
1694742158157 14.164829911023567 392
1694742158406 27.17308131388161 393
1694742158650 22.6006970700139 394
1694742158914 5.128556993297272 395
1694742159227 2.940554581656344 396
1694742159583 10.339200187713448 397
1694742159914 33.31108325112045 398
1694742160211 3.581976458056832 399
1694742160546 6.963049665137774 400
1694742160766 5.9440051296454035 401
1694742161032 19.529805889126283 402
1694742161350 0.22841712842085457 403
1694742161725 3.344569163563985 404
1694742162051 0.3228283382943844 405
1694742162331 0.6418354867789545 406
1694742162642 3.2559042633848776 407
1694742162849 6.351683337999354 408
1694742163143 0.0003697810420132966 409
1694742163424 1.2111187826151586 410
1694742163735 4.635925889054925 411
1694742163981 5.867796704211343 412
1694742164299 1.8837618756596315 413
1694742164617 2.2627754440183625 414
1694742164854 13.354142515424751 415
1694742165092 1.1052654179052044 416
1694742165428 14.799877647871549 417
1694742165750 23.39224341158806 418
1694742165990 0.01304128884568574 419
1694742166230 11.1904590235551 420
1694742166548 21.01877479577983 421
1694742166822 4.667034936529209 422
1694742167064 8.377207414501639 423
1694742167403 12.952301770119007 424
1694742167725 3.8219769789252074 425
1694742168012 11.005688693122538 426
1694742168351 4.520598184666444 427
1694742168672 0.9505666564517034 428
1694742168988 2.5048609119366487 429
1694742169311 0.0633792441965348 430
1694742169672 68.55636449967355 431
1694742169946 7.078204520116843 432
1694742170175 8.702900659897688 433
1694742170440 26.83398553533991 434
1694742170758 0.22572333010564796 435
1694742171040 6.014952158892796 436
1694742171361 0.13004746641888482 437
1694742171685 4.4801388659614885 438
1694742171953 0.33506874653657437 439
1694742172258 30.02997670176778 440
1694742172592 6.210937844232063 441
1694742172930 7.169935971942502 442
1694742173255 11.28074853418948 443
1694742173564 8.060047694226919 444
1694742173871 9.279642613873994 445
1694742174071 1.8464087766067756 446
1694742174292 0.6472068815926068 447
1694742174547 32.03751919637672 448
1694742174860 37.12770889552337 449
1694742175174 7.7791705425433335 450
1694742175441 3.768357816929618 451
1694742175693 3.6901455861571675 452
1694742176015 3.652305214725416 453
1694742176246 10.404308705030342 454
1694742176485 23.777242912340256 455
1694742176770 0.007927128229944687 456
1694742177087 1.9506745749026053 457
1694742177379 2.0969021571344033 458
1694742177695 45.95902969278215 459
1694742178045 21.128481833070868 460
1694742178330 0.17200098927543 461
1694742178619 1.9222791857319455 462
1694742178938 10.98323114017017 463
1694742179227 0.8306185816818545 464
1694742179611 29.701888575998716 465
1694742179920 4.883731053126399 466
1694742180278 1.0617145902833733 467
1694742180587 15.881056016155846 468
1694742180887 14.041899160013644 469
1694742181171 3.926493150147618 470
1694742181489 3.868130410375423 471
1694742181837 1.3839086937338354 472
1694742182123 58.96037713833664 473
1694742182373 0.07866873978857873 474
1694742182667 7.541732278871561 475
1694742182907 20.782674572195223 476
1694742183136 0.00112849733836173 477
1694742183402 7.352181520024843 478
1694742183661 22.924346088525624 479
1694742184024 4.958046442714697 480
1694742184281 26.57285216939306 481
1694742184544 28.64472923130656 482
1694742184798 4.061645684766799 483
1694742185081 1.2515127208036096 484
1694742185311 9.234151251845748 485
1694742185601 0.028641318601720804 486
1694742185856 25.31623274113863 487
1694742186125 0.21519526561829885 488
1694742186321 16.21654635377895 489
1694742186604 0.10539229516048251 490
1694742186913 12.577042794770948 491
1694742187210 8.054470040796161 492
1694742187481 16.292570111995108 493
1694742187868 0.005982788016956163 494
1694742188294 2.9405674592059814 495
1694742188538 10.201950121692944 496
1694742188807 28.394564557759633 497
1694742189059 3.1742780784686753 498
1694742189331 11.790359213621198 499
