1694749025809 158.1877123987022 0
1694749026099 3119972.599725877 1
1694749026373 63816893184.96359 2
1694749026647 1305333013163786.8 3
1694749026937 2.66997371756671e+19 4
1694749027325 5.4612574573738705e+23 5
1694749027675 1.1170646669474755e+28 6
1694749027980 2.284883069296853e+32 7
1694749028283 4.67357960092465e+36 8
1694749028613 9.559502882088728e+40 9
1694749028897 1.955334094118836e+45 10
1694749029228 3.99950862171626e+49 11
1694749029606 8.180734567711435e+53 12
1694749029911 1.6733160094709417e+58 13
1694749030249 3.422658985420494e+62 14
1694749030623 7.000826182367962e+66 15
1694749030969 1.431973428977396e+71 16
1694749031318 2.9290084454056565e+75 17
1694749031713 5.99109613324612e+79 18
1694749032022 1.2254397195097713e+84 19
1694749032376 2.5065571854520188e+88 20
1694749032719 5.1269995773064653e+92 21
1694749032976 1.048694393180596e+97 22
1694749033295 2.1450361243567547e+101 23
1694749033678 4.387531777337421e+105 24
1694749033963 8.974410677078183e+109 25
1694749034356 1.8356572918026971e+114 26
1694749034682 3.754717512042221e+118 27
1694749035098 7.68003028571404e+122 28
1694749035471 1.570900207547267e+127 29
1694749035755 3.213174128573913e+131 30
1694749036040 6.572338542533467e+135 31
1694749036422 1.3443290711680865e+140 32
1694749036756 2.7497376160586713e+144 33
1694749037026 5.624409320106595e+148 34
1694749037415 1.150436318554801e+153 35
1694749037729 2.3531426105823333e+157 36
1694749037995 4.813200049781345e+161 37
1694749038308 9.845087422679424e+165 38
1694749038634 2.0137485530983427e+170 39
1694749038921 4.118991595507862e+174 40
1694749039225 8.425129213754344e+178 41
1694749039598 1.7233053436154175e+183 42
1694749039895 3.524908914732336e+187 43
1694749040322 7.209971757583269e+191 44
1694749040656 1.4747527951114664e+196 45
1694749041012 3.016510854430994e+200 46
1694749041361 6.170076615594572e+204 47
1694749041752 1.262049012234971e+209 48
1694749042085 2.5814391109141512e+213 49
1694749042420 5.280165681962083e+217 50
1694749042801 1.0800235229680496e+222 51
1694749043068 2.2091178202023217e+226 52
1694749043433 4.518606715272279e+230 53
1694749043870 9.242515931284177e+234 54
1694749044203 1.8904964765205174e+239 55
1694749044511 3.866887495037199e+243 56
1694749044856 7.90946668506673e+247 57
1694749045173 1.617829929690744e+252 58
1694749045635 3.309165820680205e+256 59
1694749045984 6.768683300877829e+260 60
1694749046308 1.38449011352852e+265 61
1694749046634 2.83188441422518e+269 62
1694749046914 5.792435249026631e+273 63
1694749047261 1.1848049286766642e+278 64
1694749047623 2.4234413656197656e+282 65
1694749047999 4.95699157764034e+286 66
1694749048361 1.0139203633884225e+291 67
1694749048714 2.0739081097714566e+295 68
1694749048989 4.2420440530476975e+299 69
1694749049327 8.676825006475506e+303 70
1694749049672 inf 71
