1694741475076 1.8197356459422287 0
1694741475225 2.86920053913438 1
1694741475423 2.8683319540281698 2
1694741475650 2.3112170683193956 3
1694741475832 3.2261058553773374 4
1694741475985 2.1037525655887457 5
1694741476138 2.869588625685356 6
1694741476305 2.254659976750973 7
1694741476527 1.8071624437975677 8
1694741476801 1.3188470492856397 9
1694741476952 1.9167982187260368 10
1694741477102 3.319678722832119 11
1694741477267 3.448287227096246 12
1694741477537 2.4518346655587338 13
1694741477746 2.361322741766686 14
1694741477973 1.9582926688466034 15
1694741478250 1.9235070481918737 16
1694741478479 2.245020292674659 17
1694741478792 1.0879938610363153 18
1694741479144 1.9267730678149042 19
1694741479424 2.143612480319064 20
1694741479657 2.0355209040203888 21
1694741479861 1.7230044296650493 22
1694741480056 3.6156130121192684 23
1694741480208 1.9212154693813783 24
1694741480359 1.479514011343923 25
1694741480515 2.7923747198083317 26
1694741480733 1.6554480448781266 27
1694741480907 2.5033863372169445 28
1694741481115 3.4527551436621455 29
1694741481370 3.0568805362075997 30
1694741481583 3.2069265568604632 31
1694741481770 2.1098876471906816 32
1694741481968 2.4258199855938503 33
1694741482169 2.5602400958557716 34
1694741482375 3.0396730276042696 35
1694741482612 2.253612626699122 36
1694741482838 2.1281764196913406 37
1694741482974 1.7773114237288674 38
1694741483186 2.116225153312546 39
1694741483484 1.8675806799054544 40
1694741483695 2.564715120748389 41
