1694729533763 171.6081521265393 0
1694729534098 167.59458548926642 1
1694729534383 163.67629236058514 2
1694729534708 159.85101021397608 3
1694729535062 156.11653026388953 4
1694729535421 152.47069618912184 5
1694729535770 148.91140288652045 6
1694729536106 145.43659525429564 7
1694729536533 142.044267004237 8
1694729536874 138.73245950214678 9
1694729537183 135.4992606358204 10
1694729537618 132.34280370991976 11
1694729537964 129.26126636709995 12
1694729538408 126.25286953476616 13
1694729538869 123.31587639685151 14
1694729539251 120.44859139002178 15
1694729539616 117.64935922372634 16
1694729539956 114.91656392352898 17
1694729540316 112.24862789716569 18
1694729540650 109.6440110227889 19
1694729541017 107.10120975887213 20
1694729541435 104.61875627525933 21
1694729541783 102.19521760485735 22
1694729542090 99.8291948154808 23
1694729542439 97.51932220137074 24
1694729542966 95.26426649391946 25
1694729543481 93.06272609114556 26
1694729543799 90.91343030547345 27
1694729544077 88.81513862938262 28
1694729544349 86.76664001850223 29
1694729544721 84.7667521917363 30
1694729545023 82.81432094801526 31
1694729545366 80.90821949927854 32
1694729545796 79.04734781930277 33
1694729546116 77.23063200799928 34
1694729546442 75.45702367081299 35
1694729546794 73.72549931286441 36
1694729547121 72.03505974748427 37
1694729547486 70.3847295187987 38
1694729547921 68.77355633803137 39
1694729548280 67.20061053319704 40
1694729548768 65.66498451186746 41
1694729549256 64.16579223670004 42
1694729549609 62.702168713425635 43
1694729549956 61.273269490999276 44
1694729550329 59.87827017362543 45
1694729550735 58.516365944375195 46
1694729551075 57.1867711001203 47
1694729551477 55.88871859751499 48
1694729551828 54.62145960976335 49
1694729552166 53.384263093915834 50
1694729552561 52.1764153684449 51
1694729552950 50.99721970085541 52
1694729553307 49.84599590509169 53
1694729553674 48.722079948508146 54
1694729554013 47.62482356817665 55
1694729554347 46.55359389630841 56
1694729554756 45.50777309457431 57
1694729555138 44.4867579971119 58
1694729555504 43.48995976201293 59
1694729555821 42.51680353108979 60
1694729556179 41.5667280977244 61
1694729556494 40.6391855826072 62
1694729556821 39.73364111717925 63
1694729557132 38.849572534593946 64
1694729557516 37.986470068020154 65
1694729557892 37.143836056112036 66
1694729558291 36.32118465547547 67
1694729558755 35.51804155996492 68
1694729559129 34.73394372664826 69
1694729559430 33.96843910828133 70
1694729559797 33.22108639213752 71
1694729560202 32.49145474504148 72
1694729560573 31.779123564459308 73
1694729560943 31.083682235501858 74
1694729561283 30.40472989370004 75
1694729561631 29.741875193415538 76
1694729562026 29.09473608175272 77
1694729562355 28.462939577841315 78
1694729562759 27.846121557362043 79
1694729563104 27.243926542190763 80
1694729563479 26.65600749503956 81
1694729563854 26.082025618975972 82
1694729564216 25.5216501617046 83
1694729564598 24.974558224497795 84
1694729564978 24.440434575665158 85
1694729565277 23.91897146845391 86
1694729565633 23.409868463274936 87
1694729566040 22.912832254151652 88
1694729566413 22.427576499291494 89
1694729566822 21.953821655682077 90
1694729567156 21.49129481761626 91
1694729567483 21.039729559053033 92
1694729567851 20.598865779722836 93
1694729568215 20.168449554888618 94
1694729568576 19.74823298867559 95
1694729569011 19.337974070884968 96
1694729569271 18.93743653720897 97
1694729569542 18.546389732766237 98
1694729569840 18.16460847887879 99
1694729570224 17.791872943013495 100
1694729570540 17.427968511813 101
1694729570901 17.07268566714254 102
1694729571309 16.725819865081128 103
1694729571697 16.387171417787094 104
1694729572072 16.056545378169808 105
1694729572385 15.733751427300723 106
1694729572769 15.41860376449891 107
1694729573084 15.110921000027338 108
1694729573447 14.810526050337998 109
1694729573814 14.517246035805321 110
1694729574159 14.230912180888707 111
1694729574497 13.951359716666515 112
1694729574816 13.6784277856852 113
1694729575145 13.41195934906852 114
1694729575407 13.151801095833212 115
1694729575749 12.897803354358672 116
1694729576035 12.64982000595946 117
1694729576311 12.407708400510735 118
1694729576665 12.171329274077781 119
1694729577001 11.94054666850208 120
1694729577344 11.715227852897383 121
1694729577745 11.495243247010503 122
1694729578155 11.280466346402436 123
1694729578492 11.070773649406615 124
1694729578813 10.866044585822102 125
1694729579157 10.666161447300473 126
1694729579412 10.471009319386123 127
1694729579707 10.280476015170827 128
1694729580070 10.094452010524106 129
1694729580378 9.912830380862014 130
1694729580714 9.735506739417774 131
1694729580996 9.562379176978627 132
1694729581360 9.393348203054012 133
1694729581795 9.228316688441135 134
1694729582300 9.06718980915468 135
1694729582714 8.909874991688287 136
1694729583081 8.756281859576136 137
1694729583445 8.60632218122381 138
1694729583770 8.459909818978211 139
1694729584111 8.316960679407154 140
1694729584449 8.177392664759845 141
1694729584782 8.041125625580289 142
1694729585221 7.9080813144461235 143
1694729585667 7.778183340806232 144
1694729586135 7.651357126891001 145
1694729586450 7.527529864669725 146
1694729586775 7.406630473830328 147
1694729587141 7.288589560757105 148
1694729587487 7.17333937848271 149
1694729587779 7.060813787591372 150
1694729588074 6.9509482180506446 151
1694729588387 6.843679631949639 152
1694729588654 6.738946487122291 153
1694729588929 6.636688701634516 154
1694729589243 6.536847619114856 155
1694729589541 6.439365974908471 156
1694729589866 6.344187863035001 157
1694729590244 6.251258703931162 158
1694729590521 6.160525212959444 159
1694729590789 6.0719353696647085 160
1694729591090 5.985438387760948 161
1694729591416 5.900984685830794 162
1694729591769 5.818525858720952 163
1694729592220 5.738014649616937 164
1694729592495 5.659404922780992 165
1694729592747 5.582651636937502 166
1694729593055 5.507710819290421 167
1694729593460 5.434539540157797 168
1694729593805 5.363095888208673 169
1694729594112 5.293338946288067 170
1694729594515 5.225228767816088 171
1694729594868 5.158726353747525 172
1694729595186 5.093793630078604 173
1694729595523 5.030393425887925 174
1694729595854 4.968489451898878 175
1694729596192 4.908046279551144 176
1694729596475 4.849029320569224 177
1694729596873 4.791404807016156 178
1694729597205 4.73513977182089 179
1694729597641 4.680202029768121 180
1694729597996 4.626560158939532 181
1694729598360 4.5741834825957755 182
1694729598684 4.5230420514886704 183
1694729599106 4.473106626593485 184
1694729599396 4.424348662251216 185
1694729599721 4.37674028971122 186
1694729600162 4.330254301064629 187
1694729600533 4.2848641335592985 188
1694729600835 4.240543854287209 189
1694729601215 4.1972681452354745 190
1694729601531 4.155012288692372 191
1694729601899 4.113752152999854 192
1694729602227 4.073464178644426 193
1694729602575 4.03412536467827 194
1694729602953 3.9957132554628374 195
1694729603313 3.958205927727174 196
1694729603672 3.921581977933593 197
1694729604015 3.8858205099433207 198
1694729604346 3.850901122975019 199
1694729604639 3.816803899849249 200
1694729605018 3.7835093955120276 201
1694729605327 3.7509986258309174 202
1694729605630 3.7192530566571373 203
1694729606062 3.6882545931473625 204
1694729606413 3.6579855693390875 205
1694729606691 3.6284287379735036 206
1694729607014 3.599567260559993 207
1694729607381 3.5713846976765637 208
1694729607649 3.543864999500564 209
1694729607944 3.516992496564207 210
1694729608424 3.4907518907296136 211
1694729608722 3.4651282463781206 212
1694729609022 3.440106981808775 213
1694729609381 3.4156738608410424 214
1694729609796 3.3918149846168855 215
1694729610220 3.368516783597495 216
1694729610711 3.3457660097500006 217
1694729611048 3.323549728919704 218
1694729611446 3.301855313383401 219
1694729611733 3.2806704345794837 220
1694729612097 3.259983056010646 221
1694729612423 3.239781426315094 222
1694729612723 3.220054072502223 223
1694729613172 3.2007897933489047 224
1694729613500 3.1819776529525323 225
1694729613754 3.1636069744371227 226
1694729614084 3.145667333808837 227
1694729614423 3.1281485539573555 228
1694729614703 3.1110406987996684 229
1694729614979 3.0943340675628694 230
1694729615386 3.078019189202686 231
1694729615641 3.0620868169545035 232
1694729615890 3.0465279230137208 233
1694729616164 3.0313336933424138 234
1694729616477 3.0164955225992434 235
1694729616726 3.002005009189742 236
1694729616992 2.987853950434079 237
1694729617309 2.974034337849538 238
1694729617696 2.9605383525449684 239
1694729618005 2.9473583607245435 240
1694729618343 2.9344869092982777 241
1694729618728 2.9219167215966926 242
1694729619074 2.9096406931872303 243
1694729619390 2.8976518877899515 244
1694729619781 2.885943533290168 245
1694729620195 2.8745090178457438 246
1694729620546 2.8633418860867494 247
1694729620838 2.8524358354053527 248
1694729621163 2.8417847123337436 249
1694729621481 2.8313825090080216 250
1694729621753 2.8212233597160328 251
1694729622132 2.8113015375271075 252
1694729622470 2.8016114510018113 253
1694729622772 2.7921476409797608 254
1694729623101 2.782904777443688 255
1694729623452 2.773877656457919 256
1694729623741 2.765061197179507 257
1694729624082 2.7564504389403046 258
1694729624492 2.748040538398277 259
1694729624807 2.7398267667564067 260
1694729625150 2.731804507047615 261
1694729625491 2.723969251484095 262
1694729625803 2.7163165988695543 263
1694729626154 2.708842252072868 264
1694729626701 2.701542015561667 265
1694729627245 2.694411792994454 266
1694729627627 2.687447584869872 267
1694729627976 2.680645486231729 268
1694729628375 2.674001684428488 269
1694729628693 2.667512456925925 270
1694729628966 2.661174169171666 271
1694729629345 2.6549832725104165 272
1694729629679 2.648936302148634 273
1694729630043 2.6430298751675094 274
1694729630387 2.637260688583073 275
1694729630689 2.6316255174523357 276
1694729631058 2.6261212130243625 277
1694729631470 2.6207447009352065 278
1694729631804 2.6154929794456665 279
1694729632100 2.610363117720851 280
1694729632494 2.6053522541505605 281
1694729632793 2.600457594709516 282
1694729633103 2.5956764113564734 283
1694729633497 2.591006040471334 284
1694729633835 2.586443881329312 285
1694729634161 2.5819873946113074 286
1694729634502 2.577634100949605 287
1694729634828 2.5733815795080806 288
1694729635111 2.569227466596072 289
1694729635472 2.565169454315139 290
1694729635778 2.5612052892379134 291
1694729636185 2.5573327711182863 292
1694729636533 2.5535497516321883 293
1694729636880 2.5498541331482327 294
1694729637236 2.5462438675275214 295
1694729637627 2.5427169549519073 296
1694729637972 2.539271442780049 297
1694729638347 2.5359054244305934 298
1694729638752 2.532617038291846 299
1694729639067 2.5294044666572972 300
1694729639401 2.5262659346863905 301
1694729639745 2.523199709389932 302
1694729640017 2.5202040986395624 303
1694729640332 2.517277450200717 304
1694729640694 2.51441815078851 305
1694729641068 2.5116246251460157 306
1694729641347 2.5088953351443903 307
1694729641700 2.506228778904342 308
1694729642064 2.503623489938424 309
1694729642419 2.5010780363136664 310
1694729642760 2.498591019834054 311
1694729643084 2.4961610752423993 312
1694729643455 2.4937868694411165 313
1694729643786 2.491467100731491 314
1694729644052 2.489200498070963 315
1694729644399 2.4869858203480324 316
1694729644737 2.4848218556743373 317
1694729645022 2.4827074206935307 318
1694729645375 2.4806413599065205 319
1694729645770 2.4786225450127186 320
1694729646026 2.4766498742668936 321
1694729646379 2.4747222718512702 322
1694729646745 2.472838687262513 323
1694729646977 2.4709980947132357 324
1694729647284 2.469199492547695 325
1694729647644 2.46744190267133 326
1694729648041 2.4657243699938234 327
1694729648455 2.4640459618853594 328
1694729648790 2.4624057676457642 329
1694729649059 2.460802897986229 330
1694729649366 2.4592364845233123 331
1694729649715 2.457705679284929 332
1694729650059 2.456209654228051 333
1694729650487 2.454747600767823 334
1694729650843 2.4533187293178487 335
1694729651150 2.4519222688413542 336
1694729651482 2.4505574664130014 337
1694729651865 2.4492235867910606 338
1694729652138 2.447919911999737 339
1694729652551 2.446645740921376 340
1694729652924 2.445400388898343 341
1694729653254 2.4441831873443176 342
1694729653597 2.4429934833648073 343
1694729653942 2.4418306393866387 344
1694729654260 2.4406940327962348 345
1694729654582 2.439583055586445 346
1694729654960 2.4384971140117546 347
1694729655299 2.437435628251643 348
1694729655631 2.4363980320819283 349
1694729655939 2.4353837725538847 350
1694729656408 2.4343923096809585 351
1694729656756 2.4334231161329076 352
1694729657085 2.4324756769371763 353
1694729657559 2.431549489187345 354
1694729657944 2.430644061758476 355
1694729658294 2.4297589150292054 356
1694729658652 2.4288935806104064 357
1694729658969 2.4280476010802827 358
1694729659317 2.427220529725725 359
1694729659703 2.4264119302897966 360
1694729659991 2.4256213767251866 361
1694729660322 2.4248484529535093 362
1694729660628 2.424092752630288 363
1694729660922 2.423353878915513 364
1694729661180 2.4226314442496153 365
1694729661588 2.421925070134753 366
1694729661950 2.421234386921269 367
1694729662276 2.420559033599193 368
1694729662614 2.4198986575946924 369
1694729663000 2.4192529145713246 370
1694729663370 2.4186214682359997 371
1694729663774 2.418003990149525 372
1694729664209 2.4174001595416414 373
1694729664571 2.416809663130426 374
1694729664934 2.4162321949459677 375
1694729665267 2.415667456158218 376
1694729665558 2.4151151549089076 377
1694729665860 2.414575006147439 378
1694729666155 2.414046731470664 379
1694729666551 2.4135300589664386 380
1694729666895 2.4130247230608926 381
1694729667198 2.4125304643692957 382
1694729667604 2.4120470295504592 383
1694729668021 2.411574171164573 384
1694729668416 2.411111647534407 385
1694729668846 2.4106592226097927 386
1694729669163 2.4102166658353066 387
1694729669422 2.4097837520210805 388
1694729669750 2.4093602612166682 389
1694729670068 2.4089459785878873 390
1694729670461 2.408540694296578 391
1694729670771 2.4081442033831935 392
1694729671096 2.4077563056521774 393
1694729671450 2.407376805560036 394
1694729671763 2.4070055121060623 395
1694729672053 2.40664223872564 396
1694729672408 2.4062868031860662 397
1694729672754 2.405939027484836 398
1694729673058 2.4055987377503283 399
1694729673387 2.4052657641448376 400
1694729673783 2.4049399407698933 401
1694729674084 2.404621105573821 402
1694729674454 2.4043091002614765 403
1694729674809 2.4040037702061205 404
1694729675127 2.4037049643633654 405
1694729675480 2.4034125351871602 406
1694729675899 2.4031263385477533 407
1694729676285 2.402846233651594 408
1694729676830 2.4025720829631227 409
1694729677230 2.4023037521284114 410
1694729677588 2.4020411099005967 411
1694729677976 2.401784028067081 412
1694729678320 2.4015323813784453 413
1694729678672 2.401286047479044 414
1694729679025 2.401044906839231 415
1694729679341 2.4008088426891896 416
1694729679711 2.4005777409543176 417
1694729680057 2.4003514901921417 418
1694729680467 2.4001299815307156 419
1694729680792 2.3999131086084713 420
1694729681130 2.399700767515488 421
1694729681458 2.3994928567361478 422
1694729681850 2.399289277093139 423
1694729682168 2.3990899316927847 424
1694729682464 2.3988947258716515 425
1694729682804 2.3987035671444272 426
1694729683134 2.3985163651530144 427
1694729683490 2.398333031616835 428
1694729683850 2.398153480284295 429
1694729684154 2.3979776268854045 430
1694729684505 2.397805389085496 431
1694729684929 2.3976366864400545 432
1694729685219 2.3974714403505915 433
1694729685486 2.397309574021571 434
1694729685846 2.3971510124183406 435
1694729686149 2.3969956822260623 436
1694729686450 2.396843511809599 437
1694729686801 2.396694431174356 438
1694729687181 2.3965483719280347 439
1694729687540 2.396405267243292 440
1694729687867 2.3962650518212745 441
1694729688195 2.396127661856016 442
1694729688613 2.395993034999664 443
1694729688983 2.395861110328531 444
1694729689300 2.3957318283099447 445
1694729689651 2.3956051307698676 446
1694729689912 2.395480960861291 447
1694729690216 2.395359263033362 448
1694729690489 2.395239983001244 449
1694729690761 2.395123067716678 450
1694729691053 2.395008465339237 451
1694729691391 2.3948961252082652 452
1694729691746 2.3947859978154624 453
1694729692122 2.3946780347781202 454
1694729692452 2.394572188812987 455
1694729692793 2.3944684137107433 456
1694729693148 2.3943666643110793 457
1694729693407 2.394266896478356 458
1694729693703 2.3941690670778364 459
1694729694004 2.3940731339524786 460
1694729694305 2.3939790559002687 461
1694729694595 2.3938867926520873 462
1694729694943 2.3937963048500963 463
1694729695252 2.3937075540266335 464
1694729695528 2.3936205025835964 465
1694729695885 2.393535113772317 466
1694729696235 2.3934513516739027 467
1694729696637 2.3933691811800406 468
1694729697001 2.3932885679742513 469
1694729697284 2.3932094785135827 470
1694729697560 2.3931318800107295 471
1694729697877 2.3930557404165755 472
1694729698221 2.3929810284031428 473
1694729698598 2.39290771334694 474
1694729699029 2.392835765312702 475
1694729699357 2.392765155037508 476
1694729699709 2.3926958539152716 477
1694729700067 2.3926278339815976 478
1694729700424 2.392561067898988 479
1694729700750 2.392495528942395 480
1694729701129 2.3924311909851173 481
1694729701448 2.392368028485017 482
1694729701777 2.3923060164710654 483
1694729702155 2.3922451305302053 484
1694729702417 2.3921853467945096 485
1694729702753 2.3921266419286535 486
1694729703081 2.3920689931176686 487
1694729703446 2.3920123780549876 488
1694729703792 2.3919567749307706 489
1694729704117 2.3919021624204984 490
1694729704384 2.391848519673834 491
1694729704682 2.391795826303749 492
1694729705009 2.3917440623758948 493
1694729705325 2.391693208398228 494
1694729705723 2.3916432453108776 495
1694729706031 2.3915941544762456 496
1694729706302 2.3915459176693403 497
1694729706557 2.391498517068333 498
1694729706902 2.3914519352453394 499
