1694719819444 2.68309158322522 0
1694719819729 4.575127209609702 1
1694719819993 0.0028955338275479417 2
1694719820315 0.8420516084708024 3
1694719820635 0.14047980685436787 4
1694719820926 0.1724012962585329 5
1694719821194 0.007940310635413445 6
1694719821455 1.1621267976151062 7
1694719821722 0.8039726346315667 8
1694719822035 5.933162797946363 9
1694719822324 1.1345546159847208 10
1694719822577 2.935003547067322 11
1694719822937 0.30312110643564755 12
1694719823271 2.724754686461683 13
1694719823498 1.7578567585527753 14
1694719823781 0.038015428020692174 15
1694719824122 0.09051371369728753 16
1694719824321 1.9439283499536475 17
1694719824553 0.4376496717187902 18
1694719824843 0.18470950555547688 19
1694719825150 1.417266808187294 20
1694719825427 2.475632932487724 21
1694719825817 0.6786011879526161 22
1694719826248 7.594150237346357 23
1694719826505 0.0916751526109747 24
1694719826800 2.184281017621384 25
1694719827081 1.09426201425747 26
1694719827337 0.03409688458089686 27
1694719827588 0.961747971544672 28
1694719827876 0.42439255477889193 29
1694719828154 0.001157554681890093 30
1694719828459 0.02441296946468624 31
1694719828734 0.23848129592830655 32
1694719829013 0.2737505976997905 33
1694719829309 0.01620574464611015 34
1694719829582 0.5721937288853186 35
1694719829849 0.195801805479533 36
1694719830115 0.06090304407691819 37
1694719830441 0.18611762957183592 38
1694719830727 6.6722523848610145 39
1694719831105 5.38450023276836 40
1694719831336 2.764177036936064 41
1694719831580 8.564891611593398 42
1694719831784 0.10939781756053127 43
1694719832206 0.2207225333038759 44
1694719832514 0.4395987561788412 45
1694719832801 4.094135195514552 46
1694719833090 0.8809266894732921 47
1694719833399 1.3654804708033605 48
1694719833646 0.7242033844312108 49
1694719833909 7.242684490764915 50
1694719834196 0.31885347203269904 51
1694719834493 0.0910664874942179 52
1694719834760 8.031233652838731 53
1694719835098 12.005010375976815 54
1694719835390 0.012941648330590395 55
1694719835639 1.5529300350003636 56
