1694740505589 165.2822888408949 0
1694740505995 128.7603393339674 1
1694740506362 100.42968245665556 2
1694740506748 78.45280649174495 3
1694740507035 61.40443948878064 4
1694740507353 48.17905984830148 5
1694740507737 37.919158243532195 6
1694740508086 29.95959494912851 7
1694740508479 23.78444129518608 8
1694740508862 18.993504225122823 9
1694740509176 15.276361398115428 10
1694740509524 12.392221730754379 11
1694740509820 10.154304356560782 12
1694740510112 8.417722235401751 13
1694740510473 7.070084101128452 14
1694740510792 6.024204857866052 15
1694740511142 5.212451373858416 16
1694740511487 4.582356757995986 17
1694740511807 4.093218526792397 18
1694740512093 3.71345992167204 19
1694740512362 3.418583162211491 20
1694740512681 3.189581834826658 21
1694740512945 3.011709411486145 22
1694740513199 2.8735240031382006 23
1694740513497 2.766147377560712 24
1694740513791 2.6826901746464724 25
1694740514169 2.6178060360610904 26
1694740514552 2.567345730642815 27
1694740515016 2.5280888447038152 28
1694740515342 2.4975356385944383 29
1694740515691 2.473745574087552 30
1694740515981 2.4552120446371983 31
1694740516311 2.4407651888379642 32
1694740516666 2.4294964888505 33
1694740516994 2.420700268364516 34
1694740517325 2.4138283005235284 35
1694740517637 2.4084545862459774 36
1694740517972 2.4042480227009446 37
1694740518425 2.4009511931144423 38
1694740518823 2.398363905776729 39
1694740519243 2.3963304178300526 40
1694740519644 2.3947295181028796 41
1694740519945 2.393466828405424 42
1694740520253 2.392468826322566 43
1694740520609 2.3916782039498576 44
1694740520896 2.3910502634421045 45
1694740521171 2.390550117286767 46
1694740521524 2.3901505132234377 47
1694740521904 2.389830144078114 48
1694740522229 2.3895723340824007 49
1694740522545 2.3893640175320634 50
1694740522900 2.389194944480213 51
1694740523262 2.3890570627785896 52
