1694743763303 168.8726089431785 0
1694743763631 8.476765065022441 1
1694743764009 69.16339488861145 2
1694743764353 11.561213841217093 3
1694743764689 32.13435926737302 4
1694743765020 10.465428874095242 5
1694743765407 16.81956034807286 6
1694743765760 8.213383541637384 7
1694743766121 9.842976742393617 8
1694743766494 6.203385380782453 9
1694743766849 6.408820430544702 10
1694743767211 4.758767782270545 11
1694743767542 4.618224189916654 12
1694743767886 3.8153015612515424 13
1694743768265 3.6461769455520376 14
1694743768671 3.22910002916648 15
1694743768965 3.1039733374826195 16
1694743769269 2.874982690704036 17
1694743769689 2.796073243384218 18
1694743769981 2.664620057697434 19
1694743770297 2.619146157916822 20
1694743770694 2.540962885033781 21
1694743770998 2.51665582505789 22
1694743771284 2.4687876285477066 23
1694743771617 2.4569333190461387 24
1694743771949 2.4268839718471606 25
1694743772398 2.4219628223652703 26
1694743772716 2.402665791146294 27
1694743773090 2.4013916170314533 28
1694743773430 2.3887313812741415 29
1694743773737 2.3892307318167756 30
1694743774080 2.380753224437488 31
1694743774398 2.3819995644574763 32
1694743774797 2.3762115711779854 33
1694743775070 2.377668260479133 34
1694743775442 2.3736440915074914 35
1694743775761 2.3750495293773684 36
1694743776040 2.3722047220031572 37
1694743776331 2.3734469149501036 38
1694743776668 2.3714055588935845 39
1694743776985 2.3724506071266163 40
1694743777358 2.370966338208689 41
1694743777766 2.3718185859226537 42
1694743778070 2.3707268682310993 43
1694743778384 2.3714072898441034 44
1694743778744 2.370596188883966 45
1694743779049 2.3711310961625394 46
1694743779385 2.3705231129976885 47
1694743779787 2.370938593704075 48
1694743780143 2.3704791947191337 49
1694743780491 2.3707986582624136 50
1694743780834 2.3704489091372545 51
1694743781155 2.370692259173432 52
1694743781453 2.3704240093266837 53
1694743781821 2.3706076223899086 54
1694743782128 2.3704002984852672 55
1694743782440 2.370537363317617 56
1694743782759 2.370375794786241 57
1694743783116 2.3704767785099876 58
1694743783520 2.3703496967303024 59
1694743783911 2.370422821299756 60
1694743784228 2.3703218065984886 61
1694743784620 2.370373482686189 62
1694743784965 2.370292214518163 63
1694743785282 2.3703274135547656 64
1694743785597 2.3702611295961162 65
1694743785939 2.3702836915132477 66
1694743786296 2.3702287931107544 67
