1694735679712 60.25567655886617 0
1694735679959 18.78622706657357 1
1694735680135 8.0883746440283 2
1694735680284 6.474936316320248 3
1694735680437 2.4133835983003316 4
1694735680674 3.3280752284375557 5
1694735680903 2.8529000776456788 6
1694735681116 3.6920652398832168 7
1694735681280 1.8686221236640514 8
1694735681439 2.609676039171497 9
1694735681674 1.5047958031506907 10
1694735681931 2.796832341951881 11
1694735682142 2.3394567059379696 12
1694735682358 2.155344241495664 13
1694735682583 1.4435941472610911 14
1694735682747 1.2546985730033935 15
1694735682891 2.6478971576351706 16
1694735683119 2.2067929785647213 17
1694735683283 2.723625170579731 18
1694735683545 3.1897043841002777 19
1694735683824 2.6959282957731623 20
1694735684066 2.181780255033256 21
