1694750876798 nan 0
1694750877123 nan 1
1694750877551 nan 2
1694750877935 nan 3
1694750878286 nan 4
1694750878564 nan 5
1694750878883 nan 6
1694750879231 nan 7
1694750879518 nan 8
1694750879895 nan 9
1694750880238 nan 10
1694750880630 nan 11
1694750880954 nan 12
1694750881265 nan 13
1694750881531 nan 14
1694750881869 nan 15
1694750882252 nan 16
1694750882522 nan 17
1694750882833 nan 18
1694750883112 nan 19
1694750883425 nan 20
1694750883682 nan 21
1694750883973 nan 22
1694750884345 nan 23
1694750884557 nan 24
1694750884849 nan 25
1694750885255 nan 26
1694750885671 nan 27
1694750885986 nan 28
1694750886302 nan 29
1694750886659 nan 30
1694750887016 nan 31
1694750887372 nan 32
1694750887667 nan 33
1694750887982 nan 34
1694750888321 nan 35
1694750888603 nan 36
1694750888947 nan 37
1694750889230 nan 38
1694750889559 nan 39
1694750889831 nan 40
1694750890176 nan 41
1694750890417 nan 42
1694750890643 nan 43
1694750891019 nan 44
1694750891341 nan 45
1694750891661 nan 46
1694750891983 nan 47
1694750892297 nan 48
1694750892593 nan 49
1694750892999 nan 50
1694750893404 nan 51
1694750893717 nan 52
1694750894093 nan 53
1694750894439 nan 54
1694750894756 nan 55
1694750895200 nan 56
1694750895627 nan 57
1694750895937 nan 58
1694750896279 nan 59
1694750896643 nan 60
1694750896961 nan 61
1694750897329 nan 62
1694750897809 nan 63
1694750898166 nan 64
1694750898648 nan 65
1694750899050 nan 66
1694750899402 nan 67
1694750899738 nan 68
1694750900178 nan 69
1694750900711 nan 70
1694750901082 nan 71
1694750901517 nan 72
1694750901957 nan 73
1694750902428 nan 74
1694750902817 nan 75
1694750903178 nan 76
1694750903572 nan 77
1694750903879 nan 78
1694750904168 nan 79
1694750904555 nan 80
1694750904827 nan 81
1694750905239 nan 82
1694750905616 nan 83
1694750905912 nan 84
1694750906297 nan 85
1694750906610 nan 86
1694750907008 nan 87
1694750907355 nan 88
1694750907710 nan 89
1694750907982 nan 90
1694750908259 nan 91
1694750908601 nan 92
1694750908897 nan 93
1694750909254 nan 94
1694750909558 nan 95
1694750909876 nan 96
1694750910185 nan 97
1694750910477 nan 98
1694750910814 nan 99
1694750911049 nan 100
1694750911420 nan 101
1694750911738 nan 102
1694750912009 nan 103
1694750912296 nan 104
1694750912570 nan 105
1694750912859 nan 106
1694750913088 nan 107
1694750913394 nan 108
1694750913764 nan 109
1694750914045 nan 110
1694750914348 nan 111
1694750914648 nan 112
1694750914934 nan 113
1694750915297 nan 114
1694750915544 nan 115
1694750915907 nan 116
1694750916237 nan 117
1694750916570 nan 118
1694750916885 nan 119
1694750917107 nan 120
1694750917415 nan 121
1694750917696 nan 122
1694750918025 nan 123
1694750918305 nan 124
1694750918608 nan 125
1694750918890 nan 126
1694750919103 nan 127
1694750919361 nan 128
1694750919607 nan 129
1694750919905 nan 130
1694750920205 nan 131
1694750920529 nan 132
1694750920851 nan 133
1694750921093 nan 134
1694750921516 nan 135
1694750921823 nan 136
1694750922137 nan 137
1694750922563 nan 138
1694750922870 nan 139
1694750923151 nan 140
1694750923448 nan 141
1694750923793 nan 142
1694750924045 nan 143
1694750924314 nan 144
1694750924704 nan 145
1694750925052 nan 146
1694750925360 nan 147
1694750925713 nan 148
1694750926040 nan 149
1694750926279 nan 150
1694750926557 nan 151
1694750926977 nan 152
1694750927203 nan 153
1694750927435 nan 154
1694750927772 nan 155
1694750928033 nan 156
1694750928335 nan 157
1694750928641 nan 158
1694750928955 nan 159
1694750929270 nan 160
1694750929476 nan 161
1694750929733 nan 162
1694750929972 nan 163
1694750930234 nan 164
1694750930493 nan 165
1694750930806 nan 166
1694750931120 nan 167
1694750931415 nan 168
1694750931662 nan 169
1694750931925 nan 170
1694750932226 nan 171
1694750932490 nan 172
1694750932737 nan 173
1694750932968 nan 174
1694750933219 nan 175
1694750933493 nan 176
1694750933811 nan 177
1694750934066 nan 178
1694750934308 nan 179
1694750934591 nan 180
1694750934863 nan 181
1694750935225 nan 182
1694750935473 nan 183
1694750935774 nan 184
1694750936060 nan 185
1694750936300 nan 186
1694750936552 nan 187
1694750936851 nan 188
1694750937075 nan 189
1694750937282 nan 190
1694750937565 nan 191
1694750937868 nan 192
1694750938237 nan 193
1694750938658 nan 194
1694750938979 nan 195
1694750939272 nan 196
1694750939550 nan 197
1694750939903 nan 198
1694750940371 nan 199
1694750940673 nan 200
1694750941073 nan 201
1694750941478 nan 202
1694750941819 nan 203
1694750942194 nan 204
1694750942570 nan 205
1694750942905 nan 206
1694750943196 nan 207
1694750943494 nan 208
1694750943822 nan 209
1694750944153 nan 210
1694750944478 nan 211
1694750944825 nan 212
1694750945219 nan 213
1694750945538 nan 214
1694750945833 nan 215
1694750946173 nan 216
1694750946478 nan 217
1694750946764 nan 218
1694750947203 nan 219
1694750947487 nan 220
1694750947775 nan 221
1694750948359 nan 222
1694750948646 nan 223
1694750948911 nan 224
1694750949252 nan 225
1694750949616 nan 226
1694750949936 nan 227
1694750950295 nan 228
1694750950657 nan 229
1694750950881 nan 230
1694750951104 nan 231
1694750951372 nan 232
1694750951722 nan 233
1694750951979 nan 234
1694750952285 nan 235
1694750952626 nan 236
1694750952867 nan 237
1694750953149 nan 238
1694750953431 nan 239
1694750953799 nan 240
1694750954076 nan 241
1694750954398 nan 242
1694750954732 nan 243
1694750955061 nan 244
1694750955393 nan 245
1694750955731 nan 246
1694750956061 nan 247
1694750956360 nan 248
1694750956677 nan 249
1694750957007 nan 250
1694750957298 nan 251
1694750957604 nan 252
1694750957869 nan 253
1694750958244 nan 254
1694750958558 nan 255
1694750958853 nan 256
1694750959215 nan 257
1694750959580 nan 258
1694750959880 nan 259
1694750960219 nan 260
1694750960660 nan 261
1694750960964 nan 262
1694750961279 nan 263
1694750961589 nan 264
1694750961890 nan 265
1694750962208 nan 266
1694750962497 nan 267
1694750962837 nan 268
1694750963062 nan 269
1694750963298 nan 270
1694750963520 nan 271
1694750963763 nan 272
1694750964069 nan 273
1694750964396 nan 274
1694750964705 nan 275
1694750965050 nan 276
1694750965376 nan 277
1694750965685 nan 278
1694750965991 nan 279
1694750966318 nan 280
1694750966736 nan 281
1694750967120 nan 282
1694750967443 nan 283
1694750967781 nan 284
1694750968080 nan 285
1694750968388 nan 286
1694750968668 nan 287
1694750969003 nan 288
1694750969336 nan 289
1694750969676 nan 290
1694750970063 nan 291
1694750970362 nan 292
1694750970652 nan 293
1694750970898 nan 294
1694750971156 nan 295
1694750971357 nan 296
1694750971637 nan 297
1694750971930 nan 298
1694750972167 nan 299
1694750972511 nan 300
1694750972824 nan 301
1694750973097 nan 302
1694750973416 nan 303
1694750973766 nan 304
1694750974074 nan 305
1694750974352 nan 306
1694750974624 nan 307
1694750974938 nan 308
1694750975317 nan 309
1694750975649 nan 310
1694750976071 nan 311
1694750976362 nan 312
1694750976725 nan 313
1694750977084 nan 314
1694750977333 nan 315
1694750977636 nan 316
1694750977965 nan 317
1694750978275 nan 318
1694750978518 nan 319
1694750978807 nan 320
1694750979139 nan 321
1694750979392 nan 322
1694750979678 nan 323
1694750979980 nan 324
1694750980242 nan 325
1694750980523 nan 326
1694750980860 nan 327
1694750981149 nan 328
1694750981402 nan 329
1694750981734 nan 330
1694750982113 nan 331
1694750982391 nan 332
1694750982766 nan 333
1694750983096 nan 334
1694750983478 nan 335
1694750983719 nan 336
1694750984058 nan 337
1694750984336 nan 338
1694750984601 nan 339
1694750985054 nan 340
1694750985371 nan 341
1694750985678 nan 342
1694750986023 nan 343
1694750986353 nan 344
1694750986587 nan 345
1694750986950 nan 346
1694750987348 nan 347
1694750987618 nan 348
1694750987926 nan 349
1694750988342 nan 350
1694750988571 nan 351
1694750988880 nan 352
1694750989132 nan 353
1694750989402 nan 354
1694750989766 nan 355
1694750990007 nan 356
1694750990318 nan 357
1694750990648 nan 358
1694750990973 nan 359
1694750991300 nan 360
1694750991691 nan 361
1694750991998 nan 362
1694750992307 nan 363
1694750992522 nan 364
1694750992803 nan 365
1694750993101 nan 366
1694750993430 nan 367
1694750993730 nan 368
1694750994196 nan 369
1694750994521 nan 370
1694750994813 nan 371
1694750995249 nan 372
1694750995541 nan 373
1694750995813 nan 374
1694750996066 nan 375
1694750996444 nan 376
1694750996712 nan 377
1694750997133 nan 378
1694750997512 nan 379
1694750997771 nan 380
1694750998127 nan 381
1694750998552 nan 382
1694750998829 nan 383
1694750999107 nan 384
1694750999429 nan 385
1694750999736 nan 386
1694751000119 nan 387
1694751000633 nan 388
1694751001083 nan 389
1694751001520 nan 390
1694751001876 nan 391
1694751002338 nan 392
1694751002768 nan 393
1694751003316 nan 394
1694751003749 nan 395
1694751004161 nan 396
1694751004554 nan 397
1694751004905 nan 398
1694751005423 nan 399
1694751005795 nan 400
1694751006122 nan 401
1694751006465 nan 402
1694751006945 nan 403
1694751007238 nan 404
1694751007722 nan 405
1694751008064 nan 406
1694751008425 nan 407
1694751008832 nan 408
1694751009121 nan 409
1694751009499 nan 410
1694751010023 nan 411
1694751010356 nan 412
1694751010723 nan 413
1694751011094 nan 414
1694751011431 nan 415
1694751011816 nan 416
1694751012265 nan 417
1694751012651 nan 418
1694751012985 nan 419
1694751013410 nan 420
1694751013864 nan 421
1694751014209 nan 422
1694751014671 nan 423
1694751014987 nan 424
1694751015441 nan 425
1694751015896 nan 426
1694751016358 nan 427
1694751016805 nan 428
1694751017112 nan 429
1694751017393 nan 430
1694751017753 nan 431
1694751018058 nan 432
1694751018311 nan 433
1694751018631 nan 434
1694751018978 nan 435
1694751019210 nan 436
1694751019476 nan 437
1694751019780 nan 438
1694751020159 nan 439
1694751020495 nan 440
1694751020780 nan 441
1694751021094 nan 442
1694751021389 nan 443
1694751021699 nan 444
1694751022010 nan 445
1694751022263 nan 446
1694751022518 nan 447
1694751022786 nan 448
1694751023071 nan 449
1694751023393 nan 450
1694751023715 nan 451
1694751024065 nan 452
1694751024321 nan 453
1694751024648 nan 454
1694751024919 nan 455
1694751025326 nan 456
1694751025714 nan 457
1694751026062 nan 458
1694751026510 nan 459
1694751026981 nan 460
1694751027283 nan 461
1694751027577 nan 462
1694751027951 nan 463
1694751028291 nan 464
1694751028617 nan 465
1694751028905 nan 466
1694751029173 nan 467
1694751029456 nan 468
1694751029832 nan 469
1694751030199 nan 470
1694751030548 nan 471
1694751030924 nan 472
1694751031233 nan 473
1694751031701 nan 474
1694751032128 nan 475
1694751032463 nan 476
1694751032788 nan 477
1694751033104 nan 478
1694751033357 nan 479
1694751033622 nan 480
1694751033891 nan 481
1694751034186 nan 482
1694751034446 nan 483
1694751034821 nan 484
1694751035247 nan 485
1694751035555 nan 486
1694751035894 nan 487
1694751036228 nan 488
1694751036499 nan 489
1694751036773 nan 490
1694751037166 nan 491
1694751037552 nan 492
1694751038005 nan 493
1694751038443 nan 494
1694751038713 nan 495
1694751039248 nan 496
1694751039696 nan 497
1694751040028 nan 498
1694751040443 nan 499
