1694733629665 168.87260894317848 0
1694733629954 131.56571866950588 1
1694733630246 118.60318994156542 2
1694733630552 105.88013268396274 3
1694733630815 94.61402071453693 4
1694733631146 84.57160721756401 5
1694733631526 75.62389103854065 6
1694733631827 67.65123904535069 7
1694733632167 60.547347522157786 8
1694733632531 54.21749065065967 9
1694733632841 48.57727525587236 10
1694733633213 43.55151259315546 11
1694733633726 39.07321434126506 12
1694733634155 35.082698060728156 13
1694733634483 31.526790245866284 14
1694733634823 28.358116318776446 15
1694733635128 25.534468080196618 16
1694733635488 23.018240166758535 17
1694733635832 20.77592798611489 18
1694733636092 18.777680422802664 19
1694733636394 16.9969013394657 20
1694733636734 15.409894549982806 21
1694733637053 13.995547521843513 22
1694733637348 12.735049582543313 23
1694733637641 11.611640865746065 24
1694733637945 10.61038864364363 25
1694733638328 9.717988057818253 26
1694733638791 8.922584586870808 27
1694733639081 8.213615879472533 28
1694733639456 7.581670840210079 29
1694733639807 7.018364086079237 30
1694733640094 6.516224096822259 31
1694733640449 6.0685935652399765 32
1694733640770 5.66954061658779 33
1694733641060 5.313779711361097 34
1694733641387 4.99660117513142 35
1694733641743 4.713808414336921 36
1694733642085 4.461661979600859 37
1694733642419 4.236829729619717 38
1694733642762 4.036342430151811 39
1694733643092 3.8575541952360197 40
1694733643463 3.6981072424482244 41
1694733643771 3.5559004916251045 42
1694733644028 3.4290615878200774 43
1694733644342 3.3159219749911992 44
1694733644664 3.2149946876657833 45
1694733644999 3.1249545641266074 46
1694733645339 3.0446206170043886 47
1694733645651 2.9729403259726763 48
1694733645916 2.9089756429098133 49
1694733646210 2.8518905227606255 50
1694733646574 2.800939813703809 51
1694733646917 2.755459358381617 52
1694733647228 2.7148571741190763 53
1694733647640 2.678605594466318 54
1694733647976 2.6462342672325154 55
1694733648271 2.617323915614537 56
1694733648607 2.5915007792107168 57
1694733648932 2.5684316607859614 58
1694733649239 2.547819512740393 59
1694733649596 2.5293995044373645 60
1694733649935 2.5129355179647512 61
1694733650188 2.498217025621127 62
1694733650483 2.4850563075126657 63
1694733650804 2.4732859721849407 64
1694733651059 2.4627567472572025 65
1694733651376 2.453335510629041 66
1694733651762 2.4449035360386766 67
1694733652089 2.437354929611483 68
1694733652415 2.430595236584715 69
1694733652796 2.4245401996640394 70
1694733653100 2.419114652489449 71
1694733653446 2.4142515334896326 72
1694733653769 2.4098910070088837 73
1694733654049 2.4059796800205566 74
1694733654374 2.402469904015087 75
1694733654650 2.399319152785626 76
1694733654912 2.396489467845624 77
1694733655256 2.393946964113654 78
1694733655586 2.391661389303513 79
1694733655957 2.3896057311727965 80
1694733656273 2.3877558674203865 81
1694733656702 2.3860902535909694 82
1694733657030 2.384589644850543 83
1694733657357 2.3832368479475137 84
1694733657714 2.3820165000755416 85
1694733658039 2.3809148717120054 86
1694733658386 2.379919690824743 87
1694733658769 2.3790199861236982 88
1694733659131 2.378205947287153 89
1694733659434 2.377468800317689 90
1694733659716 2.3768006963838877 91
1694733660074 2.3761946126827858 92
1694733660399 2.375644264017575 93
1694733660836 2.3751440239271266 94
1694733661227 2.3746888543305524 95
1694733661655 2.374274242762831 96
1694733662005 2.3738961463780357 97
1694733662326 2.3735509419863035 98
1694733662640 2.3732353814704785 99
1694733662983 2.372946551999501 100
1694733663275 2.372681840518974 101
1694733663711 2.372438902055831 102
1694733664061 2.3722156314243383 103
1694733664318 2.372010137965515 104
1694733664668 2.371820722992021 105
1694733665003 2.3716458596461703 106
1694733665295 2.3714841749104623 107
1694733665600 2.3713344335383146 108
1694733665912 2.3711955236978777 109
1694733666195 2.3710664441442817 110
1694733666531 2.370946292755679 111
1694733666877 2.3708342562862974 112
1694733667175 2.3707296012056163 113
1694733667479 2.370631665506948 114
1694733667838 2.370539851381353 115
1694733668193 2.3704536186640652 116
1694733668497 2.370372478970648 117
1694733668846 2.3702959904490504 118
1694733669163 2.3702237530816994 119
1694733669487 2.3701554044788886 120
1694733669830 2.370090616111049 121
1694733670184 2.3700290899331464 122
1694733670563 2.3699705553594894 123
1694733670899 2.3699147665517115 124
1694733671206 2.3698614999867167 125
1694733671547 2.36981055227493 126
1694733671862 2.3697617382023903 127
1694733672288 2.369714888973062 128
1694733672700 2.3696698506302654 129
1694733673097 2.369626482638406 130
1694733673500 2.3695846566081653 131
1694733673882 2.3695442551501573 132
1694733674225 2.3695051708436012 133
1694733674573 2.3694673053080555 134
1694733674954 2.3694305683674757 135
1694733675289 2.369394877297046 136
1694733675610 2.3693601561442064 137
1694733675937 2.3693263351162472 138
1694733676255 2.369293350027615 139
1694733676604 2.3692611418008247 140
1694733676917 2.369229656015494 141
1694733677261 2.3691988425006203 142
1694733677581 2.3691686549656983 143
1694733677882 2.3691390506667718 144
1694733678336 2.3691099901039028 145
1694733678656 2.3690814367469035 146
1694733678969 2.3690533567865284 147
1694733679314 2.3690257189085866 148
1694733679699 2.368998494088715 149
1694733680064 2.3689716554057885 150
1694733680394 2.3689451778721304 151
1694733680703 2.368919038278903 152
1694733681030 2.3688932150552033 153
1694733681428 2.3688676881395487 154
1694733681854 2.3688424388625635 155
1694733682253 2.3688174498398094 156
1694733682583 2.3687927048737984 157
1694733682911 2.368768188864327 158
1694733683256 2.3687438877263567 159
1694733683549 2.368719788314744 160
1694733683874 2.368695878355195 161
1694733684198 2.368672146380864 162
1694733684499 2.368648581674106 163
1694733684841 2.368625174212898 164
1694733685199 2.3686019146215345 165
1694733685524 2.3685787941252046 166
1694733685901 2.3685558045081163 167
1694733686256 2.368532938074866 168
1694733686591 2.3685101876147585 169
