1694746009948 2.5272225664706607 0
1694746010163 3.486335312178532 1
1694746010363 2.665965490956196 2
1694746010580 3.2933635237450094 3
1694746010731 3.5911762247747827 4
1694746010927 2.1561444071869356 5
1694746011220 1.4677614771085017 6
1694746011443 2.068507233349048 7
1694746011694 2.5881839672367204 8
1694746011941 1.735134332724036 9
1694746012180 2.971579988812263 10
1694746012429 1.4297031986239404 11
1694746012616 1.5186280536879435 12
1694746012829 2.5827865276664506 13
1694746013088 2.419663444618359 14
1694746013297 2.458351014582255 15
1694746013520 2.0727037948859697 16
1694746013676 1.9232561536814066 17
