1694738759792 4.1235137035838205 0
1694738760092 3.10151919424364 1
1694738760401 0.10447394957291409 2
1694738760781 6.297170579829177 3
1694738761097 0.1261405374566417 4
1694738761405 0.001415843732181897 5
1694738761728 0.18256866777489716 6
1694738762058 0.23346856188098558 7
1694738762340 0.32952127122291786 8
1694738762691 6.566738167300433 9
1694738763032 14.787592719181538 10
1694738763340 0.20663697133929218 11
1694738763662 0.11484872777211495 12
1694738763977 5.101339849214266 13
1694738764276 0.3201121454591912 14
1694738764596 1.034924345353841 15
1694738764912 3.901109099508331 16
1694738765289 0.5046818152510044 17
1694738765711 0.21647288294825953 18
1694738766024 1.2662166106289725 19
1694738766289 3.8277157041255823 20
1694738766603 5.603438932465282 21
1694738766907 1.9616873584423373 22
1694738767246 0.5328428603669552 23
1694738767593 12.272335418905461 24
1694738767899 2.5062999687797602 25
1694738768189 0.008206706457286815 26
1694738768521 4.1098058997874425 27
1694738768975 5.217045443611248 28
1694738769266 2.496281344071653 29
1694738769650 0.08199127532798714 30
1694738769967 0.07972611689231143 31
1694738770258 11.724296188635918 32
1694738770611 0.07194441503202864 33
1694738770926 0.9470956301475179 34
1694738771210 1.3523441106261405 35
1694738771497 1.7146701424703157 36
1694738771882 3.786458483810963 37
1694738772184 0.5237953199077646 38
1694738772422 0.9984276548018546 39
1694738772769 0.012014829712528532 40
1694738773055 0.7008900880542756 41
1694738773271 0.1152606230549587 42
1694738773553 3.3418574558879706 43
1694738773829 7.192328899613044e-06 44
1694738774188 0.9583085385712382 45
1694738774427 1.7485023150849286 46
1694738774691 1.109726481781724 47
1694738775011 3.6846109519208143 48
1694738775259 0.021357731676070954 49
1694738775576 0.3068174545348742 50
1694738775886 0.6235401473244946 51
1694738776251 4.084379441083362 52
1694738776509 0.0078015335691593475 53
1694738776764 0.25951435511369325 54
1694738777038 0.5578525113930527 55
1694738777331 9.830808355993028 56
1694738777571 7.287886642031188 57
1694738777824 0.6185242489391886 58
1694738778138 12.965496513594463 59
1694738778389 1.204424344117305 60
1694738778776 10.202209669363649 61
1694738779077 0.05283221964262522 62
1694738779339 0.06581482881253206 63
1694738779575 0.006004109656894141 64
1694738779815 0.3461913978014801 65
1694738780114 6.793279609855034 66
1694738780413 0.1792966022283046 67
1694738780782 0.23023099581643058 68
1694738781097 0.03615527852650346 69
1694738781374 0.32872297161989805 70
1694738781663 0.9738667679800476 71
1694738782031 0.7208836174738067 72
1694738782351 2.64725613936398 73
1694738782683 1.6722471124013187 74
1694738783083 2.79465195437167 75
1694738783373 0.0003943579616594856 76
1694738783673 1.5950370614544565 77
1694738783965 0.826613225198202 78
1694738784316 0.9340439624051926 79
1694738784598 2.033497010747697 80
1694738784842 1.0367692170959064 81
1694738785199 2.7602833033790932 82
1694738785522 0.6992768112386237 83
1694738785842 5.08535884091466 84
1694738786140 0.8200488795287022 85
1694738786426 0.9509488056844297 86
1694738786776 1.320732816496126 87
1694738787136 0.25909896819272954 88
1694738787457 0.22445983070645084 89
1694738787769 3.9598539627995346 90
1694738788030 0.011141525473576731 91
1694738788336 0.7091057369859756 92
1694738788555 0.016631744417055647 93
1694738788855 0.09369822573398821 94
1694738789174 5.54809609792689 95
1694738789580 2.024007654729785 96
1694738789841 1.931667429266358 97
1694738790080 0.5744479905252639 98
1694738790350 11.2566852086181 99
1694738790587 0.4946444922651228 100
1694738790867 0.6160458337455246 101
1694738791096 0.7887970523405926 102
1694738791344 4.773941143212481 103
1694738791574 1.4993892451447741 104
1694738791881 0.9457461328379991 105
1694738792199 1.8245785161801247 106
1694738792467 0.5270173158146625 107
1694738792730 8.000082250652598 108
1694738792981 0.4457568907756403 109
1694738793236 0.00032087601255477395 110
1694738793505 1.355737620027867 111
1694738793815 1.5376717934244535 112
1694738794159 1.3451957801428975 113
1694738794447 1.0748428419431393 114
1694738794755 1.679465521860366 115
1694738795155 0.502737566285333 116
1694738795488 0.03883346238766178 117
1694738795779 0.15954738271717905 118
1694738796085 0.22519291621997947 119
1694738796444 2.562936440105491 120
1694738796763 3.2625578443334087 121
1694738797104 3.8643489987731106 122
1694738797410 0.1355087256198105 123
1694738797725 5.868461807470045 124
1694738798032 0.646995331580931 125
1694738798393 0.6171069142344643 126
1694738798689 9.28806282100111 127
1694738798958 0.07004709504746155 128
1694738799268 0.07417535123253914 129
1694738799563 2.7307482268005088 130
1694738799831 0.6322026027682422 131
1694738800140 0.8081088058504199 132
1694738800470 3.54182410397172 133
1694738800842 0.02093487824014431 134
1694738801173 3.358731530931002 135
1694738801532 0.24119779338335343 136
1694738801806 1.0103576085262105 137
1694738802097 0.6373094698767622 138
1694738802420 0.45966979112803336 139
1694738802693 0.3804272587035916 140
1694738803026 1.5990332621606564 141
1694738803324 0.3662376197666264 142
1694738803616 0.08213525995421217 143
1694738803875 4.9811121833207235 144
1694738804184 2.6049285798138984 145
1694738804491 0.08894533757806053 146
1694738804750 0.37121932393837154 147
1694738804998 1.254956888349787 148
1694738805299 0.22723197603245773 149
1694738805631 0.0011082884381659187 150
1694738805915 0.9089355563232602 151
1694738806228 0.8354568222566694 152
1694738806527 9.818081054460956 153
1694738806787 0.13355452395894596 154
1694738807074 1.000263924015508 155
1694738807438 2.6070371491984967 156
1694738807676 3.6013761301900504 157
1694738808007 3.192814677699811 158
1694738808329 0.2697811282262444 159
1694738808647 0.22515149101502888 160
1694738808951 5.242052289995049 161
1694738809252 1.8937659190685634 162
1694738809628 9.253731628884193 163
1694738809866 14.041814973126561 164
1694738810186 0.13002581576786404 165
1694738810495 4.538860576053933 166
1694738810774 0.09382019818716666 167
1694738811028 0.01694732069475684 168
1694738811326 0.0009430566827116723 169
1694738811636 0.12376218540318151 170
1694738811971 0.7350529487290818 171
1694738812261 0.3285846711630564 172
1694738812607 0.3149732969075971 173
1694738812856 0.00794497996576043 174
1694738813178 0.1917080436735456 175
1694738813418 0.09560079525362943 176
1694738813716 1.3680562417544895 177
1694738813987 0.011823407130513526 178
1694738814295 3.5423971046206906 179
1694738814618 0.06809346409704187 180
1694738814836 1.3458083744018523 181
1694738815138 3.072397150721414 182
1694738815492 0.7530879992991134 183
1694738815740 5.289982318696282 184
1694738815994 5.274842942236687 185
1694738816380 0.5189528769734014 186
1694738816695 4.138576347082328 187
1694738816961 0.36998505972491996 188
1694738817350 0.06250688235484993 189
1694738817653 1.0014994728271291 190
1694738817916 1.6564155627717791 191
1694738818222 0.2658095934170313 192
1694738818619 0.3107256635557027 193
1694738818888 2.2426676030383876 194
1694738819160 1.5866433744224342 195
1694738819449 0.9464074846079709 196
1694738819759 3.1331155176897814 197
1694738820018 0.21535889467543778 198
1694738820361 1.3619370681488938 199
1694738820791 5.718167910575743 200
1694738821097 7.622175302457679 201
1694738821396 0.052470502156104624 202
1694738821796 5.497599895378678 203
1694738822094 1.0524075837564721 204
1694738822470 0.01884752961903313 205
1694738822818 0.001186945226684866 206
1694738823100 0.05323672160417325 207
1694738823410 7.277435310526075 208
1694738823728 0.18656457182050626 209
1694738824018 5.711285062155667 210
1694738824357 0.15507454648829705 211
1694738824670 1.5459807569255148 212
1694738824956 5.0586297369562825 213
1694738825343 0.009442177629254474 214
1694738825694 0.15120649911960032 215
1694738825970 1.6762042688036656 216
1694738826252 0.5836148918716225 217
1694738826570 0.0006797219297988273 218
1694738826868 0.5864554780835498 219
1694738827164 0.45145212403328777 220
1694738827500 1.0294890967725476 221
1694738827849 6.336178086475864e-05 222
1694738828204 0.2903075310679814 223
1694738828554 0.6152447082330182 224
1694738828846 0.9711337619319016 225
1694738829076 4.4117696407601645 226
1694738829325 0.5681785123942718 227
1694738829692 1.4216633095137956 228
1694738829996 4.487196584154672 229
1694738830276 0.4577243426477086 230
1694738830559 7.623044357544185 231
1694738830889 0.20822047712943959 232
1694738831118 3.4380202010145715 233
1694738831349 7.884782203339191 234
1694738831619 1.192962077580952 235
1694738831989 2.7120029159478642 236
1694738832208 1.2280441759140577 237
1694738832419 0.24193367474734886 238
1694738832712 17.019628969964288 239
1694738833028 2.293373589630005 240
1694738833313 0.08636485382601057 241
1694738833566 1.5121479391258992 242
1694738833875 0.09680313276216021 243
1694738834242 11.130630048525141 244
1694738834548 0.9069135369677896 245
1694738834846 1.5191930288132147 246
1694738835168 0.10828253410800161 247
1694738835553 0.7799876932492582 248
1694738835805 0.2868780293026936 249
1694738836061 4.069376358369227 250
1694738836348 0.4844765459066973 251
1694738836604 2.517259353153031 252
1694738836878 0.4624028223566203 253
1694738837184 0.7064842390858009 254
1694738837485 0.5428962936358118 255
1694738837796 0.9919091099789915 256
1694738838090 13.091475717757437 257
1694738838358 9.713995978920142 258
1694738838733 0.03691434897901862 259
1694738839052 0.1416540916084667 260
1694738839365 17.89389051431721 261
1694738839686 7.471635424135516 262
1694738840007 5.775415231625713 263
1694738840288 0.10568918919726861 264
1694738840620 0.9360160709993811 265
1694738840962 0.054009859577343985 266
1694738841196 6.041020556660273 267
1694738841454 0.34181636642881497 268
1694738841727 0.037905427576271314 269
1694738841991 5.233215082264532 270
1694738842235 2.6013920474513266 271
1694738842495 0.06662866581548146 272
1694738842828 0.25750118768863833 273
1694738843185 1.402274440623865 274
1694738843510 0.09768029198631807 275
1694738843858 0.8082019798827047 276
1694738844117 1.0182610759763928 277
1694738844339 0.0677279716524135 278
1694738844623 1.3025043764406776 279
1694738844877 0.29308147631000486 280
1694738845176 0.44495158764102566 281
1694738845418 0.017676214311907596 282
1694738845775 3.8044322504567853 283
1694738846041 0.00024846141308513 284
1694738846277 0.007733404080317293 285
1694738846537 2.1605292536259713 286
1694738846865 0.6039753919054183 287
1694738847166 0.050891862524685826 288
1694738847485 8.505393805350954 289
1694738847832 0.44351791537569657 290
1694738848111 1.162477269171426 291
1694738848399 0.3714429527697451 292
1694738848733 0.6583882520804953 293
1694738849059 0.05014655942707588 294
1694738849329 0.8194733873060577 295
1694738849628 0.5293896905064792 296
1694738850032 2.231230348532058 297
1694738850356 0.0019455927774483768 298
1694738850679 4.433200935519872 299
1694738851029 0.03879163457303054 300
1694738851310 0.10190194766116617 301
1694738851573 6.671383460190414 302
1694738851930 1.6671482886504527 303
1694738852246 0.4818550801856831 304
1694738852479 0.2500065912372142 305
1694738852741 0.7266471720313408 306
1694738853068 2.913350660124407 307
1694738853375 0.37122620513838944 308
1694738853664 2.4142512403258847 309
1694738854010 0.00029155165273149285 310
1694738854338 0.11797129652475911 311
1694738854599 3.1039974137139406 312
1694738854840 0.6046012593784876 313
1694738855169 0.01696310869495461 314
1694738855536 8.763253904292942 315
1694738855815 2.859512866239957 316
1694738856171 0.9683689792591004 317
1694738856494 0.5133950419223359 318
1694738856774 0.01760446656528383 319
1694738857123 2.4845846647195677 320
1694738857465 0.037183612296430434 321
1694738857731 0.04053576897953685 322
1694738857995 1.0504535631080647 323
1694738858235 0.9175568034445257 324
1694738858591 5.681613751338429 325
1694738858850 8.771976594745531 326
1694738859134 1.3449743654663866 327
1694738859449 6.43596506835401 328
1694738859691 5.581655869519346 329
1694738859939 0.11391400425101647 330
1694738860192 0.0021753041185551126 331
1694738860437 0.16853851315991142 332
1694738860765 0.009125405092956148 333
1694738861078 0.0840841853106711 334
1694738861397 1.5580668914910432 335
1694738861699 2.4066193697505462 336
1694738861943 6.129145020480076 337
1694738862362 0.5327983198113325 338
1694738862643 6.384259401228606 339
1694738862979 2.461596038029832 340
1694738863301 2.5308161592831717 341
1694738863601 0.7266591081078531 342
1694738863863 0.027351950023763796 343
1694738864184 0.6281724370999743 344
1694738864512 0.43574494480190756 345
1694738864761 0.029311096288296548 346
1694738865104 2.204381938805475 347
1694738865471 0.06056788630377749 348
1694738865741 0.8894315963885391 349
1694738866088 0.03746909065346301 350
1694738866417 1.2954741300738701 351
1694738866730 0.263927003043756 352
1694738866995 3.207819614648346 353
1694738867388 0.06390986749647279 354
1694738867694 2.1552941945498683 355
1694738868003 2.838866939576689 356
1694738868299 1.353056451540751 357
1694738868580 0.008019954029186182 358
1694738868874 3.465187106380108 359
1694738869210 0.6554354675948829 360
1694738869582 0.030639265246572366 361
1694738869869 0.6611584596649317 362
1694738870233 8.975342900072079 363
1694738870554 0.18234763989654096 364
1694738870846 0.43368158739909873 365
1694738871160 0.4063652279860087 366
1694738871496 1.2419650517352774 367
1694738871835 0.01842793783489753 368
1694738872153 1.9422329925618445 369
1694738872477 1.6619646867141598 370
1694738872752 2.37446260037768 371
1694738872997 0.4983511577577375 372
1694738873261 2.9440475093483345 373
1694738873579 2.14269430493125 374
1694738873924 0.1797012117782574 375
1694738874245 1.0602109685113599 376
1694738874662 0.7759692612385019 377
1694738874947 0.01836535474461361 378
1694738875268 3.2373031432660437 379
1694738875665 3.4299984803358337 380
1694738875927 0.5260364933429069 381
1694738876282 0.054888309251697895 382
1694738876624 0.044427320092601516 383
1694738876881 7.428066742167318 384
1694738877262 0.15711051116734578 385
1694738877599 2.963425022046949 386
1694738877891 0.41181977288720306 387
1694738878206 0.6181528986497806 388
1694738878545 0.03423586121543967 389
1694738878877 0.23253899459488067 390
1694738879202 1.3975517764763152 391
1694738879526 1.8790420216321473 392
1694738879835 0.0768380035091446 393
1694738880168 0.004323089987849586 394
1694738880443 0.10142369684204895 395
1694738880741 2.5053663395735617 396
1694738880975 1.4791972967074016 397
1694738881191 0.4728355559870507 398
1694738881510 2.897695929935794 399
1694738881810 5.721243609543944 400
1694738882079 1.0444381775122806 401
1694738882394 7.083471287893339 402
1694738882762 0.48514538161988063 403
1694738883048 3.1863920025266106 404
1694738883309 2.347119156919045 405
1694738883548 0.009828665449027031 406
1694738883832 4.297247797227875 407
1694738884068 0.03878567526509527 408
1694738884349 2.752520987285204 409
1694738884649 2.5748988340633017 410
1694738884938 1.1676057870819179 411
1694738885311 1.9000237709393177 412
1694738885702 3.585253354932391 413
1694738885941 0.06514810408033961 414
1694738886178 1.313671374516894 415
1694738886414 0.09068560833665953 416
1694738886658 1.1049599340735903 417
1694738886884 5.274903503335989 418
1694738887102 2.7207415170330216 419
1694738887502 5.187215641632838 420
1694738887752 1.0094942208968558 421
1694738888006 3.8638300698941923 422
1694738888214 1.384977653037622 423
1694738888441 0.8322984094593348 424
1694738888768 0.06754800329289913 425
1694738889066 0.025634186602732003 426
1694738889303 3.9430363133047455 427
1694738889626 2.387770634154578 428
1694738889946 2.679794748670127 429
1694738890191 6.117580280981385 430
1694738890511 1.8661635500362714 431
1694738890834 0.20802170828290054 432
1694738891124 0.1535149524434267 433
1694738891434 1.3272340453182316 434
1694738891804 0.0031718414837023806 435
1694738892099 9.072212180573588 436
1694738892341 1.9636707908932831 437
1694738892618 4.8061287096021195 438
1694738892894 0.9395323610897559 439
1694738893212 0.018866288968835687 440
1694738893504 4.893182889710979 441
1694738893799 4.372597506048479 442
1694738894137 0.05896878865224705 443
1694738894400 0.8498138677641498 444
1694738894659 1.7650500848512207 445
1694738894949 1.4066827955919534 446
1694738895212 0.354211885783719 447
1694738895473 0.7667665341934913 448
1694738895779 1.0783523624577729 449
1694738896137 0.5810493183727538 450
1694738896459 0.3077582510758769 451
1694738896745 3.8976736779168935 452
1694738897033 1.1288579485900656 453
1694738897335 0.3249904218276348 454
1694738897662 1.299754727953386 455
1694738897958 0.38233242345875806 456
1694738898217 4.017594812750844 457
1694738898563 0.38784936075942883 458
1694738898980 9.52278158224024 459
1694738899260 0.27748974195648546 460
1694738899587 0.09193752587388887 461
1694738899889 1.0406618634308962 462
1694738900176 0.30064081699515716 463
1694738900581 3.6856179916714624 464
1694738900907 0.5133934625631474 465
1694738901169 2.5557960030650815 466
1694738901381 3.235519351648897 467
1694738901667 3.408506054372926 468
1694738901961 6.389025809184863 469
1694738902223 1.12267737133129 470
1694738902544 0.4111104724564335 471
1694738902918 0.5891229956630742 472
1694738903184 0.7736325430932092 473
1694738903432 0.03622847838844573 474
1694738903774 3.883725272358781 475
1694738904097 1.5459427763419078 476
1694738904357 0.2885385530886827 477
1694738904694 0.3914878473648794 478
1694738905106 0.6982007143472506 479
1694738905321 0.011132242923368651 480
1694738905618 2.5848341942460142 481
1694738905948 0.0213641860422233 482
1694738906221 0.5127511489513892 483
1694738906501 1.4365629489439131 484
1694738906825 5.0171872884057835 485
1694738907208 6.643383592603292 486
1694738907454 0.15311145569271034 487
1694738907726 1.0435829326966408 488
1694738908132 4.474608657513488 489
1694738908389 0.03163607095237102 490
1694738908643 0.2133426463769242 491
1694738908953 8.977172047317083 492
1694738909281 1.182879105436654 493
1694738909581 0.6106632722930576 494
1694738909869 1.119992774275181 495
1694738910174 4.887438126628212 496
1694738910476 0.25232609264739453 497
1694738910809 0.6067828461026945 498
1694738911115 0.4706615195323259 499
