1694714262552 0.022121112069923357 0
1694714262923 0.04155927710925974 1
1694714263275 0.7804859910635915 2
1694714263568 0.00272281535968955 3
1694714263854 0.046090270112228694 4
1694714264067 0.22712250560525293 5
1694714264466 9.008881904435711 6
1694714264905 0.8180198370993924 7
1694714265313 1.5464486195529563 8
1694714265619 0.10063952580040844 9
1694714265868 5.446149138012844 10
1694714266192 0.17263328933474317 11
1694714266498 0.028021550636780572 12
1694714266782 0.1478054847754717 13
1694714267035 4.218313723040321 14
1694714267319 0.7577956424021857 15
1694714267694 0.00015237164764207264 16
1694714268021 2.3473178850340073 17
1694714268296 0.1371738591648906 18
1694714268578 3.074572114018573 19
1694714268857 0.6201057667979217 20
1694714269077 0.18299620109461387 21
1694714269366 6.349881553646198 22
1694714269682 1.727227183633556 23
1694714269974 0.0056912404163459865 24
1694714270261 1.6064219697985076 25
1694714270544 0.1599760850197856 26
1694714270836 2.896216522531095 27
1694714271052 0.13424755221643347 28
1694714271315 17.998993839328676 29
1694714271597 0.16301771942285312 30
1694714271922 0.02864537995470942 31
1694714272190 1.4849239274930353 32
1694714272473 0.5440186644323232 33
1694714272823 0.9751668713057715 34
1694714273061 2.274062932723772 35
1694714273251 11.60458988968482 36
1694714273463 8.356202697469115 37
1694714273676 1.7991957724983112 38
1694714274126 0.668095755550403 39
1694714274361 0.08997894333368005 40
1694714274585 4.51223993196475 41
1694714274893 0.13362029841807357 42
1694714275186 2.589375584412312 43
1694714275477 0.00025389721950142674 44
1694714275728 0.1360428850650968 45
1694714276033 0.3304370515287056 46
1694714276337 0.7542845359086687 47
1694714276618 1.5921042025596954 48
1694714276900 0.027554196518188193 49
1694714277151 0.04418726653651111 50
1694714277386 1.0855191230097476 51
1694714277654 0.0344660790939119 52
1694714277944 5.093723502432448 53
1694714278199 0.31828438668248493 54
1694714278501 1.9614499840453772 55
1694714278835 4.625803929572994 56
1694714279111 0.7995681891244437 57
1694714279356 0.8940432551137416 58
1694714279646 0.0034861720183651523 59
1694714279933 0.17012193655502342 60
1694714280187 0.051146031716719165 61
1694714280466 1.0541566946372896 62
1694714280736 0.8787144402402731 63
1694714281066 0.03330245379523684 64
1694714281272 0.005600348852919482 65
1694714281511 0.30865443335458775 66
1694714281755 0.0038950270550181963 67
1694714282038 1.126330908928008 68
1694714282257 0.982876975340505 69
1694714282535 4.566103302682881 70
1694714282821 5.60522717467676 71
1694714283148 0.014169447897536968 72
1694714283397 0.026725033917630314 73
1694714283706 0.18914585375524015 74
1694714283987 1.12704450665845 75
1694714284251 0.004421545346168041 76
1694714284464 0.6502438304259234 77
1694714284693 3.9782297555513226 78
1694714284925 10.54284690504124 79
1694714285221 0.5714630972346496 80
1694714285606 6.916242936211647 81
1694714285904 5.013815194004077 82
1694714286259 1.051451731391017 83
1694714286523 3.973476556175265 84
1694714286833 1.5178376839228211 85
1694714287129 0.4757522000585311 86
1694714287385 0.9352907442535268 87
1694714287654 0.3575200656509728 88
1694714287952 1.4388045976941246 89
1694714288230 0.1182168660817459 90
1694714288462 2.4621341433807458 91
1694714288723 2.413642964190167 92
1694714288996 0.7490998927309755 93
1694714289272 0.08428833392298914 94
1694714289488 0.986157505670829 95
1694714289755 0.23864257367582706 96
1694714290070 1.2461034938950792 97
1694714290331 1.317922581913225 98
1694714290550 0.7312732341740021 99
1694714290803 0.3371682579630377 100
1694714291109 0.06643516230351122 101
1694714291379 1.04180413761763 102
1694714291579 0.18006214755946207 103
1694714291848 0.27919480171529915 104
1694714292195 1.1685194282348925 105
1694714292429 0.5173415277521822 106
1694714292618 0.9963303448393672 107
1694714292869 0.05582076765651453 108
1694714293201 1.603521106692363 109
1694714293444 0.2788075120373164 110
1694714293672 0.16178242178004965 111
1694714293889 0.24327760486433245 112
1694714294134 0.7790504477402332 113
1694714294457 3.622767321848361 114
1694714294712 1.157965241995202 115
1694714295071 0.1410348294752247 116
1694714295471 0.017908151841532337 117
1694714295712 0.5945437683798801 118
1694714296024 0.5169368824892457 119
1694714296350 1.8558432401086589 120
1694714296637 0.004461300142210516 121
1694714296888 0.0005408782415247768 122
1694714297174 0.0042974489408987935 123
1694714297466 0.6782676980340524 124
1694714297721 6.589861020444359 125
1694714298023 6.409066537338027 126
1694714298309 1.8888188649953541 127
1694714298575 0.003948600177940349 128
1694714298855 0.22752385908963513 129
1694714299134 0.3942978746181136 130
1694714299419 0.28474079679954073 131
1694714299685 1.3033872953678307 132
1694714299960 0.5029886416743243 133
1694714300255 0.5692309624105278 134
1694714300515 0.382884618138 135
1694714300775 0.5895453836600962 136
1694714301083 0.13308385689112967 137
1694714301325 1.6582438516644578 138
1694714301548 0.005671619896030299 139
1694714301821 0.003424834346458031 140
1694714302081 0.060827431643054874 141
1694714302376 0.5130039604709031 142
1694714302590 5.307915452322678 143
1694714302915 0.20123501140341854 144
1694714303276 3.140805828120401 145
1694714303677 6.686564137621376 146
1694714304006 0.15673732352102404 147
1694714304434 1.4382288218302932 148
1694714304732 0.9518315325785651 149
1694714305108 0.2930730238813361 150
1694714305509 0.16838954064346517 151
1694714305806 0.2553920576175668 152
1694714306158 0.06974494507957124 153
1694714306572 0.6826572419337332 154
1694714306874 0.7327296566407454 155
1694714307182 0.29075322062233094 156
1694714307458 2.0487036277429125 157
1694714307748 6.495610148026742 158
1694714308181 5.825745705368637e-06 159
1694714308587 0.6491809445955868 160
1694714308850 2.5862878385838957 161
1694714309124 1.2815252798095003 162
1694714309413 1.9133638128035304 163
1694714309714 2.5088381181582378 164
1694714309981 0.6322946878166119 165
1694714310296 0.015012067406491357 166
1694714310594 2.1503670148907097 167
1694714310869 0.916107024995025 168
1694714311129 2.106890646750391 169
1694714311479 1.3819624063462266 170
1694714311786 0.14215749747349826 171
1694714312086 0.09278888598295204 172
1694714312447 0.023358933771034558 173
1694714312809 0.48889099610803366 174
1694714313124 3.181869516211031 175
1694714313379 0.35734271983241356 176
1694714313626 0.3386031793987157 177
1694714313912 0.5169808864786044 178
1694714314248 0.3727526248687799 179
1694714314573 0.5916329504678608 180
1694714314823 0.7535803842288912 181
1694714315126 0.0003798474183136962 182
1694714315481 2.7795268586660633 183
1694714315773 0.890423298468296 184
1694714316015 0.3991719331486895 185
1694714316469 0.36767173807294257 186
1694714316886 0.26142118241898443 187
1694714317118 0.09791236887465918 188
1694714317418 4.945577306921175 189
1694714317822 1.0573414497063558 190
1694714318028 0.03788674327270824 191
1694714318293 1.2242469293248772 192
1694714318558 0.009317653650703982 193
1694714318838 1.2366425389294455 194
1694714319065 1.0930453899468315 195
1694714319335 0.0074070139331009624 196
1694714319604 0.5175189560703332 197
1694714319953 0.09338848757916073 198
1694714320160 0.00741717588942236 199
1694714320405 0.008018188858122006 200
1694714320676 1.9060527233060927 201
1694714320986 3.9435864444119395 202
1694714321216 0.8179733303295853 203
1694714321429 1.6398757359780096 204
1694714321676 0.13258452036293908 205
1694714321897 0.10365340906675541 206
1694714322245 5.408024090401548 207
1694714322596 3.3134471922972693 208
1694714322904 0.27601965480924395 209
1694714323212 0.0010138230056098254 210
1694714323570 0.4269854241716246 211
1694714323819 1.1191474032073057 212
1694714324021 0.39814062372397 213
1694714324332 0.64108336805961 214
1694714324646 0.04916763239907209 215
1694714324919 0.587431639302497 216
1694714325227 0.5366660184576421 217
1694714325506 0.17321153980546578 218
1694714325865 0.6160593151245262 219
1694714326339 0.43700044695223783 220
1694714326727 3.8814062804703773 221
1694714326940 0.026699249141843278 222
1694714327200 1.281884297469539 223
1694714327617 1.2862257837596704 224
1694714327972 5.288761288870622e-05 225
1694714328218 0.8355370851130298 226
1694714328495 0.39838224800815164 227
1694714328833 0.013908294099954407 228
1694714329123 0.13068550262215614 229
1694714329395 0.35177780009817594 230
1694714329751 0.2764212576252643 231
1694714329999 0.341149603504275 232
1694714330262 0.36471856390047935 233
1694714330580 10.090335756654571 234
1694714330876 1.1286992789359707 235
1694714331136 1.3198991618208962 236
1694714331483 8.7967293475087 237
1694714331762 0.22225147445139243 238
1694714332043 1.7020069439680245 239
1694714332372 0.9393525840740444 240
1694714332701 5.019963495431913 241
1694714332982 0.541726820866958 242
1694714333293 1.0281957799405612 243
1694714333777 0.8310661665564913 244
1694714334026 0.27179569134531595 245
1694714334315 1.2253665924006782 246
1694714334673 0.48461263604622173 247
1694714334877 0.5490070053649874 248
1694714335102 1.10130777638951 249
1694714335346 0.00425963158530573 250
1694714335615 3.76899377105505 251
1694714335977 0.58633189856821 252
1694714336250 0.04108562717440669 253
1694714336474 1.459994512342076 254
1694714336689 0.011486738731107525 255
1694714336955 0.39757575994908245 256
1694714337202 0.01323262415715816 257
1694714337430 0.06443347950386023 258
1694714337732 0.010622579354308338 259
1694714338128 1.1947052616524574 260
1694714338414 1.450930657036893 261
1694714338709 2.9203199313484505 262
1694714338962 1.149287627186543 263
1694714339186 0.3874506595647635 264
1694714339434 0.12193087703518574 265
1694714339707 4.595809892475703 266
1694714339954 0.01910487053605156 267
1694714340246 7.20212567720035e-05 268
1694714340453 0.0637167392031482 269
1694714340668 0.0369908489487009 270
1694714340967 0.04804085113812365 271
1694714341235 0.022874357553188545 272
1694714341496 0.06177735330672599 273
1694714341797 2.415314849549586 274
1694714342075 0.002767602959035236 275
1694714342287 0.4036377364035783 276
1694714342616 0.6762208831242423 277
1694714342921 1.5680219863248175e-05 278
1694714343206 0.17865106321534371 279
1694714343468 4.889327337640117 280
1694714343735 0.3000253733992602 281
1694714344005 3.133504147538774 282
1694714344231 2.842469015143055 283
1694714344456 0.6107303409864715 284
1694714344698 0.599481431709026 285
1694714345019 1.2861209148110604 286
1694714345294 0.27058792049655533 287
1694714345594 2.082452166180735 288
1694714345916 0.2167897875934621 289
1694714346275 0.0659855197520651 290
1694714346570 0.022649266403433684 291
1694714346870 0.48151380122490967 292
1694714347193 0.328752907215417 293
1694714347425 1.0431047212106375 294
1694714347695 1.084979728499934 295
1694714348004 0.0025252808690106876 296
1694714348249 0.20195767812880203 297
1694714348455 3.5786938554840506 298
1694714348784 2.339978614359783 299
1694714349131 0.2977076021987516 300
1694714349454 1.6790233971930233 301
1694714349742 0.006086007241345243 302
1694714350016 0.06415210195138471 303
1694714350289 1.777035799423542 304
1694714350647 0.41232477095240494 305
1694714350985 3.9782756572498967 306
1694714351251 2.606683763287275 307
1694714351621 0.13226535222079153 308
1694714351900 0.3565766090118682 309
1694714352187 0.9449006916161855 310
1694714352435 4.180785307558366 311
1694714352751 0.30528985885585636 312
1694714353013 0.4455226059980726 313
1694714353286 0.19427248621987458 314
1694714353503 0.1800489593531969 315
1694714353817 1.2692064069670244 316
1694714354123 0.4565728602316049 317
1694714354341 0.7664987813775055 318
1694714354566 0.30480745029998974 319
1694714354868 0.7747278072946866 320
1694714355144 0.0785370163410191 321
1694714355529 2.419073901216943 322
1694714355808 0.7266898137975567 323
1694714356203 1.4542347592703548 324
1694714356487 0.8887343593346791 325
1694714356764 1.6771508741826466 326
1694714357032 0.018674575582377787 327
1694714357318 0.0293574380197216 328
1694714357538 0.7564764993019991 329
1694714357842 1.9121165482370777 330
1694714358151 0.714934976162135 331
1694714358413 0.018504788741558587 332
1694714358628 0.0274289628525575 333
1694714358868 0.3033160389492219 334
1694714359113 0.009117143209896943 335
1694714359360 1.1191260545449966 336
1694714359588 1.9135921326119303 337
1694714359868 0.25701813809266894 338
1694714360153 0.8072817395551638 339
1694714360538 0.0005945595890513401 340
1694714360819 0.050007089583525156 341
1694714361099 0.21340380518229649 342
1694714361348 0.020092642271638844 343
1694714361572 0.33236595992471946 344
1694714361844 0.19516222069305164 345
1694714362141 7.310820750731091 346
1694714362433 0.38641379653183855 347
1694714362727 1.880626757701122 348
1694714362983 0.004636623947766998 349
1694714363192 0.8382293671923238 350
1694714363474 4.7340790336587e-06 351
1694714363715 2.4597306148696694 352
1694714363916 0.02268517953036847 353
1694714364138 0.5723649051834652 354
1694714364431 0.046594825535215 355
1694714364657 1.7222752588752903 356
1694714365005 1.2470808816506294 357
1694714365302 0.4271528311310878 358
1694714365567 2.766091220776314 359
1694714365829 0.39656581811957303 360
1694714366164 0.1443882058164256 361
1694714366475 2.05454607804355 362
1694714366655 0.05786150483045316 363
1694714366833 0.3971896325895155 364
1694714367068 1.8949289912180256 365
1694714367317 3.1560165393766355 366
1694714367547 0.7530717601923695 367
1694714367819 2.0784182929101633 368
1694714368113 0.273656907305094 369
1694714368375 0.139949353666067 370
1694714368673 0.019490796438582987 371
1694714368955 0.4122025016336245 372
1694714369372 0.004097461765332188 373
1694714369625 0.025400102255075677 374
1694714369843 0.46986058534254693 375
1694714370066 0.006503126015925217 376
1694714370383 0.0962132840558957 377
1694714370634 0.1170512532963548 378
1694714370869 0.4583676502306466 379
1694714371153 0.040119794910406154 380
1694714371364 0.29835469245429286 381
1694714371650 7.993506107293297 382
1694714371851 0.08732488978031465 383
1694714372045 1.33048123671653 384
1694714372313 5.020933094072984 385
1694714372584 0.932022021611561 386
1694714372826 0.7393853681976627 387
1694714373113 0.37664445317769335 388
1694714373405 0.252527423713123 389
1694714373643 0.3997747268311801 390
1694714373970 1.586278274492058 391
1694714374240 0.2808248900314041 392
1694714374453 0.655494119056617 393
1694714374665 2.92826037402434 394
1694714374937 0.10359586967811328 395
1694714375248 0.055031647805560066 396
1694714375550 0.010503289078833768 397
1694714375765 0.02649992317660122 398
1694714376195 1.4894142129449122 399
1694714376508 0.874238603818825 400
1694714376741 0.032902332510467105 401
1694714376990 0.09853710301425822 402
1694714377244 0.7977781771574775 403
1694714377543 0.15939808155137153 404
1694714377760 0.4189838728488686 405
1694714378043 0.7329895551637728 406
1694714378361 0.7440369089061747 407
1694714378689 3.3295791057031727 408
1694714378899 0.8012022904740114 409
1694714379186 0.7936044833997112 410
1694714379480 3.5860828594609524 411
1694714379719 0.0029018926648442297 412
1694714379941 0.44805592268908906 413
1694714380194 0.24511621943713172 414
1694714380542 2.3053468735912017 415
1694714380768 0.2995218034381484 416
1694714380987 2.4005018059122545 417
1694714381263 0.24872274336093755 418
1694714381538 0.14107114442040294 419
1694714381791 0.5770449154524323 420
1694714382072 0.07459477765708626 421
1694714382358 2.3856220878288092 422
1694714382628 2.0951797079062056 423
1694714382860 0.08367572651472313 424
1694714383138 0.00987838383569522 425
1694714383427 0.9478495353002042 426
1694714383675 0.00044284752032533854 427
1694714383896 0.01872049613554146 428
1694714384167 0.22674991908547545 429
1694714384460 0.04950585062293451 430
1694714384736 0.28529870838412796 431
1694714384994 0.46031337063703026 432
1694714385266 0.03304852120209434 433
1694714385584 1.3412625223215031 434
1694714385821 0.0551071789478978 435
1694714386037 0.21636086830628462 436
1694714386342 1.3393194977209073 437
1694714386658 0.3987604570535881 438
1694714386968 4.1659345527509215 439
1694714387281 2.671216119721505 440
1694714387571 0.049242898910411885 441
1694714387897 0.12131917559856974 442
1694714388127 0.11447763708828583 443
1694714388332 1.4065407380202388 444
1694714388591 0.012637794404794001 445
1694714388863 0.06514925808598544 446
1694714389129 0.12707348315593553 447
1694714389465 0.1670284018059567 448
1694714389767 2.0627081136580525 449
1694714389971 2.769221870913794 450
1694714390226 2.4334540587756095 451
1694714390514 1.4602979487797043 452
1694714390823 0.27560839950240223 453
1694714391036 0.8127784973635187 454
1694714391303 1.2962346903092756 455
1694714391633 0.4369216977436085 456
1694714391961 0.10815682444567033 457
1694714392315 0.040169305451191836 458
1694714392605 0.35865400399314473 459
1694714392882 0.15396900907474817 460
1694714393099 0.22632704039770532 461
1694714393348 0.16653239873876355 462
1694714393638 0.016759808220051697 463
1694714393940 0.0664432033058066 464
1694714394163 1.5704973467684056 465
1694714394465 0.5228877580537221 466
1694714394730 1.54842655259682 467
1694714394989 0.6210905989674065 468
1694714395263 2.016827948625 469
1694714395539 0.4211824339096202 470
1694714395828 0.787315968876433 471
1694714396195 2.037791448983457 472
1694714396538 0.2394646602529851 473
1694714396821 0.2924155907364635 474
1694714397028 3.1662518661266974 475
1694714397284 2.7332797498684385 476
1694714397570 0.026445294364705375 477
1694714397853 0.011177315447046806 478
1694714398081 0.2832684975902069 479
1694714398299 0.5864237195514118 480
1694714398535 0.6012456709592794 481
1694714398808 0.10444968368183058 482
1694714399064 0.6419182671479592 483
1694714399355 5.84464118596073 484
1694714399668 0.005281730239417402 485
1694714399940 13.220263697649685 486
1694714400134 0.2887100837158355 487
1694714400356 0.9712034480709957 488
1694714400700 0.012102478529287173 489
1694714401001 0.20348893100977947 490
1694714401218 0.08875625415055313 491
1694714401499 0.7090618175075911 492
1694714401725 0.003844354307693921 493
1694714402015 0.3830295754288958 494
1694714402234 0.12855681056391144 495
1694714402479 1.5562007484868214 496
1694714402686 0.3897972159533596 497
1694714402962 0.0910723901202771 498
1694714403148 0.004888671477639222 499
