1694736284584 59.18135239412681 0
1694736284808 20.63034202153622 1
1694736285029 7.951478854339844 2
1694736285291 4.826116896482725 3
1694736285571 3.9740741155381203 4
1694736285813 4.266021753225388 5
1694736286041 2.3189757576330154 6
1694736286253 3.4634215033965083 7
1694736286482 2.4866455214360546 8
1694736286683 1.925791952841606 9
1694736286886 1.6933947137008176 10
1694736287108 1.2590030893630173 11
1694736287284 2.106628272174892 12
1694736287516 2.161699517871949 13
1694736287784 3.4493302703380726 14
1694736288038 2.3847377892681623 15
1694736288284 1.9969384726143158 16
1694736288529 2.503791946867988 17
1694736288764 2.6979311393805765 18
1694736289041 3.0887941560129453 19
