1694752355034 nan 0
1694752355301 nan 1
1694752355570 nan 2
1694752355839 nan 3
1694752356149 nan 4
1694752356381 nan 5
1694752356720 nan 6
1694752356959 nan 7
1694752357229 nan 8
1694752357414 nan 9
1694752357715 nan 10
1694752358033 nan 11
1694752358309 nan 12
1694752358553 nan 13
1694752358896 nan 14
1694752359160 nan 15
1694752359440 nan 16
1694752359676 nan 17
1694752359921 nan 18
1694752360164 nan 19
1694752360417 nan 20
1694752360717 nan 21
1694752361236 nan 22
1694752361452 nan 23
1694752361709 nan 24
1694752361951 nan 25
1694752362276 nan 26
1694752362510 nan 27
1694752362775 nan 28
1694752363032 nan 29
1694752363386 nan 30
1694752363608 nan 31
1694752363863 nan 32
1694752364191 nan 33
1694752364487 nan 34
1694752364749 nan 35
1694752365056 nan 36
1694752365376 nan 37
1694752365638 nan 38
1694752365888 nan 39
1694752366230 nan 40
1694752366490 nan 41
1694752366783 nan 42
1694752367064 nan 43
1694752367351 nan 44
1694752367575 nan 45
1694752367901 nan 46
1694752368160 nan 47
1694752368400 nan 48
1694752368651 nan 49
1694752368920 nan 50
1694752369203 nan 51
1694752369493 nan 52
1694752369755 nan 53
1694752370138 nan 54
1694752370418 nan 55
1694752370682 nan 56
1694752370961 nan 57
1694752371244 nan 58
1694752371539 nan 59
1694752371773 nan 60
1694752372025 nan 61
1694752372353 nan 62
1694752372612 nan 63
1694752372903 nan 64
1694752373209 nan 65
1694752373513 nan 66
1694752373773 nan 67
1694752374074 nan 68
1694752374426 nan 69
1694752374711 nan 70
1694752375007 nan 71
1694752375295 nan 72
1694752375588 nan 73
1694752375830 nan 74
1694752376170 nan 75
1694752376479 nan 76
1694752376788 nan 77
1694752377089 nan 78
1694752377396 nan 79
1694752377692 nan 80
1694752377990 nan 81
1694752378297 nan 82
1694752378587 nan 83
1694752378852 nan 84
1694752379157 nan 85
1694752379435 nan 86
1694752379709 nan 87
1694752379947 nan 88
1694752380254 nan 89
1694752380553 nan 90
1694752380784 nan 91
1694752381065 nan 92
1694752381354 nan 93
1694752381549 nan 94
1694752381765 nan 95
1694752381992 nan 96
1694752382275 nan 97
1694752382555 nan 98
1694752382812 nan 99
1694752383044 nan 100
1694752383339 nan 101
1694752383657 nan 102
1694752383916 nan 103
1694752384198 nan 104
1694752384472 nan 105
1694752384751 nan 106
1694752385036 nan 107
1694752385299 nan 108
1694752385644 nan 109
1694752385893 nan 110
1694752386179 nan 111
1694752386458 nan 112
1694752386779 nan 113
1694752387064 nan 114
1694752387359 nan 115
1694752387703 nan 116
1694752388016 nan 117
1694752388311 nan 118
1694752388599 nan 119
1694752388885 nan 120
1694752389168 nan 121
1694752389451 nan 122
1694752389765 nan 123
1694752390077 nan 124
1694752390359 nan 125
1694752390598 nan 126
1694752390893 nan 127
1694752391112 nan 128
1694752391400 nan 129
1694752391692 nan 130
1694752391904 nan 131
1694752392239 nan 132
1694752392509 nan 133
1694752392835 nan 134
1694752393156 nan 135
1694752393434 nan 136
1694752393699 nan 137
1694752393925 nan 138
1694752394305 nan 139
1694752394578 nan 140
1694752394812 nan 141
1694752395063 nan 142
1694752395473 nan 143
1694752395743 nan 144
1694752395980 nan 145
1694752396308 nan 146
1694752396665 nan 147
1694752396895 nan 148
1694752397164 nan 149
1694752397429 nan 150
1694752397698 nan 151
1694752398018 nan 152
1694752398275 nan 153
1694752398533 nan 154
1694752398874 nan 155
1694752399145 nan 156
1694752399428 nan 157
1694752399711 nan 158
1694752399971 nan 159
1694752400255 nan 160
1694752400600 nan 161
1694752400952 nan 162
1694752401229 nan 163
1694752401494 nan 164
1694752401791 nan 165
1694752402071 nan 166
1694752402366 nan 167
1694752402668 nan 168
1694752402929 nan 169
1694752403225 nan 170
1694752403507 nan 171
1694752403729 nan 172
1694752403949 nan 173
1694752404185 nan 174
1694752404420 nan 175
1694752404705 nan 176
1694752404969 nan 177
1694752405185 nan 178
1694752405463 nan 179
1694752405723 nan 180
1694752405972 nan 181
1694752406329 nan 182
1694752406616 nan 183
1694752406895 nan 184
1694752407111 nan 185
1694752407381 nan 186
1694752407695 nan 187
1694752407987 nan 188
1694752408195 nan 189
1694752408465 nan 190
1694752408692 nan 191
1694752408964 nan 192
1694752409246 nan 193
1694752409553 nan 194
1694752409867 nan 195
1694752410096 nan 196
1694752410409 nan 197
1694752410704 nan 198
1694752410985 nan 199
1694752411194 nan 200
1694752411472 nan 201
1694752411799 nan 202
1694752412123 nan 203
1694752412376 nan 204
1694752412723 nan 205
1694752412970 nan 206
1694752413147 nan 207
1694752413335 nan 208
1694752413555 nan 209
1694752413754 nan 210
1694752413991 nan 211
1694752414299 nan 212
1694752414554 nan 213
1694752414846 nan 214
1694752415115 nan 215
1694752415341 nan 216
1694752415537 nan 217
1694752415984 nan 218
1694752416623 nan 219
1694752416978 nan 220
1694752417266 nan 221
1694752417570 nan 222
1694752417875 nan 223
1694752418191 nan 224
1694752418480 nan 225
1694752418796 nan 226
1694752419126 nan 227
1694752419452 nan 228
1694752419746 nan 229
1694752420119 nan 230
1694752420378 nan 231
1694752420689 nan 232
1694752421067 nan 233
1694752421371 nan 234
1694752421833 nan 235
1694752422245 nan 236
1694752422587 nan 237
1694752422907 nan 238
1694752423202 nan 239
1694752423533 nan 240
1694752423941 nan 241
1694752424194 nan 242
1694752424468 nan 243
1694752424784 nan 244
1694752425065 nan 245
1694752425338 nan 246
1694752425707 nan 247
1694752426025 nan 248
1694752426368 nan 249
1694752426595 nan 250
1694752426846 nan 251
1694752427130 nan 252
1694752427390 nan 253
1694752427738 nan 254
1694752428096 nan 255
1694752428330 nan 256
1694752428617 nan 257
1694752428893 nan 258
1694752429331 nan 259
1694752429585 nan 260
1694752429833 nan 261
1694752430146 nan 262
1694752430389 nan 263
1694752430679 nan 264
1694752430972 nan 265
1694752431244 nan 266
1694752431494 nan 267
1694752431811 nan 268
1694752432117 nan 269
1694752432435 nan 270
1694752432698 nan 271
1694752432989 nan 272
1694752433254 nan 273
1694752433481 nan 274
1694752433741 nan 275
1694752434036 nan 276
1694752434330 nan 277
1694752434613 nan 278
1694752434892 nan 279
1694752435183 nan 280
1694752435558 nan 281
1694752435837 nan 282
1694752436167 nan 283
1694752436447 nan 284
1694752436820 nan 285
1694752437161 nan 286
1694752437411 nan 287
1694752437709 nan 288
1694752438149 nan 289
1694752438558 nan 290
1694752438979 nan 291
1694752439406 nan 292
1694752439800 nan 293
1694752440126 nan 294
1694752440398 nan 295
1694752440900 nan 296
1694752441337 nan 297
1694752441749 nan 298
1694752442103 nan 299
1694752442492 nan 300
1694752442853 nan 301
1694752443265 nan 302
1694752443632 nan 303
1694752443951 nan 304
1694752444352 nan 305
1694752444685 nan 306
1694752445103 nan 307
1694752445460 nan 308
1694752445812 nan 309
1694752446114 nan 310
1694752446440 nan 311
1694752446760 nan 312
1694752447167 nan 313
1694752447536 nan 314
1694752448014 nan 315
1694752448396 nan 316
1694752448818 nan 317
1694752449218 nan 318
1694752449548 nan 319
1694752449959 nan 320
1694752450376 nan 321
1694752450660 nan 322
1694752450961 nan 323
1694752451293 nan 324
1694752451611 nan 325
1694752452003 nan 326
1694752452375 nan 327
1694752452663 nan 328
1694752452982 nan 329
1694752453351 nan 330
1694752453626 nan 331
1694752454009 nan 332
1694752454323 nan 333
1694752454641 nan 334
1694752454895 nan 335
1694752455141 nan 336
1694752455454 nan 337
1694752455680 nan 338
1694752455954 nan 339
1694752456280 nan 340
1694752456616 nan 341
1694752456993 nan 342
1694752457319 nan 343
1694752457629 nan 344
1694752457880 nan 345
1694752458204 nan 346
1694752458523 nan 347
1694752458829 nan 348
1694752459182 nan 349
1694752459460 nan 350
1694752459826 nan 351
1694752460249 nan 352
1694752460644 nan 353
1694752460926 nan 354
1694752461376 nan 355
1694752461715 nan 356
1694752462095 nan 357
1694752462554 nan 358
1694752462910 nan 359
1694752463310 nan 360
1694752463790 nan 361
1694752464178 nan 362
1694752464515 nan 363
1694752464856 nan 364
1694752465169 nan 365
1694752465482 nan 366
1694752465831 nan 367
1694752466189 nan 368
1694752466574 nan 369
1694752466844 nan 370
1694752467114 nan 371
1694752467451 nan 372
1694752467850 nan 373
1694752468192 nan 374
1694752468492 nan 375
1694752468776 nan 376
1694752469071 nan 377
1694752469351 nan 378
1694752469684 nan 379
1694752469947 nan 380
1694752470274 nan 381
1694752470624 nan 382
1694752470851 nan 383
1694752471102 nan 384
1694752471379 nan 385
1694752471697 nan 386
1694752471965 nan 387
1694752472255 nan 388
1694752472656 nan 389
1694752472896 nan 390
1694752473158 nan 391
1694752473449 nan 392
1694752473749 nan 393
1694752473969 nan 394
1694752474274 nan 395
1694752474603 nan 396
1694752474937 nan 397
1694752475230 nan 398
1694752475522 nan 399
1694752475805 nan 400
1694752476055 nan 401
1694752476398 nan 402
1694752476707 nan 403
1694752477010 nan 404
1694752477342 nan 405
1694752477680 nan 406
1694752477981 nan 407
1694752478285 nan 408
1694752478645 nan 409
1694752478944 nan 410
1694752479207 nan 411
1694752479628 nan 412
1694752480010 nan 413
1694752480386 nan 414
1694752480747 nan 415
1694752481066 nan 416
1694752481352 nan 417
1694752481779 nan 418
1694752482053 nan 419
1694752482310 nan 420
1694752482642 nan 421
1694752482975 nan 422
1694752483227 nan 423
1694752483521 nan 424
1694752483931 nan 425
1694752484306 nan 426
1694752484743 nan 427
1694752485254 nan 428
1694752485689 nan 429
1694752486153 nan 430
1694752486609 nan 431
1694752487031 nan 432
1694752487364 nan 433
1694752487914 nan 434
1694752488873 nan 435
1694752489625 nan 436
1694752490154 nan 437
1694752491138 nan 438
1694752491484 nan 439
1694752491824 nan 440
1694752492123 nan 441
1694752492381 nan 442
1694752492707 nan 443
1694752493070 nan 444
1694752493383 nan 445
1694752493822 nan 446
1694752494463 nan 447
1694752494959 nan 448
1694752495345 nan 449
1694752495657 nan 450
1694752495889 nan 451
1694752496337 nan 452
1694752496632 nan 453
1694752496964 nan 454
1694752497286 nan 455
1694752497559 nan 456
1694752497970 nan 457
1694752498354 nan 458
1694752498688 nan 459
1694752499136 nan 460
1694752499471 nan 461
1694752499731 nan 462
1694752500105 nan 463
1694752500480 nan 464
1694752500798 nan 465
1694752501111 nan 466
1694752501489 nan 467
1694752501766 nan 468
1694752502310 nan 469
1694752502790 nan 470
1694752503262 nan 471
1694752503842 nan 472
1694752504242 nan 473
1694752504612 nan 474
1694752504898 nan 475
1694752505168 nan 476
1694752505502 nan 477
1694752505784 nan 478
1694752506140 nan 479
1694752506606 nan 480
1694752507045 nan 481
1694752507304 nan 482
1694752507591 nan 483
1694752507893 nan 484
1694752508307 nan 485
1694752508616 nan 486
1694752508919 nan 487
1694752509443 nan 488
1694752509848 nan 489
1694752510164 nan 490
1694752510577 nan 491
1694752510935 nan 492
1694752511230 nan 493
1694752511610 nan 494
1694752511965 nan 495
1694752512458 nan 496
1694752512837 nan 497
1694752513144 nan 498
1694752513408 nan 499
