1694715708097 171.64706869830445 0
1694715708417 8.699286080458428 1
1694715708735 2.627805477704746 2
1694715709096 2.401161530297963 3
1694715709422 2.3922823796257533 4
1694715709708 2.3915167610806773 5
1694715710038 2.3910535689781525 6
1694715710399 2.3906017801243604 7
1694715710686 2.390150551647236 8
1694715710983 2.389699479524677 9
1694715711365 2.3892485486612216 10
1694715711717 2.3887977584519016 11
1694715712073 2.388347108831642 12
1694715712501 2.3878965997554986 13
1694715712832 2.387446231179288 14
1694715713088 2.386996003058871 15
1694715713387 2.386545915350122 16
1694715713763 2.386095968008931 17
1694715714116 2.3856461609912007 18
1694715714443 2.385196494252848 19
1694715714798 2.3847469677498045 20
1694715715169 2.3842975814380147 21
1694715715497 2.3838483352734388 22
1694715715830 2.383399229212049 23
1694715716185 2.382950263209833 24
1694715716525 2.382501437222792 25
1694715716980 2.382052751206941 26
1694715717412 2.3816042051183093 27
1694715717731 2.38115579891294 28
1694715718032 2.3807075325468894 29
1694715718345 2.38025940597623 30
1694715718637 2.379811419157046 31
1694715718998 2.379363572045436 32
1694715719314 2.378915864597514 33
1694715719663 2.378468296769406 34
1694715720014 2.3780208685172544 35
1694715720357 2.377573579797212 36
1694715720691 2.3771264305654487 37
1694715721018 2.3766794207781463 38
1694715721417 2.3762325503915025 39
1694715721752 2.3757858193617274 40
1694715722109 2.375339227645045 41
1694715722494 2.3748927751976945 42
1694715722886 2.374446461975928 43
1694715723264 2.3740002879360103 44
1694715723592 2.373554253034224 45
1694715723919 2.3731083572268608 46
1694715724295 2.3726626004702296 47
1694715724585 2.3722169827206527 48
1694715724956 2.371771503934465 49
1694715725316 2.3713261640680163 50
1694715725685 2.3708809630776693 51
1694715726016 2.3704359009198033 52
1694715726380 2.3699909775508066 53
1694715726726 2.369546192927086 54
1694715727124 2.36910154700506 55
1694715727449 2.368657039741162 56
1694715727773 2.3682126710918383 57
1694715728097 2.367768441013548 58
1694715728446 2.3673243494627667 59
1694715728754 2.3668803963959824 60
1694715729284 2.3664365817696966 61
1694715729798 2.3659929055404256 62
1694715730246 2.365549367664699 63
1694715730562 2.365105968099059 64
1694715730836 2.364662706800064 65
1694715731124 2.3642195837242843 66
1694715731491 2.3637765988283053 67
1694715731791 2.363333752068726 68
1694715732133 2.3628910434021577 69
1694715732505 2.3624484727852275 70
1694715732893 2.362006040174575 71
1694715733228 2.361563745526854 72
1694715733591 2.3611215887987314 73
1694715733945 2.3606795699468903 74
1694715734233 2.360237688928024 75
1694715734526 2.3597959456988424 76
1694715734838 2.359354340216068 77
1694715735144 2.358912872436437 78
1694715735530 2.358471542316699 79
1694715735976 2.358030349813619 80
1694715736328 2.3575892948839736 81
1694715736644 2.3571483774845547 82
1694715737110 2.3567075975721674 83
1694715737544 2.35626695510363 84
1694715737913 2.3558264500357757 85
1694715738345 2.3553860823254507 86
1694715738680 2.3549458519295148 87
1694715739072 2.354505758804841 88
1694715739405 2.354065802908318 89
1694715739748 2.3536259841968454 90
1694715740118 2.353186302627339 91
1694715740472 2.3527467581567274 92
1694715740792 2.3523073507419525 93
1694715741065 2.35186808033997 94
1694715741377 2.3514289469077494 95
1694715741696 2.350989950402274 96
1694715742064 2.3505510907805407 97
1694715742426 2.3501123679995604 98
1694715742786 2.349673782016357 99
1694715743218 2.349235332787968 100
1694715743537 2.3487970202714457 101
1694715743890 2.3483588444238546 102
1694715744272 2.3479208052022735 103
1694715744588 2.3474829025637955 104
1694715744928 2.3470451364655256 105
1694715745363 2.346607506864585 106
1694715745647 2.346170013718106 107
1694715745989 2.3457326569832357 108
1694715746358 2.3452954366171355 109
1694715746649 2.3448583525769777 110
1694715746943 2.344421404819952 111
1694715747432 2.3439845933032593 112
1694715747758 2.3435479179841137 113
1694715748078 2.343111378819745 114
1694715748404 2.342674975767395 115
1694715748775 2.3422387087843197 116
1694715749205 2.341802577827788 117
1694715749546 2.3413665828550823 118
1694715749953 2.340930723823501 119
1694715750292 2.340495000690352 120
1694715750610 2.340059413412961 121
1694715750922 2.3396239619486634 122
1694715751244 2.339188646254811 123
1694715751567 2.338753466288768 124
1694715751846 2.338318422007912 125
1694715752243 2.337883513369635 126
1694715752570 2.337448740331341 127
1694715752881 2.3370141028504494 128
1694715753218 2.3365796008843915 129
1694715753521 2.3361452343906133 130
1694715753808 2.335711003326574 131
1694715754143 2.3352769076497455 132
1694715754537 2.3348429473176147 133
1694715754806 2.3344091222876804 134
1694715755141 2.3339754325174566 135
1694715755486 2.333541877964469 136
1694715755776 2.333108458586258 137
1694715756131 2.3326751743403777 138
1694715756491 2.3322420251843945 139
1694715756848 2.3318090110758893 140
1694715757232 2.331376131972456 141
1694715757643 2.3309433878317023 142
1694715758007 2.3305107786112487 143
1694715758456 2.33007830426873 144
1694715758764 2.3296459647617946 145
1694715759375 2.3292137600481024 146
1694715759671 2.32878169008533 147
1694715760056 2.328349754831164 148
1694715760454 2.3279179542433073 149
1694715760822 2.327486288279474 150
1694715761157 2.3270547568973936 151
1694715761489 2.3266233600548083 152
1694715761797 2.3261920977094723 153
1694715762127 2.325760969819155 154
1694715762462 2.325329976341639 155
1694715762753 2.3248991172347195 156
1694715763089 2.324468392456206 157
1694715763434 2.3240378019639207 158
1694715763779 2.3236073457156996 159
1694715764247 2.3231770236693916 160
1694715764710 2.3227468357828602 161
1694715765075 2.322316782013981 162
1694715765430 2.3218868623206426 163
1694715765753 2.321457076660749 164
1694715766117 2.321027424992216 165
1694715766600 2.320597907272973 166
1694715766932 2.3201685234609633 167
1694715767436 2.319739273514142 168
1694715767889 2.319310157390481 169
1694715768369 2.318881175047961 170
1694715768872 2.318452326444579 171
1694715769308 2.318023611538345 172
1694715769697 2.3175950302872823 173
1694715770070 2.317166582649427 174
1694715770441 2.3167382685828284 175
1694715770708 2.316310088045549 176
1694715771120 2.315882040995666 177
1694715771495 2.3154541273912694 178
1694715771945 2.3150263471904617 179
1694715772374 2.314598700351359 180
1694715772757 2.31417118683209 181
1694715773121 2.3137438065907996 182
1694715773669 2.3133165595856426 183
1694715773993 2.312889445774789 184
1694715774280 2.3124624651164205 185
1694715774660 2.3120356175687338 186
1694715774943 2.311608903089939 187
1694715775339 2.311182321638257 188
1694715775717 2.310755873171925 189
1694715776089 2.310329557649192 190
1694715776504 2.3099033750283193 191
1694715776873 2.3094773252675833 192
1694715777319 2.3090514083252733 193
1694715777745 2.3086256241596907 194
1694715778104 2.308199972729151 195
1694715778489 2.307774453991983 196
1694715778795 2.307349067906528 197
1694715779143 2.306923814431142 198
1694715779485 2.3064986935241922 199
1694715779804 2.3060737051440614 200
1694715780114 2.3056488492491427 201
1694715780529 2.305224125797846 202
1694715780885 2.304799534748591 203
1694715781224 2.3043750760598125 204
1694715781634 2.303950749689958 205
1694715782040 2.303526555597488 206
1694715782388 2.3031024937408775 207
1694715782789 2.302678564078612 208
1694715783114 2.302254766569194 209
1694715783489 2.301831101171135 210
1694715783860 2.3014075678429626 211
1694715784158 2.3009841665432162 212
1694715784491 2.3005608972304494 213
1694715784787 2.300137759863228 214
1694715785085 2.299714754400132 215
1694715785639 2.2992918807997524 216
1694715785988 2.2988691390206966 217
1694715786434 2.2984465290215823 218
1694715786865 2.298024050761042 219
1694715787239 2.29760170419772 220
1694715787651 2.297179489290275 221
1694715788060 2.2967574059973783 222
1694715788464 2.296335454277714 223
1694715788790 2.2959136340899806 224
1694715789229 2.295491945392888 225
1694715789591 2.2950703881451604 226
1694715789911 2.2946489623055344 227
1694715790347 2.2942276678327596 228
1694715790725 2.293806504685601 229
1694715791078 2.2933854728228322 230
1694715791455 2.292964572203244 231
1694715791835 2.2925438027856386 232
1694715792225 2.2921231645288316 233
1694715792628 2.2917026573916517 234
1694715792990 2.2912822813329394 235
1694715793386 2.2908620363115504 236
1694715793782 2.290441922286352 237
1694715794125 2.2900219392162255 238
1694715794499 2.289602087060064 239
1694715794923 2.2891823657767754 240
1694715795207 2.288762775325279 241
1694715795575 2.288343315664508 242
1694715795998 2.287923986753408 243
1694715796370 2.2875047885509385 244
1694715796751 2.287085721016072 245
1694715797168 2.2866667841077932 246
1694715797529 2.2862479777851 247
1694715797998 2.285829302007004 248
1694715798432 2.2854107567325292 249
1694715798808 2.2849923419207134 250
1694715799203 2.284574057530606 251
1694715799631 2.2841559035212704 252
1694715800017 2.2837378798517833 253
1694715800417 2.283319986481233 254
1694715800921 2.2829022233687226 255
1694715801355 2.2824845904733664 256
1694715801757 2.282067087754294 257
1694715802163 2.281649715170645 258
1694715802471 2.2812324726815745 259
1694715802838 2.2808153602462493 260
1694715803244 2.280398377823849 261
1694715803625 2.279981525373567 262
1694715803959 2.2795648028546096 263
1694715804390 2.279148210226195 264
1694715804790 2.2787317474475555 265
1694715805117 2.2783154144779356 266
1694715805519 2.2778992112765937 267
1694715805884 2.2774831378027995 268
1694715806259 2.277067194015838 269
1694715806680 2.2766513798750037 270
1694715807109 2.276235695339608 271
1694715807572 2.275820140368972 272
1694715808000 2.2754047149224315 273
1694715808313 2.2749894189593345 274
1694715808604 2.274574252439043 275
1694715808977 2.274159215320929 276
1694715809408 2.2737443075643817 277
1694715809792 2.2733295291287994 278
1694715810158 2.2729148799735954 279
1694715810546 2.272500360058195 280
1694715810846 2.2720859693420365 281
1694715811157 2.271671707784572 282
1694715811500 2.271257575345264 283
1694715811825 2.2708435719835918 284
1694715812162 2.270429697659044 285
1694715812508 2.270015952331123 286
1694715812857 2.2696023359593456 287
1694715813176 2.2691888485032394 288
1694715813634 2.2687754899223465 289
1694715814066 2.2683622601762203 290
1694715814365 2.267949159224428 291
1694715814632 2.26753618702655 292
1694715815007 2.2671233435421785 293
1694715815346 2.2667106287309187 294
1694715815717 2.2662980425523895 295
1694715816249 2.265885584966222 296
1694715816642 2.26547325593206 297
1694715817002 2.2650610554095603 298
1694715817350 2.2646489833583927 299
1694715817676 2.2642370397382394 300
1694715817951 2.2638252245087944 301
1694715818281 2.263413537629768 302
1694715818653 2.26300197906088 303
1694715819073 2.2625905487618634 304
1694715819453 2.2621792466924644 305
1694715819769 2.2617680728124427 306
1694715820138 2.2613570270815697 307
1694715820452 2.2609461094596317 308
1694715820894 2.260535319906424 309
1694715821244 2.2601246583817574 310
1694715821555 2.259714124845455 311
1694715821884 2.259303719257352 312
1694715822171 2.258893441577298 313
1694715822499 2.2584832917651534 314
1694715822823 2.2580732697807915 315
1694715823102 2.2576633755841002 316
1694715823454 2.257253609134978 317
1694715823814 2.256843970393337 318
1694715824189 2.2564344593191024 319
1694715824497 2.2560250758722122 320
1694715824828 2.2556158200126157 321
1694715825134 2.255206691700276 322
1694715825434 2.2547976908951695 323
1694715825842 2.2543888175572837 324
1694715826217 2.2539800716466205 325
1694715826580 2.2535714531231923 326
1694715827137 2.2531629619470275 327
1694715827531 2.252754598078164 328
1694715827761 2.2523463614766537 329
1694715828074 2.2519382521025615 330
1694715828360 2.251530269915964 331
1694715828666 2.251122414876952 332
1694715828965 2.2507146869456265 333
1694715829317 2.2503070860821044 334
1694715829637 2.2498996122465122 335
1694715829947 2.2494922653989913 336
1694715830326 2.2490850454996942 337
1694715830709 2.248677952508787 338
1694715831071 2.248270986386448 339
1694715831399 2.247864147092869 340
1694715831691 2.247457434588252 341
1694715832054 2.247050848832815 342
1694715832358 2.2466443897867863 343
1694715832764 2.246238057410407 344
1694715833158 2.245831851663932 345
1694715833492 2.2454257725076276 346
1694715833812 2.2450198199017737 347
1694715834131 2.244613993806662 348
1694715834406 2.2442082941825974 349
1694715834755 2.2438027209898963 350
1694715835211 2.243397274188889 351
1694715835520 2.2429919537399186 352
1694715835879 2.242586759603339 353
1694715836241 2.242181691739518 354
1694715836541 2.241776750108836 355
1694715836843 2.241371934671686 356
1694715837243 2.2409672453884717 357
1694715837561 2.2405626822196134 358
1694715837869 2.240158245125539 359
1694715838142 2.239753934066693 360
1694715838408 2.239349749003531 361
1694715838776 2.238945689896521 362
1694715839172 2.2385417567061414 363
1694715839547 2.2381379493928883 364
1694715839881 2.237734267917266 365
1694715840200 2.237330712239792 366
1694715840477 2.2369272823209987 367
1694715840757 2.2365239781214283 368
1694715841077 2.2361207996016366 369
1694715841361 2.2357177467221923 370
1694715841621 2.235314819443675 371
1694715842014 2.2349120177266797 372
1694715842382 2.234509341531811 373
1694715842684 2.2341067908196877 374
1694715843050 2.2337043655509405 375
1694715843413 2.233302065686212 376
1694715843692 2.2328998911861597 377
1694715843952 2.2324978420114503 378
1694715844380 2.2320959181227646 379
1694715844669 2.231694119480797 380
1694715844949 2.2312924460462518 381
1694715845255 2.230890897779848 382
1694715845590 2.2304894746423156 383
1694715845924 2.230088176594398 384
1694715846274 2.229687003596851 385
1694715846647 2.2292859556104427 386
1694715847019 2.2288850325959517 387
1694715847434 2.2284842345141733 388
1694715847697 2.228083561325912 389
1694715847999 2.2276830129919842 390
1694715848361 2.2272825894732216 391
1694715848626 2.2268822907304666 392
1694715848991 2.226482116724573 393
1694715849337 2.22608206741641 394
1694715849664 2.225682142766857 395
1694715849947 2.225282342736805 396
1694715850270 2.22488266728716 397
1694715850557 2.2244831163788388 398
1694715850835 2.22408368997277 399
1694715851247 2.223684388029896 400
1694715851543 2.2232852105111713 401
1694715851841 2.2228861573775625 402
1694715852166 2.2224872285900483 403
1694715852501 2.2220884241096206 404
1694715852832 2.2216897438972825 405
1694715853115 2.221291187914051 406
1694715853464 2.2208927561209535 407
1694715853779 2.220494448479031 408
1694715854123 2.2200962649493383 409
1694715854428 2.2196982054929393 410
1694715854730 2.219300270070913 411
1694715855066 2.2189024586443478 412
1694715855407 2.2185047711743486 413
1694715855883 2.2181072076220296 414
1694715856264 2.217709767948517 415
1694715856598 2.217312452114952 416
1694715856920 2.216915260082486 417
1694715857361 2.2165181918122827 418
1694715857635 2.216121247265519 419
1694715858018 2.215724426403385 420
1694715858416 2.215327729187079 421
1694715858726 2.214931155577818 422
1694715859230 2.214534705536825 423
1694715859545 2.21413837902534 424
1694715859860 2.213742176004612 425
1694715860177 2.2133460964359055 426
1694715860599 2.2129501402804936 427
1694715860926 2.2125543074996648 428
1694715861294 2.212158598054718 429
1694715861567 2.211763011906965 430
1694715861869 2.211367549017731 431
1694715862193 2.210972209348351 432
1694715862557 2.210576992860174 433
1694715862915 2.2101818995145615 434
1694715863223 2.209786929272885 435
1694715863569 2.209392082096533 436
1694715863878 2.2089973579468998 437
1694715864197 2.208602756785397 438
1694715864558 2.2082082785734465 439
1694715864854 2.2078139232724827 440
1694715865230 2.207419690843952 441
1694715865605 2.207025581249314 442
1694715865928 2.206631594450038 443
1694715866255 2.206237730407609 444
1694715866563 2.205843989083521 445
1694715866852 2.205450370439283 446
1694715867158 2.2050568744364147 447
1694715867579 2.204663501036447 448
1694715867931 2.2042702502009255 449
1694715868328 2.2038771218914066 450
1694715868646 2.2034841160694585 451
1694715868932 2.203091232696662 452
1694715869304 2.2026984717346103 453
1694715869644 2.2023058331449095 454
1694715870051 2.201913316889175 455
1694715870506 2.201520922929039 456
1694715870790 2.2011286512261408 457
1694715871146 2.2007365017421354 458
1694715871628 2.2003444744386895 459
1694715872096 2.1999525692774804 460
1694715872811 2.1995607862201987 461
1694715873261 2.199169125228547 462
1694715873686 2.1987775862642405 463
1694715874040 2.1983861692890048 464
1694715874476 2.1979948742645807 465
1694715875063 2.197603701152717 466
1694715875662 2.197212649915179 467
1694715876092 2.196821720513741 468
1694715876436 2.1964309129101904 469
1694715876959 2.1960402270663266 470
1694715877751 2.195649662943963 471
1694715878214 2.195259220504921 472
1694715878724 2.1948688997110377 473
1694715878978 2.194478700524162 474
1694715879369 2.1940886229061523 475
1694715879749 2.1936986668188814 476
1694715880081 2.1933088322242345 477
1694715880428 2.1929191190841064 478
1694715880773 2.192529527360407 479
1694715881096 2.1921400570150564 480
1694715881439 2.191750708009987 481
1694715881773 2.191361480307143 482
1694715882107 2.1909723738684828 483
1694715882547 2.1905833886559734 484
1694715882837 2.1901945246315964 485
1694715883228 2.1898057817573453 486
1694715883757 2.1894171599952235 487
1694715884469 2.18902865930725 488
1694715885049 2.188640279655453 489
1694715885553 2.1882520210018734 490
1694715886033 2.187863883308564 491
1694715886702 2.1874758665375906 492
1694715887333 2.1870879706510316 493
1694715887915 2.1867001956109737 494
1694715888407 2.1863125413795195 495
1694715888770 2.185925007918782 496
1694715889196 2.1855375951908873 497
1694715889745 2.1851503031579713 498
1694715890150 2.1847631317821845 499
