1694739829148 168.8278829759285 0
1694739829409 164.88241138951636 1
1694739829707 161.03345983169422 2
1694739830035 157.27570448633338 3
1694739830305 153.60698414994573 4
1694739830602 150.02518884110006 5
1694739830936 146.5282585863631 6
1694739831261 143.1141822350168 7
1694739831583 139.78099630186986 8
1694739831909 136.52678383749728 9
1694739832271 133.3496733252582 10
1694739832606 130.24783760445666 11
1694739833003 127.21949281902674 12
1694739833359 124.26289739113584 13
1694739833706 121.37635101911619 14
1694739834028 118.55819369914806 15
1694739834294 115.80680477013092 16
1694739834609 113.12060198119399 17
1694739834937 110.49804058130844 18
1694739835314 107.93761243047854 19
1694739835683 105.43784513199913 20
1694739836020 102.99730118528099 21
1694739836356 100.61457715875618 22
1694739836734 98.2883028823872 23
1694739837085 96.01714065931597 24
1694739837349 93.79978449619828 25
1694739837767 91.63495935178109 26
1694739838225 89.52142040329046 27
1694739838545 87.45795233020763 28
1694739838892 85.44336861502121 29
1694739839187 83.47651086055329 30
1694739839503 81.55624812346633 31
1694739839890 79.68147626356753 32
1694739840220 77.85111730853596 33
1694739840551 76.06411883370743 34
1694739840869 74.31945335655949 35
1694739841199 72.61611774554869 36
1694739841509 70.95313264295955 37
1694739841825 69.32954190143343 38
1694739842205 67.74441203385285 39
1694739842505 66.1968316762646 40
1694739842819 64.68591106353294 41
1694739843129 63.21078151742093 42
1694739843411 61.770594946805126 43
1694739843765 60.36452335973649 44
1694739844094 58.99175838706636 45
1694739844484 57.65151081736354 46
1694739844801 56.34301014285477 47
1694739845119 55.065504116127464 48
1694739845453 53.818258317339414 49
1694739845806 52.600555731686505 50
1694739846122 51.41169633688547 51
1694739846438 50.2509967004339 52
1694739846783 49.11778958641623 53
1694739847096 48.01142357162909 54
1694739847366 46.931262670805296 55
1694739847637 45.87668597072077 56
1694739848014 44.847087272973795 57
1694739848347 43.841874745231266 58
1694739848683 42.86047058074085 59
1694739849070 41.9023106659136 60
1694739849371 40.966844255785325 61
1694739849691 40.05353365717022 62
1694739850052 39.16185391932435 63
1694739850336 38.291292531941004 64
1694739850636 37.4413491303041 65
1694739850908 36.611535207429945 66
1694739851274 35.80137383303195 67
1694739851639 35.01039937914619 68
1694739851986 34.238157252260194 69
1694739852285 33.48420363179085 70
1694739852611 32.7481052147607 71
1694739852917 32.02943896652601 72
1694739853228 31.327791877412935 73
1694739853549 30.642760725121807 74
1694739853867 29.97395184276291 75
1694739854223 29.320980892390175 76
1694739854513 28.683472643902487 77
1694739854800 28.061060759185448 78
1694739855118 27.45338758136928 79
1694739855381 26.860103929081717 80
1694739855695 26.280868895577363 81
1694739856110 25.715349652628092 82
1694739856507 25.16322125906147 83
1694739857001 24.62416647383719 84
1694739857291 24.097875573553853 85
1694739857571 23.58404617428107 86
1694739857901 23.082383057614493 87
1694739858290 22.592598000853556 88
1694739858560 22.114409611204263 89
1694739858905 21.6475431639116 90
1694739859253 21.191730444228433 91
1694739859523 20.746709593130035 92
1694739859806 20.312224956685267 93
1694739860133 19.888026938997996 94
1694739860421 19.47387185863393 95
1694739860753 19.069521808450332 96
1694739861103 18.674744518747975 97
1694739861416 18.28931322366656 98
1694739861759 17.913006530746724 99
1694739862103 17.545608293583623 100
1694739862401 17.186907487498733 101
1694739862773 16.836698088158407 102
1694739863114 16.49477895306934 103
1694739863429 16.160953705882655 104
1694739863723 15.835030623440195 105
1694739863995 15.516822525497894 106
1694739864287 15.206146667062832 107
1694739864619 14.90282463328203 108
1694739864943 14.606682236822484 109
1694739865297 14.317549417683384 110
1694739865601 14.035260145382885 111
1694739865876 13.759652323463175 112
1694739866212 13.490567696258813 113
1694739866533 13.227851757874799 114
1694739866876 12.97135366332189 115
1694739867189 12.720926141758126 116
1694739867553 12.476425411786577 117
1694739867921 12.237711098760636 118
1694739868431 12.004646154049194 119
1694739868783 11.77709677621533 120
1694739869114 11.554932334063118 121
1694739869428 11.338025291508238 122
1694739869799 11.126251134229282 123
1694739870147 10.919488298057386 124
1694739870428 10.717618099063133 125
1694739870689 10.520524665300403 126
1694739871052 10.32809487016796 127
1694739871411 10.140218267350352 128
1694739871709 9.95678702730083 129
1694739872066 9.777695875229552 130
1694739872411 9.60284203056157 131
1694739872735 9.432125147829652 132
1694739873048 9.265447258967965 133
1694739873381 9.102712716973436 134
1694739873803 8.943828140902326 135
1694739874116 8.788702362170438 136
1694739874484 8.637246372125984 137
1694739874803 8.489373270865007 138
1694739875123 8.344998217259896 139
1694739875526 8.204038380172197 140
1694739875810 8.066412890821725 141
1694739876174 7.932042796284496 142
1694739876545 7.800851014092789 143
1694739876849 7.672762287911156 144
1694739877185 7.547703144262934 145
1694739877503 7.425601850282333 146
1694739877783 7.306388372467766 147
1694739878130 7.1899943364127505 148
1694739878478 7.076352987491166 149
1694739878721 6.965399152474264 150
1694739879109 6.85706920205733 151
1694739879403 6.751301014274487 152
1694739879697 6.648033938780506 153
1694739879960 6.547208761979171 154
1694739880250 6.448767672978043 155
1694739880565 6.352654230350121 156
1694739880856 6.2588133296832025 157
1694739881207 6.167191171898311 158
1694739881556 6.077735232318983 159
1694739881846 5.990394230473548 160
1694739882183 5.905118100613095 161
1694739882519 5.821857962928182 162
1694739882799 5.740566095447592 163
1694739883104 5.661195906603169 164
1694739883418 5.583701908444766 165
1694739883744 5.508039690490005 166
1694739884081 5.434165894193771 167
1694739884422 5.362038188022751 168
1694739884765 5.2916152431206775 169
1694739885105 5.222856709550274 170
1694739885458 5.155723193098256 171
1694739885718 5.090176232629984 172
1694739886023 5.026178277980845 173
1694739886417 4.963692668371519 174
1694739886781 4.902683611334793 175
1694739887149 4.8431161621418015 176
1694739887428 4.784956203715815 177
1694739887773 4.72817042702202 178
1694739888263 4.672726311922071 179
1694739888621 4.6185921084823285 180
1694739888878 4.565736818725075 181
1694739889181 4.514130178812182 182
1694739889519 4.463742641651002 183
1694739889798 4.414545359912453 184
1694739890133 4.366510169451561 185
1694739890507 4.319609573120892 186
1694739890791 4.273816724967559 187
1694739891105 4.229105414804752 188
1694739891411 4.185450053148882 189
1694739891736 4.142825656513646 190
1694739892058 4.10120783305265 191
1694739892409 4.0605727685422055 192
1694739892739 4.020897212696339 193
1694739893103 3.9821584658060947 194
1694739893436 3.944334365695428 195
1694739893752 3.9074032749862435 196
1694739894079 3.871344068665201 197
1694739894398 3.836136121945137 198
1694739894676 3.801759298414162 199
1694739894988 3.7681939384655663 200
1694739895312 3.7354208480019344 201
1694739895614 3.7034212874068975 202
1694739895878 3.6721769607782413 203
1694739896214 3.6416700054161617 204
1694739896594 3.611882981560591 205
1694739896864 3.5827988623717437 206
1694739897214 3.554401024148052 207
1694739897624 3.5266732367759417 208
1694739897896 3.499599654405881 209
1694739898251 3.473164806349392 210
1694739898594 3.447353588191752 211
1694739898887 3.4221512531153113 212
1694739899234 3.397543403428396 213
1694739899560 3.373515982294934 214
1694739899897 3.350055265660091 215
1694739900255 3.3271478543671944 216
1694739900533 3.3047806664614736 217
1694739900814 3.282940929676163 218
1694739901083 3.261616174096653 219
1694739901406 3.240794224998463 220
1694739901725 3.2204631958549186 221
1694739902105 3.2006114815105264 222
1694739902446 3.1812277515160874 223
1694739902763 3.1623009436217533 224
1694739903056 3.143820257424258 225
1694739903382 3.1257751481646627 226
1694739903729 3.1081553206730943 227
1694739903993 3.0909507234569262 228
1694739904340 3.0741515429290542 229
1694739904656 3.057748197772939 230
1694739904967 3.0417313334411453 231
1694739905304 3.0260918167842417 232
1694739905628 3.0108207308069765 233
1694739905954 2.9959093695486763 234
1694739906263 2.9813492330849716 235
1694739906648 2.9671320226479354 236
1694739907002 2.9532496358618556 237
1694739907315 2.939694162091869 238
1694739907640 2.9264578779028323 239
1694739907943 2.913533242625756 240
1694739908286 2.90091289402931 241
1694739908604 2.888589644093868 242
1694739908912 2.8765564748856796 243
1694739909271 2.8648065345288054 244
1694739909630 2.8533331332724754 245
1694739909905 2.8421297396516323 246
1694739910235 2.8311899767384334 247
1694739910515 2.8205076184825653 248
1694739910833 2.810076586138269 249
1694739911185 2.799890944776011 250
1694739911553 2.7899448998767986 251
1694739911850 2.780232794007194 252
1694739912126 2.770749103573084 253
1694739912480 2.7614884356503766 254
1694739912830 2.7524455248907738 255
1694739913132 2.7436152305008443 256
1694739913465 2.7349925332926803 257
1694739913806 2.72657253280442 258
1694739914084 2.718350444488981 259
1694739914410 2.7103215969694037 260
1694739914781 2.702481429359218 261
1694739915047 2.694825488646283 262
1694739915275 2.687349427138609 263
1694739915578 2.68004899997069 264
1694739915920 2.6729200626689105 265
1694739916301 2.665958568774626 266
1694739916675 2.6591605675235463 267
1694739916968 2.6525222015801058 268
1694739917220 2.6460397048254976 269
1694739917525 2.639709400198102 270
1694739917878 2.6335276975850825 271
1694739918289 2.627491091763925 272
1694739918610 2.621596160392735 273
1694739918963 2.615839562048142 274
1694739919301 2.610218034309689 275
1694739919648 2.6047283918895943 276
1694739919951 2.5993675248068153 277
1694739920291 2.594132396604364 278
1694739920631 2.5890200426088517 279
1694739920951 2.5840275682312623 280
1694739921213 2.5791521473079713 281
1694739921528 2.5743910204810625 282
1694739921834 2.569741493617013 283
1694739922165 2.565200936262832 284
1694739922477 2.5607667801387595 285
1694739922846 2.5564365176666866 286
1694739923148 2.5522077005334163 287
1694739923466 2.5480779382879555 288
1694739923805 2.544044896972038 289
1694739924084 2.540106297783077 290
1694739924413 2.536259915768795 291
1694739924716 2.5325035785527605 292
1694739924980 2.5288351650901175 293
1694739925269 2.525252604452779 294
1694739925582 2.5217538746433994 295
1694739925913 2.518337001437433 296
1694739926215 2.515000057252617 297
1694739926601 2.5117411600452257 298
1694739926935 2.5085584722324756 299
1694739927228 2.505450199640436 300
1694739927587 2.502414590476876 301
1694739927950 2.499449934328415 302
1694739928285 2.4965545611814397 303
1694739928604 2.4937268404662003 304
1694739928926 2.4909651801235504 305
1694739929196 2.488268025693775 306
1694739929481 2.4856338594270158 307
1694739929890 2.483061199414746 308
1694739930216 2.4805485987418154 309
1694739930542 2.478094644658588 310
1694739930847 2.4756979577726654 311
1694739931155 2.473357191259765 312
1694739931497 2.471071030093275 313
1694739931831 2.4688381902920593 314
1694739932141 2.4666574181860708 315
1694739932422 2.464527489699353 316
1694739932729 2.4624472096500223 317
1694739933050 2.460415411066824 318
1694739933311 2.4584309545218717 319
1694739933585 2.4564927274791812 320
1694739933894 2.4545996436586384 321
1694739934197 2.4527506424150216 322
1694739934549 2.4509446881317207 323
1694739934845 2.449180769628824 324
1694739935117 2.447457899585207 325
1694739935413 2.4457751139743147 326
1694739935763 2.444131471513287 327
1694739936063 2.442526053125148 328
1694739936373 2.440957961413702 329
1694739936794 2.439426320150885 330
1694739937108 2.4379302737762365 331
1694739937423 2.436468986908228 332
1694739937715 2.4350416438671596 333
1694739938053 2.433647448209347 334
1694739938351 2.432285622272341 335
1694739938657 2.43095540673091 336
1694739939100 2.429656060163532 337
1694739939429 2.4283868586291533 338
1694739939756 2.427147095253959 339
1694739940099 2.42593607982793 340
1694739940356 2.424753138410949 341
1694739940614 2.423597612948229 342
1694739940918 2.422468860894844 343
1694739941253 2.421366254849149 344
1694739941635 2.4202891821948733 345
1694739941944 2.4192370447516893 346
1694739942237 2.4182092584340484 347
1694739942534 2.417205252918089 348
1694739942858 2.416224471316436 349
1694739943214 2.415266369860689 350
1694739943520 2.414330417591428 351
1694739943796 2.413416096055557 352
1694739944102 2.4125228990108054 353
1694739944430 2.4116503321372265 354
1694739944772 2.410797912755523 355
1694739945233 2.4099651695520357 356
1694739945506 2.40915164231024 357
1694739945838 2.408356881648603 358
1694739946157 2.40758044876463 359
1694739946502 2.406821915184983 360
1694739946808 2.4060808625214976 361
1694739947116 2.405356882232985 362
1694739947382 2.4046495753926607 363
1694739947694 2.4039585524610816 364
1694739948070 2.403283433064452 365
1694739948430 2.402623845778177 366
1694739948736 2.4019794279155375 367
1694739949057 2.4013498253213568 368
1694739949334 2.400734692170562 369
1694739949754 2.4001336907715007 370
1694739950113 2.3995464913739113 371
1694739950400 2.398972771981441 372
1694739950790 2.3984122181685956 373
1694739951152 2.3978645229020175 374
1694739951439 2.3973293863659952 375
1694739951765 2.3968065157920977 376
1694739952088 2.3962956252928382 377
1694739952368 2.3957964356992747 378
1694739952691 2.3953086744024468 379
1694739953049 2.3948320751985697 380
1694739953395 2.3943663781378826 381
1694739953784 2.3939113293770737 382
1694739954135 2.3934666810352017 383
1694739954387 2.393032191053013 384
1694739954667 2.392607623055595 385
1694739954995 2.392192746218273 386
1694739955276 2.391787335135681 387
1694739955573 2.3913911696939256 388
1694739955885 2.3910040349457726 389
1694739956217 2.3906257209887896 390
1694739956578 2.390256022846361 391
1694739956855 2.389894740351528 392
1694739957230 2.3895416780335608 393
1694739957540 2.3891966450072264 394
1694739957877 2.388859454864663 395
1694739958248 2.3885299255698196 396
1694739958523 2.388207879355382 397
1694739958849 2.387893142622143 398
1694739959169 2.3875855458407487 399
1694739959500 2.3872849234557645 400
1694739959891 2.386991113792012 401
1694739960210 2.386703958963119 402
1694739960593 2.386423304782231 403
1694739960929 2.386149000674831 404
1694739961280 2.3858808995936203 405
1694739961583 2.3856188579354165 406
1694739961869 2.385362735460005 407
1694739962213 2.385112395210917 408
1694739962482 2.384867703438073 409
1694739962790 2.3846285295222622 410
1694739963135 2.3843947459013948 411
1694739963447 2.384166227998509 412
1694739963737 2.3839428541514702 413
1694739964055 2.3837245055443357 414
1694739964393 2.383511066140337 415
1694739964660 2.3833024226164503 416
1694739965013 2.3830984642995054 417
1694739965353 2.382899083103816 418
1694739965633 2.3827041734702656 419
1694739965948 2.3825136323068503 420
1694739966266 2.3823273589306124 421
1694739966648 2.3821452550109528 422
1694739967024 2.38196722451428 423
1694739967293 2.3817931736499647 424
1694739967622 2.3816230108175733 425
1694739967952 2.381456646555346 426
1694739968248 2.381293993489892 427
1694739968520 2.3811349662870684 428
1694739968844 2.3809794816040295 429
1694739969200 2.3808274580423956 430
1694739969504 2.380678816102535 431
1694739969815 2.3805334781389216 432
1694739970149 2.3803913683165505 433
1694739970442 2.3802524125683777 434
1694739970720 2.3801165385537684 435
1694739971031 2.379983675617922 436
1694739971403 2.3798537547522565 437
1694739971740 2.3797267085557308 438
1694739972096 2.3796024711970754 439
1694739972444 2.379480978377914 440
1694739972720 2.379362167296762 441
1694739973048 2.3792459766138645 442
1694739973388 2.3791323464168714 443
1694739973766 2.379021218187321 444
1694739974086 2.37891253476791 445
1694739974457 2.3788062403305434 446
1694739974808 2.3787022803451277 447
1694739975088 2.3786006015491115 448
1694739975420 2.3785011519177335 449
1694739975688 2.3784038806349828 450
1694739976077 2.3783087380652344 451
1694739976458 2.378215675725559 452
1694739976753 2.3781246462586867 453
1694739977138 2.378035603406603 454
1694739977515 2.3779485019847737 455
1694739977827 2.37786329785697 456
1694739978279 2.377779947910694 457
1694739978585 2.3776984100331804 458
1694739978987 2.3776186430879642 459
1694739979330 2.377540606891998 460
1694739979636 2.3774642621933144 461
1694739979930 2.3773895706492105 462
1694739980254 2.3773164948049446 463
1694739980581 2.3772449980729426 464
1694739980850 2.377175044712487 465
1694739981178 2.3771065998098857 466
1694739981518 2.377039629259109 467
1694739981849 2.3769740997428865 468
1694739982208 2.3769099787142407 469
1694739982550 2.376847234378465 470
1694739982864 2.3767858356755154 471
1694739983177 2.376725752262829 472
1694739983462 2.3766669544985373 473
1694739983783 2.37660941342508 474
1694739984140 2.3765531007532017 475
1694739984498 2.376497988846328 476
1694739984834 2.376444050705306 477
1694739985201 2.3763912599535066 478
1694739985541 2.3763395908222793 479
1694739985925 2.376289018136742 480
1694739986271 2.376239517301914 481
1694739986622 2.3761910642891686 482
1694739986934 2.3761436356230066 483
1694739987290 2.3760972083681455 484
1694739987668 2.3760517601169027 485
1694739987989 2.376007268976884 486
1694739988356 2.375963713558958 487
1694739988760 2.375921072965514 488
1694739989089 2.3758793267789953 489
1694739989385 2.3758384550507037 490
1694739989720 2.3757984382898645 491
1694739990051 2.375759257452952 492
1694739990379 2.3757208939332632 493
1694739990673 2.375683329550738 494
1694739991013 2.3756465465420167 495
1694739991373 2.3756105275507338 496
1694739991673 2.375575255618038 497
1694739992028 2.375540714173337 498
1694739992437 2.375506887025254 499
