1694737387098 5.545282065634531 0
1694737387416 0.5032241573267733 1
1694737387704 0.00013659242175795522 2
1694737387995 0.3118279700392555 3
1694737388331 1.3370217386758303 4
1694737388594 0.027842517950714147 5
1694737388869 11.784095500818909 6
1694737389154 1.0281530996126331 7
1694737389444 3.575026016748015 8
1694737389702 0.01786903238729486 9
1694737390009 1.8478987750727105 10
1694737390326 1.085690063980724 11
1694737390593 10.414784504710266 12
1694737390814 0.09431687188387468 13
1694737391142 11.457646943771243 14
1694737391479 1.40466609789868 15
1694737391753 0.029378460510360065 16
1694737392091 0.4247465700981025 17
1694737392420 0.30958947769312833 18
1694737392667 0.004104952650486401 19
1694737392907 2.5215993589990267 20
1694737393205 1.1434524338579706 21
1694737393574 0.4728914457136525 22
1694737393866 0.3710626558754505 23
1694737394199 0.15963845199695587 24
1694737394571 0.005606451822802659 25
1694737394811 1.5951417269486532 26
1694737395117 5.9765715444738055 27
1694737395429 0.00110528220927513 28
1694737395794 0.9667297993495485 29
1694737396242 0.23801205999274663 30
1694737396568 3.238558511068403 31
1694737396800 0.9498481826754425 32
1694737397011 0.0883991034739636 33
1694737397326 16.88067247152508 34
1694737397620 1.7082486712656666 35
1694737397900 15.530768308122052 36
1694737398181 1.7070750261782668 37
1694737398557 1.8115879438254072 38
1694737398870 0.1573572838004847 39
1694737399191 2.0954696636875956 40
1694737399481 0.1063754593851454 41
1694737399729 0.1338862518411331 42
1694737399996 0.0030433214411172867 43
1694737400326 0.20019416101365559 44
1694737400717 0.5932412630903859 45
1694737401019 5.828559439995293 46
1694737401337 0.18195911807008672 47
1694737401677 9.038246148536176 48
1694737401978 0.03763563572160297 49
1694737402357 3.0843419459908334 50
1694737402684 1.752601191803342 51
1694737402938 5.8121081458566 52
1694737403242 0.104713994673342 53
1694737403573 1.1262995182142803 54
1694737403866 0.48888685869695164 55
1694737404156 0.45476513282021785 56
1694737404555 3.560216365566817 57
1694737404854 0.05622963806125527 58
1694737405096 0.8657804315068942 59
1694737405408 32.0594539714421 60
1694737405726 3.628715654374484 61
1694737406031 8.547320353725768 62
1694737406377 0.34183521152745233 63
1694737406798 2.258308122276994 64
1694737407023 0.5071057004900782 65
1694737407358 0.025357441324271635 66
1694737407671 0.03516977796024307 67
1694737407945 2.6508683624979223 68
1694737408220 0.7596289531794136 69
1694737408553 0.9049439656486494 70
1694737408877 1.6425569473853436 71
1694737409135 1.0097144781864231 72
1694737409366 0.13900518235070186 73
1694737409677 8.668103984531259 74
1694737409978 0.5357393253151703 75
1694737410214 0.2744619289830661 76
1694737410516 1.9187403905094578 77
1694737410843 1.034081222675229 78
1694737411206 0.8872359212117776 79
1694737411518 0.5056635809456342 80
1694737411846 0.16041002150132183 81
1694737412162 0.010449602185836801 82
1694737412466 0.37419105289388205 83
1694737412788 23.627253070072502 84
1694737413050 2.687218260893693 85
1694737413324 11.897089952090814 86
1694737413658 0.11951015383269627 87
1694737413984 0.11599855276554641 88
1694737414253 0.05973396919540852 89
1694737414612 3.680350759682087 90
1694737414948 0.5938482235980463 91
1694737415229 0.0023524487432607585 92
1694737415606 0.2948299716011603 93
1694737415920 2.0592729271255523 94
1694737416251 0.9939115223774011 95
1694737416549 0.46320760127881333 96
1694737416852 7.194269287207587 97
1694737417163 0.12115857689493693 98
1694737417471 0.036946414758969315 99
1694737417841 1.6620942753081347 100
1694737418136 0.12251977700432934 101
1694737418455 2.870145308238337 102
1694737418775 3.9861128671201067 103
1694737419111 1.413563853117637 104
1694737419387 5.326592751943326 105
1694737419679 0.010183320845406787 106
1694737420042 0.9115168429616506 107
1694737420318 5.381433494713496 108
1694737420662 3.62758407429311 109
1694737420973 6.095735720347158e-05 110
1694737421251 3.181151613566955 111
1694737421521 0.8737518751352638 112
1694737421871 1.08526599127141 113
1694737422282 0.05918583527665414 114
1694737422602 2.7678392027898227 115
1694737422924 0.09743742069062804 116
1694737423210 0.0038342320150371954 117
1694737423501 3.4401864334702026 118
1694737423809 1.3312278011326126 119
1694737424116 0.8166041636536605 120
1694737424448 0.08898659431958336 121
1694737424750 0.24514782891522824 122
1694737425072 0.6940002751882289 123
1694737425366 0.003990964242006246 124
1694737425646 0.6998881042191795 125
1694737425937 1.8373388348698507 126
1694737426291 3.3192202004923494 127
1694737426631 0.39957265923654306 128
1694737426914 4.804136574312747 129
1694737427235 0.036338154867823456 130
1694737427521 1.5248251184661332 131
1694737427879 0.838851300585695 132
1694737428202 2.734482206503063 133
1694737428445 7.343404892400308 134
1694737428828 0.032303148499812605 135
1694737429168 0.3644652286162087 136
1694737429392 2.611171748061041 137
1694737429616 0.011559041235985008 138
1694737429904 0.13860468577825422 139
1694737430168 0.6004094856378325 140
1694737430433 11.462681070660011 141
1694737430739 27.04409834931267 142
1694737431039 0.054515351116050825 143
1694737431358 0.8128588290204348 144
1694737431627 3.397711507116707 145
1694737431945 1.6296144978561042 146
1694737432251 0.004128832299094574 147
1694737432518 0.6553767742729497 148
1694737432834 0.013210532529973038 149
1694737433176 0.27863195521379786 150
1694737433531 0.012342779952031358 151
1694737433839 0.004457719904219582 152
1694737434168 0.945830713518919 153
1694737434508 0.0019279238087794041 154
1694737434743 2.341374395153468 155
1694737435021 0.08890468030359162 156
1694737435319 1.6142480144680789 157
1694737435606 1.7341818800496398 158
1694737435927 0.853227446404643 159
1694737436321 0.23923277685979072 160
1694737436582 3.4629106133080096 161
1694737436893 0.5625874901899642 162
1694737437204 0.00023858227668595018 163
1694737437489 0.0883466474726027 164
1694737437803 0.7018448337663472 165
1694737438121 0.8108626550618547 166
1694737438442 1.2053795087694388 167
1694737438728 2.950399604158205 168
1694737439153 0.23144958555820874 169
1694737439493 0.016024129527912198 170
1694737439812 0.03765880450088619 171
1694737440198 4.186058188717497 172
1694737440515 0.9370600874309583 173
1694737440829 0.057213550279077346 174
1694737441150 0.00016495673021252804 175
1694737441478 0.03601793434970803 176
1694737441758 2.2115850534540717 177
1694737442073 3.9757801015692705e-05 178
1694737442403 0.7125666600509262 179
1694737442662 0.13768869148878188 180
1694737442976 2.25055631834381 181
1694737443252 4.282173952425414 182
1694737443551 1.195017492220142 183
1694737443862 18.07954019039237 184
1694737444156 0.4264432356957616 185
1694737444568 1.89918165882456 186
1694737444881 0.21677115783760495 187
1694737445205 0.08751597869636106 188
1694737445513 6.5459086634635115 189
1694737445809 1.955205626935486 190
1694737446155 1.8675965320081012 191
1694737446474 0.6131383170097771 192
1694737446784 0.7876635357406293 193
1694737447080 0.5940743857493107 194
1694737447397 0.011129845378127022 195
1694737447666 1.9767320808138718 196
1694737447971 0.22269014293408046 197
1694737448270 0.07559639720471448 198
1694737448560 0.4376305302426339 199
1694737448995 3.035342975824383 200
1694737449318 1.265357920730747 201
1694737449645 1.582125035210768 202
1694737449929 0.6056251342904242 203
1694737450257 0.0038043744874479645 204
1694737450580 0.3017993202618423 205
1694737450864 0.3811933721506103 206
1694737451251 0.6538482878306386 207
