1694727759042 169.3302270244576 0
1694727759344 165.37073066630566 1
1694727759732 161.50522377075816 2
1694727760096 157.73147431078982 3
1694727760404 154.04730327582553 4
1694727760718 150.45058341232883 5
1694727761052 146.9392379943099 6
1694727761349 143.5112396230414 7
1694727761675 140.1646090552888 8
1694727761992 136.8974140593775 9
1694727762403 133.70776829843578 10
1694727762780 130.59383024016782 11
1694727763119 127.5538020925259 12
1694727763447 124.5859287646678 13
1694727763834 121.6884968525972 14
1694727764294 118.85983364890207 15
1694727764961 116.09830617601747 16
1694727765451 113.40232024245464 17
1694727765896 110.77031952145003 18
1694727766188 108.20078465150274 19
1694727766510 105.69223235827907 20
1694727766877 103.24321459737757 21
1694727767283 100.85231771745859 22
1694727767814 98.51816164325447 23
1694727768251 96.23939907798834 24
1694727768683 94.01471472474013 25
1694727769064 91.84282452630988 26
1694727769479 89.72247492313903 27
1694727769888 87.65244212886026 28
1694727770221 85.63153142305738 29
1694727770714 83.65857646082655 30
1694727771130 81.73243859873932 31
1694727771415 79.85200623681816 32
1694727772064 78.01619417614374 33
1694727772400 76.22394299172306 34
1694727772841 74.47421842025541 35
1694727773199 72.76601076244255 36
1694727773538 71.09833429949742 37
1694727773858 69.47022672351422 38
1694727774447 67.88074858137036 39
1694727774845 66.328982731839 40
1694727775209 64.81403381559832 41
1694727775503 63.33502773783077 42
1694727775903 61.89111116311405 43
1694727776293 60.48145102231063 44
1694727776751 59.10523403117201 45
1694727777163 57.76166622037835 46
1694727777523 56.44997247674257 47
1694727777888 55.16939609531319 48
1694727778278 53.91919834211729 49
1694727778726 52.69865802729075 50
1694727779167 51.507071088348894 51
1694727779482 50.34375018335675 52
1694727779882 49.208024293763664 53
1694727780267 48.099238336672855 54
1694727780582 47.01675278632148 55
1694727780943 45.959943304552695 56
1694727781303 44.928200380065825 57
1694727781662 43.92092897623638 58
1694727781997 42.93754818730202 59
1694727782319 41.9774909027161 60
1694727782667 41.04020347947436 61
1694727783047 40.12514542222565 62
1694727783365 39.231789070981584 63
1694727783844 38.35961929624484 64
1694727784229 37.50813320137942 65
1694727784571 36.6768398320514 66
1694727784908 35.86525989257173 67
1694727785349 35.07292546897736 68
1694727785731 34.29937975869051 69
1694727786236 33.54417680659998 70
1694727786561 32.80688124741156 71
1694727786954 32.0870680541192 72
1694727787308 31.38432229245086 73
1694727787740 30.69823888114767 74
1694727788115 30.028422357937455 75
1694727788635 29.374486651067585 76
1694727789069 28.736054856264897 77
1694727789439 28.11275901899392 78
1694727789780 27.504239921887375 79
1694727790144 26.910146877226264 80
1694727790448 26.33013752434943 81
1694727790803 25.76387763187554 82
1694727791196 25.2110409046232 83
1694727791534 24.67130879511754 84
1694727791889 24.144370319574374 85
1694727792276 23.629921878255466 86
1694727792680 23.12766708009119 87
1694727793150 22.637316571469082 88
1694727793540 22.158587869089438 89
1694727793840 21.69120519679124 90
1694727794175 21.234899326254155 91
1694727794549 20.78940742148449 92
1694727794932 20.354472886995268 93
1694727795332 19.92984521959258 94
1694727795718 19.515279863682622 95
1694727796089 19.110538070015757 96
1694727796463 18.71538675778592 97
1694727796885 18.329598380005713 98
1694727797297 17.95295079207932 99
1694727797769 17.5852271234973 100
1694727798167 17.22621565257916 101
1694727798593 16.87570968419113 102
1694727798944 16.53350743036866 103
1694727799330 16.199411893774556 104
1694727799702 15.873230753925307 105
1694727800156 15.554776256119995 106
1694727800492 15.243865103007503 107
1694727800912 14.940318348729345 108
1694727801285 14.643961295576949 109
1694727801674 14.354623393103653 110
1694727802076 14.07213813963314 111
1694727802506 13.796342986107307 112
1694727802795 13.527079242218058 113
1694727803156 13.26419198476877 114
1694727803522 13.007529968212392 115
1694727803890 12.756945537314548 116
1694727804272 12.512294541891164 117
1694727804658 12.273436253571234 118
1694727805028 12.04023328453677 119
1694727805453 11.812551508192852 120
1694727805825 11.590259981721962 121
1694727806254 11.373230870477881 122
1694727806604 11.161339374175377 123
1694727807015 10.954463654833097 124
1694727807382 10.752484766427944 125
1694727807701 10.555286586220351 126
1694727807989 10.362755747710727 127
1694727808323 10.174781575188307 128
1694727808775 9.991256019834621 129
1694727809182 9.812073597344641 130
1694727809630 9.637131327029508 131
1694727810011 9.466328672365718 132
1694727810400 9.29956748295636 133
1694727810708 9.13675193787085 134
1694727811020 8.97778849033048 135
1694727811358 8.822585813707752 136
1694727811705 8.671054748808285 137
1694727812028 8.52310825240488 138
1694727812378 8.378661346993976 139
1694727812760 8.237631071745428 140
1694727813111 8.099936434617288 141
1694727813469 7.965498365607929 142
1694727813825 7.834239671118485 143
1694727814302 7.706084989399192 144
1694727814630 7.580960747053951 145
1694727814905 7.458795116577919 146
1694727815232 7.339517974903628 147
1694727815588 7.223060862931648 148
1694727815880 7.10935694602242 149
1694727816239 6.99834097542644 150
1694727816664 6.889949250630454 151
1694727817064 6.784119582597993 152
1694727817403 6.6807912578829045 153
1694727817761 6.5799050035952185 154
1694727818173 6.481402953199054 155
1694727818537 6.385228613122851 156
1694727819013 6.291326830162569 157
1694727819437 6.19964375965908 158
1694727819773 6.11012683443131 159
1694727820142 6.022724734447243 160
1694727820522 5.937387357215158 161
1694727820885 5.854065788878117 162
1694727821314 5.772712275994906 163
1694727821650 5.693280197991158 164
1694727822001 5.615724040264739 165
1694727822383 5.539999367929844 166
1694727822838 5.466062800184646 167
1694727823223 5.393871985287679 168
1694727823664 5.323385576128498 169
1694727823960 5.254563206378497 170
1694727824252 5.187365467208111 171
1694727824658 5.121753884556931 172
1694727825052 5.0576908969436305 173
1694727825458 4.995139833802843 174
1694727825868 4.934064894336514 175
1694727826409 4.874431126867467 176
1694727827094 4.816204408683298 177
1694727827602 4.759351426358895 178
1694727828008 4.7038396565462905 179
1694727828424 4.649637347220658 180
1694727828789 4.596713499371701 181
1694727829187 4.5450378491297965 182
1694727829568 4.494580850316593 183
1694727829890 4.445313657409983 184
1694727830324 4.3972081089135955 185
1694727830754 4.3502367111211955 186
1694727831101 4.30437262226663 187
1694727831468 4.259589637050179 188
1694727831756 4.21586217153229 189
1694727832074 4.173165248386078 190
1694727832428 4.131474482499989 191
1694727832774 4.0907660669223445 192
1694727833187 4.051016759139658 193
1694727833600 4.0122038676807446 194
1694727833932 3.9743052390389457 195
1694727834250 3.937299244904893 196
1694727834648 3.9011647697024077 197
1694727834959 3.865881198420356 198
1694727835322 3.831428404733472 199
1694727835751 3.797786739405201 200
1694727836132 3.7649370189659286 201
1694727836485 3.7328605146600515 202
1694727836926 3.701538941655456 203
1694727837327 3.670954448509224 204
1694727837758 3.641089606883478 205
1694727838124 3.6119274015053753 206
1694727838525 3.583451220365512 207
1694727838961 3.5556448451490317 208
1694727839322 3.5284924418939365 209
1694727839722 3.5019785518711988 210
1694727840013 3.4760880826814025 211
1694727840417 3.450806299562755 212
1694727840766 3.4261188169055 213
1694727841091 3.402011589967769 214
1694727841501 3.378470906788123 215
1694727841844 3.3554833802901025 216
1694727842193 3.333035940574229 217
1694727842627 3.311115827393022 218
1694727842977 3.289710582804627 219
1694727843378 3.2688080440008993 220
1694727843816 3.2483963363057184 221
1694727844156 3.2284638663395455 222
1694727844545 3.20899931534626 223
1694727844969 3.189991632678404 224
1694727845373 3.171430029437087 225
1694727845772 3.1533039722628957 226
1694727846099 3.135603177274182 227
1694727846469 3.1183176041492677 228
1694727846840 3.1014374503491213 229
1694727847313 3.084953145477195 230
1694727847734 3.0688553457731365 231
1694727848026 3.053134928737215 232
1694727848424 3.0377829878823617 233
1694727848808 3.0227908276107796 234
1694727849184 3.008149958212169 235
1694727849629 2.993852090980682 236
1694727849935 2.9798891334477955 237
1694727850351 2.9662531847283278 238
1694727850757 2.952936530976941 239
1694727851031 2.939931640952476 240
1694727851357 2.9272311616875766 241
1694727851757 2.914827914261101 242
1694727852061 2.902714889670887 243
1694727852346 2.8908852448044566 244
1694727852700 2.879332298505375 245
1694727853028 2.868049527732976 246
1694727853379 2.8570305638132147 247
1694727853740 2.846269188778519 248
1694727854098 2.8357593317945153 249
1694727854415 2.825495065671549 250
1694727854811 2.8154706034589987 251
1694727855174 2.8056802951204367 252
1694727855464 2.7961186242876677 253
1694727855774 2.7867802050918304 254
1694727856131 2.7776597790696855 255
1694727856564 2.7687522121433386 256
1694727857003 2.7600524916716225 257
1694727857481 2.7515557235714656 258
1694727857826 2.7432571295075703 259
1694727858109 2.7351520441487835 260
1694727858483 2.727235912489572 261
1694727858966 2.719504287235063 262
1694727859380 2.711952826248126 263
1694727859765 2.7045772900570504 264
1694727860079 2.6973735394223537 265
1694727860452 2.6903375329613226 266
1694727860819 2.683465324828933 267
1694727861209 2.676753062453778 268
1694727861599 2.670196984327739 269
1694727862037 2.6637934178480824 270
1694727862371 2.6575387772107675 271
1694727862782 2.6514295613537375 272
1694727863134 2.6454623519490004 273
1694727863565 2.6396338114423665 274
1694727863951 2.6339406811396726 275
1694727864321 2.6283797793384305 276
1694727864681 2.6229479995037797 277
1694727865027 2.6176423084877403 278
1694727865368 2.6124597447906868 279
1694727865819 2.6073974168640848 280
1694727866178 2.602452501453475 281
1694727866622 2.5976222419807833 282
1694727867093 2.5929039469649946 283
1694727867467 2.5882949884802895 284
1694727867823 2.583792800650764 285
1694727868278 2.5793948781808536 286
1694727868723 2.575098774920609 287
1694727869082 2.5709021024650123 288
1694727869373 2.5668025287865137 289
1694727869718 2.5627977768999988 290
1694727870055 2.55888562355943 291
1694727870421 2.5550638979853897 292
1694727870735 2.5513304806228168 293
1694727871019 2.5476833019281897 294
1694727871335 2.544120341185489 295
1694727871695 2.540639625350232 296
1694727872007 2.5372392279209213 297
1694727872369 2.533917267837263 298
1694727872851 2.5306719084045075 299
1694727873151 2.5275013562433033 300
1694727873416 2.5244038602644467 301
1694727873739 2.521377710667954 302
1694727874150 2.518421237965855 303
1694727874504 2.51553281202817 304
1694727874852 2.5127108411514993 305
1694727875225 2.5099537711497066 306
1694727875558 2.507260084466149 307
1694727875950 2.504628299306972 308
1694727876278 2.502056968794935 309
1694727876701 2.4995446801433205 310
1694727877119 2.497090053849403 311
1694727877498 2.494691742907063 312
1694727877860 2.4923484320380496 313
1694727878150 2.4900588369414756 314
1694727878450 2.487821703561101 315
1694727878816 2.4856358073699876 316
1694727879180 2.483499952672104 317
1694727879601 2.4814129719204963 318
1694727880012 2.479373725051608 319
1694727880321 2.4773810988353895 320
1694727880666 2.4754340062407976 321
1694727881062 2.4735313858163503 322
1694727881438 2.4716722010853482 323
1694727881760 2.469855439955431 324
1694727882268 2.468080114142138 325
1694727882795 2.466345258606115 326
1694727883261 2.4646499310036676 327
1694727883663 2.462993211150327 328
1694727883984 2.461374200497135 329
1694727884357 2.4597920216193354 330
1694727884903 2.4582458177171778 331
1694727885208 2.4567347521285523 332
1694727885580 2.455258007853171 333
1694727885985 2.453814787088023 334
1694727886322 2.4524043107738316 335
1694727886875 2.451025818152262 336
1694727887407 2.4496785663336156 337
1694727887832 2.4483618298747656 338
1694727888226 2.4470749003670877 339
1694727888596 2.445817086034158 340
1694727889035 2.444587711338972 341
1694727889495 2.4433861166004776 342
1694727889987 2.442211657619177 343
1694727890371 2.441063705311607 344
1694727890830 2.4399416453534726 345
1694727891242 2.438844877831227 346
1694727891610 2.437772816901911 347
1694727891980 2.4367248904610426 348
1694727892304 2.4357005398183693 349
1694727892682 2.4346992193813013 350
1694727893084 2.4337203963458407 351
1694727893469 2.432763550394825 352
1694727893800 2.4318281734033174 353
1694727894223 2.4309137691509717 354
1694727894539 2.430019853041207 355
1694727894918 2.429145951827028 356
1694727895286 2.428291603343333 357
1694727895597 2.427456356245573 358
1694727895869 2.426639769754574 359
1694727896342 2.425841413407419 360
1694727896687 2.425060866814213 361
1694727897169 2.424297719420613 362
1694727897531 2.4235515702759702 363
1694727897876 2.4228220278069648 364
1694727898269 2.422108709596597 365
1694727898701 2.4214112421684004 366
1694727899072 2.4207292607757718 367
1694727899433 2.420062409196276 368
1694727899815 2.4194103395308244 369
1694727900162 2.418772712007596 370
1694727900498 2.4181491947906073 371
1694727900920 2.4175394637928003 372
1694727901324 2.4169432024935578 373
1694727901692 2.416360101760535 374
1694727902131 2.4157898596757015 375
1694727902450 2.415232181365497 376
1694727902817 2.414686778835009 377
1694727903272 2.414153370806067 378
1694727903620 2.4136316825591684 379
1694727904009 2.413121445779135 380
1694727904304 2.412622398404427 381
1694727904584 2.4121342844800164 382
1694727904952 2.4116568540137373 383
1694727905330 2.4111898628360335 384
1694727905749 2.4107330724630183 385
1694727906124 2.410286249962776 386
1694727906486 2.40984916782482 387
1694727906963 2.4094216038326364 388
1694727907381 2.4090033409392384 389
1694727907772 2.408594167145665 390
1694727908139 2.4081938753823486 391
1694727908465 2.4078022633932834 392
1694727908843 2.4074191336229327 393
1694727909127 2.4070442931058076 394
1694727909452 2.4066775533586577 395
1694727909813 2.4063187302751983 396
1694727910212 2.405967644023334 397
1694727910547 2.405624118944807 398
1694727910923 2.4052879834572103 399
1694727911268 2.404959069958324 400
1694727911611 2.4046372147326998 401
1694727911997 2.4043222578604606 402
1694727912380 2.404014043128247 403
1694727912811 2.403712417942268 404
1694727913226 2.4034172332434074 405
1694727913548 2.403128343424325 406
1694727913883 2.402845606248527 407
1694727914235 2.4025688827713347 408
1694727914532 2.402298037262725 409
1694727914884 2.402032937131988 410
1694727915330 2.401773452854168 411
1694727915615 2.401519457898231 412
1694727915981 2.401270828656932 413
1694727916395 2.4010274443783395 414
1694727916834 2.4007891870989693 415
1694727917527 2.4005559415784954 416
1694727917911 2.400327595236007 417
1694727918328 2.4001040380877607 418
1694727918648 2.3998851626864086 419
1694727919074 2.3996708640616484 420
1694727919495 2.399461039662282 421
1694727919919 2.3992555892996354 422
1694727920317 2.3990544150923165 423
1694727920689 2.398857421412268 424
1694727921082 2.398664514832093 425
1694727921447 2.398475604073631 426
1694727921764 2.3982905999577304 427
1694727922204 2.3981094153552176 428
1694727922576 2.3979319651390134 429
1694727922963 2.3977581661373777 430
1694727923356 2.3975879370882596 431
1694727923695 2.3974211985947185 432
1694727924016 2.3972578730813963 433
1694727924489 2.3970978847520117 434
1694727924767 2.396941159547863 435
1694727925071 2.3967876251072964 436
1694727925461 2.396637210726137 437
1694727925799 2.396489847319047 438
1694727926155 2.396345467381795 439
1694727926539 2.3962040049544107 440
1694727927043 2.3960653955852083 441
1694727927475 2.395929576295656 442
1694727927756 2.39579648554607 443
1694727928082 2.395666063202118 444
1694727928442 2.3955382505021086 445
1694727929031 2.395412990025047 446
1694727929431 2.39529022565945 447
1694727929740 2.3951699025728828 448
1694727930115 2.395051967182222 449
1694727930473 2.3949363671246098 450
1694727930819 2.3948230512290944 451
1694727931209 2.394711969488938 452
1694727931636 2.3946030730345687 453
1694727931999 2.3944963141071764 454
1694727932375 2.3943916460329233 455
1694727932704 2.3942890231977594 456
1694727933011 2.3941884010228307 457
1694727933382 2.394089735940469 458
1694727933773 2.3939929853707356 459
1694727934162 2.3938981076985226 460
1694727934592 2.393805062251194 461
1694727935015 2.3937138092767394 462
1694727935397 2.393624309922453 463
1694727935761 2.393536526214106 464
1694727936196 2.3934504210356082 465
1694727936582 2.3933659581091487 466
1694727936949 2.393283101975797 467
1694727937331 2.3932018179765655 468
1694727937785 2.3931220722339095 469
1694727938119 2.3930438316336677 470
1694727938560 2.392967063807416 471
1694727938897 2.3928917371152436 472
1694727939295 2.3928178206289314 473
1694727939694 2.3927452841155143 474
1694727939998 2.3926740980212453 475
1694727940360 2.392604233455918 476
1694727940784 2.3925356621775666 477
1694727941152 2.3924683565775213 478
1694727941529 2.3924022896658133 479
1694727941903 2.3923374350569158 480
1694727942254 2.392273766955831 481
1694727942588 2.392211260144489 482
1694727943058 2.3921498899684726 483
1694727943459 2.3920896323240486 484
1694727943784 2.3920304636455048 485
1694727944144 2.391972360892783 486
1694727944501 2.3919153015393975 487
1694727944810 2.3918592635606366 488
1694727945145 2.3918042254220446 489
1694727945594 2.391750166068166 490
1694727945930 2.391697064911557 491
1694727946338 2.391644901822049 492
1694727946751 2.3915936571162684 493
1694727947128 2.3915433115473954 494
1694727947458 2.391493846295165 495
1694727947847 2.3914452429561006 496
1694727948208 2.391397483533971 497
1694727948638 2.391350550430479 498
1694727948989 2.391304426436157 499
