1694727571826 168.8278829759285 0
1694727572121 131.502672498408 1
1694727572445 102.55331170149714 2
1694727572782 80.09950763109636 3
1694727573120 62.683161661783345 4
1694727573461 49.17356099633595 5
1694727573885 38.69386173564479 6
1694727574215 30.56408182599451 7
1694727574625 24.256896088386405 8
1694727574963 19.363358248562246 9
1694727575301 15.566320583702062 10
1694727575622 12.619822484132632 11
1694727576013 10.333107464406513 12
1694727576331 8.558229201862293 13
1694727576747 7.18044061454878 14
1694727577084 6.110740998526101 15
1694727577386 5.280096601158889 16
1694727577733 4.63495884187701 17
1694727578054 4.133788784345633 18
1694727578409 3.74436190347095 19
1694727578777 3.441677933730275 20
1694727579075 3.2063399325456214 21
1694727579372 3.0232972031398027 22
1694727579693 2.880870380055232 23
1694727580064 2.769995326111803 24
1694727580440 2.683636715264943 25
1694727580951 2.6163332068491436 26
1694727581271 2.563844670509896 27
1694727581594 2.522878554063291 28
1694727581916 2.4908776299613296 29
1694727582249 2.465855344485184 30
1694727582573 2.44626808661778 31
1694727582966 2.4309160918892325 32
1694727583349 2.4188665563028517 33
1694727583670 2.409393977669681 34
1694727583976 2.4019338600809883 35
1694727584358 2.396046784546545 36
1694727584716 2.3913905214076197 37
1694727585058 2.387698381720668 38
1694727585430 2.3847624093051354 39
1694727585751 2.3824203288473265 40
1694727586067 2.380545408738837 41
1694727586412 2.3790385860113665 42
1694727586781 2.3778223470688995 43
1694727587117 2.376835971419388 44
1694727587405 2.3760318336429047 45
1694727587824 2.3753725271183517 46
1694727588177 2.3748286259989904 47
1694727588523 2.374376943016229 48
1694727588897 2.3739991725669563 49
1694727589240 2.373680833269801 50
1694727589678 2.3734104433632397 51
1694727590222 2.373178877206921 52
1694727590509 2.372978862701224 53
1694727590834 2.3728045884068028 54
1694727591194 2.3726513961057467 55
1694727591549 2.372515539948892 56
1694727591894 2.372393997528685 57
1694727592270 2.3722843214745057 58
1694727592583 2.3721845226974807 59
1694727592879 2.37209297837735 60
1694727593190 2.3720083593113146 61
1694727593600 2.3719295724320246 62
1694727593951 2.3718557152249042 63
1694727594232 2.3717860394930455 64
1694727594543 2.371719922476562 65
1694727594982 2.371656843768254 66
1694727595288 2.37159636680619 67
1694727595581 2.371538123987843 68
1694727595909 2.3714818046563098 69
1694727596244 2.371427145369841 70
1694727596599 2.371373921991415 71
1694727596995 2.3713219432332284 72
1694727597338 2.371271045367757 73
1694727597678 2.37122108787721 74
1694727598035 2.371171949860436 75
1694727598433 2.3711235270533675 76
1694727598791 2.3710757293483344 77
1694727599102 2.37102847872053 78
1694727599485 2.370981707488107 79
1694727599750 2.3709353568467435 80
1694727600002 2.370889375630918 81
1694727600294 2.3708437192632212 82
1694727600607 2.370798348860232 83
1694727600953 2.3707532304692776 84
1694727601294 2.370708334415039 85
1694727601594 2.370663634738685 86
1694727601933 2.370619108715222 87
1694727602269 2.3705747364372023 88
1694727602524 2.3705305004549064 89
1694727602838 2.3704863854647362 90
1694727603174 2.3704423780388817 91
1694727603463 2.3703984663904283 92
1694727603787 2.370354640168958 93
1694727604163 2.370310890282451 94
1694727604432 2.370267208741932 95
1694727604703 2.370223588525804 96
1694727605058 2.3701800234612707 97
1694727605394 2.370136508120601 98
1694727605748 2.370093037730319 99
1694727606105 2.3700496080916427 100
1694727606444 2.3700062155107537 101
1694727606806 2.369962856737633 102
1694727607183 2.3699195289123978 103
1694727607479 2.3698762295181957 104
1694727607743 2.36983295633984 105
1694727608030 2.3697897074274725 106
1694727608370 2.36974648106464 107
1694727608674 2.369703275740229 108
1694727608983 2.369660090123803 109
1694727609323 2.3696169230439126 110
1694727609664 2.369573773469019 111
1694727609995 2.3695306404907215 112
1694727610336 2.3694875233089983 113
1694727610617 2.3694444212192214 114
1694727611022 2.3694013336007362 115
1694727611372 2.3693582599068055 116
1694727611702 2.369315199655763 117
1694727612052 2.369272152423231 118
1694727612361 2.3692291178352645 119
1694727612702 2.3691860955623207 120
1694727613063 2.3691430853139472 121
1694727613436 2.3691000868341137 122
1694727613737 2.369057099897091 123
1694727614048 2.369014124303832 124
1694727614400 2.3689711598787837 125
1694727614728 2.368928206467078 126
1694727615055 2.36888526393206 127
1694727615390 2.368842332153114 128
1694727615717 2.3687994110237423 129
1694727616069 2.368756500449885 130
1694727616409 2.3687136003484293 131
1694727616798 2.368670710645902 132
1694727617248 2.368627831277322 133
1694727617543 2.3685849621851816 134
1694727617862 2.3685421033185556 135
1694727618252 2.368499254632316 136
1694727618603 2.3684564160864374 137
1694727618931 2.3684135876453905 138
1694727619299 2.368370769277602 139
1694727619630 2.3683279609549843 140
1694727619889 2.36828516265252 141
1694727620253 2.3682423743478904 142
1694727620546 2.3681995960211606 143
1694727620832 2.3681568276544893 144
1694727621114 2.3681140692318805 145
1694727621459 2.3680713207389634 146
1694727621756 2.3680285821628 147
1694727622127 2.367985853491709 148
1694727622556 2.367943134715121 149
1694727622922 2.3679004258234455 150
1694727623178 2.3678577268079493 151
1694727623484 2.3678150376606584 152
1694727623748 2.367772358374268 153
1694727624072 2.3677296889420587 154
1694727624384 2.3676870293578305 155
1694727624692 2.3676443796158386 156
1694727625099 2.3676017397107403 157
1694727625464 2.3675591096375452 158
1694727625736 2.3675164893915777 159
1694727626069 2.3674738789684318 160
1694727626396 2.3674312783639473 161
1694727626810 2.3673886875741763 162
1694727627216 2.367346106595356 163
1694727627531 2.3673035354238916 164
1694727627819 2.367260974056332 165
1694727628147 2.3672184224893558 166
1694727628516 2.3671758807197536 167
1694727628794 2.367133348744416 168
1694727629103 2.367090826560321 169
1694727629508 2.367048314164525 170
1694727629817 2.3670058115541517 171
1694727630150 2.366963318726386 172
1694727630498 2.366920835678463 173
1694727630784 2.366878362407668 174
1694727631106 2.3668358989113263 175
1694727631442 2.366793445186799 176
1694727631774 2.3667510012314796 177
1694727632096 2.366708567042791 178
1694727632442 2.3666661426181794 179
1694727632743 2.366623727955115 180
1694727633028 2.3665813230510855 181
1694727633445 2.3665389279035973 182
1694727633783 2.3664965425101725 183
1694727634161 2.3664541668683454 184
1694727634489 2.366411800975664 185
1694727634800 2.3663694448296853 186
1694727635151 2.366327098427976 187
1694727635479 2.366284761768113 188
1694727635781 2.3662424348476776 189
1694727636123 2.3662001176642615 190
1694727636526 2.3661578102154586 191
1694727636905 2.3661155124988706 192
1694727637222 2.3660732245121032 193
1694727637575 2.366030946252766 194
1694727637893 2.3659886777184735 195
1694727638261 2.3659464189068413 196
1694727638666 2.365904169815491 197
1694727638974 2.3658619304420463 198
1694727639334 2.365819700784131 199
1694727639659 2.3657774808393737 200
1694727639989 2.3657352706054056 201
1694727640342 2.365693070079857 202
1694727640686 2.3656508792603623 203
1694727641006 2.365608698144557 204
1694727641308 2.365566526730078 205
1694727641662 2.365524365014564 206
1694727641948 2.365482212995654 207
1694727642271 2.365440070670989 208
1694727642635 2.365397938038211 209
1694727642933 2.3653558150949636 210
1694727643321 2.3653137018388906 211
1694727643660 2.3652715982676376 212
1694727643957 2.3652295043788496 213
1694727644268 2.3651874201701752 214
1694727644597 2.365145345639261 215
1694727644932 2.365103280783756 216
1694727645268 2.36506122560131 217
1694727645639 2.3650191800895737 218
1694727645977 2.364977144246197 219
1694727646307 2.364935118068833 220
1694727646654 2.3648931015551335 221
1694727646992 2.364851094702752 222
1694727647355 2.3648090975093434 223
1694727647712 2.3647671099725605 224
1694727648085 2.3647251320900606 225
1694727648487 2.3646831638594987 226
1694727648779 2.364641205278532 227
1694727649120 2.3645992563448175 228
1694727649471 2.3645573170560144 229
1694727649765 2.3645153874097797 230
1694727650105 2.3644734674037746 231
1694727650478 2.3644315570356573 232
1694727650767 2.3643896563030906 233
1694727651068 2.364347765203734 234
1694727651417 2.3643058837352515 235
1694727651760 2.364264011895303 236
1694727652096 2.364222149681554 237
1694727652474 2.364180297091667 238
1694727652843 2.3641384541233075 239
1694727653223 2.364096620774139 240
1694727653689 2.3640547970418297 241
1694727654100 2.3640129829240437 242
1694727654442 2.3639711784184496 243
1694727654781 2.3639293835227138 244
1694727655093 2.3638875982345056 245
1694727655355 2.3638458225514927 246
1694727655685 2.363804056471346 247
1694727656019 2.363762299991734 248
1694727656300 2.363720553110329 249
1694727657371 2.3636788158248008 250
1694727657709 2.3636370881328226 251
1694727657994 2.363595370032066 252
1694727658357 2.3635536615202044 253
1694727658714 2.363511962594912 254
1694727659021 2.3634702732538635 255
1694727659373 2.3634285934947328 256
1694727659721 2.3633869233151965 257
1694727660058 2.3633452627129303 258
1694727660426 2.363303611685612 259
1694727660765 2.3632619702309174 260
1694727661109 2.3632203383465265 261
1694727661471 2.363178716030116 262
1694727661833 2.3631371032793673 263
1694727662090 2.363095500091958 264
1694727662393 2.363053906465571 265
1694727662731 2.3630123223978865 266
1694727663027 2.362970747886586 267
1694727663363 2.362929182929351 268
1694727663727 2.362887627523867 269
1694727664073 2.362846081667815 270
1694727664416 2.3628045453588813 271
1694727664758 2.3627630185947495 272
1694727665101 2.362721501373105 273
1694727665509 2.362679993691634 274
1694727665874 2.362638495548024 275
1694727666225 2.3625970069399607 276
1694727666701 2.362555527865133 277
1694727667031 2.3625140583212296 278
1694727667520 2.3624725983059394 279
1694727667860 2.362431147816951 280
1694727668186 2.3623897068519564 281
1694727668561 2.3623482754086456 282
1694727668925 2.36230685348471 283
1694727669261 2.3622654410778416 284
1694727669622 2.3622240381857345 285
1694727669955 2.3621826448060803 286
1694727670274 2.362141260936574 287
1694727670623 2.36209988657491 288
1694727670990 2.362058521718783 289
1694727671280 2.3620171663658898 290
1694727671617 2.361975820513926 291
1694727671925 2.3619344841605883 292
1694727672242 2.361893157303575 293
1694727672613 2.3618518399405843 294
1694727672949 2.361810532069315 295
1694727673312 2.361769233687466 296
1694727673639 2.361727944792737 297
1694727673970 2.3616866653828303 298
1694727674232 2.361645395455445 299
1694727674565 2.361604135008285 300
1694727674888 2.3615628840390515 301
1694727675179 2.3615216425454477 302
1694727675588 2.361480410525178 303
1694727675925 2.3614391879759453 304
1694727676229 2.3613979748954557 305
1694727676652 2.361356771281414 306
1694727676993 2.3613155771315264 307
1694727677403 2.3612743924435002 308
1694727677828 2.361233217215042 309
1694727678169 2.3611920514438594 310
1694727678554 2.3611508951276625 311
1694727678911 2.3611097482641585 312
1694727679209 2.3610686108510572 313
1694727679577 2.361027482886071 314
1694727679903 2.3609863643669082 315
1694727680279 2.360945255291282 316
1694727680655 2.3609041556569044 317
1694727681019 2.360863065461487 318
1694727681307 2.360821984702744 319
1694727681628 2.3607809133783895 320
1694727681945 2.3607398514861373 321
1694727682268 2.3606987990237034 322
1694727682606 2.360657755988802 323
1694727682892 2.3606167223791514 324
1694727683305 2.3605756981924677 325
1694727683635 2.3605346834264678 326
1694727683964 2.360493678078871 327
1694727684273 2.360452682147395 328
1694727684587 2.3604116956297587 329
1694727684912 2.3603707185236837 330
1694727685205 2.3603297508268892 331
1694727685585 2.360288792537098 332
1694727685940 2.3602478436520293 333
1694727686244 2.3602069041694067 334
1694727686675 2.360165974086953 335
1694727687079 2.360125053402393 336
1694727687493 2.360084142113449 337
1694727688001 2.360043240217847 338
1694727688465 2.360002347713311 339
1694727688945 2.3599614645975686 340
1694727689632 2.359920590868345 341
1694727690078 2.359879726523368 342
1694727690424 2.359838871560364 343
1694727690828 2.3597980259770637 344
1694727691290 2.359757189771194 345
1694727691762 2.3597163629404854 346
1694727692355 2.3596755454826672 347
1694727692728 2.3596347373954707 348
1694727693124 2.3595939386766274 349
1694727693459 2.3595531493238693 350
1694727693866 2.3595123693349276 351
1694727694315 2.3594715987075365 352
1694727694772 2.35943083743943 353
1694727695154 2.359390085528341 354
1694727695482 2.359349342972006 355
1694727695946 2.3593086097681595 356
1694727696288 2.3592678859145373 357
1694727696812 2.3592271714088775 358
1694727697295 2.3591864662489157 359
1694727697740 2.3591457704323906 360
1694727698219 2.3591050839570404 361
1694727698751 2.3590644068206044 362
1694727699190 2.3590237390208215 363
1694727699650 2.3589830805554337 364
1694727700015 2.35894243142218 365
1694727700633 2.3589017916188024 366
1694727701076 2.358861161143043 367
1694727701577 2.3588205399926445 368
1694727701972 2.35877992816535 369
1694727702327 2.3587393256589033 370
1694727702670 2.3586987324710487 371
1694727703059 2.3586581485995315 372
1694727703418 2.358617574042097 373
1694727703770 2.3585770087964915 374
1694727704284 2.3585364528604615 375
1694727704732 2.358495906231754 376
1694727705117 2.358455368908118 377
1694727705537 2.3584148408873014 378
1694727705926 2.3583743221670534 379
1694727706255 2.358333812745124 380
1694727706654 2.3582933126192627 381
1694727707025 2.358252821787221 382
1694727707350 2.3582123402467507 383
1694727707680 2.358171867995604 384
1694727708031 2.358131405031532 385
1694727708307 2.3580909513522896 386
1694727708646 2.35805050695563 387
1694727708974 2.358010071839308 388
1694727709351 2.357969646001078 389
1694727709685 2.357929229438696 390
1694727710057 2.357888822149919 391
1694727710421 2.357848424132502 392
1694727710777 2.3578080353842044 393
1694727711191 2.3577676559027823 394
1694727711535 2.3577272856859954 395
1694727711885 2.3576869247316026 396
1694727712243 2.357646573037364 397
1694727712645 2.3576062306010392 398
1694727713008 2.3575658974203897 399
1694727713355 2.3575255734931773 400
1694727713718 2.3574852588171633 401
1694727714106 2.3574449533901105 402
1694727714427 2.357404657209782 403
1694727714830 2.357364370273943 404
1694727715239 2.357324092580357 405
1694727715566 2.3572838241267884 406
1694727715985 2.3572435649110037 407
1694727716337 2.357203314930769 408
1694727716657 2.357163074183851 409
1694727717047 2.3571228426680166 410
1694727717446 2.3570826203810347 411
1694727717759 2.357042407320673 412
1694727718208 2.357002203484702 413
1694727718693 2.3569620088708896 414
1694727719074 2.3569218234770073 415
1694727719402 2.3568816473008254 416
1694727719713 2.3568414803401154 417
1694727720048 2.3568013225926503 418
1694727720532 2.3567611740562016 419
1694727720885 2.356721034728543 420
1694727721201 2.3566809046074484 421
1694727721618 2.356640783690692 422
1694727722013 2.356600671976049 423
1694727722463 2.356560569461295 424
1694727722896 2.356520476144206 425
1694727723274 2.3564803920225588 426
1694727723592 2.35644031709413 427
1694727724028 2.356400251356699 428
1694727724336 2.356360194808044 429
1694727724651 2.3563201474459428 430
1694727725017 2.3562801092681753 431
1694727725386 2.356240080272523 432
1694727725656 2.3562000604567657 433
1694727725901 2.3561600498186857 434
1694727726283 2.356120048356064 435
1694727726546 2.3560800560666832 436
1694727726892 2.356040072948327 437
1694727727378 2.3560000989987784 438
1694727727624 2.355960134215823 439
1694727727913 2.3559201785972443 440
1694727728242 2.355880232140829 441
1694727728590 2.355840294844362 442
1694727728969 2.355800366705631 443
1694727729298 2.3557604477224228 444
1694727729794 2.3557205378925246 445
1694727730454 2.3556806372137253 446
1694727730920 2.355640745683814 447
1694727731240 2.35560086330058 448
1694727731596 2.3555609900618135 449
1694727731942 2.3555211259653044 450
1694727733327 2.355481271008846 451
1694727733646 2.3554414251902283 452
1694727733955 2.3554015885072443 453
1694727734365 2.3553617609576873 454
1694727734662 2.35532194253935 455
1694727734993 2.355282133250028 456
1694727735357 2.355242333087515 457
1694727735814 2.3552025420496063 458
1694727736196 2.3551627601340983 459
1694727736568 2.3551229873387873 460
1694727737032 2.35508322366147 461
1694727737636 2.3550434690999444 462
1694727738047 2.355003723652009 463
1694727738395 2.354963987315462 464
1694727738805 2.354924260088103 465
1694727739268 2.3548845419677313 466
1694727739626 2.354844832952149 467
1694727739959 2.3548051330391564 468
1694727740335 2.354765442226554 469
1694727740654 2.354725760512146 470
1694727741024 2.354686087893734 471
1694727741503 2.3546464243691214 472
1694727741835 2.354606769936113 473
1694727742178 2.354567124592513 474
1694727742581 2.354527488336126 475
1694727742920 2.3544878611647575 476
1694727743308 2.3544482430762157 477
1694727743704 2.3544086340683053 478
1694727743995 2.354369034138834 479
1694727744274 2.3543294432856112 480
1694727744759 2.3542898615064445 481
1694727745077 2.3542502887991428 482
1694727745446 2.3542107251615163 483
1694727745843 2.3541711705913753 484
1694727746268 2.3541316250865307 485
1694727746611 2.3540920886447934 486
1694727747045 2.354052561263976 487
1694727747403 2.3540130429418906 488
1694727747724 2.3539735336763514 489
1694727748065 2.3539340334651704 490
1694727748447 2.3538945423061635 491
1694727748837 2.353855060197145 492
1694727749217 2.35381558713593 493
1694727749599 2.3537761231203356 494
1694727749906 2.353736668148177 495
1694727750318 2.353697222217272 496
1694727750679 2.353657785325438 497
1694727750997 2.353618357470495 498
1694727751357 2.3535789386502595 499
