1694733552566 168.8278829759285 0
1694733552880 8.532880352581305 1
1694733553289 69.5971959869958 2
1694733553630 11.747754949900237 3
1694733553933 32.66219701560306 4
1694733554247 10.693177665052064 5
1694733554579 17.269015886952317 6
1694733554883 8.420476721150838 7
1694733555215 10.185978882103084 8
1694733555638 6.366481549545778 9
1694733555973 6.657983763049851 10
1694733556304 4.876531528270554 11
1694733556590 4.794353149768732 12
1694733556887 3.8952676720230737 13
1694733557213 3.7685417052637424 14
1694733557575 3.2806948382115855 15
1694733557954 3.1879480592634075 16
1694733558413 2.9065986096788112 17
1694733558745 2.853133751159858 18
1694733559148 2.6827688833611076 19
1694733559458 2.6575421621564983 20
1694733559782 2.550324762308986 21
1694733560106 2.542176384542245 22
1694733560442 2.472560482425702 23
1694733560806 2.473574645201783 24
1694733561093 2.427171551631242 25
1694733561669 2.4324527888140857 26
1694733561998 2.4008082828061936 27
1694733562355 2.4075788672653085 28
1694733562729 2.3855567317214144 29
1694733563080 2.3923630740788577 30
1694733563454 2.37675623432472 31
1694733563776 2.382918262298549 32
1694733564115 2.3716761808769626 33
1694733564427 2.3769412487701342 34
1694733564767 2.3687242822557373 35
1694733565091 2.3730616077053193 36
1694733565409 2.366976672781781 37
1694733565697 2.370460280630211 38
1694733566040 2.365900497332899 39
1694733566296 2.368645255701464 40
1694733566614 2.365190757020994 41
1694733566990 2.3673191981577886 42
1694733567348 2.364674652801058 43
1694733567702 2.366301117824346 44
1694733568050 2.3642556701979176 45
1694733568443 2.365479883161418 46
1694733568791 2.363881001459702 47
1694733569066 2.364786548578667 48
1694733569473 2.3635226397300904 49
1694733569780 2.364177820863835 50
1694733570068 2.363166462871825 51
1694733570415 2.363626137009329 52
1694733570790 2.3628059726671693 53
1694733571073 2.36311367718793 54
1694733571481 2.3624387367002058 55
1694733571853 2.3626287279725204 56
1694733572209 2.3620643918327104 57
1694733572545 2.3621634551558897 58
1694733572882 2.3616835442394932 59
1694733573257 2.3617125264330574 60
1694733573582 2.3612971797409745 61
1694733573957 2.36127224979079 62
1694733574301 2.360906361094363 63
1694733574614 2.360840027311747 64
1694733574885 2.3605120838862854 65
