1694746494211 nan 0
1694746494486 nan 1
1694746494776 nan 2
1694746495012 nan 3
1694746495357 nan 4
1694746495668 nan 5
1694746495976 nan 6
1694746496250 nan 7
1694746496564 nan 8
1694746496934 nan 9
1694746497167 nan 10
1694746497483 nan 11
1694746497764 nan 12
1694746498075 nan 13
1694746498335 nan 14
1694746498559 nan 15
1694746498765 nan 16
1694746499065 nan 17
1694746499338 nan 18
1694746499643 nan 19
1694746499946 nan 20
1694746500233 nan 21
1694746500536 nan 22
1694746500832 nan 23
1694746501100 nan 24
1694746501519 nan 25
1694746501808 nan 26
1694746502066 nan 27
1694746502297 nan 28
1694746502537 nan 29
1694746502832 nan 30
1694746503330 nan 31
1694746503637 nan 32
1694746503917 nan 33
1694746504156 nan 34
1694746504372 nan 35
1694746504686 nan 36
1694746504988 nan 37
1694746505221 nan 38
1694746505548 nan 39
1694746505910 nan 40
1694746506168 nan 41
1694746506384 nan 42
1694746506646 nan 43
1694746506889 nan 44
1694746507107 nan 45
1694746507353 nan 46
1694746507684 nan 47
1694746508065 nan 48
1694746508280 nan 49
1694746508509 nan 50
1694746508804 nan 51
1694746509045 nan 52
1694746509260 nan 53
1694746509531 nan 54
1694746509832 nan 55
1694746510097 nan 56
1694746510406 nan 57
1694746510710 nan 58
1694746511041 nan 59
1694746511339 nan 60
1694746511711 nan 61
1694746512036 nan 62
1694746512331 nan 63
1694746512657 nan 64
1694746512932 nan 65
1694746513251 nan 66
1694746513539 nan 67
1694746513851 nan 68
1694746514145 nan 69
1694746514373 nan 70
1694746514738 nan 71
1694746515028 nan 72
1694746515276 nan 73
1694746515526 nan 74
1694746515832 nan 75
1694746516129 nan 76
1694746516349 nan 77
1694746516581 nan 78
1694746516827 nan 79
1694746517131 nan 80
1694746517444 nan 81
1694746517725 nan 82
1694746518050 nan 83
1694746518334 nan 84
1694746518646 nan 85
1694746518997 nan 86
1694746519273 nan 87
1694746519517 nan 88
1694746519885 nan 89
1694746520189 nan 90
1694746520460 nan 91
1694746520771 nan 92
1694746521042 nan 93
1694746521397 nan 94
1694746521720 nan 95
1694746522018 nan 96
1694746522304 nan 97
1694746522541 nan 98
1694746522852 nan 99
1694746523156 nan 100
1694746523472 nan 101
1694746523807 nan 102
1694746524198 nan 103
1694746524439 nan 104
1694746524723 nan 105
1694746525022 nan 106
1694746525314 nan 107
1694746525542 nan 108
1694746525892 nan 109
1694746526169 nan 110
1694746526426 nan 111
1694746526703 nan 112
1694746527006 nan 113
1694746527289 nan 114
1694746527509 nan 115
1694746527798 nan 116
1694746528204 nan 117
1694746528438 nan 118
1694746528690 nan 119
1694746528956 nan 120
1694746529279 nan 121
1694746529518 nan 122
1694746529804 nan 123
1694746530108 nan 124
1694746530373 nan 125
1694746530575 nan 126
1694746530788 nan 127
1694746531056 nan 128
1694746531381 nan 129
1694746531704 nan 130
1694746531979 nan 131
1694746532303 nan 132
1694746532607 nan 133
1694746532898 nan 134
1694746533249 nan 135
1694746533537 nan 136
1694746533819 nan 137
1694746534133 nan 138
1694746534467 nan 139
1694746534789 nan 140
1694746535098 nan 141
1694746535432 nan 142
1694746535687 nan 143
1694746535993 nan 144
1694746536299 nan 145
1694746536618 nan 146
1694746536917 nan 147
1694746537242 nan 148
1694746537572 nan 149
1694746537808 nan 150
1694746538108 nan 151
1694746538401 nan 152
1694746538687 nan 153
1694746538958 nan 154
1694746539342 nan 155
1694746539639 nan 156
1694746539934 nan 157
1694746540246 nan 158
1694746540520 nan 159
1694746540815 nan 160
1694746541132 nan 161
1694746541588 nan 162
1694746541824 nan 163
1694746542119 nan 164
1694746542437 nan 165
1694746542735 nan 166
1694746543001 nan 167
1694746543330 nan 168
1694746543690 nan 169
1694746543953 nan 170
1694746544256 nan 171
1694746544589 nan 172
1694746544878 nan 173
1694746545173 nan 174
1694746545413 nan 175
1694746545694 nan 176
1694746545974 nan 177
1694746546259 nan 178
1694746546558 nan 179
1694746546849 nan 180
1694746547164 nan 181
1694746547434 nan 182
1694746547646 nan 183
1694746547901 nan 184
1694746548241 nan 185
1694746548524 nan 186
1694746548786 nan 187
1694746548995 nan 188
1694746549279 nan 189
1694746549591 nan 190
1694746549881 nan 191
1694746550157 nan 192
1694746550532 nan 193
1694746550833 nan 194
1694746551128 nan 195
1694746551462 nan 196
1694746551810 nan 197
1694746552059 nan 198
1694746552362 nan 199
1694746552728 nan 200
1694746552977 nan 201
1694746553313 nan 202
1694746553636 nan 203
1694746553932 nan 204
1694746554162 nan 205
1694746554452 nan 206
1694746554851 nan 207
1694746555135 nan 208
1694746555456 nan 209
1694746555813 nan 210
1694746556176 nan 211
1694746556478 nan 212
1694746556774 nan 213
1694746557149 nan 214
1694746557425 nan 215
1694746557786 nan 216
1694746558122 nan 217
1694746558453 nan 218
1694746558774 nan 219
1694746559060 nan 220
1694746559436 nan 221
1694746559753 nan 222
1694746560045 nan 223
1694746560317 nan 224
1694746560672 nan 225
1694746560968 nan 226
1694746561221 nan 227
1694746561610 nan 228
1694746561936 nan 229
1694746562177 nan 230
1694746562483 nan 231
1694746562820 nan 232
1694746563103 nan 233
1694746563439 nan 234
1694746563774 nan 235
1694746564073 nan 236
1694746564309 nan 237
1694746564628 nan 238
1694746564936 nan 239
1694746565162 nan 240
1694746565377 nan 241
1694746565677 nan 242
1694746566006 nan 243
1694746566289 nan 244
1694746566573 nan 245
1694746566897 nan 246
1694746567177 nan 247
1694746567463 nan 248
1694746567817 nan 249
1694746568106 nan 250
1694746568463 nan 251
1694746568751 nan 252
1694746569070 nan 253
1694746569333 nan 254
1694746569600 nan 255
1694746569830 nan 256
1694746570115 nan 257
1694746570330 nan 258
1694746570647 nan 259
1694746570878 nan 260
1694746571206 nan 261
1694746571435 nan 262
1694746571768 nan 263
1694746572069 nan 264
1694746572328 nan 265
1694746572605 nan 266
1694746572922 nan 267
1694746573264 nan 268
1694746573546 nan 269
1694746573850 nan 270
1694746574156 nan 271
1694746574428 nan 272
1694746574711 nan 273
1694746575038 nan 274
1694746575285 nan 275
1694746575602 nan 276
1694746575900 nan 277
1694746576211 nan 278
1694746576485 nan 279
1694746576718 nan 280
1694746576963 nan 281
1694746577294 nan 282
1694746577562 nan 283
1694746577827 nan 284
1694746578134 nan 285
1694746578392 nan 286
1694746578689 nan 287
1694746578984 nan 288
1694746579228 nan 289
1694746579488 nan 290
1694746579803 nan 291
1694746580114 nan 292
1694746580379 nan 293
1694746580691 nan 294
1694746580970 nan 295
1694746581301 nan 296
1694746581648 nan 297
1694746581970 nan 298
1694746582286 nan 299
1694746582514 nan 300
1694746582796 nan 301
1694746583107 nan 302
1694746583447 nan 303
1694746583750 nan 304
1694746584069 nan 305
1694746584402 nan 306
1694746584657 nan 307
1694746584995 nan 308
1694746585289 nan 309
1694746585534 nan 310
1694746585798 nan 311
1694746586159 nan 312
1694746586456 nan 313
1694746586689 nan 314
1694746586966 nan 315
1694746587264 nan 316
1694746587525 nan 317
1694746587838 nan 318
1694746588187 nan 319
1694746588518 nan 320
1694746588768 nan 321
1694746589085 nan 322
1694746589399 nan 323
1694746589634 nan 324
1694746589880 nan 325
1694746590184 nan 326
1694746590518 nan 327
1694746590784 nan 328
1694746591098 nan 329
1694746591393 nan 330
1694746591738 nan 331
1694746592028 nan 332
1694746592339 nan 333
1694746592705 nan 334
1694746593072 nan 335
1694746593356 nan 336
1694746593626 nan 337
1694746593878 nan 338
1694746594190 nan 339
1694746594442 nan 340
1694746594739 nan 341
1694746595097 nan 342
1694746595367 nan 343
1694746595643 nan 344
1694746595869 nan 345
1694746596159 nan 346
1694746596453 nan 347
1694746596704 nan 348
1694746596955 nan 349
1694746597265 nan 350
1694746597578 nan 351
1694746597861 nan 352
1694746598173 nan 353
1694746598476 nan 354
1694746598723 nan 355
1694746599018 nan 356
1694746599337 nan 357
1694746599629 nan 358
1694746599890 nan 359
1694746600166 nan 360
1694746600444 nan 361
1694746600668 nan 362
1694746600882 nan 363
1694746601181 nan 364
1694746601568 nan 365
1694746601893 nan 366
1694746602189 nan 367
1694746602490 nan 368
1694746602757 nan 369
1694746602990 nan 370
1694746603308 nan 371
1694746603622 nan 372
1694746603892 nan 373
1694746604269 nan 374
1694746604575 nan 375
1694746604820 nan 376
1694746605050 nan 377
1694746605338 nan 378
1694746605660 nan 379
1694746605912 nan 380
1694746606219 nan 381
1694746606489 nan 382
1694746606778 nan 383
1694746606999 nan 384
1694746607244 nan 385
1694746607539 nan 386
1694746607826 nan 387
1694746608031 nan 388
1694746608366 nan 389
1694746608676 nan 390
1694746608898 nan 391
1694746609152 nan 392
1694746609454 nan 393
1694746609766 nan 394
1694746610000 nan 395
1694746610389 nan 396
1694746610735 nan 397
1694746611002 nan 398
1694746611276 nan 399
1694746611579 nan 400
1694746611837 nan 401
1694746612072 nan 402
1694746612373 nan 403
1694746612741 nan 404
1694746613012 nan 405
1694746613300 nan 406
1694746613561 nan 407
1694746613824 nan 408
1694746614092 nan 409
1694746614403 nan 410
1694746614724 nan 411
1694746615040 nan 412
1694746615343 nan 413
1694746615655 nan 414
1694746615970 nan 415
1694746616287 nan 416
1694746616548 nan 417
1694746616868 nan 418
1694746617138 nan 419
1694746617464 nan 420
1694746617782 nan 421
1694746618064 nan 422
1694746618281 nan 423
1694746618601 nan 424
1694746618886 nan 425
1694746619180 nan 426
1694746619533 nan 427
1694746619831 nan 428
1694746620114 nan 429
1694746620332 nan 430
1694746620577 nan 431
1694746620830 nan 432
1694746621119 nan 433
1694746621411 nan 434
1694746621820 nan 435
1694746622089 nan 436
1694746622457 nan 437
1694746622764 nan 438
1694746623035 nan 439
1694746623335 nan 440
1694746623649 nan 441
1694746624003 nan 442
1694746624288 nan 443
1694746624581 nan 444
1694746624900 nan 445
1694746625165 nan 446
1694746625388 nan 447
1694746625616 nan 448
1694746625866 nan 449
1694746626203 nan 450
1694746626440 nan 451
1694746626740 nan 452
1694746627058 nan 453
1694746627285 nan 454
1694746627536 nan 455
1694746627820 nan 456
1694746628148 nan 457
1694746628455 nan 458
1694746628731 nan 459
1694746629029 nan 460
1694746629250 nan 461
1694746629462 nan 462
1694746629703 nan 463
1694746629989 nan 464
1694746630234 nan 465
1694746630561 nan 466
1694746630886 nan 467
1694746631200 nan 468
1694746631430 nan 469
1694746631728 nan 470
1694746632037 nan 471
1694746632320 nan 472
1694746632660 nan 473
1694746632996 nan 474
1694746633317 nan 475
1694746633553 nan 476
1694746633799 nan 477
1694746634128 nan 478
1694746634393 nan 479
1694746634614 nan 480
1694746634972 nan 481
1694746635282 nan 482
1694746635540 nan 483
1694746635734 nan 484
1694746635939 nan 485
1694746636237 nan 486
1694746636475 nan 487
1694746636727 nan 488
1694746637010 nan 489
1694746637315 nan 490
1694746637583 nan 491
1694746637894 nan 492
1694746638209 nan 493
1694746638438 nan 494
1694746638691 nan 495
1694746638965 nan 496
1694746639220 nan 497
1694746639501 nan 498
1694746639937 nan 499
