1694730609433 1.670240644112592 0
1694730609747 2.671926125290275 1
1694730610187 2.168213147786999 2
1694730610564 2.7918298304305047 3
1694730610832 2.275418279049579 4
1694730611292 1.6225257491245801 5
1694730611848 2.6332219576973457 6
1694730612263 2.085961520942871 7
1694730612559 2.8091360464635304 8
1694730612822 1.8877857739947381 9
1694730613022 2.39944548307078 10
1694730613332 3.2208735083562456 11
1694730613586 3.386546275645122 12
1694730613865 1.8894094527873306 13
1694730614150 2.384251017944057 14
1694730614490 2.3827272841473386 15
1694730614842 1.7608989006606086 16
1694730615302 2.029759800550684 17
1694730615779 3.057085087137147 18
1694730616170 3.0557858049304687 19
1694730616513 1.7678740439188194 20
1694730617187 1.6110259593422813 21
1694730617526 3.00025268030015 22
1694730617937 2.451599367674956 23
1694730618326 2.7487959224797067 24
1694730618646 1.624469729738174 25
1694730619052 2.9713562110915213 26
1694730619582 1.5658444219294145 27
1694730620038 2.910148381018774 28
1694730620361 2.225826230510048 29
1694730620869 1.51070543861015 30
1694730621304 1.356754196705725 31
1694730621576 3.139844275133258 32
1694730621919 1.8579990194751108 33
1694730622278 3.4428487996775914 34
1694730622706 2.6957329427489154 35
1694730623116 2.6476913847953214 36
1694730623505 4.0161710474571155 37
1694730623815 1.7119317954392446 38
1694730624229 2.6258101475464457 39
1694730624553 1.4738730235290178 40
1694730624755 2.7274361667669047 41
1694730625036 1.8033319377230619 42
1694730625408 2.3131016777935636 43
1694730625764 2.0103652754444674 44
1694730626116 1.492442399258611 45
1694730626579 2.554790592103233 46
1694730627108 2.539781890238768 47
1694730627451 2.078191381630941 48
1694730627721 2.6478859432662847 49
1694730628124 2.0723896189696975 50
1694730628505 2.185229757324075 51
1694730628835 1.9061275879490307 52
1694730629312 2.2560997470883923 53
1694730629652 2.321289367102942 54
1694730629962 1.8240187390641744 55
1694730630338 3.0669429806844057 56
1694730630637 2.3311555460876514 57
1694730630854 2.688753001343101 58
1694730631256 2.411430900637153 59
1694730631625 2.357220929247661 60
1694730631868 2.5571090568712154 61
1694730632202 2.0866280394482284 62
1694730632548 1.598264438904732 63
1694730632844 1.4466363902467843 64
1694730633323 2.4791789542662572 65
1694730633636 2.997380027951202 66
1694730633979 1.9794773158285643 67
1694730634240 2.5259657696849676 68
1694730634578 2.2954454753932736 69
1694730634824 3.74794020569123 70
1694730635082 1.719541317640007 71
1694730635578 2.3541994154857635 72
1694730635999 2.709232338633734 73
1694730636368 1.3762806135194976 74
1694730636643 2.1513272852758223 75
1694730637016 2.5047996139431694 76
1694730637365 1.8406187782405077 77
1694730637649 1.6281079033164372 78
1694730637869 1.7631111553000993 79
1694730638034 1.5587154459219483 80
1694730638236 2.73044562744673 81
1694730638555 2.371609143555547 82
1694730638794 2.1478397739756963 83
1694730639123 1.8984492752141222 84
1694730639774 2.421642152741765 85
1694730640134 2.4195428102197583 86
1694730640466 3.175442466084362 87
1694730641032 2.930411644371892 88
1694730641411 2.1349758686883265 89
1694730641664 2.2880709942971156 90
1694730641840 1.6087593245668736 91
1694730642031 2.4869041704381303 92
1694730642330 1.966373098526595 93
1694730642591 1.135640201531493 94
1694730642757 3.2574314737348433 95
1694730642960 1.4227872917582278 96
1694730643153 2.1700371293641045 97
1694730643462 2.8924891533797967 98
1694730643674 2.6561090888201706 99
1694730643828 2.4300169929246906 100
1694730643981 1.4584341079372904 101
1694730644182 2.242426435965528 102
1694730644431 2.4705242882396976 103
1694730644683 2.196699908229969 104
1694730644961 1.9626144284101479 105
1694730645260 3.005678660411651 106
1694730645608 2.4120523137328758 107
1694730645789 2.260523395930916 108
1694730646329 2.6463454578336214 109
1694730646644 2.068350005005403 110
1694730646820 2.0467450749339005 111
1694730647022 3.9156520501319285 112
1694730647241 1.7908738773113453 113
1694730647579 3.640076642711278 114
1694730647953 1.891333393519801 115
1694730648221 1.5468095184364479 116
1694730648574 3.249572116302035 117
1694730648795 1.893096422378083 118
1694730649017 1.8340983740907777 119
1694730649315 1.426717622328125 120
1694730649664 2.0759819644507855 121
1694730650131 2.6249266092584174 122
1694730650425 1.8066737516549332 123
1694730650679 1.9462697193722305 124
1694730650951 2.633623986925452 125
1694730651194 1.5815866793750168 126
1694730651429 3.2175433380339724 127
1694730651683 1.765148089786486 128
1694730651999 2.410932005661472 129
1694730652381 2.0502162947755096 130
1694730652727 2.265105459177217 131
1694730652984 1.2626321830072766 132
1694730653395 3.1185365721315974 133
1694730653713 2.370098165212469 134
1694730653908 2.6080686687670984 135
1694730654181 2.5508995430620267 136
