1694734976599 168.72402743318275 0
1694734976862 164.88114181199242 1
1694734977190 162.97213629319697 2
1694734977498 161.07446217740613 3
1694734977783 159.1992970209787 4
1694734978074 157.34630697356633 5
1694734978476 155.5152300855455 6
1694734978764 153.70580710132006 7
1694734979036 151.91778183561533 8
1694734979330 150.150901134704 9
1694734979702 148.4049148405431 10
1694734979996 146.6795757553207 11
1694734980295 144.97463960642236 12
1694734980678 143.28986501181205 13
1694734980964 141.62501344582319 14
1694734981257 139.97984920535396 15
1694734981569 138.3541393764634 16
1694734981910 136.74765380136216 17
1694734982268 135.16016504579463 18
1694734982692 133.5914483668064 19
1694734983025 132.0412816808939 20
1694734983348 130.50944553253026 21
1694734983659 128.99572306306464 22
1694734983961 127.49989997998844 23
1694734984316 126.02176452656641 24
1694734984666 124.56110745182646 25
1694734984902 123.11772198090489 26
1694734985199 121.69140378574258 27
1694734985569 120.28195095612799 28
1694734985908 118.88916397108292 29
1694734986235 117.51284567058693 30
1694734986530 116.15280122763617 31
1694734986808 114.80883812063337 32
1694734987089 113.48076610610414 33
1694734987413 112.1683971917364 34
1694734987792 110.87154560973904 35
1694734988111 109.59002779051552 36
1694734988532 108.32366233664938 37
1694734988864 107.0722699971974 38
1694734989164 105.83567364228732 39
1694734989507 104.61369823801574 40
1694734989865 103.40617082164364 41
1694734990261 102.21292047708499 42
1694734990617 101.03377831068578 43
1694734990927 99.86857742728961 44
1694734991290 98.71715290658646 45
1694734991647 97.5793417797416 46
1694734991936 96.45498300630081 47
1694734992257 95.34391745136924 48
1694734992548 94.24598786306002 49
1694734992886 93.1610388502102 50
1694734993205 92.08891686035996 51
1694734993540 91.02947015799286 52
1694734993908 89.98254880303331 53
1694734994217 88.94800462959871 54
1694734994607 87.92569122500294 55
1694734994922 86.91546390900844 56
1694734995266 85.91717971332393 57
1694734995605 84.93069736134449 58
1694734995937 83.95587724813164 59
1694734996274 82.99258142063042 60
1694734996590 82.04067355812033 61
1694734996930 81.10001895289797 62
1694734997263 80.17048449118806 63
1694734997605 79.25193863428046 64
1694734997928 78.34425139989044 65
1694734998374 77.44729434373956 66
1694734998729 76.56094054135454 67
1694734999014 75.68506457008154 68
1694734999402 74.81954249131327 69
1694734999749 73.96425183292656 70
1694735000030 73.1190715719276 71
1694735000339 72.28388211730268 72
1694735000661 71.458565293072 73
1694735000961 70.64300432154383 74
1694735001268 69.83708380676696 75
1694735001663 69.04068971817902 76
1694735001974 68.25370937444835 77
1694735002305 67.47603142750692 78
1694735002713 66.70754584677243 79
1694735003037 65.94814390355701 80
1694735003349 65.19771815566064 81
1694735003743 64.45616243214654 82
1694735004108 63.72337181829715 83
1694735004481 62.99924264074788 84
1694735004858 62.28367245279693 85
1694735005148 61.57656001988891 86
1694735005500 60.877805305270364 87
1694735005879 60.187309455814884 88
1694735006219 59.50497478801613 89
1694735006569 58.83070477414659 90
1694735006869 58.16440402858016 91
1694735007148 57.505978294276474 92
1694735007408 56.855334429425476 93
1694735007730 56.21238039424965 94
1694735008079 55.577025237962836 95
1694735008511 54.94917908588317 96
1694735008857 54.328753126698544 97
1694735009125 53.715659599882905 98
1694735009424 53.10981178326133 99
1694735009784 52.51112398072236 100
1694735010102 51.919511510075836 101
1694735010455 51.33489069105417 102
1694735010885 50.7571788334559 103
1694735011174 50.18629422542942 104
1694735011505 49.622156121895436 105
1694735011840 49.06468473310638 106
1694735012142 48.51380121334126 107
1694735012483 47.969427649734314 108
1694735012883 47.431487051235806 109
1694735013218 46.8999033377036 110
1694735013526 46.374601329123735 111
1694735013841 45.85550673495854 112
1694735014186 45.34254614362095 113
1694735014567 44.83564701207328 114
1694735014871 44.334737655549084 115
1694735015205 43.83974723739676 116
1694735015558 43.35060575904324 117
1694735015898 42.867244050076565 118
1694735016208 42.389593758445734 119
1694735016526 41.91758734077657 120
1694735016844 41.45115805280224 121
1694735017157 40.99023993990696 122
1694735017500 40.53476782778164 123
1694735017871 40.08467731319018 124
1694735018187 39.639904754844906 125
1694735018523 39.200387264390145 126
1694735018878 38.76606269749235 127
1694735019193 38.33686964503586 128
1694735019463 37.912747424422676 129
1694735019837 37.49363607097531 130
1694735020216 37.079476329441334 131
1694735020487 36.670209645598504 132
1694735020846 36.265778157959204 133
1694735021174 35.86612468957306 134
1694735021431 35.47119273992664 135
1694735021695 35.08092647693889 136
1694735022045 34.69527072905141 137
1694735022397 34.3141709774123 138
1694735022776 33.93757334815255 139
1694735023116 33.565424604753716 140
1694735023418 33.19767214050604 141
1694735023712 32.83426397105584 142
1694735024071 32.47514872704099 143
1694735024428 32.12027564681357 144
1694735024864 31.769594569248817 145
1694735025221 31.42305592663892 146
1694735025556 31.080610737671122 147
1694735025864 30.74221060048879 148
1694735026169 30.40780768583469 149
1694735026464 30.077354730275346 150
1694735026809 29.75080502950566 151
1694735027149 29.428112431732654 152
1694735027561 29.10923133113764 153
1694735027879 28.794116661415714 154
1694735028230 28.48272388939162 155
1694735028498 28.175009008711307 156
1694735028786 27.870928533608083 157
1694735029123 27.57043949274252 158
1694735029491 27.273499423115283 159
1694735029826 26.980066364051982 160
1694735030133 26.690098851259243 161
1694735030402 26.40355591095113 162
1694735030728 26.120397054045007 163
1694735031081 25.840582270426122 164
1694735031368 25.56407202328013 165
1694735031751 25.290827243492608 166
1694735032052 25.020809324114865 167
1694735032340 24.753980114895267 168
1694735032721 24.49030191687526 169
1694735033075 24.229737477049373 170
1694735033392 23.97224998308837 171
1694735033769 23.717803058124904 172
1694735034166 23.46636075560085 173
1694735034507 23.217887554175608 174
1694735034824 22.972348352694695 175
1694735035173 22.729708465217833 176
1694735035460 22.48993361610592 177
1694735035791 22.25298993516614 178
1694735036210 22.018843952854493 179
1694735036531 21.78746259553512 180
1694735036865 21.558813180795752 181
1694735037179 21.33286341281855 182
1694735037534 21.109581377805792 183
1694735037869 20.88893553945959 184
1694735038286 20.67089473451525 185
1694735038648 20.455428168327337 186
1694735038971 20.24250541050809 187
1694735039281 20.032096390617383 188
1694735039614 19.824171393903725 189
1694735039938 19.618701057095684 190
1694735040297 19.41565636424303 191
1694735040565 19.215008642607213 192
1694735040935 19.016729558600357 193
1694735041280 18.82079111377239 194
1694735041551 18.62716564084566 195
1694735041844 18.435825799796405 196
1694735042193 18.246744573982713 197
1694735042561 18.059895266318197 198
1694735042884 17.875251495491018 199
1694735043254 17.69278719222758 200
1694735043551 17.512476595600543 201
1694735043841 17.334294249380438 202
1694735044188 17.158214998430523 203
1694735044480 16.984213985144237 204
1694735044788 16.81226664592485 205
1694735045149 16.642348707706798 206
1694735045483 16.474436184518126 207
1694735045809 16.308505374083655 208
1694735046157 16.144532854468313 209
1694735046441 15.982495480760237 210
1694735046739 15.822370381793112 211
1694735047065 15.66413495690721 212
1694735047417 15.507766872748897 213
1694735047706 15.353244060107944 214
1694735048012 15.20054471079223 215
1694735048333 15.049647274539526 216
1694735048678 14.900530455965727 217
1694735048960 14.753173211549239 218
1694735049255 14.60755474665109 219
1694735049574 14.463654512570216 220
1694735049922 14.321452203633685 221
1694735050257 14.180927754321301 222
1694735050539 14.042061336424233 223
1694735050874 13.904833356237312 224
1694735051191 13.76922445178451 225
1694735051493 13.635215490077247 226
1694735051785 13.502787564405192 227
1694735052137 13.371921991659097 228
1694735052550 13.242600309685292 229
1694735052906 13.1148042746715 230
1694735053184 12.9885158585636 231
1694735053460 12.863717246512943 232
1694735053720 12.740390834353892 233
1694735054036 12.618519226111188 234
1694735054413 12.498085231536844 235
1694735054759 12.37907186367614 236
1694735055083 12.261462336462486 237
1694735055460 12.145240062340688 238
1694735055737 12.030388649918356 239
1694735056074 11.916891901645124 240
1694735056397 11.804733811519307 241
1694735056711 11.693898562821719 242
1694735057111 11.584370525876297 243
1694735057467 11.476134255837197 244
1694735057894 11.369174490502141 245
1694735058335 11.263476148151568 246
1694735058637 11.159024325413426 247
1694735058948 11.05580429515315 248
1694735059329 10.953801504388686 249
1694735059712 10.853001572230143 250
1694735060062 10.75339028784384 251
1694735060381 10.654953608440424 252
1694735060714 10.557677657286833 253
1694735061043 10.46154872174175 254
1694735061396 10.366553251314343 255
1694735061713 10.272677855745913 256
1694735062044 10.17990930311431 257
1694735062363 10.088234517960743 258
1694735062669 9.997640579438752 259
1694735063013 9.908114719485114 260
1694735063339 9.819644321012357 261
1694735063647 9.732216916122695 262
1694735064035 9.645820184343062 263
1694735064435 9.560441950881078 264
1694735064741 9.476070184901594 265
1694735065046 9.392692997823687 266
1694735065399 9.310298641637768 267
1694735065743 9.228875507242627 268
1694735066148 9.148412122802139 269
1694735066541 9.06889715212143 270
1694735066820 8.99031939304224 271
1694735067133 8.912667775857297 272
1694735067454 8.83593136174343 273
1694735067743 8.760099341213243 274
1694735068068 8.685161032585095 275
1694735068469 8.611105880471179 276
1694735068785 8.537923454283533 277
1694735069190 8.46560344675767 278
1694735069619 8.394135672493723 279
1694735069951 8.323510066514835 280
1694735070305 8.253716682842592 281
1694735070659 8.18474569308936 282
1694735070987 8.116587385067215 283
1694735071313 8.049232161413384 284
1694735071648 7.982670538231932 285
1694735071992 7.916893143751519 286
1694735072314 7.851890716999043 287
1694735072673 7.787654106488974 288
1694735072966 7.724174268928206 289
1694735073312 7.661442267936216 290
1694735073645 7.599449272780398 291
1694735073918 7.538186557126316 292
1694735074209 7.477645497802795 293
1694735074595 7.41781757358159 294
1694735074936 7.358694363971486 295
1694735075347 7.300267548026725 296
1694735075672 7.242528903169454 297
1694735075954 7.185470304026167 298
1694735076268 7.129083721277883 299
1694735076606 7.073361220523938 300
1694735076909 7.018294961159223 301
1694735077236 6.963877195264716 302
1694735077583 6.910100266511117 303
1694735077890 6.85695660907547 304
1694735078209 6.804438746570613 305
1694735078568 6.75253929098728 306
1694735078897 6.701250941648735 307
1694735079216 6.650566484177739 308
1694735079573 6.600478789475806 309
1694735079994 6.550980812714472 310
1694735080285 6.502065592338524 311
1694735080542 6.453726249081044 312
1694735080837 6.4059559849900705 313
1694735081194 6.358748082466791 314
1694735081513 6.312095903315133 315
1694735081801 6.2659928878025655 316
1694735082139 6.220432553732054 317
1694735082468 6.17540849552495 318
1694735082826 6.1309143833147965 319
1694735083152 6.086943962051744 320
1694735083531 6.043491050617722 321
1694735083852 6.00054954095191 322
1694735084147 5.9581133971866915 323
1694735084521 5.916176654793767 324
1694735084814 5.87473341974036 325
1694735085137 5.833777867655447 326
1694735085489 5.793304243005842 327
1694735085798 5.753306858281975 328
1694735086128 5.7137800931933995 329
1694735086474 5.674718393873743 330
1694735086870 5.636116272095095 331
1694735087161 5.597968304491693 332
1694735087475 5.560269131792752 333
1694735087807 5.523013458064439 334
1694735088151 5.486196049960774 335
1694735088536 5.449811735983404 336
1694735088854 5.413855405750108 337
1694735089145 5.378322009272 338
1694735089436 5.343206556239278 339
1694735089777 5.308504115315374 340
1694735090069 5.2742098134395325 341
1694735090375 5.240318835137561 342
1694735090729 5.206826421840796 343
1694735091038 5.173727871213117 344
1694735091401 5.141018536485876 345
1694735091715 5.108693825800741 346
1694735092020 5.076749201560313 347
1694735092324 5.045180179786424 348
1694735092735 5.013982329485989 349
1694735092999 4.983151272024426 350
1694735093329 4.952682680506424 351
1694735093727 4.9225722791640845 352
1694735094059 4.892815842752278 353
1694735094466 4.863409195951171 354
1694735094829 4.834348212775793 355
1694735095113 4.80562881599262 356
1694735095447 4.777246976543046 357
1694735095755 4.749198712973683 358
1694735096029 4.721480090873388 359
1694735096351 4.694087222316958 360
1694735096713 4.667016265315402 361
1694735096999 4.640263423272728 362
1694735097314 4.6138249444491475 363
1694735097644 4.58769712143064 364
1694735097939 4.561876290604764 365
1694735098302 4.536358831642721 366
1694735098694 4.5111411669875 367
1694735098993 4.486219761348087 368
1694735099318 4.461591121199686 369
1694735099631 4.437251794289817 370
1694735099935 4.413198369150278 371
1694735100272 4.389427474614886 372
1694735100650 4.365935779342887 373
1694735101007 4.342719991348061 374
1694735101312 4.319776857533356 375
1694735101655 4.297103163231013 376
1694735101983 4.274695731748193 377
1694735102303 4.2525514239179385 378
1694735102688 4.230667137655432 379
1694735103042 4.209039807519537 380
1694735103352 4.187666404279507 381
1694735103708 4.166543934486836 382
1694735104012 4.145669440052156 383
1694735104425 4.125039997827163 384
1694735104742 4.1046527191914475 385
1694735105044 4.084504749644265 386
1694735105438 4.064593268401095 387
1694735105752 4.044915487995 388
1694735106048 4.025468653882689 389
1694735106363 4.006250044055219 390
1694735106722 3.987256968653342 391
1694735107019 3.968486769587395 392
1694735107337 3.9499368201616383 393
1694735107767 3.931604524703118 394
1694735108040 3.9134873181948446 395
1694735108361 3.8955826659133583 396
1694735108731 3.877888063070549 397
1694735109020 3.860401034459763 398
1694735109287 3.843119134106029 399
1694735109577 3.8260399449204665 400
1694735109957 3.809161078358783 401
1694735110246 3.792480174083782 402
1694735110603 3.775994899631897 403
1694735110946 3.7597029500836445 404
1694735111309 3.743602047737996 405
1694735111769 3.7276899417905707 406
1694735112168 3.711964408015675 407
1694735112528 3.696423248452074 408
1694735112951 3.6810642910924853 409
1694735113264 3.6658853895767693 410
1694735113603 3.6508844228887076 411
1694735113947 3.6360592950563992 412
1694735114338 3.6214079348561925 413
1694735114659 3.606928295520117 414
1694735115017 3.59261835444678 415
1694735115349 3.5784761129156704 416
1694735115717 3.5644995958048598 417
1694735116047 3.550686851312039 418
1694735116360 3.537035950678847 419
1694735116702 3.523544987918456 420
1694735117049 3.510212079546396 421
1694735117353 3.497035364314548 422
1694735117682 3.484013002948295 423
1694735118042 3.471143177886769 424
1694735118455 3.458424093026193 425
1694735118828 3.4458539734662232 426
1694735119161 3.433431065259331 427
1694735119456 3.42115363516312 428
1694735119789 3.4090199703955846 429
1694735120107 3.39702837839327 430
1694735120379 3.385177186572286 431
1694735120717 3.373464742092117 432
1694735121046 3.3618894116222964 433
1694735121391 3.3504495811117865 434
1694735121711 3.3391436555610765 435
1694735122063 3.3279700587970233 436
1694735122398 3.3169272332503286 437
1694735122792 3.3060136397356445 438
1694735123153 3.2952277572342847 439
1694735123493 3.2845680826795123 440
1694735123868 3.2740331307443595 441
1694735124148 3.263621433631951 442
1694735124497 3.253331540868335 443
1694735124829 3.2431620190977184 444
1694735125164 3.2331114518801756 445
1694735125478 3.2231784394917136 446
1694735125853 3.2133615987267072 447
1694735126235 3.203659562702689 448
1694735126573 3.1940709806674277 449
1694735126881 3.1845945178082884 450
1694735127190 3.17522885506388 451
1694735127516 3.165972688937883 452
1694735127841 3.1568247313151008 453
1694735128188 3.1477837092797105 454
1694735128499 3.138848364935616 455
1694735128857 3.130017455228958 456
1694735129195 3.1212897517727227 457
1694735129496 3.1126640406734154 458
1694735129825 3.104139122359767 459
1694735130151 3.0957138114135136 460
1694735130506 3.0873869364021256 461
1694735130899 3.0791573397135577 462
1694735131215 3.071023877392915 463
1694735131460 3.0629854189810914 464
1694735131751 3.0550408473552704 465
1694735132092 3.047189058571354 466
1694735132372 3.039428961708231 467
1694735132730 3.0317594787138895 468
1694735133151 3.0241795442533705 469
1694735133416 3.016688105558485 470
1694735133767 3.0092841222793214 471
1694735134100 3.001966566337534 472
1694735134405 2.994734421781335 473
1694735134754 2.987586684642208 474
1694735135119 2.9805223627933195 475
1694735135467 2.973540475809619 476
1694735135796 2.966640054829563 477
1694735136108 2.959820142418504 478
1694735136396 2.9530797924336825 479
1694735136710 2.9464180698908002 480
1694735137059 2.9398340508321974 481
1694735137355 2.933326822196575 482
1694735137735 2.9268954816902695 483
1694735138075 2.9205391376600254 484
1694735138358 2.914256908967289 485
1694735138656 2.9080479248640074 486
1694735138976 2.901911324869846 487
1694735139344 2.8958462586509066 488
1694735139662 2.8898518858998568 489
1694735140133 2.883927376217477 490
1694735140372 2.8780719089956226 491
1694735140721 2.8722846733015395 492
1694735141064 2.86656486776359 493
1694735141362 2.8609117004582965 494
1694735141679 2.855324388798724 495
1694735142154 2.8498021594242013 496
1694735142523 2.8443442480913346 497
1694735142897 2.8389498995663076 498
1694735143215 2.833618367518454 499
