1694723712357 56.049051163401025 0
1694723712580 21.860561072799175 1
1694723712818 9.452690748402198 2
1694723713057 4.632626786509602 3
1694723713336 3.2530263819559107 4
1694723713643 2.8953958950681664 5
1694723713885 1.738697603669658 6
1694723714123 1.526041927703911 7
1694723714393 1.9292188438887337 8
1694723714647 1.7119932844426493 9
1694723714860 1.6669507941151216 10
1694723715112 2.2908675307439292 11
1694723715389 3.8150699594171558 12
1694723715666 3.0683411370741682 13
1694723715894 1.6638503978234414 14
1694723716129 3.0064925464671637 15
1694723716373 2.1477092390803234 16
1694723716617 2.4545183788248224 17
1694723716934 1.915955041769244 18
1694723717176 2.2110789908656985 19
1694723717425 3.135350432131181 20
1694723717664 2.119501065763616 21
1694723717925 2.1937104110270633 22
1694723718138 3.023776848594343 23
1694723718374 1.6499232939664723 24
1694723718624 3.259985572275124 25
1694723718825 2.1536328958587334 26
1694723719077 3.224523763084515 27
1694723719311 1.907508309515448 28
1694723719555 2.6036339981520844 29
1694723719724 2.1384951212904246 30
1694723719884 2.5578060444607593 31
1694723720160 1.4733053805881033 32
1694723720396 2.028021805703181 33
1694723720632 2.3379748191480796 34
1694723720812 1.9353953412589238 35
1694723721036 2.0996859608680696 36
1694723721602 2.918761475670668 37
1694723721830 2.4276270797398207 38
1694723722036 2.107569616034751 39
1694723722399 2.6756961253531295 40
1694723722637 3.2654513469784456 41
1694723722799 1.5947226977497984 42
1694723723009 2.2102521164611377 43
1694723723242 2.0082848056240707 44
1694723723571 2.3345176916999466 45
1694723723766 2.7729936155631147 46
1694723724021 1.5879769391348155 47
1694723724256 1.9360504968228573 48
1694723724553 2.208742015875947 49
1694723724780 2.5102303086475235 50
1694723725021 2.1823460194556468 51
1694723725304 2.157658518676327 52
1694723725536 2.6075418629143745 53
1694723725754 2.1040786910315803 54
1694723725921 1.713418707010239 55
1694723726157 2.4230652861682254 56
1694723726365 3.2849023980456797 57
1694723726618 2.8298079104463723 58
1694723726882 3.2950428139850163 59
1694723727124 3.3389580861272354 60
1694723727367 2.187074325075746 61
1694723727614 3.024644708227436 62
1694723727849 1.714188860292588 63
1694723728061 2.2595920790814708 64
1694723728272 2.900245437404037 65
1694723728500 2.8434195562933775 66
1694723728760 1.5070095901273501 67
1694723729034 1.9144734092098652 68
1694723729317 1.7509825919527477 69
1694723729585 1.9969351636159722 70
1694723729792 2.018963148746729 71
1694723730027 3.265217417087958 72
1694723730258 2.95013935669784 73
1694723730502 2.4298626951205335 74
1694723730729 2.800589564593492 75
1694723730919 3.291236106728567 76
1694723731178 2.7410634070541584 77
1694723731429 1.570908965647475 78
1694723731649 1.5472576876684194 79
1694723731852 1.4959340214401657 80
1694723732112 1.3820144021472442 81
1694723732348 2.5727197892887066 82
1694723732595 2.5158589763472734 83
1694723732804 3.370501784038311 84
1694723733000 1.4412671425176586 85
1694723733278 2.0161750121203603 86
1694723733604 2.204236793796829 87
1694723733831 2.7449018449087084 88
1694723733983 1.7063902368989339 89
1694723734192 2.20662548055016 90
1694723734431 2.2349864341600876 91
1694723734653 2.197807929017799 92
1694723734871 2.9745473857440947 93
1694723735121 0.9585248593500357 94
1694723735408 1.4474260982765799 95
1694723735653 2.8520259221358173 96
1694723735901 2.490955802694858 97
1694723736160 2.7650526747022948 98
1694723736402 2.27384217553626 99
1694723736639 3.026865004262637 100
1694723736886 2.9066433834615815 101
1694723737132 3.4922972017429403 102
1694723737345 2.5717232417376823 103
1694723737615 1.9891347415815932 104
1694723737883 2.302070057805467 105
1694723738125 1.2915615498161603 106
1694723738358 2.9434800907315704 107
1694723738624 3.2922510879714078 108
1694723738860 1.9790495472201146 109
1694723739091 2.3980285620106896 110
1694723739339 4.073009942301016 111
1694723739601 2.303709914045646 112
1694723739819 2.093633867845742 113
1694723739989 3.7528397821734245 114
1694723740187 2.5649426911885156 115
1694723740427 1.2538111467118076 116
1694723740681 2.401537705037585 117
1694723740900 2.869735301048273 118
1694723741106 2.6781886908971306 119
1694723741293 1.9960499599440833 120
1694723741509 2.570729376474194 121
1694723741773 2.1290365304234706 122
1694723741959 1.3422421845906203 123
1694723742155 1.9622428162794945 124
1694723742422 2.3361256255660052 125
1694723742691 2.018971718691054 126
1694723742901 2.7495685349818797 127
1694723743093 1.6112255523456882 128
1694723743327 2.6101297228898286 129
1694723743644 1.867126758789668 130
1694723743912 2.9935061520230892 131
1694723744134 2.622433407449072 132
1694723744338 3.111682155336587 133
1694723744591 3.124823298818391 134
1694723744874 2.0034344408990674 135
1694723745054 3.0550974847343544 136
1694723745343 1.4125004801520034 137
1694723745590 1.6140848554124858 138
1694723745829 1.6032962399201365 139
1694723746069 2.3401290565108614 140
1694723746243 2.1940460402121356 141
1694723746496 3.322988260075192 142
1694723746748 2.252915728536279 143
1694723746979 2.720384956538175 144
1694723747175 2.25796928065583 145
1694723747421 1.6299482447536793 146
1694723747681 1.6745942771627471 147
1694723747915 3.3786108388468374 148
1694723748104 3.58253171202207 149
1694723748356 2.055204537355961 150
1694723748574 2.327148483040272 151
1694723748779 1.8226596672187447 152
1694723748971 2.2130385101155827 153
1694723749205 1.8923140697583305 154
1694723749413 2.124775993189623 155
1694723749658 2.6577392598337495 156
1694723749880 3.7206285790737645 157
1694723750062 2.6718458057806385 158
1694723750239 2.46736318996949 159
1694723750479 1.4132840055130034 160
1694723750740 2.5201463831133983 161
1694723750977 1.9775370556168645 162
1694723751146 1.7603040696617642 163
1694723751387 2.006331637793049 164
1694723751696 2.333556651958719 165
1694723751972 2.572565113835826 166
1694723752170 2.581631617609209 167
1694723752417 3.1158395650979194 168
1694723752662 2.5232038192010884 169
1694723752914 2.3084547239062014 170
1694723753123 2.666771822652493 171
1694723753428 2.849371854963759 172
1694723753882 3.2973187210576036 173
1694723754216 2.79715272047525 174
1694723754383 1.9559080176200214 175
1694723754560 2.3829708194522636 176
1694723754823 2.6822104959550552 177
1694723755088 1.263189473898889 178
1694723755362 1.8812042564644706 179
1694723755582 2.548503860902564 180
1694723755809 2.2119739066126125 181
1694723756082 2.8563826379680677 182
1694723756330 2.297645652953629 183
1694723756543 2.4709004251187343 184
1694723756773 3.0728092972216587 185
1694723756988 2.541356697552338 186
1694723757171 2.51490505176475 187
1694723757390 3.88873936746283 188
1694723757630 2.104260304637133 189
1694723757837 3.936760772012799 190
1694723758046 1.3941815530155302 191
1694723758284 2.079655297341967 192
1694723758529 2.5944997993800842 193
1694723758767 2.5094109520195986 194
1694723758979 3.0520329895107396 195
1694723759175 2.53554910773412 196
1694723759376 3.098401911811127 197
1694723759595 1.985781866586032 198
1694723759842 1.593411527488262 199
1694723760078 1.9436176463510748 200
1694723760305 2.454253395574788 201
1694723760609 1.782652808135716 202
1694723760831 2.551023620903222 203
1694723761092 2.9032071834850153 204
1694723761275 2.1671264887357333 205
1694723761546 1.7219471027260773 206
1694723761792 3.5775606934320825 207
1694723762036 1.8228998476100506 208
1694723762248 1.998377386716062 209
1694723762493 1.8193834091437027 210
1694723762761 2.1692982295172816 211
1694723763008 2.1352394433775226 212
1694723763212 2.4865027413596614 213
1694723763481 3.441271360722855 214
1694723763765 2.7207321498288426 215
1694723764007 2.917630713008398 216
1694723764198 2.0312640540476514 217
1694723764405 2.5694201827977126 218
1694723764672 2.346875013455907 219
1694723764962 3.0983951650209836 220
1694723765202 1.46030544254124 221
1694723765366 2.440563686360783 222
1694723765592 1.0835608458732213 223
1694723765842 2.499975354216216 224
1694723766074 2.717372716025689 225
1694723766292 2.0717613447114216 226
1694723766534 2.0990741027154156 227
1694723766756 2.3818594160750597 228
1694723767008 2.4832645772744337 229
1694723767297 2.0700532079288787 230
1694723767537 2.9766818228249385 231
1694723767784 2.6535223466990985 232
1694723768037 2.5545178636494157 233
1694723768223 1.2488763298564112 234
1694723768423 2.3498372760918493 235
1694723768648 2.564337167289636 236
1694723768885 2.598649545331405 237
1694723769133 2.399607708413649 238
1694723769355 1.5920211325698874 239
1694723769627 2.1599302228677244 240
1694723769870 3.0184193778615036 241
1694723770120 2.1580848927516896 242
1694723770295 1.8529953789342595 243
1694723770533 1.5052588200602683 244
1694723770781 2.4513733404271223 245
1694723770999 3.052436082368734 246
1694723771219 1.5568842623839052 247
1694723771444 2.655646446440412 248
1694723771727 3.88280277425079 249
1694723771937 2.2265006419209588 250
1694723772156 3.122102286600297 251
1694723772347 2.3737370565450004 252
1694723772569 4.0656554459427925 253
1694723772817 2.586248983746316 254
1694723773028 0.9887397213711879 255
1694723773247 2.494679517964646 256
1694723773584 2.5030078661225024 257
1694723773867 1.7175709132397692 258
1694723774122 2.4286567539843715 259
1694723774351 3.243182575947763 260
1694723774593 1.0382194506178222 261
1694723774848 1.4273449427932516 262
1694723775087 2.062404214007796 263
1694723775345 3.0465722462140468 264
1694723775569 1.550550004909107 265
1694723775784 2.221141309226799 266
1694723776076 2.2075144049621436 267
1694723776297 2.8984548430809394 268
1694723776560 2.278782341629054 269
1694723776912 1.4217644819406274 270
1694723777151 2.49599404162024 271
1694723777349 1.7337602840512476 272
1694723777599 1.8179410315004108 273
1694723777847 1.698258617159517 274
1694723778086 1.9737107708886539 275
1694723778325 2.125808281146865 276
1694723778577 1.8354975252366121 277
1694723778823 3.1119250409529653 278
1694723779055 2.75469863481034 279
1694723779266 2.3581137885824486 280
1694723779516 2.3872006762044324 281
1694723779786 2.1678017588248597 282
1694723780050 2.4724306415696535 283
1694723780317 2.3470048125303062 284
1694723780614 1.6837012076914109 285
1694723780856 2.263977456201535 286
1694723781059 1.616854252969355 287
1694723781256 1.7269981400136214 288
1694723781408 2.5243864230921145 289
1694723781643 2.1870172338828358 290
1694723781907 2.0720864370276364 291
1694723782153 3.1412145225562447 292
1694723782364 2.0753939298036044 293
1694723782608 1.9569466368620938 294
1694723782920 2.0857964699651514 295
1694723783165 2.763269007733201 296
1694723783415 1.3968554175709762 297
1694723783686 2.706892163720323 298
1694723783936 2.1312632875018345 299
1694723784174 2.639374960355118 300
1694723784368 2.601461024452779 301
1694723784649 1.788388256544451 302
1694723784887 2.4067648814120814 303
1694723785230 1.6926776690213912 304
1694723785483 3.0264636168686594 305
1694723785722 1.817357897082562 306
1694723785968 2.3542915009851058 307
1694723786229 2.333758218418997 308
1694723786425 2.4714991168625864 309
1694723786637 1.8135067513488694 310
1694723786858 2.379933388631334 311
1694723787071 2.016847634023279 312
1694723787348 2.1750113435316134 313
1694723787562 1.7483421901386107 314
1694723787779 2.860656733305154 315
1694723787987 2.3862138300756697 316
1694723788239 2.5044635758050022 317
1694723788480 2.204516709373033 318
1694723788683 2.4969668423951896 319
1694723788928 4.054565647868661 320
1694723789143 1.9884875201986756 321
1694723789412 2.7386587435434993 322
1694723789650 1.3939221185253707 323
1694723789859 2.991044527403994 324
1694723790093 2.493810892092889 325
1694723790312 1.8248275456061764 326
1694723790552 2.4938058969520704 327
1694723790789 2.871677385765529 328
1694723791028 2.519040068049614 329
1694723791267 2.36246933756094 330
1694723791497 2.449883196865913 331
1694723791765 2.1753879433884378 332
1694723792002 2.264592333336827 333
1694723792212 2.369943825025723 334
1694723792441 1.8715951920575726 335
1694723792693 2.439024009589429 336
1694723792928 2.2282425903173566 337
1694723793173 3.254821041013946 338
1694723793426 1.942614566634467 339
1694723793741 2.4640075865532265 340
1694723794006 2.766677617692739 341
1694723794266 1.8715459422543022 342
1694723794478 1.6067134699004566 343
1694723794732 2.8413453112604414 344
1694723794943 2.4635465923860935 345
1694723795144 3.7515260678351754 346
1694723795396 1.6444220542753185 347
1694723795558 1.4446859001499395 348
1694723795771 2.193328463128411 349
1694723796055 1.9378007389510041 350
1694723796344 2.218360939030248 351
1694723796530 2.0264194798433453 352
1694723796739 1.765352521225385 353
1694723796997 1.747134388814998 354
1694723797234 2.042658822455795 355
1694723797455 2.128091478881011 356
1694723797661 1.7638096871641957 357
1694723797861 3.1855275252841273 358
1694723798106 1.857031908747098 359
1694723798348 1.7451594633292122 360
1694723798619 2.7845743197694732 361
1694723799055 2.401517383693585 362
1694723799371 1.2688519847132824 363
1694723799592 2.151234481846259 364
1694723799835 2.5785134842411703 365
1694723800122 2.0624726000599263 366
1694723800357 2.506640543132492 367
1694723800583 1.7016874888191436 368
1694723800873 1.9382552792538705 369
1694723801124 1.98578210995609 370
1694723801362 1.6662967907571546 371
1694723801526 1.9951333476748752 372
1694723801687 3.3862274284403844 373
1694723801878 2.84427949338354 374
1694723802101 2.2719829038090715 375
1694723802349 2.1048042526703328 376
1694723802545 1.6387313057943238 377
1694723802769 1.9520318130178271 378
1694723803035 2.114688053381049 379
1694723803237 2.062720510719601 380
1694723803507 3.0512439635861486 381
1694723803733 2.9143536120769475 382
1694723803978 1.6714670426445113 383
1694723804214 2.7102829711418606 384
1694723804467 2.060958238299903 385
1694723804683 2.3753295869817213 386
1694723804935 2.316288661023071 387
1694723805252 2.1368103017344042 388
1694723805503 2.691991171980216 389
1694723805682 2.3952464272804947 390
1694723805916 3.5909260324936407 391
1694723806175 2.245959440741078 392
1694723806408 2.158216464295403 393
1694723806656 1.5125472236244104 394
1694723806885 2.330665510119774 395
1694723807110 1.6767718422670865 396
1694723807346 2.3173476354805476 397
1694723807587 2.1333274637041906 398
1694723807842 1.9671524112981793 399
1694723808087 1.535999950184813 400
1694723808330 1.7233725373234325 401
1694723808551 3.4722417693080065 402
1694723808783 1.910751085566545 403
1694723809089 2.3363216106273605 404
1694723809317 2.075329860101857 405
1694723809543 2.6072001414952037 406
1694723809770 2.309486859526401 407
1694723810000 2.4511163274585743 408
1694723810295 3.1146825133558953 409
1694723810535 2.3882944288367263 410
1694723810747 2.030798553795695 411
1694723810969 2.1463661818961928 412
1694723811225 3.080572761522592 413
1694723811451 2.986049831203548 414
1694723811646 3.4173321496679305 415
1694723811923 2.749987756495648 416
1694723812196 2.4794748729658873 417
1694723812455 1.3265249419416858 418
1694723812646 1.8267175471841852 419
1694723812880 2.2154290734971993 420
1694723813037 1.3619954774294316 421
1694723813255 1.7592754978197516 422
1694723813546 2.3399747558566784 423
1694723813764 1.6738079504912124 424
1694723814003 1.4366028015689742 425
1694723814252 2.830731969007015 426
1694723814510 3.0355873871390795 427
1694723814749 2.4657130823443763 428
1694723814985 3.260050831482152 429
1694723815232 1.989130939382713 430
1694723815487 3.1439065606763075 431
1694723815698 1.7097415646334746 432
1694723815977 2.1777256715272646 433
1694723816234 1.6631145145260373 434
1694723816505 2.765089204929177 435
1694723816747 2.2131318916261122 436
1694723816983 3.412273592591292 437
1694723817229 2.0253824419566797 438
1694723817471 1.7269959895078397 439
1694723817723 2.222598595420612 440
1694723817938 2.554261254549326 441
1694723818175 3.269865528719105 442
1694723818423 2.4386434695491905 443
1694723818699 1.447993406226066 444
1694723818907 2.5430698073968054 445
1694723819120 2.608822776316578 446
1694723819351 3.217820431000244 447
1694723819590 1.7744923477222185 448
1694723819784 2.9858824712954872 449
1694723819943 2.8139877694374738 450
1694723820122 2.330155319257112 451
1694723820269 1.8605312154549432 452
1694723820472 1.9504911022607854 453
1694723820712 2.875046436882062 454
1694723821015 2.1401684140784654 455
1694723821242 2.751955238177836 456
1694723821485 1.2567080024705324 457
1694723821698 1.8420759761505126 458
1694723821877 2.1339162134026344 459
1694723822116 1.9652920590515568 460
1694723822343 2.1346546755105216 461
1694723822586 2.973426833624131 462
1694723822800 1.8032764328058544 463
1694723823095 3.2668311568246984 464
1694723823300 1.210164402513504 465
1694723823538 2.7621199557872553 466
1694723823742 3.0667411910126345 467
1694723823955 1.9702574429654403 468
1694723824221 1.1896718685188274 469
1694723824450 1.2317442609143332 470
1694723824702 2.0506229087489474 471
1694723824930 1.5786252861187664 472
1694723825163 2.7552633745454154 473
1694723825492 3.0522871881292506 474
1694723825711 3.04416048666179 475
1694723825941 1.6200617853889419 476
1694723826174 1.3998393580689166 477
1694723826520 2.7976499260301955 478
1694723826735 2.694548028526869 479
1694723826945 2.5676546075540005 480
1694723827182 2.1589514872644857 481
1694723827445 1.5364460382167504 482
1694723827724 2.999839097549576 483
1694723827938 1.679693270785697 484
1694723828143 1.6754116843854558 485
1694723828396 2.673822835177443 486
1694723828608 1.7971471525202636 487
1694723828812 2.7328578201765192 488
1694723829028 2.9871645506588056 489
1694723829237 1.8725483628269637 490
1694723829541 1.3336715735662539 491
1694723829892 2.21169558463083 492
1694723830175 2.504500058535671 493
1694723830382 1.753724185409932 494
1694723830621 1.7097822426921712 495
1694723830820 1.4143368711100808 496
1694723830978 1.5241080067318948 497
1694723831143 2.2517961068374013 498
1694723831369 2.5392886101929952 499
