1694754568881 nan 0
1694754569070 nan 1
1694754569274 nan 2
1694754569442 nan 3
1694754569634 nan 4
1694754569824 nan 5
1694754570010 nan 6
1694754570238 nan 7
1694754570486 nan 8
1694754570686 nan 9
1694754571022 nan 10
1694754571248 nan 11
1694754571493 nan 12
1694754571741 nan 13
1694754572038 nan 14
1694754572347 nan 15
1694754572574 nan 16
1694754572835 nan 17
1694754573109 nan 18
1694754573379 nan 19
1694754573580 nan 20
1694754573799 nan 21
1694754574034 nan 22
1694754574238 nan 23
1694754574442 nan 24
1694754574679 nan 25
1694754574906 nan 26
1694754575131 nan 27
1694754575405 nan 28
1694754575596 nan 29
1694754575804 nan 30
1694754576026 nan 31
1694754576240 nan 32
1694754576440 nan 33
1694754576634 nan 34
1694754576844 nan 35
1694754576996 nan 36
1694754577236 nan 37
1694754577436 nan 38
1694754577607 nan 39
1694754577778 nan 40
1694754578033 nan 41
1694754578259 nan 42
1694754578477 nan 43
1694754578698 nan 44
1694754578914 nan 45
1694754579098 nan 46
1694754579290 nan 47
1694754579530 nan 48
1694754579788 nan 49
1694754580004 nan 50
1694754580230 nan 51
1694754580473 nan 52
1694754580653 nan 53
1694754580858 nan 54
1694754581072 nan 55
1694754581314 nan 56
1694754581556 nan 57
1694754581773 nan 58
1694754582027 nan 59
1694754582211 nan 60
1694754582425 nan 61
1694754582665 nan 62
1694754582946 nan 63
1694754583176 nan 64
1694754583397 nan 65
1694754583579 nan 66
1694754583751 nan 67
1694754583934 nan 68
1694754584192 nan 69
1694754584447 nan 70
1694754584620 nan 71
1694754584923 nan 72
1694754585182 nan 73
1694754585385 nan 74
1694754585630 nan 75
1694754585850 nan 76
1694754586090 nan 77
1694754586333 nan 78
1694754586588 nan 79
1694754586742 nan 80
1694754586908 nan 81
1694754587123 nan 82
1694754587370 nan 83
1694754587580 nan 84
1694754587728 nan 85
1694754587921 nan 86
1694754588165 nan 87
1694754588412 nan 88
1694754588665 nan 89
1694754588897 nan 90
1694754589055 nan 91
1694754589271 nan 92
1694754589516 nan 93
1694754589696 nan 94
1694754589842 nan 95
1694754590064 nan 96
1694754590287 nan 97
1694754590536 nan 98
1694754590689 nan 99
1694754590880 nan 100
1694754591107 nan 101
1694754591303 nan 102
1694754591548 nan 103
1694754591749 nan 104
1694754591974 nan 105
1694754592211 nan 106
1694754592424 nan 107
1694754592650 nan 108
1694754592875 nan 109
1694754593208 nan 110
1694754593511 nan 111
1694754593758 nan 112
1694754593992 nan 113
1694754594228 nan 114
1694754594428 nan 115
1694754594621 nan 116
1694754594805 nan 117
1694754595026 nan 118
1694754595261 nan 119
1694754595608 nan 120
1694754595787 nan 121
1694754596018 nan 122
1694754596247 nan 123
1694754596476 nan 124
1694754596659 nan 125
1694754596840 nan 126
1694754597065 nan 127
1694754597306 nan 128
1694754597595 nan 129
1694754597813 nan 130
1694754598046 nan 131
1694754598181 nan 132
1694754598306 nan 133
1694754598448 nan 134
1694754598700 nan 135
1694754598889 nan 136
1694754599093 nan 137
1694754599248 nan 138
1694754599398 nan 139
1694754599608 nan 140
1694754599768 nan 141
1694754600014 nan 142
1694754600230 nan 143
1694754600453 nan 144
1694754600672 nan 145
1694754600828 nan 146
1694754600981 nan 147
1694754601173 nan 148
1694754601378 nan 149
1694754601581 nan 150
1694754601835 nan 151
1694754602066 nan 152
1694754602385 nan 153
1694754602620 nan 154
1694754602832 nan 155
1694754603061 nan 156
1694754603309 nan 157
1694754603542 nan 158
1694754603708 nan 159
1694754603846 nan 160
1694754604023 nan 161
1694754604192 nan 162
1694754604446 nan 163
1694754604652 nan 164
1694754604803 nan 165
1694754605011 nan 166
1694754605211 nan 167
1694754605430 nan 168
1694754605608 nan 169
1694754605763 nan 170
1694754605958 nan 171
1694754606153 nan 172
1694754606378 nan 173
1694754606634 nan 174
1694754606871 nan 175
1694754607075 nan 176
1694754607302 nan 177
1694754607556 nan 178
1694754607759 nan 179
1694754608061 nan 180
1694754608290 nan 181
1694754608465 nan 182
1694754608681 nan 183
1694754608946 nan 184
1694754609122 nan 185
1694754609251 nan 186
1694754609389 nan 187
1694754609561 nan 188
1694754609811 nan 189
1694754609983 nan 190
1694754610194 nan 191
1694754610402 nan 192
1694754610618 nan 193
1694754610831 nan 194
1694754611109 nan 195
1694754611348 nan 196
1694754611577 nan 197
1694754611788 nan 198
1694754611996 nan 199
1694754612169 nan 200
1694754612384 nan 201
1694754612598 nan 202
1694754612813 nan 203
1694754612992 nan 204
1694754613207 nan 205
1694754613449 nan 206
1694754613624 nan 207
1694754613788 nan 208
1694754613912 nan 209
1694754614153 nan 210
1694754614375 nan 211
1694754614526 nan 212
1694754614716 nan 213
1694754614896 nan 214
1694754615139 nan 215
1694754615352 nan 216
1694754615630 nan 217
1694754615834 nan 218
1694754616024 nan 219
1694754616272 nan 220
1694754616471 nan 221
1694754616710 nan 222
1694754616894 nan 223
1694754617148 nan 224
1694754617380 nan 225
1694754617605 nan 226
1694754617848 nan 227
1694754618097 nan 228
1694754618364 nan 229
1694754618599 nan 230
1694754618831 nan 231
1694754619021 nan 232
1694754619308 nan 233
1694754619536 nan 234
1694754619711 nan 235
1694754619913 nan 236
1694754620153 nan 237
1694754620396 nan 238
1694754620615 nan 239
1694754620823 nan 240
1694754620943 nan 241
1694754621096 nan 242
1694754621279 nan 243
1694754621485 nan 244
1694754621716 nan 245
1694754621895 nan 246
1694754622164 nan 247
1694754622412 nan 248
1694754622644 nan 249
1694754622926 nan 250
1694754623109 nan 251
1694754623323 nan 252
1694754623525 nan 253
1694754623756 nan 254
1694754623942 nan 255
1694754624121 nan 256
1694754624431 nan 257
1694754624729 nan 258
1694754624950 nan 259
1694754625212 nan 260
1694754625494 nan 261
1694754625836 nan 262
1694754626049 nan 263
1694754626337 nan 264
1694754626628 nan 265
1694754626882 nan 266
1694754627059 nan 267
1694754627285 nan 268
1694754627457 nan 269
1694754627659 nan 270
1694754627867 nan 271
1694754628103 nan 272
1694754628325 nan 273
1694754628528 nan 274
1694754628782 nan 275
1694754629021 nan 276
1694754629198 nan 277
1694754629367 nan 278
1694754629629 nan 279
1694754629888 nan 280
1694754630089 nan 281
1694754630322 nan 282
1694754630555 nan 283
1694754630777 nan 284
1694754630933 nan 285
1694754631180 nan 286
1694754631420 nan 287
1694754631664 nan 288
1694754631879 nan 289
1694754632051 nan 290
1694754632241 nan 291
1694754632453 nan 292
1694754632725 nan 293
1694754632944 nan 294
1694754633094 nan 295
1694754633314 nan 296
1694754633574 nan 297
1694754633809 nan 298
1694754634005 nan 299
1694754634229 nan 300
1694754634461 nan 301
1694754634626 nan 302
1694754634791 nan 303
1694754634988 nan 304
1694754635221 nan 305
1694754635520 nan 306
1694754635797 nan 307
1694754635995 nan 308
1694754636195 nan 309
1694754636422 nan 310
1694754636673 nan 311
1694754636872 nan 312
1694754637057 nan 313
1694754637279 nan 314
1694754637531 nan 315
1694754637813 nan 316
1694754638042 nan 317
1694754638233 nan 318
1694754638415 nan 319
1694754638672 nan 320
1694754638898 nan 321
1694754639105 nan 322
1694754639280 nan 323
1694754639473 nan 324
1694754639770 nan 325
1694754639996 nan 326
1694754640209 nan 327
1694754640399 nan 328
1694754640609 nan 329
1694754640817 nan 330
1694754641030 nan 331
1694754641184 nan 332
1694754641364 nan 333
1694754641614 nan 334
1694754641867 nan 335
1694754642044 nan 336
1694754642213 nan 337
1694754642443 nan 338
1694754642717 nan 339
1694754642899 nan 340
1694754643073 nan 341
1694754643215 nan 342
1694754643401 nan 343
1694754643619 nan 344
1694754643818 nan 345
1694754644036 nan 346
1694754644184 nan 347
1694754644368 nan 348
1694754644636 nan 349
1694754644874 nan 350
1694754645069 nan 351
1694754645295 nan 352
1694754645506 nan 353
1694754645701 nan 354
1694754645925 nan 355
1694754646125 nan 356
1694754646339 nan 357
1694754646488 nan 358
1694754646740 nan 359
1694754646930 nan 360
1694754647072 nan 361
1694754647257 nan 362
1694754647419 nan 363
1694754647610 nan 364
1694754647847 nan 365
1694754648109 nan 366
1694754648315 nan 367
1694754648522 nan 368
1694754648768 nan 369
1694754649043 nan 370
1694754649210 nan 371
1694754649486 nan 372
1694754649803 nan 373
1694754650016 nan 374
1694754650176 nan 375
1694754650344 nan 376
1694754650556 nan 377
1694754650815 nan 378
1694754651020 nan 379
1694754651239 nan 380
1694754651470 nan 381
1694754651684 nan 382
1694754651892 nan 383
1694754652085 nan 384
1694754652239 nan 385
1694754652431 nan 386
1694754652667 nan 387
1694754652890 nan 388
1694754653092 nan 389
1694754653285 nan 390
1694754653468 nan 391
1694754653633 nan 392
1694754653869 nan 393
1694754654099 nan 394
1694754654256 nan 395
1694754654449 nan 396
1694754654683 nan 397
1694754654905 nan 398
1694754655131 nan 399
1694754655286 nan 400
1694754655531 nan 401
1694754655778 nan 402
1694754656087 nan 403
1694754656251 nan 404
1694754656389 nan 405
1694754656626 nan 406
1694754656856 nan 407
1694754657063 nan 408
1694754657320 nan 409
1694754657523 nan 410
1694754657807 nan 411
1694754658090 nan 412
1694754658285 nan 413
1694754658483 nan 414
1694754658713 nan 415
1694754658931 nan 416
1694754659138 nan 417
1694754659361 nan 418
1694754659602 nan 419
1694754659882 nan 420
1694754660124 nan 421
1694754660315 nan 422
1694754660531 nan 423
1694754660732 nan 424
1694754660919 nan 425
1694754661131 nan 426
1694754661379 nan 427
1694754661610 nan 428
1694754661837 nan 429
1694754662061 nan 430
1694754662304 nan 431
1694754662523 nan 432
1694754662787 nan 433
1694754663025 nan 434
1694754663217 nan 435
1694754663413 nan 436
1694754663708 nan 437
1694754663904 nan 438
1694754664120 nan 439
1694754664289 nan 440
1694754664484 nan 441
1694754664695 nan 442
1694754664912 nan 443
1694754665129 nan 444
1694754665305 nan 445
1694754665503 nan 446
1694754665756 nan 447
1694754665995 nan 448
1694754666237 nan 449
1694754666438 nan 450
1694754666750 nan 451
1694754666919 nan 452
1694754667135 nan 453
1694754667322 nan 454
1694754667542 nan 455
1694754667739 nan 456
1694754668017 nan 457
1694754668268 nan 458
1694754668429 nan 459
1694754668672 nan 460
1694754668953 nan 461
1694754669203 nan 462
1694754669365 nan 463
1694754669594 nan 464
1694754669871 nan 465
1694754670117 nan 466
1694754670405 nan 467
1694754670791 nan 468
1694754671021 nan 469
1694754671246 nan 470
1694754671457 nan 471
1694754671690 nan 472
1694754671908 nan 473
1694754672165 nan 474
1694754672344 nan 475
1694754672517 nan 476
1694754672687 nan 477
1694754672906 nan 478
1694754673133 nan 479
1694754673398 nan 480
1694754673640 nan 481
1694754673858 nan 482
1694754674082 nan 483
1694754674328 nan 484
1694754674478 nan 485
1694754674670 nan 486
1694754674856 nan 487
1694754675050 nan 488
1694754675300 nan 489
1694754675481 nan 490
1694754675732 nan 491
1694754675953 nan 492
1694754676174 nan 493
1694754676383 nan 494
1694754676601 nan 495
1694754676832 nan 496
1694754677056 nan 497
1694754677282 nan 498
1694754677499 nan 499
