1694716295281 170.6530385739866 0
1694716295624 132.93956708758193 1
1694716296002 103.67801004162871 2
1694716296381 80.97421832727552 3
1694716296759 63.358538477739096 4
1694716297178 49.690679423887225 5
1694716297553 39.085899455016786 6
1694716297879 30.85773533744333 7
1694716298240 24.47356634638385 8
1694716298577 19.52013679304382 9
1694716298870 15.676805259666482 10
1694716299223 12.6947889186495 11
1694716299596 10.381059384131737 12
1694716299922 8.585847646301476 13
1694716300309 7.192949260926785 14
1694716300629 6.112202232036483 15
1694716300906 5.273650667915416 16
1694716301199 4.623016413638674 17
1694716301590 4.118185530982911 18
1694716301931 3.7264821894020237 19
1694716302299 3.4225535022527707 20
1694716302668 3.1867283900123735 21
1694716302962 3.0037442368281813 22
1694716303259 2.8617589146463827 23
1694716303621 2.751584221510183 24
1694716303895 2.666091113145182 25
1694716304214 2.59974822743011 26
1694716304520 2.548263829633215 27
1694716304820 2.5083080009019736 28
1694716305147 2.4772970867802213 29
1694716305484 2.453226452727437 30
1694716305759 2.4345407206119027 31
1694716306148 2.420033086358496 32
1694716306511 2.4087672014060253 33
1694716306833 2.400016561223956 34
1694716307158 2.3932174774009827 35
1694716307552 2.3879325891063172 36
1694716307887 2.383822551956663 37
1694716308215 2.380624071659593 38
1694716308576 2.3781328605125944 39
1694716308859 2.3761904135020795 40
1694716309226 2.3746737479960847 41
1694716309707 2.373487442862983 42
1694716309998 2.3725574616944147 43
1694716310250 2.3718263602988325 44
1694716310673 2.3712495682383126 45
1694716311063 2.370792503706006 46
1694716311567 2.3704283349851796 47
1694716311927 2.3701362435851707 48
1694716312289 2.3699000766240106 49
1694716312632 2.3697073012240626 50
1694716313023 2.369548193236898 51
1694716313379 2.369415207782126 52
1694716313789 2.3693024908540696 53
1694716314159 2.3692055003817183 54
1694716314554 2.369120712212516 55
1694716314868 2.3690453919877945 56
1694716315206 2.368977418142941 57
1694716315536 2.368915144574815 58
1694716315852 2.368857294086603 59
1694716316139 2.3688028757126327 60
1694716316515 2.3687511205714364 61
1694716316817 2.3687014320947033 62
1694716317076 2.3686533474103713 63
1694716317409 2.368606507380112 64
1694716317873 2.3685606333516773 65
1694716318171 2.3685155091212553 66
1694716318542 2.368470966938219 67
1694716318854 2.368426876646339 68
1694716319148 2.3683831372585455 69
1694716319553 2.3683396704198563 70
1694716319841 2.368296415335331 71
1694716320237 2.368253324834706 72
1694716320622 2.368210362318983 73
1694716320918 2.368167499391317 74
1694716321174 2.3681247140188373 75
1694716321547 2.3680819891064284 76
1694716321876 2.368039311390133 77
1694716322221 2.367996670578555 78
1694716322626 2.3679540586866836 79
1694716323031 2.3679114695190098 80
1694716323348 2.367868898268487 81
1694716323665 2.3678263412053577 82
1694716323982 2.3677837954357317 83
1694716324348 2.367741258714253 84
1694716324684 2.367698729298763 85
1694716324975 2.3676562058375272 86
1694716325242 2.3676136872817377 87
1694716325556 2.3675711728176254 88
1694716325875 2.367528661813785 89
1694716326238 2.3674861537803062 90
1694716326602 2.3674436483370633 91
1694716326991 2.3674011451891106 92
1694716327404 2.3673586441075942 93
1694716327848 2.3673161449149394 94
1694716328134 2.3672736474733593 95
1694716328503 2.3672311516759375 96
1694716328908 2.3671886574397076 97
1694716329304 2.3671461647002916 98
1694716329737 2.3671036734077275 99
1694716330034 2.3670611835232425 100
1694716330307 2.367018695016744 101
1694716330684 2.3669762078648757 102
1694716330935 2.366933722049506 103
1694716331207 2.366891237556558 104
1694716331591 2.3668487543751 105
1694716331975 2.3668062724966434 106
1694716332336 2.366763791914592 107
1694716332691 2.366721312623819 108
1694716333053 2.366678834620337 109
1694716333395 2.3666363579010463 110
1694716333741 2.36659388246353 111
1694716334152 2.366551408305906 112
1694716334483 2.3665089354267037 113
1694716334753 2.3664664638247754 114
1694716335052 2.3664239934992195 115
1694716335328 2.3663815244493285 116
1694716335739 2.366339056674546 117
1694716336070 2.36629659017443 118
1694716336458 2.3662541249486293 119
1694716336789 2.366211660996863 120
1694716337088 2.3661691983189033 121
1694716337481 2.3661267369145658 122
1694716337946 2.3660842767836985 123
1694716338260 2.366041817926174 124
1694716338689 2.365999360341885 125
1694716339020 2.36595690403074 126
1694716339293 2.365914448992659 127
1694716339745 2.365871995227571 128
1694716340047 2.3658295427354115 129
1694716340399 2.365787091516123 130
1694716340761 2.3657446415696515 131
1694716341157 2.3657021928959456 132
1694716341554 2.3656597454949577 133
1694716341935 2.365617299366643 134
1694716342227 2.365574854510955 135
1694716342554 2.3655324109278517 136
1694716342907 2.3654899686172897 137
1694716343235 2.3654475275792284 138
1694716343652 2.3654050878136266 139
1694716344012 2.365362649320443 140
1694716344391 2.365320212099638 141
1694716344679 2.3652777761511716 142
1694716345002 2.3652353414750036 143
1694716345305 2.3651929080710943 144
1694716345696 2.365150475939404 145
1694716346056 2.365108045079895 146
1694716346434 2.3650656154925254 147
1694716346768 2.365023187177258 148
1694716347079 2.3649807601340522 149
1694716347497 2.36493833436287 150
1694716347977 2.3648959098636704 151
1694716348248 2.3648534866364157 152
1694716348564 2.3648110646810667 153
1694716348940 2.3647686439975844 154
1694716349272 2.3647262245859286 155
1694716349656 2.3646838064460614 156
1694716350024 2.3646413895779426 157
1694716350491 2.364598973981534 158
1694716350855 2.364556559656796 159
1694716351193 2.36451414660369 160
1694716351519 2.364471734822176 161
1694716351843 2.3644293243122165 162
1694716352182 2.3643869150737706 163
1694716352575 2.3643445071068006 164
1694716352983 2.364302100411267 165
1694716353350 2.36425969498713 166
1694716353707 2.3642172908343526 167
1694716354048 2.3641748879528928 168
1694716354379 2.364132486342714 169
1694716354716 2.3640900860037757 170
1694716355122 2.3640476869360394 171
1694716355532 2.3640052891394663 172
1694716355905 2.363962892614017 173
1694716356267 2.363920497359652 174
1694716356652 2.3638781033763325 175
1694716357018 2.36383571066402 176
1694716357390 2.3637933192226757 177
1694716357852 2.363750929052259 178
1694716358178 2.3637085401527322 179
1694716358535 2.363666152524056 180
1694716358920 2.363623766166191 181
1694716359232 2.3635813810790984 182
1694716359652 2.3635389972627388 183
1694716360007 2.3634966147170737 184
1694716360382 2.3634542334420643 185
1694716360637 2.3634118534376705 186
1694716360956 2.3633694747038536 187
1694716361220 2.3633270972405747 188
1694716361497 2.363284721047795 189
1694716361807 2.363242346125476 190
1694716362181 2.363199972473577 191
1694716362496 2.363157600092061 192
1694716362868 2.3631152289808868 193
1694716363195 2.3630728591400167 194
1694716363484 2.363030490569412 195
1694716363818 2.362988123269033 196
1694716364137 2.3629457572388404 197
1694716364533 2.3629033924787954 198
1694716364917 2.3628610289888594 199
1694716365364 2.362818666768993 200
1694716365728 2.3627763058191573 201
1694716366104 2.3627339461393135 202
1694716366382 2.3626915877294223 203
1694716366768 2.3626492305894446 204
1694716367148 2.362606874719341 205
1694716367470 2.3625645201190735 206
1694716367899 2.3625221667886023 207
1694716368228 2.362479814727889 208
1694716368581 2.362437463936894 209
1694716368946 2.362395114415578 210
1694716369254 2.3623527661639034 211
1694716369596 2.36231041918183 212
1694716369943 2.3622680734693184 213
1694716370259 2.3622257290263313 214
1694716370542 2.362183385852828 215
1694716370885 2.36214104394877 216
1694716371265 2.362098703314119 217
1694716371582 2.362056363948835 218
1694716371954 2.3620140258528797 219
1694716372298 2.361971689026214 220
1694716372603 2.3619293534687986 221
1694716372918 2.3618870191805947 222
1694716373281 2.361844686161563 223
1694716373652 2.3618023544116653 224
1694716373979 2.3617600239308616 225
1694716374273 2.3617176947191134 226
1694716374579 2.3616753667763817 227
1694716374914 2.3616330401026273 228
1694716375234 2.3615907146978117 229
1694716375562 2.361548390561896 230
1694716375869 2.3615060676948403 231
1694716376280 2.3614637460966064 232
1694716376686 2.361421425767155 233
1694716377036 2.3613791067064467 234
1694716377333 2.361336788914443 235
1694716377706 2.361294472391106 236
1694716378126 2.3612521571363945 237
1694716378500 2.3612098431502706 238
1694716378929 2.361167530432696 239
1694716379293 2.3611252189836316 240
1694716379670 2.361082908803037 241
1694716380064 2.361040599890874 242
1694716380378 2.3609982922471042 243
1694716380703 2.360955985871688 244
1694716381099 2.360913680764587 245
1694716381399 2.3608713769257617 246
1694716381761 2.3608290743551734 247
1694716382094 2.360786773052783 248
1694716382393 2.360744473018552 249
1694716382713 2.36070217425244 250
1694716383150 2.3606598767544096 251
1694716383462 2.3606175805244214 252
1694716383784 2.360575285562436 253
1694716384134 2.360532991868415 254
1694716384479 2.360490699442319 255
1694716384780 2.3604484082841095 256
1694716385109 2.3604061183937475 257
1694716385632 2.360363829771194 258
1694716386097 2.3603215424164095 259
1694716386425 2.3602792563293553 260
1694716386743 2.360236971509993 261
1694716387091 2.3601946879582822 262
1694716387436 2.3601524056741865 263
1694716387964 2.3601101246576652 264
1694716388271 2.360067844908679 265
1694716388585 2.3600255664271894 266
1694716388973 2.3599832892131585 267
1694716389330 2.3599410132665457 268
1694716389677 2.3598987385873134 269
1694716390061 2.359856465175422 270
1694716390416 2.3598141930308323 271
1694716390739 2.3597719221535063 272
1694716391127 2.359729652543404 273
1694716391460 2.3596873842004875 274
1694716391751 2.359645117124717 275
1694716392046 2.3596028513160543 276
1694716392431 2.359560586774459 277
1694716392841 2.359518323499895 278
1694716393218 2.3594760614923205 279
1694716393558 2.3594338007516975 280
1694716393908 2.359391541277988 281
1694716394216 2.3593492830711513 282
1694716394515 2.35930702613115 283
1694716394825 2.359264770457945 284
1694716395244 2.3592225160514975 285
1694716395653 2.3591802629117673 286
1694716396069 2.359138011038717 287
1694716396414 2.359095760432307 288
1694716396760 2.359053511092498 289
1694716397139 2.359011263019251 290
1694716397515 2.3589690162125287 291
1694716397884 2.3589267706722907 292
1694716398194 2.3588845263984983 293
1694716398530 2.358842283391113 294
1694716398865 2.3588000416500954 295
1694716399242 2.3587578011754076 296
1694716399651 2.358715561967009 297
1694716400053 2.358673324024862 298
1694716400397 2.358631087348927 299
1694716400698 2.3585888519391665 300
1694716401047 2.35854661779554 301
1694716401396 2.3585043849180085 302
1694716401749 2.3584621533065344 303
1694716402178 2.3584199229610783 304
1694716402523 2.3583776938816006 305
1694716402875 2.3583354660680635 306
1694716403260 2.358293239520427 307
1694716403609 2.358251014238653 308
1694716403943 2.358208790222703 309
1694716404330 2.3581665674725367 310
1694716404690 2.3581243459881165 311
1694716405023 2.3580821257694025 312
1694716405385 2.3580399068163573 313
1694716405748 2.35799768912894 314
1694716406113 2.3579554727071135 315
1694716406457 2.357913257550838 316
1694716406815 2.3578710436600745 317
1694716407174 2.357828831034785 318
1694716407516 2.3577866196749295 319
1694716407952 2.3577444095804703 320
1694716408311 2.3577022007513673 321
1694716408666 2.3576599931875823 322
1694716409023 2.357617786889077 323
1694716409291 2.3575755818558113 324
1694716409624 2.3575333780877465 325
1694716409991 2.357491175584845 326
1694716410324 2.357448974347067 327
1694716410622 2.357406774374373 328
1694716410932 2.357364575666726 329
1694716411346 2.3573223782240853 330
1694716411705 2.3572801820464133 331
1694716412007 2.3572379871336695 332
1694716412342 2.3571957934858165 333
1694716412628 2.3571536011028154 334
1694716412948 2.3571114099846273 335
1694716413292 2.3570692201312125 336
1694716413640 2.357027031542532 337
1694716413984 2.3569848442185486 338
1694716414405 2.356942658159223 339
1694716414777 2.356900473364515 340
1694716415084 2.3568582898343866 341
1694716415457 2.356816107568799 342
1694716415802 2.3567739265677132 343
1694716416215 2.3567317468310907 344
1694716416532 2.356689568358892 345
1694716416825 2.356647391151079 346
1694716417165 2.3566052152076122 347
1694716417544 2.3565630405284534 348
1694716417906 2.3565208671135625 349
1694716418228 2.3564786949629033 350
1694716418606 2.356436524076434 351
1694716418878 2.356394354454117 352
1694716419200 2.3563521860959136 353
1694716419597 2.356310019001785 354
1694716419962 2.3562678531716923 355
1694716420332 2.356225688605596 356
1694716420732 2.3561835253034586 357
1694716421074 2.35614136326524 358
1694716421478 2.356099202490902 359
1694716421829 2.356057042980406 360
1694716422194 2.356014884733712 361
1694716422595 2.355972727750783 362
1694716422953 2.355930572031579 363
1694716423348 2.355888417576061 364
1694716423651 2.3558462643841906 365
1694716423940 2.3558041124559286 366
1694716424266 2.3557619617912375 367
1694716424616 2.355719812390076 368
1694716424970 2.355677664252408 369
1694716425397 2.3556355173781935 370
1694716425720 2.355593371767393 371
1694716426047 2.355551227419969 372
1694716426500 2.3555090843358815 373
1694716427055 2.355466942515092 374
1694716427384 2.3554248019575623 375
1694716427774 2.3553826626632532 376
1694716428147 2.3553405246321257 377
1694716428553 2.3552983878641416 378
1694716428877 2.355256252359261 379
1694716429198 2.355214118117446 380
1694716429607 2.355171985138658 381
1694716429889 2.355129853422858 382
1694716430313 2.3550877229700062 383
1694716430686 2.3550455937800647 384
1694716431073 2.355003465852995 385
1694716431468 2.354961339188758 386
1694716431753 2.3549192137873143 387
1694716432064 2.354877089648626 388
1694716432519 2.354834966772654 389
1694716432811 2.354792845159359 390
1694716433087 2.3547507248087025 391
1694716433447 2.354708605720647 392
1694716433801 2.3546664878951518 393
1694716434094 2.3546243713321786 394
1694716434351 2.354582256031689 395
1694716434698 2.3545401419936445 396
1694716435026 2.3544980292180058 397
1694716435377 2.3544559177047346 398
1694716435750 2.354413807453791 399
1694716436033 2.3543716984651377 400
1694716436350 2.354329590738735 401
1694716436685 2.354287484274544 402
1694716437005 2.354245379072527 403
1694716437379 2.354203275132644 404
1694716437732 2.354161172454857 405
1694716438119 2.354119071039127 406
1694716438432 2.3540769708854152 407
1694716438766 2.354034871993682 408
1694716439059 2.35399277436389 409
1694716439355 2.3539506779960004 410
1694716439737 2.3539085828899733 411
1694716440134 2.3538664890457714 412
1694716440474 2.353824396463355 413
1694716440807 2.3537823051426847 414
1694716441158 2.353740215083723 415
1694716441519 2.3536981262864303 416
1694716441843 2.353656038750769 417
1694716442115 2.353613952476698 418
1694716442471 2.3535718674641815 419
1694716442801 2.353529783713179 420
1694716443049 2.353487701223652 421
1694716443360 2.353445619995562 422
1694716443736 2.3534035400288693 423
1694716444008 2.3533614613235367 424
1694716444459 2.3533193838795246 425
1694716444796 2.353277307696794 426
1694716445120 2.3532352327753068 427
1694716445418 2.353193159115024 428
1694716445785 2.3531510867159064 429
1694716446131 2.353109015577916 430
1694716446499 2.353066945701014 431
1694716446843 2.353024877085161 432
1694716447235 2.3529828097303187 433
1694716447619 2.3529407436364482 434
1694716448075 2.352898678803512 435
1694716448451 2.352856615231469 436
1694716448865 2.352814552920281 437
1694716449204 2.3527724918699118 438
1694716449552 2.35273043208032 439
1694716449837 2.3526883735514676 440
1694716450172 2.3526463162833164 441
1694716450476 2.352604260275827 442
1694716450807 2.3525622055289612 443
1694716451144 2.35252015204268 444
1694716451525 2.3524780998169446 445
1694716451808 2.3524360488517164 446
1694716452123 2.3523939991469573 447
1694716452512 2.3523519507026274 448
1694716452840 2.3523099035186887 449
1694716453149 2.352267857595103 450
1694716453588 2.3522258129318296 451
1694716453905 2.3521837695288315 452
1694716454244 2.3521417273860696 453
1694716454578 2.3520996865035055 454
1694716454891 2.3520576468810996 455
1694716455171 2.352015608518814 456
1694716455439 2.35197357141661 457
1694716455949 2.351931535574449 458
1694716456241 2.3518895009922915 459
1694716456499 2.3518474676700993 460
1694716456845 2.3518054356078335 461
1694716457120 2.3517634048054563 462
1694716457432 2.3517213752629273 463
1694716457772 2.3516793469802093 464
1694716458197 2.3516373199572627 465
1694716458558 2.351595294194049 466
1694716458868 2.3515532696905304 467
1694716459185 2.351511246446667 468
1694716459578 2.351469224462421 469
1694716459886 2.351427203737752 470
1694716460184 2.351385184272624 471
1694716460545 2.351343166066996 472
1694716460884 2.351301149120831 473
1694716461229 2.351259133434089 474
1694716461566 2.351217119006732 475
1694716461885 2.3511751058387214 476
1694716462138 2.3511330939300183 477
1694716462510 2.351091083280583 478
1694716462919 2.3510490738903793 479
1694716463187 2.351007065759366 480
1694716463498 2.350965058887506 481
1694716463839 2.35092305327476 482
1694716464177 2.3508810489210896 483
1694716464514 2.350839045826455 484
1694716464878 2.35079704399082 485
1694716465237 2.3507550434141433 486
1694716465508 2.3507130440963877 487
1694716465833 2.350671046037514 488
1694716466117 2.350629049237484 489
1694716466408 2.3505870536962585 490
1694716466687 2.3505450594137995 491
1694716467009 2.350503066390067 492
1694716467335 2.350461074625024 493
1694716467766 2.3504190841186308 494
1694716468080 2.350377094870849 495
1694716468430 2.3503351068816403 496
1694716468764 2.3502931201509654 497
1694716469101 2.350251134678786 498
1694716469407 2.3502091504650635 499
