1694739999088 166.38399712905806 0
1694739999364 8.44021661645022 1
1694739999676 2.625677534514419 2
1694740000063 2.3954558824175654 3
1694740000347 2.38943985054984 4
1694740000640 2.3886604116942936 5
1694740000952 2.388677695388202 6
1694740001256 2.3886085498844816 7
1694740001511 2.388558609492144 8
1694740001797 2.388505068880365 9
1694740002152 2.388452239985052 10
1694740002457 2.388399287149065 11
1694740002763 2.388346371543742 12
1694740003082 2.3882934620505583 13
1694740003408 2.388240564671706 14
1694740003749 2.38818767824442 15
1694740004111 2.388134802988941 16
1694740004399 2.3880819388585586 17
1694740004707 2.388029085858093 18
1694740004970 2.3879762439824197 19
1694740005262 2.387923413228334 20
1694740005594 2.387870593592265 21
1694740005995 2.3878177850707125 22
1694740006326 2.3877649876601654 23
1694740006740 2.3877122013571164 24
1694740007072 2.3876594261580584 25
1694740007408 2.3876066620594876 26
1694740007746 2.3875539090579005 27
1694740008274 2.3875011671497948 28
1694740008522 2.3874484363316704 29
1694740008838 2.3873957166000297 30
1694740009142 2.3873430079513747 31
1694740009406 2.3872903103822103 32
1694740009664 2.3872376238890425 33
1694740010000 2.387184948468378 34
1694740010294 2.387132284116727 35
1694740010675 2.387079630830599 36
1694740011016 2.3870269886065065 37
1694740011375 2.3869743574409634 38
1694740011726 2.3869217373304843 39
1694740012057 2.3868691282715866 40
1694740012374 2.3868165302607878 41
1694740012696 2.386763943294608 42
1694740013098 2.386711367369568 43
1694740013401 2.386658802482191 44
1694740013689 2.3866062486290005 45
1694740013990 2.3865537058065236 46
1694740014277 2.3865011740112863 47
1694740014591 2.3864486532398184 48
1694740014909 2.38639614348865 49
1694740015304 2.3863436447543123 50
1694740015585 2.386291157033339 51
1694740015834 2.386238680322266 52
1694740016101 2.3861862146176285 53
1694740016470 2.386133759915965 54
1694740016821 2.386081316213814 55
1694740017138 2.3860288835077177 56
1694740017471 2.3859764617942183 57
1694740017790 2.3859240510698587 58
1694740018158 2.3858716513311857 59
1694740018456 2.3858192625747456 60
1694740018793 2.385766884797087 61
1694740019146 2.3857145179947605 62
1694740019443 2.385662162164316 63
1694740019815 2.385609817302308 64
1694740020274 2.3855574834052913 65
1694740020570 2.3855051604698203 66
1694740020845 2.3854528484924544 67
1694740021138 2.3854005474697506 68
1694740021456 2.385348257398271 69
1694740021768 2.3852959782745775 70
1694740022121 2.3852437100952324 71
1694740022448 2.385191452856802 72
1694740022751 2.385139206555853 73
1694740022985 2.3850869711889526 74
1694740023298 2.385034746752671 75
1694740023599 2.384982533243578 76
1694740023854 2.3849303306582477 77
1694740024169 2.384878138993253 78
1694740024488 2.384825958245169 79
1694740024809 2.384773788410575 80
1694740025136 2.384721629486047 81
1694740025437 2.384669481468167 82
1694740025696 2.3846173443535146 83
1694740026020 2.384565218138674 84
1694740026375 2.3845131028202298 85
1694740026807 2.384460998394767 86
1694740027142 2.384408904858874 87
1694740027454 2.384356822209139 88
1694740027718 2.384304750442153 89
1694740028013 2.3842526895545078 90
1694740028367 2.384200639542795 91
1694740028619 2.384148600403613 92
1694740028930 2.3840965721335556 93
1694740029275 2.3840445547292215 94
1694740029556 2.38399254818721 95
1694740029877 2.383940552504122 96
1694740030203 2.3838885676765584 97
1694740030476 2.383836593701125 98
1694740030773 2.383784630574427 99
1694740031079 2.383732678293069 100
1694740031473 2.383680736853661 101
1694740031805 2.383628806252813 102
1694740032124 2.3835768864871345 103
1694740032449 2.383524977553239 104
1694740032811 2.3834730794477412 105
1694740033158 2.383421192167256 106
1694740033495 2.3833693157084013 107
1694740033865 2.383317450067794 108
1694740034183 2.383265595242056 109
1694740034471 2.3832137512278075 110
1694740034818 2.3831619180216714 111
1694740035127 2.383110095620273 112
1694740035438 2.383058284020238 113
1694740035753 2.3830064832181934 114
1694740036121 2.382954693210768 115
1694740036513 2.382902913994593 116
1694740036834 2.3828511455662986 117
1694740037183 2.3827993879225193 118
1694740037494 2.38274764105989 119
1694740037855 2.3826959049750456 120
1694740038261 2.3826441796646245 121
1694740038588 2.3825924651252657 122
1694740038947 2.3825407613536096 123
1694740039332 2.3824890683462985 124
1694740039608 2.3824373860999755 125
1694740039933 2.382385714611286 126
1694740040320 2.382334053876876 127
1694740040713 2.3822824038933943 128
1694740040991 2.3822307646574883 129
1694740041328 2.3821791361658105 130
1694740041597 2.382127518415013 131
1694740041872 2.382075911401748 132
1694740042182 2.3820243151226723 133
1694740042522 2.3819727295744415 134
1694740042840 2.381921154753714 135
1694740043172 2.3818695906571494 136
1694740043510 2.3818180372814086 137
1694740043843 2.381766494623154 138
1694740044163 2.3817149626790495 139
1694740044505 2.3816634414457596 140
1694740044828 2.3816119309199526 141
1694740045208 2.381560431098295 142
1694740045550 2.3815089419774584 143
1694740045871 2.381457463554112 144
1694740046184 2.381405995824929 145
1694740046538 2.3813545387865838 146
1694740046843 2.381303092435751 147
1694740047187 2.3812516567691087 148
1694740047565 2.3812002317833345 149
1694740047873 2.381148817475108 150
1694740048261 2.3810974138411103 151
1694740048584 2.3810460208780246 152
1694740048850 2.380994638582535 153
1694740049159 2.3809432669513257 154
1694740049460 2.380891905981086 155
1694740049796 2.380840555668502 156
1694740050143 2.380789216010265 157
1694740050456 2.380737887003065 158
1694740050726 2.380686568643596 159
1694740051049 2.3806352609285515 160
1694740051408 2.3805839638546282 161
1694740051732 2.380532677418521 162
1694740052041 2.3804814016169304 163
1694740052401 2.380430136446554 164
1694740052709 2.380378881904096 165
1694740053036 2.380327637986257 166
1694740053351 2.3802764046897416 167
1694740053675 2.3802251820112557 168
1694740053970 2.380173969947506 169
1694740054326 2.3801227684952013 170
1694740054654 2.380071577651052 171
1694740054953 2.380020397411768 172
1694740055265 2.379969227774064 173
1694740055606 2.379918068734652 174
1694740055879 2.3798669202902487 175
1694740056208 2.3798157824375714 176
1694740056609 2.379764655173338 177
1694740056879 2.3797135384942685 178
1694740057154 2.3796624323970836 179
1694740057438 2.3796113368785075 180
1694740057744 2.3795602519352625 181
1694740058077 2.3795091775640755 182
1694740058424 2.3794581137616735 183
1694740058710 2.3794070605247835 184
1694740059106 2.379356017850137 185
1694740059448 2.379304985734464 186
1694740059743 2.379253964174498 187
1694740060098 2.379202953166972 188
1694740060489 2.3791519527086225 189
1694740060799 2.3791009627961857 190
1694740061117 2.3790499834264 191
1694740061518 2.3789990145960056 192
1694740061817 2.3789480563017427 193
1694740062123 2.378897108540355 194
1694740062477 2.3788461713085858 195
1694740062772 2.3787952446031797 196
1694740063087 2.3787443284208853 197
1694740063431 2.3786934227584484 198
1694740063787 2.378642527612621 199
1694740064125 2.3785916429801524 200
1694740064537 2.3785407688577953 201
1694740064800 2.378489905242304 202
1694740065057 2.378439052130433 203
1694740065347 2.3783882095189393 204
1694740065678 2.378337377404581 205
1694740066024 2.378286555784117 206
1694740066448 2.378235744654309 207
1694740066766 2.3781849440119185 208
1694740067046 2.378134153853709 209
1694740067357 2.3780833741764464 210
1694740067749 2.3780326049768963 211
1694740068052 2.377981846251827 212
1694740068489 2.377931097998007 213
1694740068830 2.377880360212208 214
1694740069092 2.3778296328912 215
1694740069395 2.377778916031758 216
1694740069712 2.377728209630657 217
1694740070049 2.377677513684673 218
1694740070431 2.3776268281905826 219
1694740070751 2.377576153145166 220
1694740071059 2.377525488545202 221
1694740071410 2.377474834387474 222
1694740071800 2.3774241906687648 223
1694740072085 2.3773735573858583 224
1694740072352 2.377322934535541 225
1694740072681 2.3772723221145995 226
1694740072985 2.377221720119823 227
1694740073285 2.3771711285480017 228
1694740073611 2.3771205473959265 229
1694740073873 2.3770699766603913 230
1694740074124 2.3770194163381895 231
1694740074377 2.3769688664261164 232
1694740074670 2.37691832692097 233
1694740074958 2.376867797819549 234
1694740075290 2.3768172791186513 235
1694740075662 2.3767667708150793 236
1694740075957 2.376716272905636 237
1694740076279 2.3766657853871243 238
1694740076656 2.3766153082563504 239
1694740076962 2.37656484151012 240
1694740077334 2.376514385145242 241
1694740077765 2.376463939158526 242
1694740078066 2.376413503546781 243
1694740078409 2.376363078306822 244
1694740078744 2.3763126634354603 245
1694740079052 2.3762622589295126 246
1694740079352 2.3762118647857933 247
1694740079760 2.376161481001121 248
1694740080104 2.376111107572316 249
1694740080454 2.376060744496196 250
1694740080797 2.376010391769585 251
1694740081119 2.3759600493893056 252
1694740081441 2.375909717352183 253
1694740081766 2.3758593956550413 254
1694740082071 2.3758090842947097 255
1694740082368 2.3757587832680156 256
1694740082688 2.37570849257179 257
1694740082994 2.375658212202863 258
1694740083344 2.375607942158069 259
1694740083679 2.375557682434241 260
1694740083985 2.375507433028214 261
1694740084294 2.3754571939368256 262
1694740084640 2.3754069651569147 263
1694740084947 2.37535674668532 264
1694740085232 2.3753065385188825 265
1694740085572 2.375256340654445 266
1694740085896 2.3752061530888495 267
1694740086202 2.3751559758189433 268
1694740086579 2.375105808841572 269
1694740086986 2.375055652153583 270
1694740087294 2.3750055057518247 271
1694740087634 2.374955369633149 272
1694740087969 2.3749052437944065 273
1694740088354 2.374855128232451 274
1694740088674 2.3748050229441366 275
1694740089031 2.374754927926321 276
1694740089375 2.3747048431758584 277
1694740089688 2.37465476868961 278
1694740090013 2.3746047044644336 279
1694740090293 2.374554650497192 280
1694740090610 2.3745046067847473 281
1694740090941 2.374454573323964 282
1694740091237 2.3744045501117057 283
1694740091594 2.3743545371448413 284
1694740091963 2.374304534420238 285
1694740092259 2.3742545419347647 286
1694740092596 2.3742045596852925 287
1694740092963 2.3741545876686936 288
1694740093286 2.3741046258818415 289
1694740093639 2.3740546743216107 290
1694740093984 2.374004732984877 291
1694740094244 2.3739548018685186 292
1694740094565 2.3739048809694143 293
1694740094913 2.373854970284443 294
1694740095228 2.373805069810487 295
1694740095575 2.3737551795444305 296
1694740095955 2.373705299483155 297
1694740096230 2.373655429623548 298
1694740096607 2.373605569962496 299
1694740096851 2.373555720496886 300
1694740097171 2.3735058812236085 301
1694740097442 2.3734560521395545 302
1694740097715 2.3734062332416155 303
1694740098055 2.373356424526686 304
1694740098501 2.3733066259916606 305
1694740098853 2.3732568376334346 306
1694740099295 2.373207059448906 307
1694740099619 2.3731572914349743 308
1694740099947 2.3731075335885383 309
1694740100289 2.3730577859065014 310
1694740100690 2.373008048385765 311
1694740101033 2.3729583210232343 312
1694740101356 2.3729086038158136 313
1694740101668 2.3728588967604107 314
1694740101975 2.3728091998539336 315
1694740102313 2.372759513093291 316
1694740102596 2.3727098364753956 317
1694740102929 2.372660169997158 318
1694740103221 2.372610513655492 319
1694740103532 2.3725608674473118 320
1694740103843 2.372511231369535 321
1694740104148 2.3724616054190775 322
1694740104396 2.37241198959286 323
1694740104705 2.3723623838878005 324
1694740104995 2.372312788300822 325
1694740105284 2.3722632028288464 326
1694740105608 2.3722136274687977 327
1694740105947 2.372164062217602 328
1694740106251 2.3721145070721854 329
1694740106597 2.372064962029476 330
1694740106883 2.3720154270864033 331
1694740107269 2.371965902239898 332
1694740107545 2.371916387486892 333
1694740107808 2.3718668828243183 334
1694740108140 2.371817388249112 335
1694740108463 2.3717679037582085 336
1694740108805 2.3717184293485456 337
1694740109091 2.371668965017061 338
1694740109429 2.371619510760696 339
1694740109700 2.3715700665763904 340
1694740110127 2.371520632461087 341
1694740110460 2.37147120841173 342
1694740110778 2.3714217944252645 343
1694740111086 2.371372390498636 344
1694740111409 2.371322996628794 345
1694740111804 2.371273612812685 346
1694740112178 2.3712242390472618 347
1694740112465 2.3711748753294746 348
1694740112944 2.371125521656277 349
1694740113262 2.371076178024623 350
1694740113511 2.371026844431468 351
1694740113848 2.370977520873769 352
1694740114175 2.3709282073484843 353
1694740114534 2.370878903852573 354
1694740114827 2.3708296103829967 355
1694740115137 2.3707803269367167 356
1694740115393 2.3707310535106965 357
1694740115676 2.3706817901019006 358
1694740115954 2.370632536707295 359
1694740116251 2.370583293323848 360
1694740116606 2.3705340599485267 361
1694740116991 2.3704848365783024 362
1694740117305 2.370435623210145 363
1694740117645 2.3703864198410276 364
1694740117965 2.3703372264679237 365
1694740118352 2.3702880430878093 366
1694740118698 2.370238869697659 367
1694740119096 2.3701897062944517 368
1694740119434 2.370140552875166 369
1694740119710 2.3700914094367818 370
1694740120062 2.370042275976281 371
1694740120335 2.369993152490647 372
1694740120602 2.369944038976862 373
1694740120879 2.369894935431914 374
1694740121260 2.3698458418527877 375
1694740121587 2.3697967582364714 376
1694740121891 2.369747684579955 377
1694740122241 2.369698620880229 378
1694740122544 2.3696495671342848 379
1694740122885 2.3696005233391157 380
1694740123241 2.369551489491716 381
1694740123653 2.369502465589081 382
1694740124015 2.369453451628208 383
1694740124328 2.369404447606096 384
1694740124620 2.3693554535197436 385
1694740124964 2.3693064693661516 386
1694740125293 2.369257495142323 387
1694740125572 2.3692085308452606 388
1694740125977 2.3691595764719686 389
1694740126311 2.3691106320194533 390
1694740126691 2.3690616974847223 391
1694740127009 2.3690127728647834 392
1694740127341 2.368963858156648 393
1694740127633 2.3689149533573244 394
1694740127950 2.368866058463827 395
1694740128380 2.3688171734731696 396
1694740128672 2.368768298382365 397
1694740128978 2.368719433188432 398
1694740129282 2.368670577888386 399
1694740129554 2.3686217324792462 400
1694740129805 2.3685728969580335 401
1694740130158 2.368524071321768 402
1694740130488 2.3684752555674726 403
1694740130758 2.3684264496921714 404
1694740131078 2.3683776536928893 405
1694740131458 2.3683288675666523 406
1694740131718 2.3682800913104884 407
1694740132014 2.3682313249214264 408
1694740132354 2.368182568396496 409
1694740132739 2.3681338217327297 410
1694740133032 2.3680850849271584 411
1694740133336 2.368036357976818 412
1694740133629 2.3679876408787424 413
1694740133924 2.367938933629968 414
1694740134233 2.367890236227533 415
1694740134531 2.3678415486684767 416
1694740134777 2.3677928709498386 417
1694740135143 2.3677442030686606 418
1694740135439 2.367695545021986 419
1694740135700 2.3676468968068582 420
1694740136063 2.367598258420322 421
1694740136371 2.3675496298594245 422
1694740136732 2.367501011121214 423
1694740137081 2.3674524022027392 424
1694740137483 2.3674038031010505 425
1694740137780 2.367355213813199 426
1694740138132 2.367306634336238 427
1694740138461 2.367258064667221 428
1694740138728 2.367209504803204 429
1694740139030 2.3671609547412436 430
1694740139359 2.367112414478398 431
1694740139717 2.367063884011725 432
1694740140019 2.367015363338286 433
1694740140373 2.366966852455143 434
1694740140661 2.3669183513593577 435
1694740140936 2.3668698600479945 436
1694740141288 2.36682137851812 437
1694740141595 2.366772906766799 438
1694740141983 2.3667244447911004 439
1694740142322 2.3666759925880934 440
1694740142645 2.3666275501548486 441
1694740142941 2.3665791174884365 442
1694740143195 2.3665306945859306 443
1694740143518 2.366482281444405 444
1694740143808 2.366433878060935 445
1694740144177 2.3663854844325978 446
1694740144479 2.3663371005564704 447
1694740144789 2.366288726429632 448
1694740145103 2.3662403620491634 449
1694740145394 2.3661920074121454 450
1694740145645 2.3661436625156615 451
1694740145933 2.3660953273567955 452
1694740146242 2.3660470019326323 453
1694740146648 2.365998686240259 454
1694740146980 2.365950380276763 455
1694740147297 2.365902084039234 456
1694740147603 2.3658537975247618 457
1694740147909 2.3658055207304374 458
1694740148285 2.365757253653354 459
1694740148605 2.365708996290606 460
1694740148959 2.365660748639288 461
1694740149277 2.365612510696496 462
1694740149598 2.365564282459328 463
1694740149935 2.365516063924883 464
1694740150305 2.3654678550902615 465
1694740150643 2.3654196559525644 466
1694740150925 2.3653714665088943 467
1694740151332 2.365323286756355 468
1694740151677 2.365275116692052 469
1694740151934 2.3652269563130908 470
1694740152239 2.3651788056165794 471
1694740152583 2.3651306645996266 472
1694740152847 2.365082533259342 473
1694740153115 2.3650344115928372 474
1694740153463 2.364986299597224 475
1694740153797 2.364938197269617 476
1694740154152 2.3648901046071304 477
1694740154516 2.3648420216068806 478
1694740154821 2.364793948265984 479
1694740155161 2.364745884581561 480
1694740155492 2.364697830550729 481
1694740155803 2.364649786170611 482
1694740156049 2.364601751438328 483
1694740156345 2.3645537263510037 484
1694740156656 2.3645057109057634 485
1694740156935 2.3644577050997326 486
1694740157224 2.3644097089300375 487
1694740157511 2.364361722393807 488
1694740157778 2.3643137454881713 489
1694740158136 2.3642657782102607 490
1694740158543 2.3642178205572075 491
1694740158830 2.3641698725261437 492
1694740159313 2.364121934114204 493
1694740159671 2.3640740053185256 494
1694740159979 2.3640260861362434 495
1694740160350 2.3639781765644967 496
1694740160710 2.3639302766004238 497
1694740161050 2.363882386241166 498
1694740161403 2.363834505483864 499
