1694728739011 172.1454755302951 0
1694728739498 8.64955660265226 1
1694728739867 2.63501807002 2
1694728740300 2.377371060213283 3
1694728740676 2.373104714556579 4
1694728740950 2.3713822690744872 5
1694728741283 2.3711202858755698 6
1694728741727 2.3706495074947243 7
1694728742041 2.3702232662377707 8
1694728742376 2.369789669896319 9
1694728742758 2.3693586951499244 10
1694728743097 2.368928397222126 11
1694728743470 2.368499150878149 12
1694728743838 2.368070880434388 13
1694728744202 2.3676435977244012 14
1694728744677 2.3672172975884194 15
1694728744975 2.3667919781753732 16
1694728745274 2.3663676369989872 17
1694728745624 2.3659442717039 18
1694728745980 2.3655218799168183 19
1694728746364 2.3651004592754057 20
1694728746841 2.364680007422651 21
1694728747204 2.3642605220079407 22
1694728747636 2.3638420006868266 23
1694728748006 2.3634244411210523 24
1694728748489 2.3630078409785233 25
1694728748886 2.3625921979332922 26
1694728749340 2.3621775096655417 27
1694728749752 2.3617637738615618 28
1694728750058 2.361350988213738 29
1694728750465 2.36093915042053 30
1694728750826 2.360528258186454 31
1694728751213 2.360118309222064 32
1694728751630 2.3597093012439383 33
1694728752020 2.359301231974656 34
1694728752381 2.358894099142785 35
1694728752739 2.3584879004828574 36
1694728753073 2.358082633735362 37
1694728753441 2.357678296646717 38
1694728753866 2.3572748869692584 39
1694728754310 2.356872402461221 40
1694728754676 2.3564708408867205 41
1694728754997 2.3560702000157394 42
1694728755279 2.355670477624104 43
1694728755658 2.355271671493474 44
1694728755988 2.3548737794113195 45
1694728756281 2.3544767991709095 46
1694728756614 2.3540807285712892 47
1694728757020 2.3536855654172704 48
1694728757422 2.3532913075194055 49
1694728757904 2.35289795269398 50
1694728758204 2.3525054987629894 51
1694728758535 2.352113943554124 52
1694728758919 2.3517232849007557 53
1694728759281 2.351333520641915 54
1694728759635 2.350944648622282 55
1694728760002 2.350556666692164 56
1694728760316 2.3501695727074807 57
1694728760615 2.3497833645297512 58
1694728760906 2.3493980400260726 59
1694728761236 2.349013597069108 60
1694728761598 2.3486300335370673 61
1694728761920 2.3482473473136927 62
1694728762272 2.3478655362882423 63
1694728762553 2.347484598355474 64
1694728762908 2.34710453141563 65
1694728763293 2.3467253333744202 66
1694728763813 2.3463470021430077 67
1694728764297 2.3459695356379893 68
1694728764674 2.3455929317813857 69
1694728765016 2.3452171885006208 70
1694728765370 2.3448423037285067 71
1694728765739 2.344468275403232 72
1694728766113 2.344095101468342 73
1694728766489 2.3437227798727243 74
1694728766913 2.3433513085705933 75
1694728767369 2.342980685521477 76
1694728767804 2.3426109086901996 77
1694728768171 2.3422419760468647 78
1694728768470 2.3418738855668426 79
1694728768958 2.3415066352307554 80
1694728769476 2.3411402230244605 81
1694728769854 2.340774646939034 82
1694728770202 2.3404099049707607 83
1694728770582 2.340045995121113 84
1694728770978 2.339682915396741 85
1694728771444 2.339320663809453 86
1694728771850 2.3389592383762055 87
1694728772239 2.3385986371190843 88
1694728772617 2.338238858065292 89
1694728773039 2.3378798992471337 90
1694728773509 2.3375217587019996 91
1694728774071 2.3371644344723532 92
1694728774475 2.3368079246057154 93
1694728774968 2.33645222715465 94
1694728775351 2.336097340176751 95
1694728775844 2.3357432617346237 96
1694728776236 2.3353899898958765 97
1694728776719 2.3350375227331006 98
1694728777082 2.3346858583238603 99
1694728777524 2.334334994750677 100
1694728778012 2.3339849301010136 101
1694728778364 2.3336356624672625 102
1694728778769 2.3332871899467307 103
1694728779079 2.332939510641625 104
1694728779610 2.33259262265904 105
1694728780053 2.3322465241109414 106
1694728780429 2.331901213114155 107
1694728780901 2.33155668779035 108
1694728781385 2.3312129462660276 109
1694728781883 2.3308699866725053 110
1694728782432 2.3305278071459044 111
1694728782799 2.3301864058271353 112
1694728783262 2.329845780861885 113
1694728783776 2.3295059304006034 114
1694728784225 2.3291668525984885 115
1694728784637 2.3288285456154743 116
1694728784970 2.328491007616214 117
1694728785458 2.3281542367700734 118
1694728785902 2.32781823125111 119
1694728786374 2.327482989238065 120
1694728786730 2.327148508914347 121
1694728787078 2.326814788468018 122
1694728787382 2.326481826091786 123
1694728787928 2.326149619982984 124
1694728788286 2.3258181683435617 125
1694728788705 2.325487469380072 126
1694728789169 2.3251575213036557 127
1694728789625 2.324828322330031 128
1694728790132 2.324499870679479 129
1694728790557 2.3241721645768325 130
1694728791054 2.3238452022514586 131
1694728791417 2.3235189819372537 132
1694728791768 2.323193501872622 133
1694728792161 2.3228687603004694 134
1694728792494 2.3225447554681864 135
1694728792828 2.3222214856276393 136
1694728793230 2.3218989490351536 137
1694728793605 2.321577143951504 138
1694728794030 2.3212560686419006 139
1694728794391 2.320935721375978 140
1694728794723 2.3206161004277805 141
1694728795149 2.320297204075753 142
1694728795584 2.319979030602721 143
1694728796140 2.319661578295891 144
1694728796483 2.3193448454468255 145
1694728797007 2.3190288303514377 146
1694728797460 2.3187135313099785 147
1694728798002 2.318398946627022 148
1694728798342 2.3180850746114547 149
1694728798888 2.3177719135764643 150
1694728799350 2.3174594618395266 151
1694728799778 2.317147717722392 152
1694728800226 2.3168366795510784 153
1694728800679 2.316526345655851 154
1694728801250 2.3162167143712185 155
1694728801640 2.315907784035918 156
1694728802026 2.3155995529929014 157
1694728802484 2.315292019589325 158
1694728802918 2.3149851821765397 159
1694728803280 2.314679039110076 160
1694728803643 2.3143735887496333 161
1694728804081 2.31406882945907 162
1694728804512 2.3137647596063906 163
1694728804956 2.3134613775637316 164
1694728805273 2.313158681707355 165
1694728805656 2.312856670417632 166
1694728806098 2.312555342079034 167
1694728806500 2.3122546950801226 168
1694728806925 2.311954727813533 169
1694728807358 2.311655438675969 170
1694728807832 2.311356826068185 171
1694728808208 2.3110588883949816 172
1694728808480 2.31076162406519 173
1694728808805 2.3104650314916597 174
1694728809233 2.3101691090912517 175
1694728809669 2.309873855284822 176
1694728809995 2.309579268497218 177
1694728810314 2.3092853471572568 178
1694728810611 2.3089920896977243 179
1694728810974 2.3086994945553583 180
1694728811354 2.30840756017084 181
1694728811848 2.3081162849887793 182
1694728812300 2.3078256674577116 183
1694728812652 2.3075357060300767 184
1694728813075 2.3072463991622167 185
1694728813461 2.3069577453143606 186
1694728813807 2.3066697429506138 187
1694728814250 2.30638239053895 188
1694728814515 2.306095686551195 189
1694728814876 2.3058096294630244 190
1694728815196 2.305524217753944 191
1694728815573 2.3052394499072855 192
1694728815973 2.3049553244101926 193
1694728816449 2.3046718397536123 194
1694728816857 2.3043889944322826 195
1694728817185 2.3041067869447236 196
1694728817678 2.303825215793226 197
1694728818176 2.3035442794838414 198
1694728818510 2.3032639765263716 199
1694728819034 2.302984305434358 200
1694728819504 2.3027052647250716 201
1694728819880 2.3024268529195018 202
1694728820405 2.302149068542347 203
1694728820881 2.301871910122006 204
1694728821442 2.3015953761905625 205
1694728821989 2.3013194652837825 206
1694728822356 2.301044175941097 207
1694728822747 2.300769506705596 208
1694728823410 2.300495456124017 209
1694728823995 2.300222022746737 210
1694728824499 2.2999492051277586 211
1694728825071 2.2996770018247017 212
1694728825526 2.299405411398798 213
1694728826005 2.2991344324148724 214
1694728826563 2.298864063441341 215
1694728827727 2.2985943030501965 216
1694728828281 2.2983251498169994 217
1694728828825 2.2980566023208713 218
1694728829280 2.297788659144479 219
1694728829814 2.2975213188740313 220
1694728830304 2.2972545800992648 221
1694728830798 2.296988441413435 222
1694728831435 2.296722901413309 223
1694728832074 2.2964579586991527 224
1694728832676 2.296193611874723 225
1694728833256 2.2959298595472593 226
1694728833911 2.29566670032747 227
1694728834492 2.2954041328295283 228
1694728834862 2.295142155671058 229
1694728835381 2.2948807674731264 230
1694728835875 2.294619966860234 231
1694728836329 2.2943597524603083 232
1694728836713 2.294100122904688 233
1694728837203 2.2938410768281203 234
1694728837696 2.2935826128687467 235
1694728838080 2.293324729668097 236
1694728838669 2.293067425871078 237
1694728839273 2.2928107001259654 238
1694728839690 2.2925545510843945 239
1694728840004 2.2922989774013502 240
1694728840447 2.2920439777351587 241
1694728841012 2.291789550747478 242
1694728841372 2.2915356951032897 243
1694728841651 2.291282409470888 244
1694728842111 2.2910296925218723 245
1694728842535 2.2907775429311377 246
1694728842830 2.290525959376867 247
1694728843251 2.2902749405405203 248
1694728843740 2.2900244851068257 249
1694728844324 2.289774591763772 250
1694728844695 2.2895252592026005 251
1694728845331 2.2892764861177923 252
1694728846380 2.289028271207064 253
1694728846744 2.2887806131713564 254
1694728847102 2.288533510714826 255
1694728847518 2.288286962544837 256
1694728848217 2.288040967371952 257
1694728848931 2.2877955239099226 258
1694728849685 2.287550630875684 259
1694728850212 2.287306286989342 260
1694728850885 2.2870624909741664 261
1694728851481 2.2868192415565836 262
1694728852065 2.286576537466165 263
1694728852667 2.2863343774356237 264
1694728853261 2.2860927602008 265
1694728853651 2.2858516845006567 266
1694728854253 2.2856111490772677 267
1694728855016 2.2853711526758147 268
1694728855712 2.2851316940445727 269
1694728856265 2.2848927719349064 270
1694728856997 2.2846543851012595 271
1694728857620 2.284416532301146 272
1694728858321 2.2841792122951436 273
1694728858884 2.283942423846886 274
1694728859373 2.283706165723049 275
1694728860165 2.2834704366933516 276
1694728860778 2.2832352355305394 277
1694728861184 2.283000561010381 278
1694728861770 2.282766411911659 279
1694728862336 2.2825327870161605 280
1694728863224 2.2822996851086716 281
1694728863905 2.2820671049769654 282
1694728864746 2.281835045411799 283
1694728865277 2.2816035052069017 284
1694728865834 2.2813724831589663 285
1694728866425 2.281141978067648 286
1694728866970 2.280911988735545 287
1694728867517 2.280682513968202 288
1694728868117 2.2804535525740954 289
1694728868606 2.2802251033646272 290
1694728869182 2.2799971651541164 291
1694728869779 2.2797697367597944 292
1694728870345 2.279542817001794 293
1694728870906 2.2793164047031413 294
1694728871476 2.2790904986897496 295
1694728871975 2.278865097790413 296
1694728872484 2.278640200836793 297
1694728873031 2.2784158066634195 298
1694728873696 2.278191914107674 299
1694728874294 2.277968522009789 300
1694728874844 2.277745629212837 301
1694728875640 2.2775232345627225 302
1694728876183 2.2773013369081765 303
1694728876859 2.2770799351007485 304
1694728877606 2.276859027994797 305
1694728878492 2.2766386144474846 306
1694728879201 2.276418693318769 307
1694728879591 2.2761992634713955 308
1694728880333 2.2759803237708893 309
1694728880792 2.2757618730855507 310
1694728881413 2.2755439102864434 311
1694728881839 2.275326434247391 312
1694728882411 2.275109443844969 313
1694728882918 2.2748929379584935 314
1694728883317 2.2746769154700193 315
1694728883876 2.2744613752643295 316
1694728884349 2.27424631622893 317
1694728884939 2.274031737254039 318
1694728885356 2.2738176372325856 319
1694728885933 2.273604015060195 320
1694728886412 2.2733908696351888 321
1694728886972 2.273178199858571 322
1694728887541 2.272966004634029 323
1694728888250 2.2727542828679175 324
1694728890628 2.272543033469258 325
1694728891177 2.2723322553497267 326
1694728891577 2.2721219474236545 327
1694728891928 2.2719121086080123 328
1694728892383 2.271702737822408 329
1694728892836 2.2714938339890787 330
1694728893271 2.2712853960328863 331
1694728893555 2.2710774228813047 332
1694728893983 2.2708699134644172 333
1694728894394 2.2706628667149102 334
1694728895076 2.2704562815680633 335
1694728895434 2.270250156961745 336
1694728895761 2.2700444918364036 337
1694728896125 2.269839285135063 338
1694728896538 2.269634535803313 339
1694728896949 2.2694302427893054 340
1694728897337 2.269226405043745 341
1694728897821 2.269023021519884 342
1694728898226 2.2688200911735144 343
1694728898516 2.2686176129629625 344
1694728898915 2.2684155858490813 345
1694728899310 2.2682140087952445 346
1694728899859 2.2680128807673388 347
1694728900015 2.267812200733758 348
1694728900364 2.2676119676653976 349
1694728900796 2.267412180535645 350
1694728901433 2.2672128383203765 351
1694728902516 2.267013939997948 352
1694728902913 2.26681548454919 353
1694728903272 2.266617470957401 354
1694728903759 2.266419898208341 355
1694728904115 2.266222765290224 356
1694728904556 2.2660260711937115 357
1694728904985 2.265829814911909 358
1694728905306 2.265633995440357 359
1694728905644 2.2654386117770215 360
1694728906024 2.265243662922297 361
1694728906314 2.26504914787899 362
1694728906644 2.2648550656523176 363
1694728907046 2.2646614152499027 364
1694728907291 2.264468195681763 365
1694728907749 2.264275405960309 366
1694728908018 2.2640830451003353 367
1694728908364 2.263891112119014 368
1694728908710 2.2636996060358916 369
1694728908964 2.2635085258728798 370
1694728909294 2.263317870654249 371
1694728909667 2.2631276394066253 372
1694728910051 2.2629378311589816 373
1694728910430 2.262748444942631 374
1694728910765 2.2625594797912245 375
1694728911061 2.26237093474074 376
1694728911408 2.26218280882948 377
1694728911695 2.261995101098063 378
1694728912010 2.261807810589419 379
1694728912435 2.261620936348783 380
1694728912922 2.26143447742369 381
1694728913329 2.2612484328639653 382
1694728913603 2.2610628017217227 383
1694728913917 2.2608775830513586 384
1694728914361 2.2606927759095425 385
1694728914612 2.2605083793552128 386
1694728914848 2.2603243924495726 387
1694728915182 2.2601408142560815 388
1694728915563 2.2599576438404503 389
1694728915958 2.2597748802706366 390
1694728916356 2.2595925226168365 391
1694728916811 2.2594105699514806 392
1694728917233 2.259229021349227 393
1694728917564 2.2590478758869574 394
1694728917938 2.2588671326437697 395
1694728918306 2.2586867907009713 396
1694728918646 2.2585068491420768 397
1694728918981 2.2583273070527983 398
1694728919354 2.2581481635210414 399
1694728919761 2.257969417636902 400
1694728920295 2.257791068492656 401
1694728920625 2.2576131151827568 402
1694728920957 2.2574355568038285 403
1694728921269 2.2572583924546605 404
1694728921614 2.257081621236202 405
1694728921865 2.2569052422515563 406
1694728922304 2.2567292546059763 407
1694728922692 2.256553657406856 408
1694728923013 2.2563784497637274 409
1694728923331 2.256203630788255 410
1694728923619 2.2560291995942308 411
1694728923959 2.2558551552975645 412
1694728924326 2.2556814970162837 413
1694728924591 2.2555082238705264 414
1694728924864 2.255335334982533 415
1694728925113 2.2551628294766433 416
1694728925414 2.254990706479292 417
1694728925687 2.254818965119002 418
1694728925919 2.2546476045263786 419
1694728926183 2.2544766238341025 420
1694728926418 2.254306022176931 421
1694728926658 2.254135798691685 422
1694728926937 2.253965952517246 423
1694728927294 2.253796482794555 424
1694728927630 2.2536273886666005 425
1694728928031 2.253458669278419 426
1694728928373 2.253290323777086 427
1694728928680 2.2531223513117116 428
1694728928985 2.2529547510334376 429
1694728929296 2.2527875220954283 430
1694728929646 2.252620663652869 431
1694728929936 2.252454174862957 432
1694728930225 2.2522880548849025 433
1694728930533 2.252122302879915 434
1694728930803 2.251956918011205 435
1694728931038 2.251791899443977 436
1694728931335 2.251627246345423 437
1694728931759 2.2514629578847183 438
1694728932043 2.2512990332330167 439
1694728932350 2.2511354715634457 440
1694728932630 2.2509722720511 441
1694728932903 2.2508094338730373 442
1694728933262 2.250646956208274 443
1694728933600 2.2504848382377793 444
1694728933795 2.2503230791444717 445
1694728934043 2.2501616781132094 446
1694728934423 2.250000634330792 447
1694728934733 2.2498399469859494 448
1694728935033 2.2496796152693426 449
1694728935364 2.2495196383735534 450
1694728935652 2.249360015493083 451
1694728935862 2.2492007458243464 452
1694728936185 2.2490418285656646 453
1694728936565 2.2488832629172655 454
1694728936796 2.248725048081274 455
1694728937014 2.248567183261709 456
1694728937278 2.2484096676644785 457
1694728937722 2.248252500497375 458
1694728938046 2.2480956809700703 459
1694728938369 2.247939208294112 460
1694728938684 2.2477830816829134 461
1694728938986 2.2476273003517586 462
1694728939314 2.247471863517789 463
1694728939632 2.247316770400001 464
1694728939973 2.2471620202192435 465
1694728940322 2.24700761219821 466
1694728940649 2.246853545561437 467
1694728940951 2.2466998195352974 468
1694728941336 2.2465464333479943 469
1694728941647 2.246393386229561 470
1694728941886 2.2462406774118526 471
1694728942189 2.2460883061285415 472
1694728942726 2.2459362716151143 473
1694728943584 2.245784573108866 474
1694728943873 2.245633209848897 475
1694728944182 2.2454821810761056 476
1694728944522 2.2453314860331886 477
1694728944862 2.2451811239646298 478
1694728945160 2.2450310941167007 479
1694728945510 2.244881395737453 480
1694728945909 2.2447320280767182 481
1694728946269 2.2445829903860988 482
1694728947186 2.244434281918964 483
1694728947467 2.2442859019304477 484
1694728947768 2.244137849677444 485
1694728950523 2.2439901244185987 486
1694728950991 2.2438427254143107 487
1694728951971 2.243695651926724 488
1694728952252 2.2435489032197222 489
1694728952504 2.2434024785589277 490
1694728952860 2.2432563772116936 491
1694728953175 2.2431105984471036 492
1694728953525 2.242965141535962 493
1694728953878 2.242820005750796 494
1694728954154 2.242675190365845 495
1694728954399 2.2425306946570602 496
1694728954713 2.2423865179021 497
1694728955100 2.2422426593803233 498
1694728955412 2.242099118372788 499
