1694737072818 2.0202092901581112 0
1694737073144 0.29102643382619314 1
1694737073455 2.3642534750709343 2
1694737073734 0.6857644514488342 3
1694737074095 0.7250043654137859 4
1694737074431 0.10372523780082694 5
1694737074725 2.6312506933926714 6
1694737075036 0.6956867925596196 7
1694737075405 0.4774703755413222 8
1694737075754 0.053897983555773805 9
1694737076005 1.1262149479091126 10
1694737076306 1.1099148863946129 11
1694737076626 2.3303217101823783 12
1694737076896 1.5325270860822338 13
1694737077210 0.2826529066123725 14
1694737077580 0.9097440602555866 15
1694737077840 2.823726164441004 16
1694737078122 1.728002584369643 17
1694737078526 8.944376356788187 18
1694737078824 0.19155765906115768 19
1694737079053 1.8449670637284241 20
1694737079286 0.34550677950364655 21
1694737079530 1.6838347765129318 22
1694737079905 0.18469733938825042 23
1694737080165 0.5071287967970433 24
1694737080398 0.004294410464718179 25
1694737080668 0.1230458161951502 26
1694737080935 0.07645826968377972 27
1694737081197 4.034448889734523 28
1694737081468 2.467309621344472 29
1694737081927 0.526564338371762 30
1694737082258 0.23065249796500395 31
1694737082581 1.0667709789693374 32
1694737082850 10.562778014132325 33
1694737083122 0.2830925315182573 34
1694737083437 1.2843297943561853 35
1694737083745 0.9245790568584408 36
1694737084119 0.5044815724731865 37
1694737084468 0.1544570944485444 38
1694737084792 0.7895650159858021 39
1694737085033 0.7174855649941562 40
1694737085292 0.7750984869171917 41
1694737085552 2.435092660189977 42
1694737085903 1.242681713534576 43
1694737086159 0.8896215356569478 44
1694737086476 2.0943187037473083 45
1694737086736 1.5256768889038412 46
1694737086996 3.8961865724285185 47
1694737087332 0.021379980557638376 48
1694737087580 0.43900322032550215 49
1694737087880 2.097217588840281 50
1694737088193 0.0019994824816807586 51
1694737088484 0.0913567575924177 52
1694737088825 18.077957034008314 53
1694737089044 0.7613116756891553 54
1694737089365 0.4265819023890519 55
1694737089677 0.012059859788502198 56
1694737089926 0.007433179597087181 57
1694737090133 0.12931613851650434 58
1694737090397 1.5896199561978988 59
1694737090686 2.630684678598463 60
1694737091027 0.2609980320028341 61
1694737091306 0.6649561079942511 62
1694737091565 12.197246025391815 63
1694737091802 10.142535029194415 64
1694737092055 0.3936374500662606 65
1694737092318 1.4427279550642471 66
1694737092642 0.3760278613158379 67
1694737092935 10.302799282046776 68
1694737093210 0.9732752606407654 69
1694737093462 9.827028292706485 70
1694737093786 4.819309074979491 71
1694737094132 0.24011895077004358 72
1694737094444 0.9060823520439628 73
1694737094775 2.873169907730489 74
1694737095027 0.2189245802642418 75
1694737095302 0.023200905610197144 76
1694737095641 1.904850127338975 77
1694737095986 0.6380106995482969 78
1694737096362 3.2564453474573916 79
1694737096687 1.1568447963785693 80
1694737096974 0.03704442465865685 81
1694737097297 13.323783699292118 82
1694737097661 2.316294521041938 83
1694737097966 5.368844935191664 84
1694737098224 0.0003302419760745633 85
1694737098680 1.1141854125613857 86
1694737099009 18.111485245782465 87
1694737099351 5.536022631408096 88
1694737099687 2.5889780849520276 89
1694737100032 0.37183001248925124 90
1694737100335 0.16705757387124098 91
1694737100618 0.8743267928160049 92
1694737100920 0.08698440366152588 93
1694737101202 0.5613118131202915 94
1694737101529 0.14626833152673915 95
1694737101865 0.01206710833251783 96
1694737102209 5.237708173825089 97
1694737102533 1.858496807756305 98
1694737102862 0.40135779007957145 99
1694737103142 0.1280101866726081 100
1694737103369 4.858598551759827 101
1694737103641 2.7928258821421696 102
1694737103884 17.163545394909228 103
1694737104263 3.0832966964896475 104
1694737104590 0.8415977629034904 105
1694737104894 0.35914177697017835 106
1694737105123 1.1632207544913344 107
1694737105419 1.9560655537487055 108
1694737105677 0.7437027441783551 109
1694737105981 7.404012891232467 110
1694737106214 2.1062969441295047 111
1694737106517 0.14107794799452464 112
1694737106853 2.25763490478163 113
1694737107138 0.0035586063804993948 114
1694737107412 0.24969882106831107 115
1694737107734 0.013376924625597466 116
1694737108049 3.5572066676458305 117
1694737108320 0.60645892755631 118
1694737108685 2.6079406122559257 119
1694737109022 0.5293372364667039 120
1694737109290 0.8444701554880766 121
1694737109608 0.4135086923700599 122
1694737109922 7.268877481928498 123
1694737110212 6.909614544584388 124
1694737110517 0.24733654928432683 125
1694737110880 0.15257297201513742 126
1694737111166 1.6768675435562 127
1694737111397 2.5039590913018017 128
1694737111699 0.22082611868434937 129
1694737112015 0.45191023040340494 130
1694737112320 0.8435480393221471 131
1694737112665 1.7074455514103062 132
1694737112989 0.5371412554816754 133
1694737113336 0.22862474677776579 134
1694737113658 1.6956958659864387 135
1694737113975 1.6117406119221516 136
1694737114292 1.2560647464561552 137
1694737114576 4.1070936483234375 138
1694737114862 0.17289557546224732 139
1694737115139 0.02002494208326639 140
1694737115426 0.026599824829909895 141
1694737115707 4.3462781189020046 142
1694737116077 4.377528981307998 143
1694737116345 0.06697287294048845 144
1694737116660 7.290076035342354 145
1694737116998 0.04563835359410445 146
1694737117293 0.6820671895773998 147
1694737117676 2.8399262680208865 148
1694737117977 0.0881353139786909 149
1694737118258 0.12008458402443628 150
1694737118547 0.23973655556520324 151
1694737118856 2.699804238901362 152
1694737119176 0.22681721026290386 153
1694737119452 0.1642475906863167 154
1694737119862 0.07544108365122722 155
1694737120197 0.07883651339601862 156
1694737120439 0.032849335500413315 157
1694737120754 1.21177391906968 158
1694737121077 0.31083370660465337 159
1694737121500 9.098199530826896 160
1694737121997 0.004791782845255396 161
1694737122388 3.055040901192013 162
1694737122717 0.07907407663863268 163
1694737123133 4.022358269716187 164
1694737123515 2.5186130338927852 165
1694737123869 5.300899381543971 166
1694737124376 0.21143176340319503 167
1694737124777 1.2206921260299217 168
1694737125168 0.12309183524927589 169
1694737125548 1.0170290236443686 170
1694737125893 0.009620519134882839 171
1694737126294 0.13780827187647926 172
1694737126717 0.9373483958166916 173
1694737127016 1.1706656621657825 174
1694737127393 3.5308588928009788 175
1694737127685 1.115276536993501 176
1694737128048 0.7785516228586087 177
1694737128371 0.02908650749153595 178
1694737128634 1.0452684386291304 179
1694737129028 4.4290898921583235 180
1694737129319 26.269966608358512 181
1694737129579 1.0919237671784419 182
1694737129922 0.13458013995518472 183
1694737130241 0.12577975806177816 184
1694737130538 0.0023000481555918977 185
1694737130775 0.6871843906548025 186
1694737131165 0.12495042200184589 187
1694737131485 1.3932671112166723 188
1694737131721 3.729204042779957 189
1694737132020 0.055427746787165416 190
1694737132348 0.08812555754148918 191
1694737132631 0.199903765474211 192
1694737132902 0.04003548907210724 193
1694737133215 0.32720776017506553 194
1694737133610 1.5491316481642254 195
1694737133857 5.343253112033522 196
1694737134219 3.023517388010461 197
1694737134462 0.056949498880842615 198
1694737134708 2.3845153509593424 199
1694737135106 0.3418502588323033 200
1694737135461 0.9822466862170917 201
1694737135754 1.9686963327235438 202
1694737136077 3.4500124629910487 203
1694737136329 2.6291105763560734 204
1694737136611 0.9537056530732911 205
1694737136882 17.296906060206236 206
1694737137197 1.6677728180000198 207
1694737137500 8.30075059332641 208
1694737137804 0.22181275586567487 209
1694737138041 0.5033075902311551 210
1694737138364 9.754791089069027 211
1694737138682 0.42730060710494744 212
1694737138951 3.454945024666775 213
1694737139275 3.7146486809131076 214
1694737139609 1.1805980413315365 215
1694737139890 0.05851852850670534 216
1694737140226 3.544807310652565 217
1694737140549 4.911881428377427 218
1694737140838 5.864923968557149 219
1694737141095 3.375765965654236 220
1694737141318 0.022950409983249292 221
1694737141589 0.5116245437201663 222
1694737141855 0.5434737117495568 223
1694737142114 0.22555917042701257 224
1694737142458 0.38559183640418676 225
1694737142839 0.1970459560758704 226
1694737143202 3.4792529466210254 227
1694737143477 1.7113080133029155 228
1694737143780 0.1336961710437393 229
1694737144032 0.03992302607863321 230
1694737144474 1.1497859379606956 231
1694737144879 1.1605677289486596 232
1694737145160 0.7644917437104144 233
1694737145464 0.03136495576364031 234
1694737145767 6.215984461433495 235
1694737146093 1.7882093873785043 236
1694737146393 3.2226368274111983 237
1694737146769 3.385353214218359 238
1694737147138 0.037098649054379394 239
1694737147465 7.188616928776872 240
1694737147749 0.021061029923519436 241
1694737148020 1.4803236033257945 242
1694737148242 0.08025270766439077 243
1694737148491 0.027566269772625475 244
1694737148832 1.2098413358707598 245
1694737149139 1.7013090758775022 246
1694737149455 0.0002449628566881558 247
1694737149762 1.4555114660693438 248
1694737150080 0.17010855144468703 249
1694737150368 7.508463887788406 250
1694737150708 0.010923260973120979 251
1694737151043 1.5112031700540136 252
1694737151427 0.08181806893557393 253
1694737151763 0.002245042586248164 254
1694737152041 4.799714908781447 255
1694737152331 10.844683733081105 256
1694737152680 0.015942952070871787 257
1694737152993 0.07801628093201471 258
1694737153350 0.021870711621505414 259
1694737153677 0.8635788466164346 260
1694737153990 2.7029060890598107 261
1694737154313 0.2141964938860309 262
1694737154632 2.9400013744354068 263
1694737154957 3.4909664577778607 264
1694737155187 0.040371812694609883 265
1694737155507 2.879074205349363 266
1694737155889 0.17351828071762238 267
1694737156165 11.749602905051692 268
1694737156455 0.021585805985923485 269
1694737156771 0.4933012484252575 270
1694737157084 2.3022189620107953 271
1694737157354 0.948956096541763 272
1694737157722 18.10509915256828 273
1694737158065 1.0551757961737172 274
1694737158358 0.07242566058324292 275
1694737158781 0.6304119490782542 276
1694737159113 1.349722218111207 277
1694737159372 0.5527023205373547 278
1694737159671 1.7462795248559138 279
1694737160038 1.1080492573383156 280
1694737160332 1.1351136632396328 281
1694737160657 0.308150507044332 282
1694737160974 0.019233228834438697 283
1694737161247 0.1880544273128339 284
1694737161536 0.05061626100856486 285
1694737161821 4.991196892307135 286
1694737162179 0.6802252546767503 287
1694737162493 0.21752308490012268 288
1694737162814 0.5158740949281045 289
1694737163118 5.090441011482257 290
1694737163424 2.179888888787416 291
1694737163743 0.6697750400455262 292
1694737164080 0.7386559172200806 293
1694737164485 1.5517709942826856 294
1694737164759 2.365102465946484 295
1694737165074 0.015401203557165235 296
1694737165377 0.4096490187970896 297
1694737165726 18.537323101578703 298
1694737166098 0.020500085344295132 299
1694737166349 0.22406396767790268 300
1694737166704 2.5724485461949493 301
1694737167031 4.308657695108142 302
1694737167311 6.4870786602783435 303
1694737167580 0.5515910523381866 304
1694737167909 0.06590484210970998 305
1694737168260 1.6516016638866051 306
1694737168516 2.913890291919661 307
1694737168834 4.259387427706895 308
1694737169158 0.2667826016809766 309
1694737169426 0.5147961601419512 310
1694737169719 0.5309630900499049 311
1694737170044 4.329127254046976 312
1694737170340 0.25817073277492525 313
1694737170631 1.4485731207439791 314
1694737170947 2.337458403415682 315
1694737171398 0.034487945730503906 316
1694737171691 3.258217113546561 317
1694737171968 0.027596740075423704 318
1694737172274 0.37072536779447457 319
1694737172538 1.7697931568957104 320
1694737172785 0.508878743950885 321
1694737173080 5.299797129383793 322
1694737173357 0.027023570986597644 323
1694737173587 0.007632774923335338 324
1694737173855 1.4481968113101955 325
1694737174242 1.590327855094355 326
1694737174503 9.85001883621087e-06 327
1694737174788 0.4020646153039666 328
1694737175112 1.7957627769578963 329
1694737175467 2.0931782100407212 330
1694737175726 7.066041742081543 331
1694737176078 1.5278578122492927 332
1694737176356 0.8699657673286126 333
1694737176667 3.4930405590795517 334
1694737176978 2.0362863732556646 335
1694737177296 0.35678585462693924 336
1694737177644 2.2665228505746993 337
1694737177952 3.606851244925684 338
1694737178177 10.80681769152696 339
1694737178479 0.5652722990684657 340
1694737178719 4.863353398864446 341
1694737178963 6.004109384365813 342
1694737179275 0.04312802550299239 343
1694737179606 0.10986528685875711 344
1694737179912 0.0005080957246033154 345
1694737180219 0.10700849584600919 346
1694737180560 0.4255492848532542 347
1694737180806 0.09770190168919873 348
1694737181108 2.9942260250302852 349
1694737181411 3.804373915373112 350
1694737181740 0.46355468776577635 351
1694737182011 1.595907473118727 352
1694737182378 0.5925621530437825 353
1694737182701 0.3356671240382327 354
1694737182937 0.07709716695172543 355
1694737183171 0.054504034818939964 356
1694737183444 0.16470031586055023 357
1694737183768 3.7758449239188705 358
1694737184100 1.3329904728034787 359
1694737184491 0.32665954959427457 360
1694737184893 0.7478287163861261 361
1694737185205 0.09749683822084076 362
1694737185526 4.484852293262559 363
1694737185788 1.7362496269909966 364
1694737186128 0.4493137670847248 365
1694737186447 0.08128014910758402 366
1694737186778 0.27348291558236715 367
1694737187045 0.25867581485256325 368
1694737187409 7.08664995480553 369
1694737187724 5.534734600526157 370
1694737187980 5.197027030841136 371
1694737188262 0.766223336072108 372
1694737188565 1.3173191272920746 373
1694737188871 1.3941128993044891 374
1694737189219 0.2331878405972485 375
1694737189539 0.4342369800065562 376
1694737189828 0.0022100366234523044 377
1694737190081 1.1458395994429538 378
1694737190396 0.31044103395848716 379
1694737190718 3.38493738290837 380
1694737191095 3.052681553077726 381
1694737191430 10.780354942517704 382
1694737191735 4.430111684935903 383
1694737191990 0.9422950768866702 384
1694737192312 1.1480765571993914 385
1694737192627 0.009889494780673922 386
1694737192879 3.024390799931705 387
1694737193191 0.7287815990559318 388
1694737193544 2.78376316542892 389
1694737193805 0.05690893113200543 390
1694737194123 1.34764064520033 391
1694737194471 0.7740352451569821 392
1694737194780 0.0006658629191577263 393
1694737195081 1.7542317636917097 394
1694737195406 0.2656858967456412 395
1694737195757 0.2346613315703061 396
1694737196073 3.0844865882163406e-06 397
1694737196378 0.11266336329394151 398
1694737196693 3.265900323560526 399
1694737196957 0.3488240297735464 400
1694737197268 0.09198331945115727 401
1694737197663 2.3917455351357386 402
1694737197974 2.081371634749701 403
1694737198280 1.0768467545035338 404
1694737198611 0.013857882999984129 405
1694737198893 0.016741963340222387 406
1694737199203 0.35667558095256496 407
1694737199505 1.8976900437855257 408
1694737199819 0.6929043408604525 409
1694737200134 0.10840603908276021 410
1694737200443 10.944867913802964 411
1694737200775 0.41752552402111176 412
1694737201030 0.11177970713762418 413
1694737201297 0.588697499841209 414
1694737201585 21.61014797098464 415
1694737201858 0.3527745536082552 416
1694737202244 0.5989168449274417 417
1694737202591 5.92267299520566 418
1694737202891 5.821032572567722 419
1694737203169 0.06628399772974454 420
1694737203456 0.43196220739355945 421
1694737203767 0.00932077875650178 422
1694737204056 4.762390566230938 423
1694737204414 10.611743820209336 424
1694737204732 0.7436735274854185 425
1694737204992 0.05332283745529757 426
1694737205321 3.200966800415289 427
1694737205638 0.5597524606288136 428
1694737205989 0.41589840466959377 429
1694737206304 0.06300376920172272 430
1694737206668 4.325006590287664 431
1694737206948 0.7439401487778701 432
1694737207286 0.16692320335373087 433
1694737207670 0.5990198925096969 434
1694737207942 5.730318449140468 435
1694737208179 0.0004545745034286331 436
1694737208459 1.4792944776664714 437
1694737208781 0.4082301812787399 438
1694737209097 0.2488102185843873 439
1694737209467 0.598126291638907 440
1694737209801 2.608939006633493 441
1694737210062 5.852950244150099 442
1694737210367 1.5552348947391996 443
1694737210664 0.6870734646665545 444
1694737211028 2.199955728886004 445
1694737211329 0.07982342876139656 446
1694737211623 0.0031905207595659224 447
1694737212036 0.05728827145496235 448
1694737212322 0.4589439878521282 449
1694737212655 1.0158489797710677 450
1694737213049 1.3963566903357798 451
1694737213375 0.02470445660208475 452
1694737213686 0.07352974281334018 453
1694737213978 0.3650200862162046 454
1694737214364 0.46464949786660525 455
1694737214683 0.037625409835316696 456
1694737214995 0.8780616682518546 457
1694737215301 0.0004265226177800616 458
1694737215655 4.641062893346272 459
1694737216011 0.0321920453854475 460
1694737216268 1.5112266596770445 461
1694737216582 1.249641024947786 462
1694737216890 2.418775554223734e-07 463
1694737217171 0.346590497736207 464
1694737217469 0.2486842938314614 465
1694737217827 0.6360653237778036 466
1694737218106 2.0438971740764003 467
1694737218489 0.1311074099562754 468
1694737218857 0.0127989198054959 469
1694737219142 0.0010887809725364948 470
1694737219418 6.09794086544933 471
1694737219723 0.11178579380723423 472
1694737220097 0.308818171936844 473
1694737220360 6.317301260737366 474
1694737220676 0.000425105310486762 475
1694737220977 1.2138035087709718 476
1694737221182 3.042161485945051 477
1694737221387 0.0019086092738958005 478
1694737221671 0.2956212098431212 479
1694737222000 5.851217679431889 480
1694737222272 2.873863152995951 481
1694737222618 0.4799927254030388 482
1694737222938 0.1882176012160543 483
1694737223194 2.6127586814521586 484
1694737223459 19.765078855093403 485
1694737223747 0.13759066674797119 486
1694737224064 0.09575697787962734 487
1694737224407 1.0975416920863423 488
1694737224636 0.6374447457023837 489
1694737224897 20.595816330312378 490
1694737225163 0.07877542045152003 491
1694737225415 2.231712265907857 492
1694737225708 0.41820973231109065 493
1694737226072 5.070023993383767 494
1694737226312 5.81820803882525 495
1694737226650 0.13635906016500857 496
1694737226905 8.068209709170235 497
1694737227214 0.11181782636113315 498
1694737227445 1.7132330613967297 499
