1694743118033 21.41592358577123 0
1694743118361 17.73141953975149 1
1694743118685 16.289011453427698 2
1694743118968 2.702705689750172 3
1694743119203 2.0290966375018105 4
1694743119472 28.93830156752175 5
1694743119804 14.63324128152596 6
1694743120111 0.03214238846125748 7
1694743120480 21.819782950553325 8
1694743120794 32.72547022468165 9
1694743121078 47.47547813287753 10
1694743121392 7.1262162070567365 11
1694743121763 57.86995005442072 12
1694743121999 2.217217929352289 13
1694743122348 3.056174311273748 14
1694743122677 5.746611536915214 15
1694743122920 11.71431654861562 16
1694743123213 1.4421493696447687 17
1694743123530 2.0763690815894305 18
1694743123824 12.72611660362174 19
1694743124134 5.835361415870303 20
1694743124415 24.920332945710594 21
1694743124769 29.0161947980217 22
1694743125029 5.733502910879831 23
1694743125253 0.4209816989244716 24
1694743125527 1.468953511679869 25
1694743125856 0.35310846449935335 26
1694743126087 0.21121860492034053 27
1694743126373 24.877714537469753 28
1694743126644 0.7908792720291746 29
1694743127103 6.6937369255074906 30
1694743127354 15.162052638019164 31
1694743127645 4.962101960712204 32
1694743127886 12.436724708607086 33
1694743128146 1.1808685459879873 34
1694743128378 11.503270581506044 35
1694743128661 26.521179746925867 36
1694743129071 2.812340846614684 37
1694743129310 11.442561206015915 38
1694743129598 22.5698005356575 39
1694743129996 17.927959116398974 40
1694743130270 42.35412704465845 41
1694743130579 2.7573726466853645 42
1694743130900 25.36130845925016 43
1694743131242 49.573866565981646 44
1694743131456 1.1716879020925157 45
1694743131685 16.714473922999613 46
1694743131938 12.811512411714702 47
1694743132237 7.90269221675192 48
1694743132505 8.31555124521612 49
1694743132765 2.3425610574854265 50
1694743133002 2.724304170288533 51
1694743133265 13.49016177511198 52
1694743133598 1.7245120733255124 53
1694743133903 15.392914499049626 54
1694743134232 28.130327440667394 55
1694743134557 1.1659762028158438 56
1694743134883 25.128196537377015 57
1694743135195 13.938992042739114 58
1694743135487 0.0543696217692887 59
1694743135814 3.4374775050759476 60
1694743136120 2.995690177738913 61
1694743136364 9.001099345349392 62
1694743136648 3.0029219060571326 63
1694743136895 29.676559930679662 64
1694743137129 7.294181486814557 65
1694743137418 10.997941323541445 66
1694743137872 3.9935920389202257 67
1694743138115 16.010186761847613 68
1694743138341 82.11792733776953 69
1694743138606 0.9913308670244267 70
1694743138939 12.900374535255992 71
1694743139192 1.2654520401662641 72
1694743139446 1.1250411590963711 73
1694743139701 0.37548553624386355 74
1694743140088 28.3289850395816 75
1694743140337 17.435571755104842 76
1694743140603 76.46600041137283 77
1694743140850 4.960415588703332 78
1694743141087 3.1202972665645707 79
1694743141350 37.27537872422475 80
1694743141590 0.002882485893054102 81
1694743141856 0.013137168904057589 82
1694743142194 2.0553060143867707 83
1694743142430 8.481580502264308 84
1694743142667 7.723343272543306 85
1694743142924 1.0747291869519062 86
1694743143157 7.785822702039701 87
1694743143404 0.484016254299757 88
1694743143630 27.739269865962388 89
1694743143924 7.7563621736938675 90
1694743144189 7.766860932948684 91
1694743144489 1.5841842568912707 92
1694743144801 20.09753711334895 93
1694743145128 10.173673292153342 94
1694743145342 0.029904127320152962 95
1694743145547 12.970327918182791 96
1694743145791 3.170372449078912 97
1694743146118 3.6804151551140327 98
1694743146377 45.27854604764668 99
1694743146691 0.8043830325621294 100
1694743146975 0.6453054595500441 101
1694743147244 0.05296156797769925 102
1694743147456 1.0608207078508594 103
1694743147692 4.213312553938063 104
1694743147902 0.2132025722230754 105
1694743148131 20.543496808292133 106
1694743148386 2.4491988518905607 107
1694743148665 0.6512756239628225 108
1694743149015 0.06717967539808041 109
1694743149322 0.04026500890461182 110
1694743149534 0.31023394483658023 111
1694743149759 10.789984370328584 112
1694743149986 34.70170147288222 113
1694743150272 4.174177247128978 114
1694743150597 0.04498487870513737 115
1694743150867 21.155366598171646 116
1694743151184 21.28635852775603 117
1694743151454 9.416095853916769 118
1694743151688 0.9861556553782105 119
1694743151936 21.517584537732223 120
1694743152190 5.578638484453871 121
1694743152482 0.9076232991577667 122
1694743152762 39.90216905113428 123
1694743153085 0.3603238928581492 124
1694743153573 46.26843953474329 125
1694743153866 0.0012753726826356246 126
1694743154100 22.493350704862866 127
1694743154341 0.29762641086963193 128
1694743154635 2.3294317771745634 129
1694743154937 14.305155570287917 130
1694743155195 3.3709014611577746 131
1694743155519 12.265676641424545 132
1694743155789 12.323739205180686 133
1694743156107 1.6565508128590454 134
1694743156423 45.27331427444878 135
1694743156673 10.218770724355188 136
1694743156960 12.183235284000956 137
1694743157223 0.07558486844043262 138
1694743157455 8.741054149303231 139
1694743157777 6.683864330148195 140
1694743158045 55.07780329714919 141
1694743158358 1.1181456214614238 142
1694743158636 0.8120274522240126 143
1694743158954 20.45863225231227 144
1694743159297 38.12362432781298 145
1694743159618 0.03803788814625536 146
1694743159858 7.5024749678277045 147
1694743160222 17.77006281694577 148
1694743160582 13.52127666329775 149
1694743160801 0.9344192343128475 150
1694743161026 15.958879390209106 151
1694743161278 25.5981494650949 152
1694743161577 13.219465775750953 153
1694743161823 13.834867975838097 154
1694743162181 2.61999450928839 155
1694743162547 0.537128654131979 156
1694743162799 28.402519746630944 157
1694743163077 4.112176447342997 158
1694743163390 0.5533065150540887 159
1694743163695 1.6114862793923417 160
1694743163892 2.4058498296945143 161
1694743164126 5.096417763041121 162
1694743164415 115.3515872750242 163
1694743164701 0.09560731582074337 164
1694743164946 14.059839500861699 165
1694743165221 0.5975925691538105 166
1694743165522 11.28152060940346 167
1694743165806 4.883720858281886 168
1694743166118 4.7356593544150485 169
1694743166371 3.0462147615679553 170
1694743166730 22.424002099148623 171
1694743166953 2.394062973869554 172
1694743167188 0.2960475602209411 173
1694743167445 2.4138082045195293 174
1694743167708 11.820171608777757 175
1694743167950 11.433401826080642 176
1694743168262 18.232970020501384 177
1694743168466 58.538995142589975 178
1694743168806 70.1861660873326 179
1694743169102 5.048943385556722 180
1694743169364 6.722623658612394 181
1694743169670 0.020263341604619952 182
1694743169993 0.0008533844635245676 183
1694743170248 2.0386302178706512 184
1694743170519 11.529409469159956 185
1694743170767 4.969823727491666 186
1694743171012 7.8862871034283355 187
1694743171310 139.66075786520497 188
1694743171557 7.001019330178989 189
1694743171817 0.0683541015810609 190
1694743172137 12.570769979699287 191
1694743172436 7.0378815981555105 192
1694743172742 50.59490661621324 193
1694743173000 8.105238446670146 194
1694743173367 0.04228202386857979 195
1694743173696 0.5302518437363778 196
1694743173924 17.177782891857163 197
1694743174206 0.0007166490576413127 198
1694743174526 0.8815343904182427 199
1694743174823 0.18414014716872745 200
1694743175141 21.73645116732748 201
1694743175369 40.992849641688935 202
1694743175690 6.928313278449525 203
1694743175922 16.41059752209675 204
1694743176192 22.464104401614463 205
1694743176508 23.286569273614997 206
1694743177029 6.066421654796516 207
1694743177347 33.17982299209699 208
1694743177671 4.007041550058318 209
1694743177962 7.271942729904716 210
1694743178296 16.469130879035003 211
1694743178619 1.9949419127818453 212
1694743178955 0.29138049248332776 213
1694743179256 7.512502906964474 214
1694743179564 0.019043384658034224 215
1694743179881 3.806230623878021 216
1694743180186 3.7557526866762636 217
1694743180533 4.695717183773907 218
1694743180872 8.584055590279524 219
1694743181100 3.5695259531062615 220
1694743181380 103.39327035218642 221
1694743181717 6.595787153526885 222
1694743182005 3.6390264316597194 223
1694743182328 27.783953331054835 224
1694743182613 12.520984514445392 225
1694743182914 1.170553609840204 226
1694743183249 18.84254392546582 227
1694743183567 1.2172020061288682 228
1694743183887 8.026199894783764 229
1694743184153 72.32715379778493 230
1694743184485 13.574201829483558 231
1694743184844 0.5841056005825106 232
1694743185134 13.129586415422617 233
1694743185455 1.8615363025999205 234
1694743185793 2.1519978133128923 235
1694743186069 3.591514506346846 236
1694743186309 4.036022191088717 237
1694743186606 19.129966058502795 238
1694743186974 5.218415371019243 239
1694743187228 46.38220635133178 240
1694743187541 17.76107002460505 241
1694743187906 0.07917512671977821 242
1694743188151 24.020978672914776 243
1694743188446 18.681434483262755 244
1694743188795 13.306087911427008 245
1694743189197 36.40226091758036 246
1694743189515 25.000180946350024 247
1694743189835 4.1741598274103895 248
1694743190139 5.404864169041466 249
1694743190487 27.27269477388147 250
1694743190813 23.053645932912808 251
1694743191120 0.009472796957681742 252
1694743191415 3.2245436293044283 253
1694743191699 2.1888359884232065 254
1694743192019 4.321252270308089 255
1694743192302 1.1694562669499482 256
1694743192615 5.803917505477961 257
1694743192927 13.133126704655318 258
1694743193200 0.04617486597548609 259
1694743193570 0.12677422954603534 260
1694743193879 0.31365805475475245 261
1694743194186 28.21891873632769 262
1694743194505 31.5221251664458 263
1694743194801 34.29115209851197 264
1694743195065 5.192195658921351 265
1694743195328 1.7532325926498233 266
1694743195628 2.099836415571812 267
1694743195947 13.574803172870322 268
1694743196195 5.270907459996839 269
1694743196472 1.198689897088004 270
1694743196748 1.7819667570083535 271
1694743197050 6.776023179384029 272
1694743197359 1.5972961144627618 273
1694743197695 0.7662218860332672 274
1694743198048 8.161798049422332 275
1694743198400 0.11271069863630963 276
1694743198745 0.3075464691364088 277
1694743199093 4.059512964214456 278
1694743199393 0.0031948840727288597 279
1694743199707 37.0794549783665 280
1694743200029 2.3887959717099494 281
1694743200370 6.232617763586821 282
1694743200747 15.765564483462587 283
1694743201059 0.06388291430202343 284
1694743201341 0.32258186378623366 285
1694743201630 12.310282690941106 286
1694743201953 55.93810698311291 287
1694743202275 0.3809752587303449 288
1694743202622 3.8056785153166652 289
1694743202945 1.9463495867503802 290
1694743203267 2.861473510580962 291
1694743203510 1.1998706197762716 292
1694743203773 81.16344231765295 293
1694743204045 0.923467813638425 294
1694743204359 2.0084943253250547 295
1694743204723 6.022913571822857 296
1694743205048 0.10701485037341299 297
1694743205354 11.43315698308045 298
1694743205670 21.771415256300738 299
1694743205978 11.588486674148964 300
1694743206286 1.6141424552781218 301
1694743206618 2.143776840285239 302
1694743206978 0.05193270418042292 303
1694743207269 13.19266551261187 304
1694743207532 5.816142846770426 305
1694743207874 0.31318474843999083 306
1694743208205 8.185555733660074 307
1694743208488 21.87991713603058 308
1694743208837 11.705634811393454 309
1694743209232 1.4253120765343639 310
1694743209495 39.840119275210924 311
1694743209770 3.140725761291838 312
1694743210046 0.16746011537948857 313
1694743210375 22.502833113757433 314
1694743210733 0.3896424259259906 315
1694743211018 0.7268789826392797 316
1694743211403 3.4342074097859743 317
1694743211697 21.317749273960562 318
1694743211948 4.894273833928995 319
1694743212238 53.64814366499093 320
1694743212516 1.9469584669888491 321
1694743212790 7.110020932193255 322
1694743213103 8.970072348923967 323
1694743213379 75.59358443232966 324
1694743213712 4.423605554535184 325
1694743213942 6.430338959825859 326
1694743214167 11.7012932969787 327
1694743214397 0.2483696386225165 328
1694743214702 22.847710542243334 329
1694743214963 1.6322717587987936 330
1694743215262 7.636857042865003 331
1694743215471 6.097115311475981 332
1694743215827 23.1350731690122 333
1694743216150 0.28379882616543073 334
1694743216451 13.706497039582608 335
1694743216776 2.363658113755384 336
1694743217055 3.8555480451730357 337
1694743217316 1.538755630246487 338
1694743217568 0.07561387707031543 339
1694743217952 16.741143802177774 340
1694743218329 8.88952196654553 341
1694743218565 2.687274538929704 342
1694743218917 65.76116893753466 343
1694743219330 10.661899944714888 344
1694743219596 1.9396813393936148 345
1694743219835 12.700886035464722 346
1694743220124 35.68372957443243 347
1694743220427 0.0011440264893093903 348
1694743220824 46.33754245647678 349
1694743221133 48.044158692916284 350
1694743221410 16.202665013407508 351
1694743221656 7.200351002522411 352
1694743221910 7.4721269141631135 353
1694743222190 35.43913463771704 354
1694743222514 7.4598296375532405 355
1694743222753 6.141330969829064 356
1694743223014 5.283192081347396 357
1694743223332 0.9288407998966588 358
1694743223592 0.2974826572233678 359
1694743223890 3.380136903858645 360
1694743224179 7.706628004036841 361
1694743224512 0.26341377798636606 362
1694743224880 1.709878608992929 363
1694743225313 17.822353871446552 364
1694743225554 0.015608693539227326 365
1694743225844 11.581974535826408 366
1694743226166 0.4888802172417243 367
1694743226453 5.298238895042036 368
1694743226818 1.95475727090698 369
1694743227148 6.067746488227691 370
1694743227513 24.109750074438598 371
1694743227849 6.221934381703536 372
1694743228105 6.462123783513445 373
1694743228403 6.430066184058874 374
1694743228647 8.465654507338645 375
1694743229009 0.9882926094848604 376
1694743229339 3.3965720546716804 377
1694743229651 0.35622194791007955 378
1694743229984 1.651443560380655 379
1694743230279 1.8323268188347137 380
1694743230597 2.5364166912776067 381
1694743230862 2.028692557476661 382
1694743231203 6.065767318963482 383
1694743231540 0.20637265160223006 384
1694743231807 0.23755236237860786 385
1694743232182 0.15671497017806 386
1694743232467 15.294314460415913 387
1694743232693 1.843682713174071 388
1694743232978 4.567761812350954 389
1694743233313 3.064781009930889 390
1694743233645 4.354018320699693 391
1694743233872 2.562242312701951 392
1694743234141 8.13387195675927 393
1694743234470 30.45596761851817 394
1694743234712 23.789571226555793 395
1694743235058 2.241417438480808 396
1694743235409 57.52355820080123 397
1694743235739 0.9764887929261554 398
1694743236036 15.031486092640112 399
1694743236372 0.2406353731653811 400
1694743236670 2.1865106691835816 401
1694743236899 13.441192869529473 402
1694743237186 2.198636186745369 403
1694743237530 18.454001303392033 404
1694743237818 2.473949229175077 405
1694743238134 1.7078280134868271 406
1694743238396 0.5137272720199368 407
1694743238734 0.11175843743163598 408
1694743239185 10.450092482050493 409
1694743239504 20.760281561719218 410
1694743239807 0.7418191204112817 411
1694743240147 10.272952326827566 412
1694743240514 10.34125427714234 413
1694743240812 30.707138981181703 414
1694743241093 63.644592576633315 415
1694743241389 1.1446782799668986 416
1694743241688 12.092361845811382 417
1694743241977 30.48012268215397 418
1694743242325 10.078698429840951 419
1694743242673 16.709117722791817 420
1694743242963 25.19891772952909 421
1694743243279 1.217966222617605 422
1694743243570 15.29417887234457 423
1694743243796 18.032348370535296 424
1694743244120 8.359777437878847 425
1694743244468 61.48015049129275 426
1694743244781 23.668129976402806 427
1694743245066 0.01722764864048626 428
1694743245394 7.805119101556028 429
1694743245697 8.759611312713584 430
1694743245928 0.07455111349598469 431
1694743246241 0.011774607136070113 432
1694743246524 0.417034987868146 433
1694743246828 5.412368613710492 434
1694743247092 0.4120878769292228 435
1694743247350 55.49521771674881 436
1694743247635 12.344483137162172 437
1694743247908 0.31006366555134895 438
1694743248233 69.60805209551802 439
1694743248558 1.9814112845882863 440
1694743248878 0.16321714603903612 441
1694743249279 19.67980843834297 442
1694743249609 3.7965746001354646 443
1694743249875 6.388100566954692 444
1694743250205 22.244347587692616 445
1694743250544 0.7221759451081025 446
1694743250835 2.9005529560894905 447
1694743251060 0.40107268684018926 448
1694743251374 1.505056034447387 449
1694743251669 2.7628214185730946 450
1694743251922 17.07043785582435 451
1694743252248 2.7906819702807613 452
1694743252584 17.41509965096393 453
1694743252856 2.1539551266661414 454
1694743253113 8.809961763698425 455
1694743253446 0.07951360884756627 456
1694743253785 0.05013668773441406 457
1694743254016 34.78189481144305 458
1694743254256 17.39970098085272 459
1694743254501 5.304204765153767 460
1694743254799 1.0453048543108825 461
1694743255029 16.108730976562626 462
1694743255267 0.16784526381789125 463
1694743255505 3.7461294837895394 464
1694743255849 33.38470378763445 465
1694743256110 5.597828991673976 466
1694743256448 37.65773196974269 467
1694743256799 1.3056207399401394 468
1694743257038 3.644747854371016 469
1694743257293 1.0621438787712232 470
1694743257588 43.82067789307083 471
1694743257956 9.39300810879825 472
1694743258235 56.705529616771116 473
1694743258516 18.107249545855016 474
1694743258880 11.667302079969701 475
1694743259180 32.14392732554137 476
1694743259498 0.43772648720257545 477
1694743259814 7.576581283013696 478
1694743260135 11.09230718445877 479
1694743260443 0.17910414401343583 480
1694743260793 7.2966539554587095 481
1694743261093 5.21491706786765 482
1694743261472 3.851066518986326 483
1694743261787 0.060228949395789336 484
1694743262089 6.2316210996697565 485
1694743262438 13.44717128651405 486
1694743262709 4.002565723774808 487
1694743262990 13.697760676050107 488
1694743263289 0.01437770946736622 489
1694743263630 18.766351251610345 490
1694743263946 9.854193929618727 491
1694743264209 0.10042201656432254 492
1694743264554 2.6699156204538745 493
1694743264856 2.7288987592238514 494
1694743265113 2.4156079050983394 495
1694743265416 0.7884374915934502 496
1694743265708 0.5973916806666033 497
1694743266016 0.10982456430019555 498
1694743266337 0.0016187752670498467 499
