1694741633567 2.7817044678010334 0
1694741633735 2.1620590982485752 1
1694741633911 1.7023932173625107 2
1694741634118 2.0507164382171856 3
1694741634363 2.42916108185646 4
1694741634578 1.842446284659203 5
1694741634815 1.9440232600472018 6
1694741635101 3.514197229037622 7
1694741635336 2.371217280745517 8
1694741635556 1.9964459092599245 9
1694741635780 2.299154443264417 10
1694741636007 3.2785575355684733 11
1694741636235 2.8065691781854447 12
1694741636459 3.9114587222334656 13
1694741636638 1.7615898692904977 14
1694741636857 2.8481667676753584 15
1694741637075 2.3931866819630634 16
1694741637341 2.4072981004429543 17
1694741637585 1.9804764805873711 18
1694741637784 2.3896636053997256 19
1694741637984 1.8866350078414036 20
1694741638237 1.983959492269097 21
1694741638473 2.264680216620139 22
1694741638697 3.459782453300636 23
1694741638938 3.191707230963095 24
1694741639219 1.6320595379383873 25
1694741639513 2.0785515329047346 26
1694741639758 1.7113114028084746 27
1694741639937 2.418646438109634 28
1694741640220 2.3973815165745136 29
1694741640451 2.4257135665307095 30
1694741640607 2.3969372216178133 31
1694741640846 1.7551173490907528 32
1694741641050 3.6751724248650266 33
1694741641258 2.04128424152901 34
1694741641465 2.8663333562376327 35
1694741641722 1.9282690062394885 36
1694741641941 1.7712735869002516 37
1694741642181 2.7159409826618974 38
1694741642433 2.7532575018844687 39
1694741642775 1.3555632767478216 40
1694741643043 1.390000400500101 41
1694741643273 1.9756759609364123 42
1694741643509 2.625145559186945 43
1694741643667 2.3208115872931843 44
1694741643878 2.7170388484091315 45
1694741644111 1.98849561143808 46
1694741644331 2.0370795644442663 47
1694741644538 2.3058447070457526 48
1694741644713 2.6187437901875206 49
1694741644934 2.0446696657487538 50
1694741645133 2.5149423943843376 51
1694741645324 2.834121015108087 52
1694741645550 1.8567858967765485 53
1694741645707 2.720337611818744 54
1694741645907 1.7284408811388725 55
1694741646210 1.2609077798677824 56
1694741646408 2.2625969831351376 57
1694741646600 1.6774987051148171 58
1694741646823 1.9984941647397763 59
1694741647021 2.1324984084329026 60
1694741647262 2.152906520571387 61
1694741647495 1.7697472999812058 62
1694741647744 2.178951321604083 63
1694741648009 1.8835938262145062 64
1694741648283 1.9717691882683854 65
1694741648581 2.397878610181934 66
1694741648767 2.6156648917676892 67
1694741648997 1.6447397487178879 68
1694741649293 2.108200518287743 69
1694741649564 1.7679957114961287 70
1694741649732 2.5430818675770364 71
1694741649973 1.542328606084365 72
1694741650214 2.3451810015450905 73
1694741650465 2.180990715333964 74
1694741650746 1.082643572695533 75
1694741650978 1.6566586086304091 76
1694741651199 2.4811456130178406 77
1694741651436 2.224523969126869 78
1694741651654 1.389886300162955 79
1694741651893 2.3183819990192314 80
1694741652121 3.0269012602955816 81
1694741652352 1.289094050561068 82
1694741652598 2.0498174941458562 83
1694741652839 2.7277775519010574 84
1694741653010 2.50185338406343 85
1694741653190 2.43738432269441 86
1694741653380 1.6442159567990835 87
1694741653594 1.8373125734394993 88
1694741653827 1.844489206584327 89
1694741654058 2.032704629852752 90
1694741654300 1.6541958111596908 91
1694741654535 1.8667893254695325 92
1694741654726 2.690122207625291 93
1694741654947 2.944106019464887 94
1694741655192 2.344562188979645 95
1694741655396 1.8088536596544142 96
1694741655602 2.714884347120479 97
1694741655798 2.0200881045271353 98
1694741656025 2.5774416319580067 99
1694741656256 2.4925478278246698 100
1694741656499 1.518239372849575 101
1694741656680 2.062443703031885 102
1694741656831 1.9046565478613504 103
1694741657056 1.9318129747984456 104
1694741657352 2.597800184350947 105
1694741657629 1.6137485239071194 106
1694741657895 1.5952142354179986 107
1694741658157 3.519256661537112 108
1694741658431 2.6040643105991728 109
1694741658671 2.684269995420732 110
1694741658960 2.597939894900091 111
1694741659253 3.2667546377085315 112
1694741659547 2.0519414410019445 113
1694741659707 1.821854474797747 114
1694741659848 1.5167698798158549 115
1694741660043 1.5266335765571712 116
1694741660209 2.1946623224554007 117
1694741660420 3.3294326975023236 118
1694741660612 2.3194753367818706 119
1694741660820 3.059977924314701 120
1694741661009 2.4012653110066795 121
1694741661181 2.7690930438242063 122
1694741661346 2.117686392240699 123
1694741661572 2.5037152581713245 124
1694741661776 1.0082437816269072 125
1694741662017 2.4694308438008488 126
1694741662272 2.437209359841204 127
1694741662552 1.588972114408181 128
1694741662749 1.754288795667866 129
1694741662972 2.629949861095899 130
1694741663213 1.3256806119773168 131
1694741663388 2.360302631318119 132
1694741663645 1.741345197486901 133
1694741663873 2.290891492647448 134
1694741664077 2.4460537644474867 135
1694741664311 1.6312643531026947 136
1694741664551 1.6978579788791683 137
1694741664740 2.240466211152225 138
1694741664931 2.4057745225057117 139
1694741665143 1.8417251186955512 140
1694741665398 1.2631623343938987 141
1694741665633 1.9234318569897642 142
1694741665860 2.1754301276156505 143
1694741666123 3.018701301490762 144
1694741666388 1.4658266432887457 145
1694741666629 1.8470733658882141 146
1694741666837 2.0110438624056575 147
1694741667072 3.0274989417756992 148
1694741667323 1.7076550569068718 149
1694741667590 2.1199263477273607 150
1694741667820 3.0058194932192333 151
1694741668052 3.667574436035953 152
1694741668307 2.386947662324343 153
1694741668596 1.6701877453848653 154
1694741668807 3.3083114124012787 155
1694741668980 2.824523594866771 156
1694741669239 2.3310734868667886 157
1694741669519 2.6870238146220964 158
1694741669756 2.392756554626045 159
1694741669963 1.9207479851294589 160
1694741670215 2.09873998035969 161
1694741670447 2.035988723914499 162
1694741670727 2.4477284591586046 163
1694741670965 1.3755698653705397 164
1694741671196 2.032924384045734 165
1694741671408 2.645445076445888 166
1694741671581 2.5140984661086607 167
1694741671781 2.280152987008947 168
1694741671993 2.5538435494339002 169
1694741672251 2.7960645418777217 170
1694741672477 1.7217354942480818 171
1694741672723 1.378730265952823 172
1694741672955 2.694080145915987 173
1694741673142 1.7533940978204354 174
1694741673376 2.629307207807937 175
1694741673603 2.5126285979845266 176
1694741673782 1.9843326161483332 177
1694741673942 2.0550436221542987 178
1694741674147 2.1918787114750105 179
1694741674390 2.2496303918507934 180
1694741674612 3.0175803882479095 181
1694741674822 2.79956440881787 182
1694741675104 1.809768675988686 183
1694741675340 1.612999165140602 184
1694741675669 2.1978247954381747 185
1694741675927 3.201891273013172 186
1694741676155 2.45111709256913 187
1694741676399 1.8466485464703226 188
1694741676642 2.852561845736544 189
1694741676866 3.3438986416106506 190
1694741677106 2.2697365660422313 191
1694741677386 1.6975526442862945 192
1694741677691 1.5051637259237975 193
1694741677933 2.4685338679634596 194
1694741678184 1.5854027919047111 195
1694741678414 2.1399399874951137 196
1694741678692 1.9593379980340044 197
1694741678941 2.2385304194011595 198
1694741679178 2.463816720334343 199
1694741679495 3.5715360217590004 200
1694741679743 1.7462822684560348 201
1694741679994 1.9112047750523609 202
1694741680265 2.372345878531261 203
1694741680516 2.101502794267463 204
1694741680764 2.204218230327763 205
1694741680986 2.0427202886446048 206
1694741681200 2.872250733094361 207
1694741681425 2.1692678347379726 208
1694741681700 2.4314588185196717 209
1694741681937 1.6633167379622642 210
1694741682146 2.294670750802385 211
1694741682346 2.9147848943271013 212
1694741682586 3.400407770643541 213
1694741682833 2.4269946912496456 214
1694741683066 2.8797909169472145 215
1694741683304 2.762917397716452 216
1694741683540 1.4547970523778748 217
1694741683775 1.4085467078659086 218
1694741684049 2.2691730065356466 219
1694741684270 2.257573750184174 220
1694741684510 2.098944636277049 221
1694741684749 2.4374318507616755 222
1694741684941 3.390358236376263 223
1694741685159 2.102166913140577 224
1694741685374 1.5427248627613719 225
1694741685608 1.5078402210600315 226
1694741685840 2.8512597364967647 227
1694741686048 1.7686765941629496 228
1694741686341 1.5265012694143543 229
1694741686573 2.335417534766719 230
1694741686810 2.3056488324455704 231
1694741687037 2.5205878650499955 232
1694741687272 1.9490324655261804 233
1694741687492 1.2271690023271253 234
1694741687781 1.623747409252266 235
1694741687978 2.1593841660278907 236
1694741688195 2.4934913604217464 237
1694741688496 1.5492215308811972 238
1694741688741 2.8734227490342708 239
1694741688958 1.94186881224213 240
1694741689186 2.082175368123716 241
1694741689431 3.2042783096195704 242
1694741689672 1.3096675962988342 243
1694741689893 2.1196786727631505 244
1694741690048 1.5041369390829642 245
1694741690253 2.366181319277228 246
1694741690566 1.3981004723009411 247
1694741690827 2.389351657242099 248
1694741690987 2.7108786043613016 249
1694741691171 2.630785543771335 250
1694741691384 2.5504383943470463 251
1694741691618 2.4313542071881638 252
1694741691856 2.065407456201726 253
1694741692037 1.459789953514744 254
1694741692266 2.731319061934958 255
1694741692507 1.3835531674508827 256
1694741692819 2.0924896499361862 257
1694741693027 2.0809220635925647 258
1694741693225 2.4857997503029416 259
1694741693456 2.791337753582572 260
1694741693713 1.0388684649811497 261
1694741693959 1.9872873960419941 262
1694741694101 1.4381956616740847 263
1694741694301 2.5190887114592257 264
1694741694518 1.8840599777649119 265
1694741694724 2.1238184094472348 266
1694741694966 2.2829546199115764 267
1694741695163 1.314579843145759 268
1694741695378 2.269858649181124 269
1694741695613 2.0237791571849657 270
1694741695868 2.0528722332002522 271
1694741696065 2.2683651292931755 272
1694741696307 1.9420626993944314 273
1694741696551 2.3519551093883293 274
1694741696789 2.3336521979804585 275
1694741697011 2.4552168104848517 276
1694741697164 1.62879653686776 277
1694741697453 2.0924196945138727 278
1694741697758 1.4362051769960498 279
1694741697999 4.058554144255857 280
1694741698210 2.02963846903751 281
1694741698413 1.5796259560650434 282
1694741698643 1.8751239592704168 283
1694741698895 2.876011349068474 284
1694741699103 2.5796437726756967 285
1694741699406 2.371765073142498 286
1694741699681 2.03219798536803 287
1694741699937 1.3333116320449534 288
1694741700168 2.037590964335057 289
1694741700366 2.4717327744098 290
1694741700570 2.5560076208277507 291
1694741700769 2.0050357471925397 292
1694741700998 2.5022503888102254 293
1694741701179 1.850745358058924 294
1694741701334 2.239663384669 295
1694741701485 2.0509123668216995 296
1694741701739 2.9537190449791586 297
1694741701991 2.0922918557323045 298
1694741702171 2.724452431735402 299
1694741702411 2.650037178160489 300
1694741702655 1.85139959538857 301
1694741702874 2.2273681937518126 302
1694741703061 1.8823185733973908 303
1694741703278 1.7845588836630404 304
1694741703506 2.0271116861654335 305
1694741703737 2.486543961736049 306
1694741704006 1.9303042720830632 307
1694741704203 1.5754879362457492 308
1694741704446 2.5524167828245288 309
1694741704654 1.9678772546053753 310
1694741704866 3.5787504357848636 311
1694741705069 2.0812198435804103 312
1694741705272 2.539997850831725 313
1694741705499 2.2915200600284096 314
1694741705737 1.6670642141064778 315
1694741705969 2.0832243542436517 316
1694741706182 2.1936952909256107 317
1694741706388 2.6496742699530933 318
1694741706636 2.1543223997596885 319
1694741706852 1.2647574546259825 320
1694741707051 1.9224464724861559 321
1694741707231 2.4655690272181316 322
1694741707442 2.76140147751348 323
1694741707751 1.298936013706818 324
1694741707989 1.821294058033476 325
1694741708176 1.979541192826853 326
1694741708455 1.8808760756617346 327
1694741708703 2.1926751067105874 328
1694741708961 1.5947883024292175 329
1694741709133 2.0373172333980083 330
1694741709398 2.5293090024721696 331
1694741709645 1.6484084980608427 332
1694741709885 2.534401702322463 333
1694741710088 2.0239873795773273 334
1694741710284 2.3496969470191393 335
1694741710509 1.9486141139106667 336
1694741710765 2.368863672633627 337
1694741711005 1.2721482560643842 338
1694741711237 2.2349982714873207 339
1694741711448 3.444197219931302 340
1694741711686 1.8127312392670127 341
1694741711943 2.490368127772025 342
1694741712178 1.738399278452018 343
1694741712397 2.633712000146269 344
1694741712594 1.909135377200066 345
1694741712888 1.516954552824272 346
1694741713123 2.3776477048435765 347
1694741713314 2.265138054074769 348
1694741713529 2.972042553353422 349
1694741713757 1.992977305272436 350
1694741714007 2.4593890961080342 351
1694741714227 2.128572418776115 352
1694741714473 2.1416248282136237 353
1694741714700 1.2352442344385244 354
1694741714949 4.026964388362134 355
1694741715239 1.8427063991148616 356
1694741715447 1.5705685748484666 357
1694741715668 1.8411771884400745 358
1694741715912 3.079750479856173 359
1694741716143 1.9650635130690866 360
1694741716343 1.6317145971108262 361
1694741716564 2.012071271253897 362
1694741716808 2.2272064648050858 363
1694741717042 1.8283408340325724 364
1694741717297 3.8061815243355794 365
1694741717510 3.0511960897203134 366
1694741717777 1.8704894946306259 367
1694741717999 2.220883109748221 368
1694741718219 1.8684058484882409 369
1694741718518 1.5258794021280155 370
1694741718759 2.3025843097758742 371
1694741719024 1.753939984071454 372
1694741719371 3.1896960424864265 373
1694741719666 2.1181987663769353 374
1694741719904 2.311694048739145 375
1694741720103 1.8714925118211068 376
1694741720245 1.340929184910961 377
1694741720451 2.763304616473609 378
1694741720688 1.7434100791641591 379
1694741720889 2.1549115682287385 380
1694741721124 2.2834427683008367 381
1694741721291 1.9254550033320166 382
1694741721495 2.3235519641314104 383
1694741721779 1.7920003331775203 384
1694741722024 1.3466535120302001 385
1694741722244 2.645282581489321 386
1694741722481 1.6267297974753796 387
1694741722745 1.8532448342333878 388
1694741722984 2.408157354791286 389
1694741723218 1.7671293341389536 390
1694741723436 1.8050334463160826 391
1694741723649 2.0616801720805804 392
1694741723903 2.488754910325678 393
1694741724169 1.7171095520688957 394
1694741724362 2.131204098718664 395
1694741724538 1.5550375115956727 396
1694741724760 1.9557852826147286 397
1694741725014 1.3354418404792698 398
1694741725242 1.0487265002464847 399
1694741725464 1.8800218071013828 400
1694741725646 1.2194562659723436 401
1694741725902 2.009035941598507 402
1694741726170 1.482953655615616 403
1694741726340 2.358907190620309 404
1694741726513 2.37961044050643 405
1694741726743 1.5621147401285604 406
1694741726995 1.6405785639658583 407
1694741727213 2.882095012272892 408
1694741727370 2.0439254462082865 409
1694741727637 2.263424101151286 410
1694741727896 1.937577551264807 411
1694741728143 1.200273987425153 412
1694741728414 1.3119813271551937 413
1694741728670 2.124628389997201 414
1694741729075 2.2591776527749 415
1694741729306 3.173811552510345 416
1694741729564 2.727851876092857 417
1694741729784 1.8151528143509408 418
1694741730000 1.4962943120088918 419
1694741730275 2.6092509069156757 420
1694741730509 1.379902938714516 421
1694741730792 1.941254677354725 422
1694741731027 2.814944006570462 423
1694741731274 2.7592686820389365 424
1694741731505 2.197119141370435 425
1694741731749 1.2290330278499906 426
1694741731972 1.8532539377361628 427
1694741732211 2.1064653179718387 428
1694741732426 2.513343391964989 429
1694741732680 2.189857233569301 430
1694741732951 1.9744375520934123 431
1694741733161 2.173116734599747 432
1694741733365 1.7567586516376597 433
1694741733613 1.938850419937822 434
1694741733853 2.880261063346201 435
1694741734006 1.9184097727945573 436
1694741734226 2.3286344334636095 437
1694741734416 1.238105765380885 438
1694741734661 2.890702194553224 439
1694741734903 1.9066828771384055 440
1694741735189 2.5053513720138945 441
1694741735376 2.0486645922348474 442
1694741735569 2.333527530326685 443
1694741735783 2.0444196124648806 444
1694741735976 2.101072493337982 445
1694741736182 1.7372518609549958 446
1694741736349 2.5507507907556324 447
1694741736506 2.0488415572685277 448
1694741736772 2.834885790184401 449
1694741736982 2.67254274034115 450
1694741737276 2.2177562314730714 451
1694741737494 2.8342758883656685 452
1694741737774 2.3600421446968154 453
1694741738004 2.6835523296331814 454
1694741738264 2.465728713516452 455
1694741738479 1.510381667470075 456
1694741738672 3.749471617753634 457
1694741738928 2.0996330703721604 458
1694741739243 2.26027548170857 459
1694741739516 1.841089689880123 460
1694741739777 1.8753578872584589 461
1694741740028 1.4371214218200798 462
1694741740269 2.197870221740469 463
1694741740634 1.411690266123758 464
1694741740873 1.6988302748921837 465
1694741741110 3.5855167037621754 466
1694741741355 2.1400303228769633 467
1694741741532 2.3925772141567156 468
1694741741804 1.66899577481988 469
1694741742020 2.2429232294830137 470
1694741742229 2.4886664157264473 471
1694741742458 1.7629001154603428 472
1694741742703 2.007138364264443 473
1694741742926 2.078550689402247 474
1694741743138 2.220811964906326 475
1694741743385 2.186521040972589 476
1694741743660 1.9268782887913072 477
1694741743872 2.7671388616298485 478
1694741744144 1.2783166305587383 479
1694741744372 1.59895660685938 480
1694741744590 2.4512234796314236 481
1694741744835 1.9730833476142637 482
1694741745078 1.6690445457952705 483
1694741745316 2.300428119240235 484
1694741745511 1.5200414539185185 485
1694741745740 2.1328285332527948 486
1694741745976 2.497752553354625 487
1694741746235 2.207695495685401 488
1694741746411 1.5301636857860939 489
1694741746543 2.3093999347345116 490
1694741746756 1.2869812578981803 491
1694741746976 1.9744882915423685 492
1694741747225 2.1388182099698945 493
1694741747438 2.3287907370832026 494
1694741747681 2.318157552031353 495
1694741747961 2.7565572963359104 496
1694741748205 1.6386591386948077 497
1694741748469 1.7858807178784681 498
1694741748704 2.072095489849476 499
