1694741750643 2.5233345084204997 0
1694741750808 3.0934281582640244 1
1694741751017 1.7931657643043661 2
1694741751262 1.8628672243113424 3
1694741751456 2.3928439846603484 4
1694741751628 2.5861597377837837 5
1694741751863 2.946894178709402 6
1694741752109 1.9614260626904343 7
1694741752344 1.5673186252017492 8
1694741752532 1.8344123529128173 9
1694741752767 2.591500136432791 10
1694741753024 1.9166125108361294 11
1694741753288 1.914259150449769 12
1694741753485 2.7642344505049743 13
1694741753631 2.090196932912498 14
1694741753809 1.9720396439766223 15
1694741754035 2.540901918859997 16
1694741754300 1.6925237938958473 17
1694741754516 1.5978063791211106 18
1694741754731 2.5811315877261807 19
1694741755002 2.8847118274673953 20
1694741755273 2.186492872740213 21
1694741755494 2.318535889838947 22
1694741755656 1.6170753890505147 23
1694741755879 1.9447841216002426 24
1694741756098 2.2023682139344825 25
1694741756314 2.588594031708206 26
1694741756542 1.4488715046964247 27
1694741756686 2.33779891061977 28
1694741756978 2.612303513663348 29
1694741757218 4.114230820590632 30
1694741757473 2.143642316174764 31
1694741757715 2.783729106627774 32
1694741757988 3.1481106454697745 33
1694741758220 2.7767857548051564 34
1694741758455 1.3156207162925704 35
1694741758629 1.6773937720278063 36
1694741758811 2.006109359662642 37
1694741759043 2.911663385221044 38
1694741759354 2.060151492025779 39
1694741759702 2.5673486503411476 40
1694741759930 3.6445834491630964 41
1694741760180 2.514141749318752 42
1694741760443 2.147663050636466 43
1694741760641 2.7553713813442116 44
1694741760854 2.779109298028782 45
1694741761018 2.421242170076945 46
1694741761219 4.0814696331857 47
1694741761477 2.24793191640192 48
1694741761714 3.201980110647742 49
1694741761952 2.2144627371772776 50
1694741762190 1.5863184338962584 51
1694741762421 2.7146515597466716 52
1694741762625 2.5192175903505167 53
1694741762797 1.6947955445801672 54
1694741763023 2.063321618373949 55
1694741763230 1.9507306081347335 56
1694741763429 1.920213063193452 57
1694741763623 2.2474740983238437 58
1694741763761 2.283683036831047 59
1694741763974 1.3746142765578697 60
1694741764234 2.4021304671570576 61
1694741764472 2.01169176351508 62
1694741764671 3.488244224829986 63
1694741764849 2.783016925928602 64
1694741765058 2.2768986326011853 65
1694741765271 2.019166620532471 66
1694741765473 1.9984640272920107 67
1694741765650 1.223703269262133 68
1694741765811 2.6495144573571534 69
1694741765993 2.7126832763546473 70
1694741766265 3.534384383721682 71
1694741766504 1.5881969278851837 72
1694741766696 2.712035598478008 73
1694741766844 2.1218937741987327 74
1694741767055 1.1943501061517126 75
1694741767277 1.9559740508990728 76
1694741767503 1.5854360375616825 77
1694741767743 3.0190833410571947 78
1694741767971 1.6534089086551254 79
1694741768267 1.8596905915003277 80
1694741768555 3.307293073846899 81
1694741768743 1.9967485275233314 82
1694741768976 2.032505934032752 83
1694741769204 1.8636928307766027 84
1694741769497 2.294965289494537 85
1694741769686 1.8056477693374569 86
1694741769836 1.7813558754100964 87
1694741770037 2.9402537596833174 88
1694741770276 2.2893815159127775 89
1694741770489 2.2072360659885395 90
1694741770717 3.0150481400500113 91
1694741770859 3.1587029111624174 92
1694741771029 3.695293872182924 93
1694741771228 2.6720175638186507 94
1694741771437 3.0171992773956067 95
1694741771592 1.7529221084674163 96
1694741771757 1.804698934276802 97
1694741771966 2.112154528719383 98
1694741772196 1.41670669215232 99
1694741772468 1.7173980143425183 100
1694741772698 2.152087444217054 101
