1694740740703 170.5752399999048 0
1694740741013 166.5877922909614 1
1694740741335 162.70035297512604 2
1694740741635 158.904971878901 3
1694740741962 155.1994686215036 4
1694740742293 151.5817144682208 5
1694740742676 148.0496311070338 6
1694740743043 144.60118945422144 7
1694740743366 141.23440848825715 8
1694740743644 137.94735411132842 9
1694740743926 134.73813803782488 10
1694740744331 131.60491670915619 11
1694740744669 128.54589023427556 12
1694740745069 125.55930135530052 13
1694740745416 122.64343443763615 14
1694740745713 119.79691383641526 15
1694740746072 117.01779434519696 16
1694740746409 114.30447966781645 17
1694740746668 111.6554113181067 18
1694740747057 109.06906772427959 19
1694740747448 106.54396335452203 20
1694740747748 104.07864786330524 21
1694740748072 101.67170525791603 22
1694740748414 99.32175308473153 23
1694740748751 97.02744163476918 24
1694740749099 94.78745316805578 25
1694740749452 92.60050115636956 26
1694740749938 90.46532954392026 27
1694740750284 88.38071202554202 28
1694740750588 86.3454513419845 29
1694740750899 84.35837859189706 30
1694740751275 82.41835256011063 31
1694740751613 80.52425906183109 32
1694740751993 78.67501030236744 33
1694740752317 76.8695442520266 34
1694740752652 75.10682403581559 35
1694740752944 73.38583733760048 36
1694740753284 71.70559581837936 37
1694740753604 70.06513454833546 38
1694740753942 68.46351145234333 39
1694740754355 66.8998067686101 40
1694740754622 65.3731225201402 41
1694740754984 63.882581998719886 42
1694740755412 62.4273292611252 43
1694740755729 61.006631412931476 44
1694740756060 59.619566314149786 45
1694740756424 58.26533750819038 46
1694740756761 56.943167402377206 47
1694740757186 55.65229682112383 48
1694740757520 54.391984569693356 49
1694740757842 53.161507008292 50
1694740758182 51.96015763625135 51
1694740758533 50.78724668606035 52
1694740758890 49.642100727013734 53
1694740759277 48.524062278249104 54
1694740759580 47.43248943095017 55
1694740759847 46.366755479499176 56
1694740760164 45.32624856136635 57
1694740760480 44.310371305529536 58
1694740760809 43.31854048922193 59
1694740761219 42.35018670281059 60
1694740761529 41.40475402261314 61
1694740761807 40.48169969146466 62
1694740762165 39.580493806851145 63
1694740762497 38.70061901643027 64
1694740762805 37.84157022076453 65
1694740763141 37.00285428309589 66
1694740763549 36.18398974599514 67
1694740763866 35.38450655472296 68
1694740764166 34.603945787144106 69
1694740764504 33.84185939003893 70
1694740764818 33.097809921661316 71
1694740765130 32.371370300394446 72
1694740765436 31.66212355936039 73
1694740765797 30.96966260684236 74
1694740766130 30.293589992381854 75
1694740766470 29.6335176784164 76
1694740766793 28.989066817326492 77
1694740767141 28.35986753376375 78
1694740767498 27.745558712135132 79
1694740767844 27.145787789120998 80
1694740768248 26.56021055110792 81
1694740768604 25.988490936419684 82
1694740768976 25.430300842232896 83
1694740769321 24.885319936066267 84
1694740769648 24.353235471735097 85
1694740769972 23.833742109665323 86
1694740770378 23.3265417414638 87
1694740770728 22.831343318644006 88
1694740771061 22.347862685408714 89
1694740771411 21.875822415393593 90
1694740771745 21.414951652277818 91
1694740771998 20.96498595417018 92
1694740772317 20.52566714168122 93
1694740772689 20.096743149594047 94
1694740772975 19.677967882048662 95
1694740773365 19.269101071156502 96
1694740773709 18.869908138963957 97
1694740774010 18.480160062685574 98
1694740774366 18.09963324312946 99
1694740774827 17.728109376239257 100
1694740775205 17.365375327678873 101
1694740775590 17.011223010387944 102
1694740775884 16.665449265037587 103
1694740776151 16.327855743317784 104
1694740776442 15.998248793989243 105
1694740776775 15.67643935163444 106
1694740777109 15.362242828043678 107
1694740777443 15.055479006173888 108
1694740777731 14.755971936619181 109
1694740778020 14.463549836533703 110
1694740778346 14.178044990948612 111
1694740778664 13.899293656426517 112
1694740779015 13.627135966998077 113
1694740779331 13.361415842326558 114
1694740779727 13.101980898047708 115
1694740780008 12.848682358233331 116
1694740780308 12.601374969928294 117
1694740780628 12.359916919711873 118
1694740780925 12.12416975223541 119
1694740781235 11.893998290689577 120
1694740781549 11.669270559155425 121
1694740781883 11.449857706794685 122
1694740782197 11.235633933835716 123
1694740782467 11.026476419312562 124
1694740782755 10.822265250515587 125
1694740783060 10.622883354113165 126
1694740783413 10.428216428904866 127
1694740783746 10.2381528801674 128
1694740784111 10.052583755555704 129
1694740784451 9.871402682522229 130
1694740784790 9.694505807218588 131
1694740785052 9.521791734844289 132
1694740785306 9.353161471408454 133
1694740785590 9.18851836687092 134
1694740785936 9.027768059630091 135
1694740786202 8.870818422325684 136
1694740786610 8.717579508925128 137
1694740786956 8.567963503063325 138
1694740787315 8.421884667605973 139
1694740787699 8.279259295407545 140
1694740788039 8.140005661235604 141
1694740788353 8.004043974833808 142
1694740788746 7.871296335096667 143
1694740789047 7.741686685329673 144
1694740789291 7.615140769569147 145
1694740789560 7.491586089936651 146
1694740789899 7.370951865003494 147
1694740790140 7.253168989141398 148
1694740790397 7.138169992835948 149
1694740790664 7.025889003940043 150
1694740790995 6.916261709845068 151
1694740791302 6.8092253205480535 152
1694740791618 6.704718532593596 153
1694740791987 6.602681493869824 154
1694740792300 6.503055769238193 155
1694740792694 6.405784306977316 156
1694740793004 6.31081140602159 157
1694740793397 6.218082683975786 158
1694740793744 6.127545045887184 159
1694740794043 6.03914665375738 160
1694740794353 5.952836896776184 161
1694740794720 5.868566362260483 162
1694740795025 5.786286807281514 163
1694740795353 5.705951130964018 164
1694740795775 5.627513347441567 165
1694740796086 5.5509285594524185 166
1694740796441 5.476152932560712 167
1694740796759 5.403143669988248 168
1694740797123 5.331858988042374 169
1694740797475 5.26225809212583 170
1694740797890 5.1943011533148 171
1694740798260 5.127949285491685 172
1694740798601 5.063164523019494 173
1694740798965 4.999909798944969 174
1694740799229 4.9381489237179865 175
1694740799541 4.877846564414943 176
1694740799831 4.818968224454235 177
1694740800174 4.761480223792146 178
1694740800450 4.705349679587803 179
1694740800761 4.650544487326024 180
1694740801060 4.597033302387266 181
1694740801324 4.544785522054087 182
1694740801618 4.493771267943733 183
1694740801976 4.443961368856802 184
1694740802253 4.39532734403212 185
1694740802618 4.347841386798192 186
1694740802982 4.301476348611836 187
1694740803303 4.256205723474869 188
1694740803578 4.212003632719824 189
1694740803864 4.168844810156025 190
1694740804159 4.12670458756741 191
1694740804488 4.08555888055387 192
1694740804883 4.045384174707844 193
1694740805207 4.006157512118356 194
1694740805662 3.96785647819463 195
1694740806018 3.930459188801801 196
1694740806332 3.8939442777012463 197
1694740806644 3.8582908842884125 198
1694740807084 3.823478641621012 199
1694740807399 3.7894876647307423 200
1694740807761 3.756298539211835 201
1694740808160 3.7238923100798487 202
1694740808512 3.692250470894314 203
1694740808875 3.6613549531389644 204
1694740809169 3.631188115853487 205
1694740809501 3.6017327355108257 206
1694740809783 3.572971996134179 207
1694740810058 3.544889479648074 208
1694740810307 3.5174691564579343 209
1694740810594 3.4906953762527495 210
1694740810880 3.4645528590255537 211
1694740811201 3.4390266863065464 212
1694740811501 3.4141022926038405 213
1694740811882 3.3897654570468916 214
1694740812193 3.3660022952278403 215
1694740812460 3.34279925123605 216
1694740812759 3.3201430898812876 217
1694740813078 3.298020889101059 218
1694740813376 3.276420032547761 219
1694740813704 3.255328202351359 220
1694740814112 3.2347333720534635 221
1694740814392 3.214623799708744 222
1694740814710 3.1949880211496864 223
1694740815037 3.1758148434108446 224
1694740815334 3.1570933383088415 225
1694740815677 3.138812836174361 226
1694740816039 3.120962919732587 227
1694740816414 3.103533418128562 228
1694740816767 3.086514401094008 229
1694740817173 3.0698961732522987 230
1694740817495 3.0536692685582643 231
1694740817827 3.037824444869686 232
1694740818178 3.022352678647327 233
1694740818606 3.0072451597804633 234
1694740819168 2.992493286534935 235
1694740819536 2.978088660620854 236
1694740819937 2.9640230823770675 237
1694740820276 2.95028854606968 238
1694740820626 2.9368772353018877 239
1694740821081 2.9237815185325013 240
1694740821431 2.9109939447006026 241
1694740821910 2.898507238953775 242
1694740822297 2.8863142984775148 243
1694740822744 2.8744081884233785 244
1694740823149 2.862782137933541 245
1694740823576 2.8514295362595004 246
1694740823878 2.840343928972677 247
1694740824242 2.829519014264737 248
1694740824541 2.8189486393355168 249
1694740824832 2.808626796866472 250
1694740825191 2.7985476215776375 251
1694740825596 2.788705386866096 252
1694740825869 2.779094501524042 253
1694740826220 2.7697095065345674 254
1694740826526 2.7605450719432945 255
1694740826980 2.751595993804084 256
1694740827355 2.7428571911970696 257
1694740827636 2.734323703317283 258
1694740828036 2.7259906866322194 259
1694740828410 2.7178534121066944 260
1694740828750 2.709907262493409 261
1694740829141 2.702147729687668 262
1694740829464 2.694570412144719 263
1694740829890 2.6871710123582453 264
1694740830270 2.6799453343985515 265
1694740830546 2.6728892815090424 266
1694740830794 2.6659988537595947 267
1694740831115 2.6592701457554972 268
1694740831376 2.6526993444006166 269
1694740831677 2.6462827267135394 270
1694740831992 2.640016657695401 271
1694740832381 2.6338975882481965 272
1694740832681 2.627922053142382 273
1694740832990 2.6220866690325746 274
1694740833285 2.6163881325202505 275
1694740833661 2.6108232182622846 276
1694740833992 2.6053887771242845 277
1694740834312 2.6000817343776332 278
1694740834679 2.5948990879392153 279
1694740835040 2.5898379066528117 280
1694740835301 2.5848953286111893 281
1694740835554 2.580068559517896 282
1694740835899 2.575354871087845 283
1694740836225 2.570751599485767 284
1694740836536 2.566256143801609 285
1694740836975 2.561865964562043 286
1694740837359 2.5575785822772024 287
1694740837655 2.553391576021812 288
1694740837995 2.5493025820499153 289
1694740838333 2.5453092924423872 290
1694740838649 2.541409453786465 291
1694740838999 2.5376008658865303 292
1694740839407 2.5338813805054152 293
1694740839674 2.5302489001354895 294
1694740839941 2.526701376798855 295
1694740840330 2.5232368108759147 296
1694740840640 2.5198532499616966 297
1694740840967 2.5165487877492265 298
1694740841308 2.513321562939334 299
1694740841666 2.5101697581762754 300
1694740842038 2.5070915990085316 301
1694740842384 2.5040853528742137 302
1694740842726 2.501149328110477 303
1694740842990 2.498281872986382 304
1694740843280 2.495481374758644 305
1694740843672 2.4927462587497367 306
1694740844148 2.4900749874477968 307
1694740844489 2.4874660596278604 308
1694740844892 2.4849180094938683 309
1694740845301 2.4824294058409926 310
1694740845658 2.4799988512377817 311
1694740845997 2.4776249812276645 312
1694740846395 2.475306463549352 313
1694740846719 2.473041997375678 314
1694740847202 2.470830312570468 315
1694740847502 2.468670168962984 316
1694740847779 2.4665603556395435 317
1694740848110 2.4644996902518943 318
1694740848354 2.4624870183419683 319
1694740848733 2.4605212126826026 320
1694740849130 2.458601172633869 321
1694740849474 2.4567258235146294 322
1694740849752 2.4548941159889623 323
1694740850047 2.4531050254671136 324
1694740850421 2.4513575515206174 325
1694740850846 2.4496507173112527 326
1694740851246 2.447983569033519 327
1694740851576 2.4463551753702997 328
1694740851860 2.444764626961402 329
1694740852215 2.4432110358846826 330
1694740852475 2.441693535149432 331
1694740852813 2.440211278201765 332
1694740853176 2.438763438441694 333
1694740853526 2.4373492087516437 334
1694740853823 2.4359678010361123 335
1694740854209 2.434618445772227 336
1694740854551 2.4333003915709273 337
1694740854957 2.4320129047485333 338
1694740855402 2.430755268908455 339
1694740855794 2.429526784532783 340
1694740856174 2.4283267685835557 341
1694740856535 2.4271545541134465 342
1694740856952 2.4260094898856708 343
1694740857425 2.424890940002875 344
1694740857779 2.423798283544815 345
1694740858205 2.422730914214589 346
1694740858525 2.421688239993257 347
1694740858926 2.420669682802614 348
1694740859282 2.4196746781759533 349
1694740859603 2.4187026749366027 350
1694740859904 2.417753134884078 351
1694740860290 2.416825532487646 352
1694740860641 2.415919354587151 353
1694740860974 2.415034100100901 354
1694740861369 2.414169279740473 355
1694740861671 2.4133244157322595 356
1694740862061 2.412499041545601 357
1694740862379 2.4116927016273486 358
1694740862780 2.4109049511426988 359
1694740863258 2.4101353557221676 360
1694740863621 2.4093834912145358 361
1694740863949 2.4086489434456473 362
1694740864388 2.4079313079829006 363
1694740864779 2.4072301899053183 364
1694740865299 2.4065452035790518 365
1694740865641 2.4058759724381855 366
1694740865906 2.4052221287707365 367
1694740866236 2.4045833135097054 368
1694740866583 2.4039591760290704 369
1694740866931 2.4033493739446055 370
1694740867467 2.4027535729194054 371
1694740867851 2.4021714464740094 372
1694740868207 2.4016026758010143 373
1694740868627 2.401046949584074 374
1694740868943 2.4005039638211665 375
1694740869303 2.3999734216520543 376
1694740869710 2.3994550331898084 377
1694740870075 2.3989485153563277 378
1694740870418 2.398453591721737 379
1694740870753 2.3979699923475852 380
1694740871139 2.397497453633751 381
1694740871534 2.3970357181689623 382
1694740872002 2.3965845345848567 383
1694740872455 2.396143657413481 384
1694740872920 2.3957128469481668 385
1694740873360 2.3952918691076905 386
1694740873697 2.3948804953036436 387
1694740874037 2.394478502310939 388
1694740874444 2.3940856721413755 389
1694740874780 2.3937017919201913 390
1694740875115 2.3933266537655333 391
1694740875523 2.392960054670777 392
1694740875884 2.392601796389623 393
1694740876284 2.3922516853239135 394
1694740876707 2.391909532414093 395
1694740877044 2.391575153032263 396
1694740877436 2.391248366877761 397
1694740877775 2.3909289978752057 398
1694740878126 2.3906168740749516 399
1694740878469 2.3903118275558946 400
1694740878804 2.3900136943305754 401
1694740879287 2.3897223142525212 402
1694740879726 2.38943753092578 403
1694740880102 2.3891591916165877 404
1694740880449 2.3888871471671274 405
1694740880816 2.3886212519113155 406
1694740881101 2.38836136359259 407
1694740881490 2.388107343283628 408
1694740881915 2.387859055307967 409
1694740882309 2.3876163671634756 410
1694740882608 2.387379149447628 411
1694740883002 2.387147275784547 412
1694740883333 2.386920622753768 413
1694740883674 2.386699069820685 414
1694740884059 2.386482499268638 415
1694740884373 2.3862707961326075 416
1694740884755 2.3860638481344685 417
1694740885045 2.385861545619778 418
1694740885319 2.3856637814960524 419
1694740885722 2.385470451172501 420
1694740886053 2.3852814525011863 421
1694740886373 2.3850966857195677 422
1694740886724 2.384916053394407 423
1694740887144 2.3847394603669914 424
1694740887496 2.3845668136996525 425
1694740887832 2.384398022623551 426
1694740888186 2.3842329984876893 427
1694740888577 2.384071654709124 428
1694740888912 2.383913906724362 429
1694740889270 2.383759671941898 430
1694740889781 2.383608869695871 431
1694740890203 2.383461421200817 432
1694740890670 2.383317249507486 433
1694740891103 2.383176279459708 434
1694740891475 2.383038437652266 435
1694740891820 2.382903652389771 436
1694740892176 2.3827718536465077 437
1694740892556 2.382642973027217 438
1694740892875 2.3825169437288176 439
1694740893243 2.38239370050302 440
1694740893612 2.382273179619824 441
1694740893966 2.382155318831881 442
1694740894326 2.382040057339694 443
1694740894673 2.3819273357576365 444
1694740894925 2.381817096080775 445
1694740895209 2.3817092816524723 446
1694740895646 2.3816038371327566 447
1694740895982 2.381500708467434 448
1694740896275 2.381399842857928 449
1694740896613 2.3813011887318347 450
1694740896998 2.3812046957141697 451
1694740897419 2.381110314599286 452
1694740897868 2.3810179973234655 453
1694740898257 2.38092769693815 454
1694740898654 2.3808393675837993 455
1694740899130 2.3807529644643743 456
1694740899508 2.380668443822413 457
1694740899876 2.3805857629146994 458
1694740900281 2.3805048799885014 459
1694740900689 2.3804257542583707 460
1694740901091 2.380348345883488 461
1694740901443 2.380272615945547 462
1694740901861 2.380198526427147 463
1694740902260 2.380126040190707 464
1694740902698 2.3800551209578726 465
1694740903021 2.379985733289401 466
1694740903363 2.3799178425655323 467
1694740903723 2.3798514149668084 468
1694740904011 2.3797864174553562 469
1694740904308 2.379722817756602 470
1694740904612 2.3796605843414245 471
1694740904978 2.379599686408719 472
1694740905321 2.3795400938683793 473
1694740905685 2.3794817773246772 474
1694740906043 2.379424708060031 475
1694740906367 2.379368858019159 476
1694740906715 2.379314199793607 477
1694740907126 2.3792607066066327 478
1694740907412 2.3792083522984555 479
1694740907707 2.379157111311844 480
1694740907979 2.3791069586780504 481
1694740908317 2.3790578700030682 482
1694740908718 2.37900982145422 483
1694740909098 2.3789627897470558 484
1694740909527 2.37891675213256 485
1694740909889 2.378871686384662 486
1694740910185 2.378827570788037 487
1694740910537 2.3787843841261953 488
1694740910946 2.378742105669852 489
1694740911312 2.3787007151655657 490
1694740911656 2.3786601928246527 491
1694740912003 2.3786205193123533 492
1694740912288 2.3785816757372555 493
1694740912583 2.3785436436409695 494
1694740912911 2.3785064049880402 495
1694740913370 2.3784699421561006 496
1694740913765 2.378434237926256 497
1694740914155 2.378399275473689 498
1694740914521 2.3783650383584938 499
