1694746787511 nan 0
1694746787788 nan 1
1694746788100 nan 2
1694746788357 nan 3
1694746788647 nan 4
1694746788905 nan 5
1694746789180 nan 6
1694746789416 nan 7
1694746789679 nan 8
1694746789970 nan 9
1694746790256 nan 10
1694746790499 nan 11
1694746790713 nan 12
1694746791000 nan 13
1694746791270 nan 14
1694746791563 nan 15
1694746791854 nan 16
1694746792141 nan 17
1694746792442 nan 18
1694746792717 nan 19
1694746793082 nan 20
1694746793443 nan 21
1694746793709 nan 22
1694746793961 nan 23
1694746794231 nan 24
1694746794492 nan 25
1694746794748 nan 26
1694746795009 nan 27
1694746795379 nan 28
1694746795682 nan 29
1694746795900 nan 30
1694746796176 nan 31
1694746796641 nan 32
1694746796861 nan 33
1694746797088 nan 34
1694746797310 nan 35
1694746797637 nan 36
1694746797863 nan 37
1694746798090 nan 38
1694746798313 nan 39
1694746798639 nan 40
1694746798875 nan 41
1694746799122 nan 42
1694746799379 nan 43
1694746799600 nan 44
1694746799900 nan 45
1694746800170 nan 46
1694746800508 nan 47
1694746800782 nan 48
1694746801017 nan 49
1694746801311 nan 50
1694746801641 nan 51
1694746801950 nan 52
1694746802228 nan 53
1694746802467 nan 54
1694746802697 nan 55
1694746803003 nan 56
1694746803256 nan 57
1694746803519 nan 58
1694746803769 nan 59
1694746804046 nan 60
1694746804380 nan 61
1694746804681 nan 62
1694746804964 nan 63
1694746805222 nan 64
1694746805474 nan 65
1694746805880 nan 66
1694746806149 nan 67
1694746806434 nan 68
1694746806698 nan 69
1694746806963 nan 70
1694746807247 nan 71
1694746807537 nan 72
1694746807798 nan 73
1694746807999 nan 74
1694746808223 nan 75
1694746808494 nan 76
1694746808817 nan 77
1694746809078 nan 78
1694746809366 nan 79
1694746809693 nan 80
1694746809962 nan 81
1694746810179 nan 82
1694746810485 nan 83
1694746810807 nan 84
1694746811142 nan 85
1694746811473 nan 86
1694746811830 nan 87
1694746812082 nan 88
1694746812392 nan 89
1694746812694 nan 90
1694746812989 nan 91
1694746813273 nan 92
1694746813566 nan 93
1694746813864 nan 94
1694746814146 nan 95
1694746814445 nan 96
1694746814761 nan 97
1694746815026 nan 98
1694746815349 nan 99
1694746815731 nan 100
1694746816087 nan 101
1694746816333 nan 102
1694746816618 nan 103
1694746816922 nan 104
1694746817177 nan 105
1694746817470 nan 106
1694746817812 nan 107
1694746818094 nan 108
1694746818361 nan 109
1694746818651 nan 110
1694746818920 nan 111
1694746819152 nan 112
1694746819420 nan 113
1694746819856 nan 114
1694746820169 nan 115
1694746820386 nan 116
1694746820667 nan 117
1694746820956 nan 118
1694746821194 nan 119
1694746821492 nan 120
1694746821817 nan 121
1694746822143 nan 122
1694746822438 nan 123
1694746822747 nan 124
1694746823060 nan 125
1694746823272 nan 126
1694746823633 nan 127
1694746823932 nan 128
1694746824236 nan 129
1694746824575 nan 130
1694746824885 nan 131
1694746825172 nan 132
1694746825439 nan 133
1694746825743 nan 134
1694746826053 nan 135
1694746826275 nan 136
1694746826647 nan 137
1694746826946 nan 138
1694746827270 nan 139
1694746827565 nan 140
1694746827883 nan 141
1694746828155 nan 142
1694746828348 nan 143
1694746828632 nan 144
1694746828987 nan 145
1694746829302 nan 146
1694746829620 nan 147
1694746829943 nan 148
1694746830214 nan 149
1694746830416 nan 150
1694746830654 nan 151
1694746831024 nan 152
1694746831327 nan 153
1694746831665 nan 154
1694746832033 nan 155
1694746832300 nan 156
1694746832614 nan 157
1694746832942 nan 158
1694746833280 nan 159
1694746833573 nan 160
1694746833814 nan 161
1694746834180 nan 162
1694746834393 nan 163
1694746834681 nan 164
1694746834946 nan 165
1694746835245 nan 166
1694746835565 nan 167
1694746835866 nan 168
1694746836138 nan 169
1694746836429 nan 170
1694746836679 nan 171
1694746836979 nan 172
1694746837237 nan 173
1694746837501 nan 174
1694746837851 nan 175
1694746838156 nan 176
1694746838441 nan 177
1694746838714 nan 178
1694746838982 nan 179
1694746839345 nan 180
1694746839624 nan 181
1694746839968 nan 182
1694746840241 nan 183
1694746840503 nan 184
1694746840716 nan 185
1694746840936 nan 186
1694746841149 nan 187
1694746841355 nan 188
1694746841606 nan 189
1694746841893 nan 190
1694746842234 nan 191
1694746842492 nan 192
1694746842785 nan 193
1694746843094 nan 194
1694746843401 nan 195
1694746843679 nan 196
1694746843979 nan 197
1694746844326 nan 198
1694746844609 nan 199
1694746844898 nan 200
1694746845211 nan 201
1694746845520 nan 202
1694746845805 nan 203
1694746846082 nan 204
1694746846388 nan 205
1694746846711 nan 206
1694746847034 nan 207
1694746847337 nan 208
1694746847604 nan 209
1694746847815 nan 210
1694746848103 nan 211
1694746848409 nan 212
1694746848724 nan 213
1694746849030 nan 214
1694746849410 nan 215
1694746849703 nan 216
1694746850022 nan 217
1694746850326 nan 218
1694746850599 nan 219
1694746850836 nan 220
1694746851134 nan 221
1694746851398 nan 222
1694746851721 nan 223
1694746852004 nan 224
1694746852323 nan 225
1694746852597 nan 226
1694746852833 nan 227
1694746853087 nan 228
1694746853539 nan 229
1694746853788 nan 230
1694746854048 nan 231
1694746854339 nan 232
1694746854628 nan 233
1694746854890 nan 234
1694746855130 nan 235
1694746855470 nan 236
1694746855734 nan 237
1694746855977 nan 238
1694746856227 nan 239
1694746856561 nan 240
1694746856782 nan 241
1694746857053 nan 242
1694746857359 nan 243
1694746857716 nan 244
1694746857955 nan 245
1694746858180 nan 246
1694746858472 nan 247
1694746858748 nan 248
1694746859035 nan 249
1694746859349 nan 250
1694746859678 nan 251
1694746859985 nan 252
1694746860296 nan 253
1694746860595 nan 254
1694746860858 nan 255
1694746861225 nan 256
1694746861539 nan 257
1694746861927 nan 258
1694746862281 nan 259
1694746862603 nan 260
1694746862848 nan 261
1694746863154 nan 262
1694746863473 nan 263
1694746863757 nan 264
1694746863994 nan 265
1694746864248 nan 266
1694746864583 nan 267
1694746864862 nan 268
1694746865110 nan 269
1694746865396 nan 270
1694746865701 nan 271
1694746865941 nan 272
1694746866244 nan 273
1694746866589 nan 274
1694746866860 nan 275
1694746867131 nan 276
1694746867459 nan 277
1694746867773 nan 278
1694746868016 nan 279
1694746868292 nan 280
1694746868583 nan 281
1694746868924 nan 282
1694746869166 nan 283
1694746869446 nan 284
1694746869735 nan 285
1694746870014 nan 286
1694746870302 nan 287
1694746870699 nan 288
1694746870968 nan 289
1694746871236 nan 290
1694746871510 nan 291
1694746871878 nan 292
1694746872102 nan 293
1694746872403 nan 294
1694746872735 nan 295
1694746873016 nan 296
1694746873328 nan 297
1694746873675 nan 298
1694746873969 nan 299
1694746874200 nan 300
1694746874453 nan 301
1694746874778 nan 302
1694746875044 nan 303
1694746875282 nan 304
1694746875596 nan 305
1694746875909 nan 306
1694746876186 nan 307
1694746876483 nan 308
1694746876780 nan 309
1694746877018 nan 310
1694746877292 nan 311
1694746877618 nan 312
1694746877973 nan 313
1694746878205 nan 314
1694746878483 nan 315
1694746878760 nan 316
1694746879087 nan 317
1694746879299 nan 318
1694746879544 nan 319
1694746880018 nan 320
1694746880340 nan 321
1694746880623 nan 322
1694746880927 nan 323
1694746881169 nan 324
1694746881372 nan 325
1694746881616 nan 326
1694746881983 nan 327
1694746882341 nan 328
1694746882675 nan 329
1694746882984 nan 330
1694746883268 nan 331
1694746883652 nan 332
1694746883958 nan 333
1694746884207 nan 334
1694746884497 nan 335
1694746884796 nan 336
1694746885098 nan 337
1694746885347 nan 338
1694746885671 nan 339
1694746885982 nan 340
1694746886260 nan 341
1694746886590 nan 342
1694746886935 nan 343
1694746887222 nan 344
1694746887451 nan 345
1694746887702 nan 346
1694746888115 nan 347
1694746888379 nan 348
1694746888648 nan 349
1694746889045 nan 350
1694746889409 nan 351
1694746889735 nan 352
1694746890026 nan 353
1694746890297 nan 354
1694746890605 nan 355
1694746890903 nan 356
1694746891268 nan 357
1694746891576 nan 358
1694746891952 nan 359
1694746892290 nan 360
1694746892555 nan 361
1694746892866 nan 362
1694746893329 nan 363
1694746893635 nan 364
1694746893863 nan 365
1694746894103 nan 366
1694746894350 nan 367
1694746894654 nan 368
1694746894950 nan 369
1694746895253 nan 370
1694746895514 nan 371
1694746895779 nan 372
1694746896039 nan 373
1694746896304 nan 374
1694746896557 nan 375
1694746896793 nan 376
1694746897012 nan 377
1694746897265 nan 378
1694746897486 nan 379
1694746897712 nan 380
1694746898013 nan 381
1694746898279 nan 382
1694746898535 nan 383
1694746898774 nan 384
1694746899083 nan 385
1694746899336 nan 386
1694746899554 nan 387
1694746899756 nan 388
1694746899979 nan 389
1694746900257 nan 390
1694746900490 nan 391
1694746900801 nan 392
1694746901110 nan 393
1694746901414 nan 394
1694746901650 nan 395
1694746901951 nan 396
1694746902374 nan 397
1694746902621 nan 398
1694746902893 nan 399
1694746903165 nan 400
1694746903520 nan 401
1694746903724 nan 402
1694746904154 nan 403
1694746904458 nan 404
1694746904735 nan 405
1694746904971 nan 406
1694746905181 nan 407
1694746905441 nan 408
1694746905664 nan 409
1694746905848 nan 410
1694746906218 nan 411
1694746906498 nan 412
1694746906801 nan 413
1694746907068 nan 414
1694746907323 nan 415
1694746907582 nan 416
1694746907807 nan 417
1694746908025 nan 418
1694746908273 nan 419
1694746908484 nan 420
1694746908691 nan 421
1694746908951 nan 422
1694746909251 nan 423
1694746909489 nan 424
1694746909716 nan 425
1694746909961 nan 426
1694746910231 nan 427
1694746910466 nan 428
1694746910708 nan 429
1694746910896 nan 430
1694746911127 nan 431
1694746911446 nan 432
1694746911744 nan 433
1694746912031 nan 434
1694746912324 nan 435
1694746912623 nan 436
1694746912838 nan 437
1694746913108 nan 438
1694746913520 nan 439
1694746913784 nan 440
1694746914001 nan 441
1694746914229 nan 442
1694746914458 nan 443
1694746914743 nan 444
1694746914978 nan 445
1694746915223 nan 446
1694746915477 nan 447
1694746915792 nan 448
1694746916035 nan 449
1694746916314 nan 450
1694746916637 nan 451
1694746916869 nan 452
1694746917106 nan 453
1694746917386 nan 454
1694746917711 nan 455
1694746917963 nan 456
1694746918163 nan 457
1694746918417 nan 458
1694746918738 nan 459
1694746918944 nan 460
1694746919199 nan 461
1694746919476 nan 462
1694746919752 nan 463
1694746920114 nan 464
1694746920423 nan 465
1694746920639 nan 466
1694746920864 nan 467
1694746921072 nan 468
1694746921290 nan 469
1694746921586 nan 470
1694746921963 nan 471
1694746922217 nan 472
1694746922522 nan 473
1694746922795 nan 474
1694746923041 nan 475
1694746923279 nan 476
1694746923596 nan 477
1694746923881 nan 478
1694746924133 nan 479
1694746924364 nan 480
1694746924693 nan 481
1694746924950 nan 482
1694746925264 nan 483
1694746925516 nan 484
1694746925777 nan 485
1694746926075 nan 486
1694746926385 nan 487
1694746926695 nan 488
1694746926957 nan 489
1694746927160 nan 490
1694746927451 nan 491
1694746927740 nan 492
1694746928022 nan 493
1694746928319 nan 494
1694746928608 nan 495
1694746928940 nan 496
1694746929182 nan 497
1694746929495 nan 498
1694746929799 nan 499
