1694750433709 6.099352524967931 0
1694750433878 6.023202982992059 1
1694750434154 5.4972384687842135 2
1694750434358 5.05871344751191 3
1694750434567 5.218283973545093 4
1694750434775 5.240245908022652 5
1694750435029 6.106646376348377 6
1694750435271 6.120351348370363 7
1694750435505 8.065012986177596 8
1694750435679 4.721544420272044 9
1694750435877 7.544807183200893 10
1694750436100 6.495034291143318 11
1694750436308 4.62203978778214 12
1694750436533 7.695589668013477 13
1694750436738 6.5111842186279425 14
1694750436970 5.235865602206711 15
1694750437212 7.890687262008785 16
1694750437420 8.180972522760001 17
1694750437608 5.665763332965945 18
1694750437790 6.937687334811592 19
1694750438003 7.298915040931005 20
1694750438239 5.534672596106252 21
1694750438436 7.633231204714027 22
1694750438719 5.843411203746284 23
1694750438921 6.20106625938569 24
1694750439132 5.436310612615459 25
1694750439393 4.7967651889982665 26
1694750439611 6.447699642663766 27
1694750439762 5.740061299062423 28
1694750439923 5.253222248768926 29
1694750440135 7.813563525311117 30
1694750440390 6.401457616550665 31
1694750440584 4.871840437490837 32
1694750440821 6.729357416698746 33
1694750441043 8.598362003028514 34
1694750441268 6.207736575455403 35
1694750441509 5.149099672558781 36
1694750441770 3.7336527317327644 37
1694750442008 7.310932401824263 38
1694750442192 5.319122547114695 39
1694750442355 4.062821467432601 40
1694750442603 7.508127781448285 41
1694750442914 5.424419264797354 42
1694750443163 6.099965040262752 43
1694750443363 3.6585993970059696 44
1694750443630 5.700689247589496 45
1694750443827 5.468124279978077 46
1694750444038 7.298740066467725 47
1694750444240 4.256414188646282 48
1694750444444 6.8799045727871855 49
1694750444757 3.8170594090393823 50
1694750444949 7.714125832710133 51
1694750445203 4.770994362549348 52
1694750445488 5.295401638856895 53
1694750445697 6.407428750971636 54
1694750445925 5.721716294951965 55
1694750446151 4.448431254201347 56
1694750446393 6.211619088623407 57
1694750446641 6.003418506386322 58
1694750446817 4.489326348465379 59
1694750447025 4.89702268180444 60
1694750447281 4.625534443920315 61
1694750447541 5.071325624434014 62
1694750447726 5.428662543940335 63
1694750447902 5.778359220831896 64
1694750448123 6.5585523777726635 65
1694750448375 4.686699847924459 66
1694750448609 3.792529626853354 67
1694750448836 5.4209868365519425 68
1694750449066 6.699697716372288 69
1694750449262 6.231663559755948 70
1694750449453 5.290420970581613 71
1694750449709 3.0542760526919386 72
1694750449887 4.938092250834532 73
1694750450034 4.720718729999756 74
1694750450214 9.23478653048936 75
1694750450413 4.887194385395016 76
1694750450629 5.867076983476614 77
1694750450820 4.85024372015791 78
1694750451038 4.929573996555499 79
1694750451211 6.704938248586934 80
1694750451406 6.705730130661721 81
1694750451654 4.822160174946712 82
1694750451861 6.362761366348513 83
1694750452141 4.087664383785374 84
1694750452381 4.462851315201681 85
1694750452649 6.90506612477615 86
1694750452826 4.725781025903206 87
1694750452983 4.097729198664151 88
1694750453177 6.376444189038841 89
1694750453416 6.050369374556438 90
1694750453640 4.681051056909432 91
1694750453799 5.850308400910914 92
1694750453999 3.9106646568497587 93
1694750454349 6.549087107238729 94
1694750454601 4.822621188771952 95
1694750454840 7.901670474455285 96
1694750454992 5.279768197146722 97
1694750455161 6.20916581526734 98
1694750455323 7.87548541274161 99
1694750455485 8.599009713187153 100
1694750455720 3.7310874272064436 101
1694750455964 4.8575624214390585 102
1694750456195 4.682658656068949 103
1694750456473 4.4713620993765755 104
1694750456730 6.011069888890515 105
1694750456954 2.904614018393973 106
1694750457186 3.9768957177230435 107
1694750457418 4.216461525092703 108
1694750457687 5.877301988271707 109
1694750457878 9.457431390988011 110
1694750458013 4.407874249910872 111
1694750458187 4.186846119181729 112
1694750458409 5.292635180762347 113
1694750458635 5.11240939763848 114
1694750458847 5.265246128833198 115
1694750459060 4.352769039827214 116
1694750459291 6.5884634496832355 117
1694750459503 8.18332487907012 118
1694750459730 6.383819625240792 119
1694750459919 5.011286572399401 120
1694750460121 7.465395027692049 121
1694750460363 6.349997909257406 122
1694750460627 6.5787148204911245 123
1694750460826 3.3880047006071847 124
1694750461101 5.75996576698617 125
1694750461382 5.160491488419753 126
1694750461625 3.5990829726094695 127
1694750461846 5.235155038935919 128
1694750462079 4.83830630020886 129
1694750462321 4.010574452084983 130
1694750462551 6.41598615657124 131
1694750462771 5.709861512614403 132
1694750462955 7.2676909056698555 133
1694750463253 3.225216014986774 134
1694750463542 4.536731390107148 135
1694750463801 6.062894243138509 136
1694750463973 4.084065272182021 137
1694750464199 5.4185288201877775 138
1694750464447 6.3397383614328415 139
1694750464745 6.8902528136450085 140
1694750464926 4.02628854323562 141
1694750465152 6.953841276454235 142
1694750465445 5.282261801433693 143
1694750465682 5.653704608237941 144
1694750465891 7.969543445926804 145
1694750466125 4.712139412624221 146
1694750466427 6.512467911081921 147
1694750466633 7.62097742021028 148
1694750466869 7.461674450229271 149
1694750467088 6.229279438023081 150
1694750467292 5.262655268066043 151
1694750467460 3.1644361906286953 152
1694750467758 5.416566298683264 153
1694750467942 5.756857878478764 154
1694750468099 4.271045161417035 155
1694750468327 4.377618784385278 156
1694750468602 4.816307282675241 157
1694750468824 7.824966825793824 158
1694750469006 5.311256542093978 159
1694750469208 5.058853432633761 160
1694750469432 4.616289633542238 161
1694750469643 5.11872273290818 162
1694750469894 6.0388575455582885 163
1694750470093 7.2290060529347135 164
1694750470278 4.920790646899633 165
1694750470522 7.2990405477331795 166
1694750470781 5.1922207631792965 167
1694750470980 5.134974676548964 168
1694750471213 6.840487738222949 169
1694750471432 3.868158981676239 170
1694750471667 4.734005834592765 171
1694750471899 5.635162141857897 172
1694750472136 5.754925180818468 173
1694750472385 5.333579491492521 174
1694750472637 5.884926761413566 175
1694750472895 4.148722388901398 176
1694750473052 7.184189755553181 177
1694750473323 7.9157432049720375 178
1694750473570 6.784980170379205 179
1694750473823 4.263572954334737 180
1694750474021 5.6372903941035615 181
1694750474234 6.632769789423498 182
1694750474481 4.9291618043640835 183
1694750474788 5.173538810044912 184
1694750475017 4.866126844124253 185
1694750475253 3.963438515665568 186
1694750475485 3.2941225354369843 187
1694750475731 5.459175333955428 188
1694750475955 6.481387247930415 189
1694750476165 6.984479609783025 190
1694750476453 4.37219468007326 191
1694750476722 5.751402287774378 192
1694750476944 4.542235297323448 193
1694750477147 6.556626515222983 194
1694750477368 4.596420134299968 195
1694750477587 7.461022462410052 196
1694750477796 5.949417554978098 197
1694750477998 6.266536119119777 198
1694750478247 7.5855829420683785 199
1694750478488 10.298546392018169 200
1694750478692 4.765799485853649 201
1694750478921 6.171005456574729 202
1694750479122 6.0037099611756135 203
1694750479310 6.424374956205583 204
1694750479549 5.909017317420959 205
1694750479783 4.889914858969528 206
1694750479995 4.551048198490033 207
1694750480247 8.962118282402331 208
1694750480581 7.168450712283244 209
1694750480815 9.50541263837134 210
1694750481069 5.2956438266128885 211
1694750481300 7.217883288456608 212
1694750481542 8.708077136856136 213
1694750481777 5.121791090019226 214
1694750481991 6.02038702593862 215
1694750482193 4.744454468533086 216
1694750482395 6.018106654041638 217
1694750482627 6.014989420614429 218
1694750482809 5.866941924544327 219
1694750482994 7.537530244670258 220
1694750483216 5.797775819803592 221
1694750483450 6.49966651458405 222
1694750483706 5.451321418375193 223
1694750483973 5.577078565121008 224
1694750484128 4.011066425874387 225
1694750484356 6.455356637153544 226
1694750484645 6.604320404950176 227
1694750484958 5.969406270248342 228
1694750485123 4.188299046455705 229
1694750485330 4.965350346155692 230
1694750485614 6.206995677639402 231
1694750485830 4.63700288701748 232
1694750486034 4.208277035597666 233
1694750486225 5.546523152500821 234
1694750486462 4.317064495720605 235
1694750486717 4.3699467695569725 236
1694750486939 8.046295231016437 237
1694750487103 6.143905015021638 238
1694750487292 5.575659382473512 239
1694750487506 3.1008293124165895 240
1694750487800 6.714914142526293 241
1694750488130 9.682313260326511 242
1694750488380 4.34930344025761 243
1694750488690 5.7540714843617335 244
1694750488999 2.5035352998741196 245
1694750489250 3.6241055818393075 246
1694750489477 4.772008322286584 247
1694750489718 10.863405416767025 248
1694750489998 6.2565571187742455 249
1694750490245 6.296951238423303 250
1694750490474 5.199595339956766 251
1694750490689 5.64245852425572 252
1694750490927 4.216506364021284 253
1694750491143 5.027152037125053 254
1694750491319 5.733957245212452 255
1694750491513 3.705429410674875 256
1694750491739 5.325952293818614 257
1694750491969 6.77728777815397 258
1694750492212 5.814446554635129 259
1694750492424 3.1079214168152625 260
1694750492673 5.559183769815512 261
1694750492903 6.688484748035925 262
1694750493113 6.606369906175593 263
1694750493358 6.648997194548064 264
1694750493545 6.222238832805772 265
1694750493688 6.328579765399701 266
1694750493847 5.995983570425459 267
1694750494043 5.374020316945215 268
1694750494191 4.9546450342509 269
1694750494474 3.5855838274765177 270
1694750494769 6.873584842820986 271
1694750495000 4.29558172794045 272
1694750495224 3.9138512612562217 273
1694750495454 5.123552886421386 274
1694750495624 6.594630245645711 275
1694750495794 5.504762527510926 276
1694750495946 3.7969087542430966 277
1694750496111 6.2784221534011975 278
1694750496488 4.683493169798991 279
1694750496742 5.6557728133126455 280
1694750496940 5.700821565431438 281
1694750497143 3.6232970350733376 282
1694750497371 9.195988562006912 283
1694750497594 8.291075484103606 284
1694750497768 9.075108055906918 285
1694750497971 4.794903009971586 286
1694750498154 4.736200695080056 287
1694750498381 6.0322528924283265 288
1694750498632 5.830048703017448 289
1694750498898 5.3836558204778395 290
1694750499082 4.778809825983868 291
1694750499236 4.340626678822 292
1694750499428 6.9606888986583915 293
1694750499640 5.563436558327889 294
1694750499854 3.976102541603407 295
1694750500046 4.340259291602419 296
1694750500253 4.714327794018126 297
1694750500458 5.012828173821698 298
1694750500687 6.032080243439944 299
1694750500940 4.483920352073229 300
1694750501173 5.922614780513675 301
1694750501353 8.369178256188626 302
1694750501508 3.413952296120161 303
1694750501708 5.12248842942779 304
1694750501918 5.939248409015138 305
1694750502141 6.65162807103875 306
1694750502305 5.909786078565144 307
1694750502515 9.315634329073731 308
1694750502692 5.700451277022698 309
1694750502870 5.604900507532379 310
1694750503035 6.441689301879579 311
1694750503186 5.972201532755752 312
1694750503384 7.847356798777862 313
1694750503616 6.013396820871833 314
1694750503771 4.760268033831222 315
1694750503991 5.819372555540073 316
1694750504166 7.086201316038928 317
1694750504346 6.502486006224848 318
1694750504613 4.5560108355896185 319
1694750504900 5.901758888948968 320
1694750505101 5.274083765597785 321
1694750505252 5.591835624571952 322
1694750505429 3.849883879136354 323
1694750505639 5.136031342849116 324
1694750505823 5.175702823478253 325
1694750505987 5.3373172350635745 326
1694750506155 3.2578706406624582 327
1694750506302 4.593983364857367 328
1694750506508 6.411530482554485 329
1694750506727 6.36171181437796 330
1694750506954 6.788260047714917 331
1694750507192 3.6705463677427947 332
1694750507385 4.922240058578437 333
1694750507655 6.2052471617063425 334
1694750507895 4.407263517075925 335
1694750508082 5.594507855810783 336
1694750508261 5.985992807363519 337
1694750508479 5.0684852743177515 338
1694750508728 3.8633832204379894 339
1694750508947 7.548253907123157 340
1694750509178 4.334605353495321 341
1694750509356 8.426089519730168 342
1694750509573 7.096092592455356 343
1694750509799 6.252337418670061 344
1694750510090 7.434046717495193 345
1694750510316 5.281266741419655 346
1694750510504 6.623184035513986 347
1694750510739 7.1308125994324705 348
1694750510941 8.972138700950259 349
1694750511141 4.590053757271996 350
1694750511299 7.0686526875328894 351
1694750511570 7.412726301355781 352
1694750511832 6.869647606765417 353
1694750512076 5.454212987301282 354
1694750512293 5.635147540120221 355
1694750512436 4.273254958338903 356
1694750512646 4.859245100083127 357
1694750512872 6.415923259696785 358
1694750513097 4.811577694591978 359
1694750513289 4.383087675913758 360
1694750513452 5.544408683850695 361
1694750513612 3.1731991904268706 362
1694750513839 5.769862476295131 363
1694750514089 5.73640611676713 364
1694750514312 5.9881455557629115 365
1694750514520 4.35328047098635 366
1694750514813 3.743893948060221 367
1694750515019 6.06659471238196 368
1694750515230 4.160172315723858 369
1694750515404 3.870210355346074 370
1694750515649 5.426409279484252 371
1694750515890 5.082498677402162 372
1694750516130 3.5848759857668617 373
1694750516334 3.6377972730288413 374
1694750516575 4.8974955248781376 375
1694750516791 5.106106881512854 376
1694750517027 4.16410607801211 377
1694750517258 4.435382613738843 378
1694750517412 6.442812069089003 379
1694750517581 7.843286113104617 380
1694750517768 3.9974546326133535 381
1694750517929 4.10591503509211 382
1694750518171 4.818532806258057 383
1694750518354 4.877222456841727 384
1694750518549 4.40946039495613 385
1694750518819 5.874656263257748 386
1694750519079 6.448565491121245 387
1694750519286 4.6014757281950605 388
1694750519446 5.26195097359912 389
1694750519684 6.982621104451781 390
1694750519908 5.634549439465454 391
1694750520138 4.405133877000288 392
1694750520298 3.925079700626353 393
1694750520469 7.8830821615653495 394
1694750520662 4.650871993290352 395
1694750520862 3.5768463194041153 396
1694750521114 7.464611663194669 397
1694750521322 4.77795204847949 398
1694750521491 4.698894966677954 399
1694750521700 4.071463327465741 400
1694750521874 5.024440382695964 401
1694750522099 7.20003283702598 402
1694750522316 7.047723061958865 403
1694750522502 6.7628564794812895 404
1694750522779 4.3032353796160185 405
1694750522976 5.818104629982271 406
1694750523181 3.525508877008483 407
1694750523424 6.794634318182001 408
1694750523644 5.408203945499626 409
1694750523797 3.0467382702534986 410
1694750523985 5.656857402271571 411
1694750524143 3.7891117504309 412
1694750524317 5.0390225119014564 413
1694750524471 5.102003601785532 414
1694750524662 6.021661420425149 415
1694750524914 6.001830635733135 416
1694750525066 7.834235330274861 417
1694750525278 4.63476258822018 418
1694750525536 4.967081175847092 419
1694750525790 7.194530100465765 420
1694750526001 5.248522545652172 421
1694750526152 5.484764722168046 422
1694750526326 3.3371240303096497 423
1694750526552 5.06520087463072 424
1694750526751 5.663634181406475 425
1694750526972 4.970507464357097 426
1694750527197 3.892507994077679 427
1694750527388 6.274716204994407 428
1694750527604 5.296382176068467 429
1694750527894 6.551117104411254 430
1694750528130 3.723460987000217 431
1694750528369 6.066390377516833 432
1694750528551 4.455875956731077 433
1694750528792 6.098947237034698 434
1694750529031 8.1418968873017 435
1694750529218 7.630653645047232 436
1694750529402 3.5215311326451006 437
1694750529631 5.098938261663173 438
1694750529885 6.481560765996733 439
1694750530118 5.688941444175014 440
1694750530288 6.6373458574046476 441
1694750530438 5.743542244700089 442
1694750530612 5.497636818693067 443
1694750530765 3.0928523731048565 444
1694750530901 4.533376156389131 445
1694750531052 4.186232010277696 446
1694750531185 4.690001831082534 447
1694750531366 4.121058258888165 448
1694750531522 4.3789612970956835 449
1694750531735 4.878152207284005 450
1694750531950 5.21029677273719 451
1694750532242 4.833604024265595 452
1694750532468 5.3446505708795415 453
1694750532696 4.017196800561751 454
1694750532893 5.19119496826471 455
1694750533106 6.675692012780644 456
1694750533330 4.371662444119756 457
1694750533515 4.870063001757465 458
1694750533691 5.677794597138822 459
1694750533939 5.002626060435707 460
1694750534262 5.445937536496285 461
1694750534538 6.369869092930871 462
1694750534825 3.971083191443719 463
1694750535057 5.022308895507834 464
1694750535302 7.273463093058323 465
1694750535534 7.278976235266354 466
1694750535758 6.897541217352145 467
1694750535998 4.154511715029212 468
1694750536231 4.9622470414512945 469
1694750536536 6.536700574522233 470
1694750536794 4.057919997344102 471
1694750537023 4.374885406426518 472
1694750537257 4.725946365061089 473
1694750537491 4.905173884859626 474
1694750537725 4.895668999694771 475
1694750537944 6.299024000868281 476
1694750538129 6.552606248278078 477
1694750538344 5.25274375511744 478
1694750538565 5.0717509971626695 479
1694750538813 4.844053147327553 480
1694750539093 6.622198001912056 481
1694750539329 6.383857159410278 482
1694750539570 5.003149318973667 483
1694750539731 3.98678508738588 484
1694750539915 4.801090064256843 485
1694750540113 3.4912162371646613 486
1694750540395 4.103387611373822 487
1694750540692 3.9215053237327306 488
1694750540926 3.6784823299052745 489
1694750541205 3.6341367119750942 490
1694750541410 4.4058174497353635 491
1694750541573 5.884348126820919 492
1694750541811 4.321871789404939 493
1694750542027 3.3095086136096388 494
1694750542231 5.75633047316593 495
1694750542477 3.6646393535780355 496
1694750542670 5.134397796642853 497
1694750542924 3.598560455002832 498
1694750543167 8.224040027821356 499
