1694728145751 168.8278829759285 0
1694728146095 164.88241138951636 1
1694728146532 161.03053694040403 2
1694728146902 157.27003832774147 3
1694728147436 153.59874697890584 4
1694728147727 150.01454579773127 5
1694728148084 146.51536794245672 6
1694728148464 143.09919563268733 7
1694728148775 139.76405898467974 8
1694728149217 136.50803487427936 9
1694728149662 133.32924582685283 10
1694728150035 130.22585893357495 11
1694728150369 127.1960847934443 12
1694728150789 124.2381764804163 13
1694728151155 121.35042853505836 14
1694728151540 118.53117598014383 15
1694728151931 115.77879335961703 16
1694728152301 113.09169380037432 17
1694728152697 110.46832809631964 18
1694728153068 107.9071838141653 19
1694728153421 105.40678442046229 20
1694728153699 102.96568842935572 21
1694728153977 100.5824885705734 22
1694728154433 98.25581097716717 23
1694728154853 95.98431439253818 24
1694728155234 93.76668939628811 25
1694728155617 91.6016576484494 26
1694728155925 89.48797115165821 27
1694728156281 87.42441153084404 28
1694728156664 85.40978933002017 29
1694728157043 83.442943325769 30
1694728157596 81.52273985702558 31
1694728157937 79.64807217077306 32
1694728158305 77.81785978327144 33
1694728158688 76.03104785645151 34
1694728159098 74.28660658911365 35
1694728159496 72.58353062257993 36
1694728159820 70.92083846045658 37
1694728160179 69.29757190217163 38
1694728160534 67.71279548996078 39
1694728160911 66.16559596898225 40
1694728161343 64.65508176024868 41
1694728161716 63.18038244607217 42
1694728162086 61.74064826772506 43
1694728162486 60.33504963502642 44
1694728162819 58.962776647571424 45
1694728163228 57.62303862732684 46
1694728163644 56.31506366232304 47
1694728163924 55.038098161178844 48
1694728164304 53.79140641820226 49
1694728164733 52.5742701888159 50
1694728165024 51.38598827506189 51
1694728165361 50.225876120947106 52
1694728165763 49.09326541739504 53
1694728166112 47.98750371657622 54
1694728166499 46.907954055394576 55
1694728166900 45.853994587912254 56
1694728167407 44.825018226500816 57
1694728167773 43.82043229151161 58
1694728168170 42.83965816926289 59
1694728168602 41.882130978146556 60
1694728169014 40.9472992426614 61
1694728169396 40.034624575184914 62
1694728169799 39.143581365299816 63
1694728170036 38.27365647649604 64
1694728170376 37.42434895007284 65
1694728170724 36.59516971607052 66
1694728171083 35.78564131106438 67
1694728171455 34.99529760265831 68
1694728171773 34.22368352051887 69
1694728172141 33.47035479379456 70
1694728172487 32.73487769476871 71
1694728172860 32.01682878859798 72
1694728173227 31.315794688991993 73
1694728173603 30.631371819693094 74
1694728173963 29.963166181618448 75
1694728174431 29.310793125530175 76
1694728174783 28.67387713010211 77
1694728175216 28.052051585255175 78
1694728175619 27.4449585806364 79
1694728175957 26.852248699119123 80
1694728176282 26.27358081520553 81
1694728176690 25.70862189821497 82
1694728177022 25.157046820144462 83
1694728177443 24.61853816809039 84
1694728177780 24.092786061123288 85
1694728178086 23.579487971509792 86
1694728178424 23.078348550178667 87
1694728178780 22.58907945633016 88
1694728179214 22.11139919109021 89
1694728179574 21.645032935113626 90
1694728179992 21.18971239004235 91
1694728180333 20.74517562372738 92
1694728180694 20.311166919124965 93
1694728181093 19.88743662677981 94
1694728181496 19.47374102081017 95
1694728181856 19.069842158311715 96
1694728182303 18.675507742098972 97
1694728182703 18.290510986705055 98
1694728183045 17.91463048756247 99
1694728183447 17.54765009328932 100
1694728183793 17.18935878100729 101
1694728184140 16.839550534619402 102
1694728184575 16.49802422597724 103
1694728184927 16.164583498869145 104
1694728185350 15.839036655762271 105
1694728185724 15.521196547233236 106
1694728186092 15.210880464023505 107
1694728186464 14.907910031657151 108
1694728186903 14.61211110756026 109
1694728187277 14.32331368062248 110
1694728187644 14.041351773142797 111
1694728188082 13.766063345102934 112
1694728188491 13.497290200713099 113
1694728188892 13.234877897176146 114
1694728189429 12.978675655617472 115
1694728189922 12.728536274129251 116
1694728190461 12.484316042878811 117
1694728190822 12.245874661232106 118
1694728191130 12.013075156844511 119
1694728191555 11.785783806672217 120
1694728191927 11.563870059858576 121
1694728192248 11.347206462450957 122
1694728192640 11.135668583904621 123
1694728192983 10.929134945331196 124
1694728193369 10.727486949450336 125
1694728193778 10.530608812204129 126
1694728194102 10.338387495994798 127
1694728194427 10.150712644507118 128
1694728194799 9.967476519077952 129
1694728195148 9.78857393657622 130
1694728195562 9.613902208757363 131
1694728195965 9.44336108305734 132
1694728196408 9.276852684792004 133
1694728196813 9.11428146072844 134
1694728197253 8.95555412399576 135
1694728197588 8.8005796003035 136
1694728197893 8.649268975436604 137
1694728198287 8.501535443996685 138
1694728198703 8.357294259360012 139
1694728199081 8.21646268482323 140
1694728199469 8.078959945908762 141
1694728199816 7.9447071838022705 142
1694728200139 7.8136274098952985 143
1694728200531 7.6856454614069385 144
1694728200967 7.560687958058795 145
1694728201318 7.43868325977834 146
1694728201759 7.319561425406192 147
1694728202083 7.2032541723835095 148
1694728202451 7.0896948373962 149
1694728202856 6.978818337953293 150
1694728203241 6.87056113487723 151
1694728203638 6.764861195684457 152
1694728204001 6.661657958835214 153
1694728204353 6.560892298831813 154
1694728204697 6.462506492145352 155
1694728205071 6.366444183951112 156
1694728205442 6.2726503556535045 157
1694728205754 6.181071293181808 158
1694728206123 6.091654556038381 159
1694728206522 6.004348947081493 160
1694728206926 5.919104483025366 161
1694728207487 5.835872365640333 162
1694728207949 5.754604953636603 163
1694728208235 5.6752557352152575 164
1694728208597 5.597779301270802 165
1694728209089 5.522131319229662 166
1694728209476 5.448268507509622 167
1694728209890 5.376148610585431 168
1694728210368 5.305730374646178 169
1694728210783 5.23697352383043 170
1694728211189 5.169838737025343 171
1694728211553 5.104287625216455 172
1694728211960 5.0402827093749965 173
1694728212282 4.977787398870037 174
1694728212693 4.916765970392946 175
1694728213088 4.857183547382058 176
1694728213404 4.799006079935615 177
1694728213735 4.742200325201451 178
1694728214110 4.686733828232068 179
1694728214424 4.632574903294073 180
1694728214822 4.579692615621156 181
1694728215161 4.528056763600141 182
1694728215485 4.4776378613797725 183
1694728215815 4.428407121892228 184
1694728216168 4.380336440277576 185
1694728216561 4.333398377701569 186
1694728216979 4.287566145557507 187
1694728217580 4.242813590042935 188
1694728217907 4.199115177102437 189
1694728218216 4.156445977727695 190
1694728218512 4.114781653606415 191
1694728218810 4.074098443111797 192
1694728219228 4.034373147624513 193
1694728219645 3.995583118179224 194
1694728220080 3.957706242428024 195
1694728220399 3.920720931913203 196
1694728220667 3.8846061096420614 197
1694728220955 3.8493411979565524 198
1694728221285 3.814906106690766 199
1694728221626 3.7812812216094636 200
1694728222008 3.748447393120914 201
1694728222351 3.7163859252575926 202
1694728222761 3.6850785649183537 203
1694728223084 3.654507491365869 204
1694728223398 3.624655305973278 205
1694728223768 3.5955050222141383 206
1694728224174 3.5670400558899 207
1694728224531 3.539244215589249 208
1694728224899 3.5121016933738534 209
1694728225235 3.4855970556851026 210
1694728225555 3.4597152344666076 211
1694728225924 3.434441518497352 212
1694728226283 3.4097615449304675 213
1694728226623 3.3856612910327826 214
1694728227107 3.3621270661203644 215
1694728227504 3.3391455036854047 216
1694728227853 3.3167035537098997 217
1694728228253 3.294788475161697 218
1694728228540 3.2733878286686044 219
1694728228907 3.2524894693662754 220
1694728229337 3.23208153991582 221
1694728229740 3.2121524636870555 222
1694728230125 3.19269093810349 223
1694728230459 3.1736859281452037 224
1694728230794 3.1551266600058656 225
1694728231149 3.1370026149002377 226
1694728231543 3.119303523018595 227
1694728231948 3.1020193576245743 228
1694728232326 3.085140329293042 229
1694728232653 3.0686568802846574 230
1694728233020 3.0525596790539025 231
1694728233349 3.036839614887394 232
1694728233764 3.0214877926693817 233
1694728234137 3.0064955277714502 234
1694728234482 2.991854341063415 235
1694728234857 2.9775559540426118 236
1694728235266 2.963592284078689 237
1694728235686 2.949955439771241 238
1694728236125 2.9366377164175272 239
1694728236477 2.923631591587745 240
1694728236792 2.9109297208052305 241
1694728237292 2.8985249333291407 242
1694728237609 2.8864102280371697 243
1694728237952 2.8745787694059377 244
1694728238377 2.86302388358671 245
1694728238756 2.85173905457422 246
1694728239269 2.8407179204663375 247
1694728239627 2.829954269812489 248
1694728239974 2.81944203804866 249
1694728240329 2.8091753040169696 250
1694728240719 2.7991482865677986 251
1694728241119 2.7893553412424916 252
1694728241454 2.7797909570347636 253
1694728241820 2.7704497532288936 254
1694728242218 2.7613264763129166 255
1694728242539 2.7524159969650333 256
1694728242879 2.7437133071114834 257
1694728243317 2.7352135170541962 258
1694728243607 2.726911852666559 259
1694728243998 2.718803652655704 260
1694728244413 2.710884365889695 261
1694728244693 2.703149548788133 262
1694728245087 2.6955948627746107 263
1694728245515 2.6882160717896033 264
1694728245825 2.6810090398623276 265
1694728246219 2.6739697287401833 266
1694728246530 2.667094195574411 267
1694728246813 2.660378590660629 268
1694728247177 2.653819155232937 269
1694728247516 2.647412219310352 270
1694728247900 2.6411541995942818 271
1694728248306 2.6350415974158707 272
1694728248609 2.629070996732004 273
1694728248949 2.6232390621688424 274
1694728249364 2.617542537111728 275
1694728249692 2.611978241840397 276
1694728250128 2.6065430717083875 277
1694728250514 2.6012339953656287 278
1694728250821 2.5960480530231584 279
1694728251155 2.5909823547589856 280
1694728251443 2.58603407886412 281
1694728251786 2.581200470227807 282
1694728252124 2.576478838761054 283
1694728252550 2.5718665578575206 284
1694728252882 2.5673610628908916 285
1694728253322 2.5629598497478896 286
1694728253836 2.558660473396047 287
1694728254332 2.5544605464854273 288
1694728254688 2.550357737983506 289
1694728255115 2.546349771842399 290
1694728255508 2.5424344256976865 291
1694728255789 2.538609529598078 292
1694728256138 2.5348729647651838 293
1694728256535 2.5312226623826937 294
1694728256833 2.5276566024142393 295
1694728257270 2.524172812449288 296
1694728257598 2.520769366576382 297
1694728257950 2.517444384283081 298
1694728258298 2.5141960293819836 299
1694728258640 2.511022508962192 300
1694728258985 2.507922072365632 301
1694728259376 2.5048930101876286 302
1694728259754 2.5019336533011662 303
1694728260087 2.499042371904276 304
1694728260473 2.496217574589985 305
1694728260851 2.493457707438321 306
1694728261284 2.490761253129812 307
1694728261654 2.4881267300800074 308
1694728262113 2.4855526915945023 309
1694728262504 2.4830377250439764 310
1694728262847 2.4805804510587817 311
1694728263233 2.4781795227426215 312
1694728263611 2.4758336249048423 313
1694728263942 2.473541473310924 314
1694728264398 2.471301813950731 315
1694728264719 2.4691134223240794 316
1694728265186 2.466975102743253 317
1694728265549 2.464885687652026 318
1694728265842 2.462844036960818 319
1694728266199 2.4608490373976037 320
1694728266627 2.4588996018741924 321
1694728267040 2.456994668867519 322
1694728267522 2.4551332018155914 323
1694728267837 2.453314188527741 324
1694728268186 2.451536640608844 325
1694728268570 2.449799592897177 326
1694728268955 2.448102102915588 327
1694728269338 2.4464432503356615 328
1694728269688 2.4448221364545764 329
1694728270067 2.443237883684349 330
1694728270412 2.44168963505317 331
1694728270727 2.4401765537185534 332
1694728271076 2.4386978224920126 333
1694728271506 2.4372526433749826 334
1694728271802 2.4358402371057433 335
1694728272122 2.434459842717061 336
1694728272413 2.4331107171042996 337
1694728272729 2.431792134603768 338
1694728272987 2.430503386581039 339
1694728273404 2.4292437810290206 340
1694728273760 2.4280126421755344 341
1694728274111 2.42680931010019 342
1694728274511 2.4256331403603237 343
1694728274805 2.424483503625795 344
1694728275163 2.423359785322418 345
1694728275580 2.422261385283846 346
1694728276078 2.4211877174116787 347
1694728276456 2.4201382093436283 348
1694728276768 2.419112302129523 349
1694728277162 2.418109449914993 350
1694728277688 2.4171291196326283 351
1694728277993 2.416170790700453 352
1694728278450 2.415233954727529 353
1694728278760 2.414318115226529 354
1694728279157 2.4134227873331024 355
1694728279586 2.412547497531889 356
1694728279963 2.411691783389013 357
1694728280352 2.410855193290896 358
1694728280792 2.4100372861892607 359
1694728281098 2.409237631352158 360
1694728281379 2.4084558081208853 361
1694728281692 2.4076914056726535 362
1694728282025 2.4069440227888723 363
1694728282415 2.4062132676289036 364
1694728282832 2.4054987575091764 365
1694728283205 2.4048001186875214 366
1694728283568 2.4041169861526037 367
1694728283935 2.4034490034183333 368
1694728284285 2.402795822323143 369
1694728284653 2.4021571028340025 370
1694728284992 2.4015325128550744 371
1694728285449 2.4009217280408874 372
1694728285800 2.4003244316139294 373
1694728286134 2.399740314186549 374
1694728286458 2.399169073587074 375
1694728286828 2.398610414690027 376
1694728287255 2.3980640492503653 377
1694728287720 2.3975296957416337 378
1694728288010 2.397007079197941 379
1694728288383 2.3964959310596705 380
1694728288734 2.395995989022838 381
1694728289108 2.3955069968920077 382
1694728289457 2.395028704436683 383
1694728289865 2.394560867251092 384
1694728290262 2.3941032466172807 385
1694728290675 2.3936556093714465 386
1694728291047 2.3932177277734215 387
1694728291367 2.3927893793792454 388
1694728291771 2.392370346916743 389
1694728292091 2.391960418164042 390
1694728292422 2.39155938583096 391
1694728292845 2.391167047443191 392
1694728293209 2.3907832052292255 393
1694728293556 2.390407666009941 394
1694728293944 2.3900402410908055 395
1694728294316 2.38968074615661 396
1694728294749 2.389329001168705 397
1694728295102 2.3889848302646466 398
1694728295451 2.3886480616602195 399
1694728295821 2.388318527553771 400
1694728296146 2.387996064032801 401
1694728296488 2.387680510982756 402
1694728296943 2.3873717119979765 403
1694728297448 2.3870695142947445 404
1694728297841 2.386773768626383 405
1694728298176 2.386484329200356 406
1694728298562 2.386201053597327 407
1694728298988 2.3859238026921243 408
1694728299334 2.3856524405765716 409
1694728299779 2.3853868344841374 410
1694728300122 2.385126854716358 411
1694728300475 2.3848723745710054 412
1694728300836 2.3846232702719363 413
1694728301125 2.384379420900602 414
1694728301426 2.3841407083291717 415
1694728301903 2.3839070171552303 416
1694728302204 2.3836782346380194 417
1694728302582 2.3834542506361736 418
1694728302956 2.38323495754693 419
1694728303315 2.383020250246768 420
1694728303673 2.382810026033449 421
1694728304076 2.3826041845694186 422
1694728304438 2.3824026278265418 423
1694728304820 2.3822052600321464 424
1694728305145 2.3820119876163264 425
1694728305429 2.381822719160496 426
1694728305785 2.381637365347149 427
1694728306075 2.381455838910805 428
1694728306517 2.381278054590105 429
1694728306921 2.381103929081042 430
1694728307357 2.380933380991283 431
1694728307771 2.380766330795578 432
1694728308177 2.3806027007922057 433
1694728308582 2.380442415060451 434
1694728309059 2.3802853994190856 435
1694728309456 2.380131581385815 436
1694728309854 2.3799808901376913 437
1694728310229 2.3798332564724465 438
1694728310593 2.3796886127707455 439
1694728311026 2.379546892959314 440
1694728311464 2.3794080324749496 441
1694728311881 2.3792719682293586 442
1694728312223 2.3791386385748403 443
1694728312633 2.379007983270761 444
1694728313049 2.378879943450826 445
1694728313480 2.3787544615911167 446
1694728313872 2.3786314814788785 447
1694728314223 2.378510948182042 448
1694728314593 2.3783928080194636 449
1694728314947 2.378277008531856 450
1694728315286 2.3781634984534135 451
1694728315666 2.3780522276840923 452
1694728316047 2.3779431472625516 453
1694728316412 2.377836209339717 454
1694728316853 2.3777313671529816 455
1694728317255 2.3776285750009927 456
1694728317786 2.377527788219047 457
1694728318330 2.3774289631550567 458
1694728318815 2.377332057146071 459
1694728319356 2.3772370284953652 460
1694728319806 2.3771438364500517 461
1694728320376 2.3770524411792264 462
1694728320899 2.376962803752617 463
1694728321320 2.376874886119745 464
1694728321694 2.376788651089563 465
1694728322120 2.3767040623105777 466
1694728322501 2.376621084251435 467
1694728322938 2.37653968218196 468
1694728323348 2.376459822154643 469
1694728323708 2.3763814709865567 470
1694728324068 2.376304596241698 471
1694728324415 2.376229166213742 472
1694728324784 2.376155149909201 473
1694728325207 2.3760825170309783 474
1694728325529 2.3760112379623037 475
1694728325875 2.3759412837510476 476
1694728326292 2.3758726260944 477
1694728326664 2.37580523732391 478
1694728326970 2.3757390903908737 479
1694728327514 2.375674158852062 480
1694728327900 2.375610416855785 481
1694728328194 2.375547839128281 482
1694728328564 2.3754864009604257 483
1694728328962 2.375426078194741 484
1694728329380 2.3753668472127263 485
1694728329886 2.375308684922467 486
1694728330422 2.3752515687465436 487
1694728330807 2.3751954766102186 488
1694728331179 2.3751403869299006 489
1694728331578 2.3750862786018763 490
1694728331938 2.375033130991306 491
1694728332344 2.3749809239214765 492
1694728332728 2.374929637663301 493
1694728333163 2.3748792529250715 494
1694728333447 2.3748297508424403 495
1694728333762 2.3747811129686416 496
1694728334156 2.3747333212649395 497
1694728334516 2.374686358091297 498
1694728334920 2.3746402061972636 499
