1694725991333 1.440355019543706 0
1694725991585 1.805455360082577 1
1694725991826 0.9129414495352358 2
1694725992074 1.3197574714716978 3
1694725992415 1.852783698036891 4
1694725992750 1.4722556318259892 5
1694725993029 0.9085349116233556 6
1694725993259 0.04724280647046934 7
1694725993516 0.008838526880181835 8
1694725993796 1.4718550414527987 9
1694725994103 0.1391316822245834 10
1694725994330 1.010338797020449 11
1694725994636 0.8841482485663579 12
1694725994983 3.196072306610348 13
1694725995292 0.0056171313768506375 14
1694725995603 0.1309072318436575 15
1694725995914 3.4278669524399645 16
1694725996227 11.017503628722189 17
1694725996483 1.2980679689074028 18
1694725996783 0.8277736380937439 19
1694725997243 12.407369309183585 20
1694725997538 5.296421413567741 21
1694725997941 0.0004248009426215284 22
1694725998244 0.4250663463272973 23
1694725998589 0.0761639745541054 24
1694725998911 0.5127167666230475 25
1694725999250 0.41860084843868633 26
1694725999599 0.10297537723548944 27
1694726000008 0.11032472351344003 28
1694726000273 1.2135663204490355 29
1694726000598 2.1753188561501986 30
1694726000887 2.4795749619364558 31
1694726001198 17.140837276418043 32
1694726001500 0.6208894013390917 33
1694726001807 3.6608261622230898 34
1694726002138 1.7336827537140969 35
1694726002394 1.486380831971597 36
1694726002634 0.35974145050327244 37
1694726002885 10.762201810142901 38
1694726003173 1.4101980123815516 39
1694726003415 5.06170017641507 40
1694726003725 3.795533303828698 41
1694726003985 0.19197161752894337 42
1694726004275 14.614033145820107 43
1694726004563 4.836813964762834 44
1694726004867 8.07683917547248 45
1694726005175 0.0069921848486268826 46
1694726005583 0.6133679901090482 47
1694726005965 1.7359766319716605 48
1694726006285 4.74964651647726 49
1694726006565 10.822075853528668 50
1694726006874 3.414351500221784 51
1694726007225 5.354382211983503 52
1694726007518 1.178383762676254 53
1694726007790 0.21354222129750713 54
1694726008201 0.8341686401885795 55
1694726008506 0.02398216888108121 56
1694726008779 0.8556779969668089 57
1694726009056 0.7603132968671843 58
1694726009356 2.6605810004019457 59
1694726009650 0.6025837261434636 60
1694726009965 0.1927643439945967 61
1694726010330 0.2299564398549348 62
1694726010602 0.317064373201228 63
1694726010874 0.5612001022107614 64
1694726011185 1.1412031685445296 65
1694726011495 0.11104634939771159 66
1694726011798 1.833246024860591 67
1694726012105 0.028282084787872617 68
1694726012457 3.8055644975250775 69
1694726012817 0.0019061803894083564 70
1694726013230 0.8911021785913157 71
1694726013545 0.16935601493788482 72
1694726013817 0.9660078597219592 73
1694726014099 0.7369370708732088 74
1694726014432 2.1607391452097113 75
1694726014726 0.16826430554845032 76
1694726015041 9.279196457775082e-05 77
1694726015474 5.755921985421737 78
1694726015722 3.10421968392885 79
1694726015999 1.5522846485853663 80
1694726016315 0.6768182443154956 81
1694726016641 0.8251799319390889 82
1694726017056 0.6405426957177701 83
1694726017364 0.010683486028549832 84
1694726017658 1.266849684442228 85
1694726017952 0.423191631127781 86
1694726018260 0.13510040580528784 87
1694726018604 1.1977379754937592 88
1694726018860 0.09558790597831908 89
1694726019198 0.01926097747699847 90
1694726019522 0.42123442535879624 91
1694726019813 9.274201530369185 92
1694726020085 1.134004851128516 93
1694726020403 5.295054397647059 94
1694726020680 0.011169628702342603 95
1694726020942 2.0436677555627702 96
1694726021199 9.503497903100321 97
1694726021578 0.8326524244473501 98
1694726021845 0.17569202751843002 99
1694726022156 1.9019675596661945 100
1694726022480 0.03507243546334493 101
1694726022741 0.17886947452379637 102
1694726023045 1.9499267035839518 103
1694726023359 2.9515452052542708 104
1694726023710 0.3234146160349002 105
1694726023982 0.261961281465905 106
1694726024299 6.962180059481691 107
1694726024604 0.4077219733676834 108
1694726024845 1.7342124147234284 109
1694726025320 1.3981649866748025 110
1694726025649 0.10385061662216236 111
1694726025946 2.553294820316817 112
1694726026355 10.870606697994097 113
1694726026864 8.616934748380647 114
1694726027228 1.228587315425662 115
1694726027550 9.288281207690906 116
1694726027842 0.0001676287110310477 117
1694726028247 0.5935998629148763 118
1694726028564 0.7430097855390224 119
1694726028836 15.46938348406281 120
1694726029069 0.04332447183974198 121
1694726029336 0.19917248657468295 122
1694726029654 0.43175255315019984 123
1694726029942 0.7374015611937125 124
1694726030249 1.9327907459205549 125
1694726030614 2.4176408238041645 126
1694726030882 0.16696145837074589 127
1694726031189 1.5577762144091487 128
1694726031526 0.7982318386888727 129
1694726031821 1.4570399463588162 130
1694726032122 0.0172113876012576 131
1694726032444 6.912082141693991 132
1694726032812 0.02185221626180086 133
1694726033101 0.019517538370631464 134
1694726033413 2.7643960074350393 135
1694726033746 0.5525419928824093 136
1694726034011 2.5798350234581595 137
1694726034292 0.08264670993355712 138
1694726034630 5.4043162421160265 139
1694726034928 0.7955347291743043 140
1694726035212 1.0223864271778345 141
1694726035610 4.204382844262403 142
1694726035909 0.5447241559092845 143
1694726036223 0.6699206250934219 144
1694726036622 0.19892084669449228 145
1694726037041 0.31650794482899725 146
1694726037325 0.6312748214693109 147
1694726037639 0.11850538613040905 148
1694726037944 0.001833410891733765 149
1694726038174 0.42460685858856756 150
1694726038439 0.20057022190996593 151
1694726038749 0.17328776662163117 152
1694726039010 0.04801589851669012 153
1694726039265 0.02004445457678508 154
1694726039537 0.42112962249037733 155
1694726039802 0.31225477599240653 156
1694726040076 0.8879678354698692 157
1694726040394 3.4470109401026394 158
1694726040688 0.12534733101472426 159
1694726040953 2.3734454223376455 160
1694726041250 0.3791154743903597 161
1694726041705 0.6522371872496903 162
1694726041977 2.3997778430873744 163
1694726042292 1.1932763646294589 164
1694726042598 4.335550406798039 165
1694726042920 9.02773722647396 166
1694726043191 1.3338937961295103 167
1694726043496 0.09022080382887526 168
1694726043865 4.278107202934684 169
1694726044134 2.886749599376997 170
1694726044452 1.6152563619449554 171
1694726044752 0.03032642681563513 172
1694726045027 0.2294935618932438 173
1694726045372 0.6646720635279423 174
1694726045687 0.6361095580767723 175
1694726046018 6.149734818751269 176
1694726046247 0.3225300095289764 177
1694726046502 0.11982645639937091 178
1694726046786 4.57816067313933 179
1694726047130 0.2287334977229163 180
1694726047472 0.3483792207849375 181
1694726047788 11.479531436053382 182
1694726048087 7.000970760329431 183
1694726048422 0.16915684287529614 184
1694726048692 0.06094811595432583 185
1694726048933 1.1584807186018575 186
1694726049186 0.15089749982705994 187
1694726049496 4.976205839432651 188
1694726049778 4.4964802009613125 189
1694726050012 0.5097640600456365 190
1694726050244 0.5203616219099071 191
1694726050553 1.2919730898053885 192
1694726050865 10.697637968903939 193
1694726051096 2.8278147561068523 194
1694726051328 0.1080428000047007 195
1694726051618 1.3571245510050869 196
1694726051908 0.5739960416633573 197
1694726052200 0.20463677765087004 198
1694726052481 0.28553049525683066 199
1694726052864 3.0587269596635447 200
1694726053151 0.013169459189703907 201
1694726053401 0.9236201022537267 202
1694726053646 1.3868936011765332 203
1694726053922 4.82004121979974 204
1694726054233 6.254745160575036 205
1694726054448 0.23272167980513916 206
1694726054666 0.276231405035491 207
1694726054981 0.0031919886101638506 208
1694726055234 0.09708909102702001 209
1694726055544 18.3315499975689 210
1694726055866 0.007486913270203366 211
1694726056183 3.0352207428740163 212
1694726056466 1.2604410213744874 213
1694726056781 0.008427246457657666 214
1694726057332 0.12897066436917623 215
1694726057614 1.7486567445142698 216
1694726057919 1.8546500713223841 217
1694726058223 0.09347638001062239 218
1694726058509 3.0494254443534756 219
1694726058805 0.9663131279949982 220
1694726059118 0.0689665529736324 221
1694726059489 0.22362023796226171 222
1694726059796 0.006174444330760624 223
1694726060113 1.234248048313426 224
1694726060402 2.100576369525871 225
1694726060657 0.557309789596226 226
1694726060926 0.007976140838191089 227
1694726061218 0.0082925698812239 228
1694726061512 2.4120452033375903 229
1694726061847 0.16471195366773833 230
1694726062178 0.6376528566024614 231
1694726062519 4.484319413576549 232
1694726062771 0.2283584527077117 233
1694726063058 2.3292015916913127 234
1694726063353 0.784677632657885 235
1694726063644 1.5219513198945984 236
1694726064008 7.109058297937837 237
1694726064342 0.24592009788916216 238
1694726064633 0.09594793875182722 239
1694726064947 2.9474334514157663 240
1694726065269 0.2594070161431099 241
1694726065598 0.2755717374745191 242
1694726065904 9.998667824564013 243
1694726066272 9.462180710586479 244
1694726066558 1.4371965902472352 245
1694726066803 0.014364277949778018 246
1694726067074 1.0624741975768204 247
1694726067366 0.041184990468052164 248
1694726067644 16.80941973832034 249
1694726068014 0.42293262473173837 250
1694726068368 6.1900405974595305 251
1694726068654 1.466746520304124 252
1694726068924 0.7364213335918051 253
1694726069214 0.060235418186188515 254
1694726069515 1.3222597097864062 255
1694726069755 2.0248856527361654 256
1694726070047 1.9986447538534515 257
1694726070364 25.681711862977846 258
1694726070694 0.008890701755052449 259
1694726070915 1.114951036546581 260
1694726071229 0.26260317475128286 261
1694726071479 0.7677135342948014 262
1694726071714 1.2167221858022301 263
1694726071968 0.12497140937166801 264
1694726072277 5.336097592206865 265
1694726072589 2.7709483661736334 266
1694726072855 1.1682917843120884 267
1694726073096 8.84091020466873 268
1694726073366 0.5180959958447539 269
1694726073678 0.0016829882359000305 270
1694726073888 2.6139746594767996 271
1694726074123 0.6464694911318947 272
1694726074396 0.09360853930419276 273
1694726074679 0.06057645627658569 274
1694726074992 0.3425989871241674 275
1694726075439 0.008102256176438605 276
1694726075731 0.12428610441369992 277
1694726075954 0.28988900804473355 278
1694726076216 2.760204490897506 279
1694726076538 1.0249689439105325 280
1694726076795 0.7484055409972916 281
1694726077074 0.05047566777119324 282
1694726077501 0.09508619525714562 283
1694726077866 0.693189901567275 284
1694726078091 0.2882042214486214 285
1694726078367 0.49039440154858077 286
1694726078681 0.004181405938042507 287
1694726078997 1.1864608388054063 288
1694726079208 13.67749817007731 289
1694726079461 0.6834379900991967 290
1694726079723 3.466339744394592 291
1694726079987 34.12610673222957 292
1694726080269 0.07310969573459652 293
1694726080566 3.837351546000206 294
1694726080810 0.33750442810288994 295
1694726081082 0.055496163562202536 296
1694726081361 1.3946719276407467 297
1694726081697 0.7682544196186452 298
1694726082039 0.0007199209530108416 299
1694726082307 0.10983445236383416 300
1694726082617 0.007465354725456363 301
1694726082934 0.29291358345780033 302
1694726083183 4.44737120689613 303
1694726083436 0.0008370414093405436 304
1694726083736 0.0983604841336797 305
1694726084071 0.020753495180662596 306
1694726084339 1.74810097772559 307
1694726084638 0.04603079923738211 308
1694726084905 0.29835606685273275 309
1694726085146 0.4675720021360546 310
1694726085545 3.7242408234807365 311
1694726085855 4.788205911590838 312
1694726086147 0.0745829570082054 313
1694726086497 3.013997388901387 314
1694726086812 2.9379374860265193 315
1694726087201 0.16929656542336147 316
1694726087474 1.0629497978631892 317
1694726087784 0.09749282874200027 318
1694726088088 0.29960798652003845 319
1694726088414 0.5752279933318062 320
1694726088756 0.7118899444009231 321
1694726089073 5.965857513877859 322
1694726089435 0.2700936629868712 323
1694726089918 9.60722318869819 324
1694726090191 0.5111281399009339 325
1694726090412 0.18883596933320804 326
1694726090792 0.7398843465772559 327
1694726091130 1.9898506242910237 328
1694726091416 1.560373323110882 329
1694726091729 1.8830295181886891 330
1694726092047 30.915675142402765 331
1694726092320 1.732523741941422 332
1694726092673 0.4220261928953843 333
1694726093050 2.3221013944762467 334
1694726093325 0.027087328050873046 335
1694726093640 0.6988836124733954 336
1694726093963 0.7061517701850466 337
1694726094270 0.027162048759861647 338
1694726094527 0.328942903477249 339
1694726094853 0.026886479163533334 340
1694726095205 0.0033079656859332797 341
1694726095499 0.3071284740693235 342
1694726095773 0.15594074373425507 343
1694726096063 0.34759692923305896 344
1694726096339 0.3748508168747773 345
1694726096655 4.774072654447365 346
1694726096965 0.8361978946380572 347
1694726097431 9.243823866960083 348
1694726097791 2.6499728036832066 349
1694726098124 0.5357330268496256 350
1694726098393 0.14833473207232373 351
1694726098677 0.09014963769970699 352
1694726098991 0.5005860501514094 353
1694726099326 0.000134413888703218 354
1694726099630 0.007771559395794324 355
1694726099901 2.632614783413417 356
1694726100243 1.1069844248956169 357
1694726100533 1.424463254826272 358
1694726100843 4.008128736660366 359
1694726101154 0.7081350294069952 360
1694726101472 0.13462809423233846 361
1694726101843 2.595759677194213 362
1694726102199 0.7057534538184488 363
1694726102522 0.5442470030175489 364
1694726102824 0.20718864354753322 365
1694726103142 7.569718601118943 366
1694726103445 0.26691072994136544 367
1694726103714 0.09664037059034568 368
1694726104076 0.5408710389180091 369
1694726104387 0.5429493158805563 370
1694726104695 0.9349649495312887 371
1694726104966 0.0011074390539077194 372
1694726105251 2.3231569071068225 373
1694726105600 0.0011405172276503766 374
1694726105881 0.1244270482223398 375
1694726106214 2.1810753566323635 376
1694726106588 1.8025027169716488 377
1694726106973 0.8170175665332186 378
1694726107295 0.2660778681916952 379
1694726107542 1.7899439666566552 380
1694726107834 0.6816896124520946 381
1694726108152 24.800728898413258 382
1694726108513 0.4292043908440133 383
1694726108852 0.321639562780371 384
1694726109127 25.042297550654908 385
1694726109411 1.1986583391406267 386
1694726109715 3.221894860181342 387
1694726110035 0.839224548235739 388
1694726110293 0.3229639044589218 389
1694726110630 0.3610338363529209 390
1694726111010 0.29485246356851796 391
1694726111323 0.27966139895548636 392
1694726111606 1.3371664881297523 393
1694726111925 0.006260006561812187 394
1694726112240 1.707457358235035 395
1694726112552 0.24464154562354198 396
1694726112804 0.0015505297465107002 397
1694726113154 2.3357799530860714 398
1694726113470 2.9295572129464986 399
1694726113716 0.5721616525571123 400
1694726114070 0.45361596720127 401
1694726114394 1.9245917373846764 402
1694726114667 9.217386076806497 403
1694726114958 0.003403718855532909 404
1694726115371 3.717952251572637 405
1694726115667 4.463623215269105 406
1694726115917 0.15262005640913878 407
1694726116261 1.018800429345296 408
1694726116594 0.6441384366743855 409
1694726116852 7.607921784244899 410
1694726117359 4.237116247686772 411
1694726117666 5.249444814136502 412
1694726117939 0.11347957548392691 413
1694726118203 0.029627500292377013 414
1694726118477 5.831515594149922 415
1694726118724 5.696808673549283 416
1694726118964 1.3477031850255725 417
1694726119284 0.3430101246885378 418
1694726119690 0.09855333756589668 419
1694726119997 0.09564500157136713 420
1694726120316 0.08120425195596694 421
1694726120663 0.009283053829886489 422
1694726120939 0.9070505761458856 423
1694726121269 9.665349213659864 424
1694726121582 0.10239448593181347 425
1694726121904 0.001474397503064155 426
1694726122177 0.12027097236921534 427
1694726122501 1.4486458570677874 428
1694726122815 2.704336757664178 429
1694726123041 5.799795317907808 430
1694726123319 0.9261842115787768 431
1694726123611 0.010540164441458017 432
1694726123893 0.5828058395732751 433
1694726124269 8.410040683211454 434
1694726124584 0.010871195551706639 435
1694726124876 3.586591613422425 436
1694726125158 0.44109765427353553 437
1694726125542 0.07218861743843309 438
1694726125889 1.7491704891260966 439
1694726126232 0.4693069330187257 440
1694726126596 6.474188229773452 441
1694726126877 0.009781032051509405 442
1694726127226 3.9671422197281467 443
1694726127551 3.943635475906702 444
1694726127846 0.20253304548375337 445
1694726128185 0.5963487214693683 446
1694726128559 1.7224349429853654 447
1694726128854 0.02820893799439928 448
1694726129125 2.5233175262282805 449
1694726129382 1.5212473258307693 450
1694726129670 1.6350309519763706 451
1694726129929 0.031683169539653375 452
1694726130228 0.28152895517546267 453
1694726130545 0.052370229783066546 454
1694726130849 3.936913610475609 455
1694726131085 11.477848742209844 456
1694726131385 1.813148950966798 457
1694726131698 2.4536777955695097 458
1694726131971 0.9281072767456094 459
1694726132280 0.10706670350502305 460
1694726132580 1.5195637844963394 461
1694726132922 0.17909383244944918 462
1694726133226 0.23560675922673427 463
1694726133523 0.7806000830330567 464
1694726133800 0.0023160498690873222 465
1694726134059 0.6324717406683094 466
1694726134350 0.2828318318515102 467
1694726134665 3.838325344843887 468
1694726134943 1.6170445222839664 469
1694726135274 0.0003342033242734058 470
1694726135659 2.144963996821202 471
1694726135950 0.2334486762335465 472
1694726136218 10.544474740257664 473
1694726136469 8.395359290724691 474
1694726136786 0.12163819789677731 475
1694726137054 7.2667823747862155 476
1694726137370 2.58460530850118 477
1694726137696 4.982838395480313 478
1694726137968 2.810980573158974 479
1694726138246 0.09983624962683485 480
1694726138567 0.4508791229506346 481
1694726138906 3.3617442481771325 482
1694726139244 0.7368848424731033 483
1694726139601 7.856995773430831 484
1694726139935 1.1569453916906156 485
1694726140165 0.5914443399528044 486
1694726140396 4.784247048976751 487
1694726140687 0.6477935265187728 488
1694726140976 4.41046719914314 489
1694726141280 0.004192871528759758 490
1694726141568 0.8321451519717135 491
1694726141976 0.2821672255289204 492
1694726142280 0.4426633181574321 493
1694726142593 3.2565184002377205 494
1694726142905 0.12818490599217164 495
1694726143186 6.358809598152792 496
1694726143537 0.1870060009531735 497
1694726143844 0.3774201976663109 498
1694726144203 7.2021533345598625 499
