1694719837330 1.7663846797906568 0
1694719837643 3.58663722098386 1
1694719837841 11.475893834181823 2
1694719838090 0.7066752169922271 3
1694719838389 0.574892594065104 4
1694719838680 5.627950876794846 5
1694719838897 0.5760510238284693 6
1694719839135 0.003191245480927289 7
1694719839373 0.007581612740904997 8
1694719839651 9.528125455864163 9
1694719839910 1.0826922775296934 10
1694719840169 0.44113066833690723 11
1694719840446 0.09407689172646636 12
1694719840652 0.43618688553991736 13
1694719840906 0.12188301803699632 14
1694719841194 1.170594008994211 15
1694719841466 0.0032281170163097742 16
1694719841752 0.007765095644676297 17
1694719842088 0.8771004817222117 18
1694719842382 0.03851527683092476 19
1694719842689 0.6174460442498797 20
1694719842931 0.44835055504174764 21
1694719843188 1.4504322773859806 22
1694719843455 0.04163944123877718 23
1694719843710 0.40514081676193453 24
1694719843976 0.009790243532351313 25
1694719844221 0.0015083475720883927 26
1694719844494 0.7524123389088743 27
1694719844768 0.18774960098309934 28
1694719844962 0.04906772801079235 29
1694719845223 0.04664677608202432 30
1694719845504 0.12826073934953652 31
1694719845783 2.0218561216568527 32
1694719846088 0.08785669558614795 33
1694719846396 0.021335333247537485 34
1694719846682 0.028074149782088526 35
1694719846938 0.41427317711287587 36
1694719847246 0.5422105004891089 37
1694719847526 12.431047006991996 38
1694719847816 28.28528606661292 39
1694719848061 8.067253241233848 40
1694719848356 3.5914453141194187 41
1694719848609 1.2920985607669615 42
1694719848864 0.03896440148038127 43
1694719849091 0.07199914896974886 44
1694719849377 21.307419152725043 45
1694719849622 1.6782430380948588 46
1694719849875 18.94912306418526 47
1694719850054 0.16784885519908596 48
1694719850371 0.5375953740401519 49
1694719850727 0.18709459434555592 50
1694719850983 1.7311590643295591 51
1694719851180 1.1646341619171572 52
1694719851453 1.1718698236055043 53
1694719851705 2.370511189794179 54
1694719851973 0.7807274849601155 55
1694719852265 0.21005799246497486 56
1694719852566 2.2074460724922176 57
1694719852899 0.08258505120207887 58
1694719853161 3.7090617391225753 59
1694719853998 0.6235304460005343 60
1694719854285 0.22398118966053884 61
1694719854681 1.2687032579247415 62
1694719855049 0.44742081593926497 63
1694719855347 2.9395105675364936 64
1694719855625 4.997909473058399 65
1694719855929 0.37980486647382206 66
1694719856190 0.39617789631781597 67
1694719856437 0.24403076969667614 68
1694719856691 0.015490115717783486 69
1694719856976 0.06619594877929748 70
1694719857233 0.1036959750438377 71
1694719857529 0.04065339097839351 72
1694719857813 2.0910541157094786 73
1694719858095 1.445143178516735 74
1694719858361 0.15451480682834146 75
1694719858667 2.067753781769869 76
1694719858975 1.591835506616427 77
1694719859214 1.1081500987093031 78
1694719859556 4.712996415669464 79
1694719859841 0.055856688885339435 80
1694719860138 0.04182068600183743 81
1694719860486 1.919190841981037 82
1694719860776 0.03567675508871582 83
1694719861013 0.7468274354196799 84
1694719861354 0.027333679766358136 85
1694719861683 0.1274231590090384 86
1694719861998 5.180831264893444 87
1694719862299 0.060579369673347414 88
1694719862598 1.5500007984500772 89
1694719862885 6.659530404989562 90
1694719863148 0.1412017068925681 91
1694719863402 1.4666751839372358 92
1694719863659 0.11868837728139188 93
1694719864005 0.41897474842929916 94
1694719864232 0.0022142813170766113 95
1694719864540 0.1501563618508173 96
1694719864822 0.5891324675916447 97
1694719865099 0.3418042921659056 98
1694719865369 5.470050263387074 99
1694719865659 0.03539856047492488 100
1694719865975 2.1020550457880836 101
1694719866259 11.281594725852905 102
1694719866518 2.275411184227201 103
1694719866805 6.785961673616992 104
1694719867094 0.8193568795839277 105
1694719867358 0.050622523215773534 106
1694719867653 7.483726330857824 107
1694719867926 1.5221193388013816 108
1694719868221 0.5414380406387633 109
1694719868462 0.010306159900431674 110
1694719868765 0.15045714729073428 111
1694719869049 0.050273919864625254 112
1694719869329 0.04561169875666211 113
1694719869562 0.01385791081738593 114
1694719869872 0.3102974603530065 115
1694719870160 0.04136631661009413 116
1694719870532 2.2617639677241215 117
1694719870842 0.004110828700522181 118
1694719871049 0.5296455214240703 119
1694719871315 0.35586910235968044 120
1694719871559 2.7709737177990745 121
1694719871865 0.7825092902241864 122
1694719872192 7.387690525755773 123
1694719872450 9.604923083471547 124
1694719872767 0.04395154989150768 125
1694719873072 2.1421111645016375 126
1694719873357 0.3955634991740733 127
1694719873612 4.607573866597977 128
1694719873920 0.12399873396797317 129
1694719874212 0.2838315782279327 130
1694719874488 2.6606788835497714 131
1694719874820 0.5698416956089951 132
1694719875162 0.029107984372859216 133
1694719875395 0.10351897123229838 134
1694719875608 1.0546504036330964 135
1694719875907 0.30505334625127345 136
1694719876317 0.16341127033555436 137
1694719876524 0.23900705396716146 138
1694719876738 1.8900677731349502 139
1694719877001 0.002999236443929099 140
1694719877380 0.052271220283350975 141
1694719877654 0.9750740799103118 142
1694719877905 0.12376833592339731 143
1694719878182 0.0033534930868957947 144
1694719878474 0.9059009788350872 145
1694719878692 0.7802528562429849 146
1694719878973 5.960215447336452 147
1694719879263 0.40953733012056265 148
1694719879598 0.14851543297362713 149
1694719879871 0.5772555322412981 150
1694719880146 0.6237859747258052 151
1694719880520 0.7469525670874683 152
1694719880735 3.907726328910745 153
1694719880991 0.7595646684365562 154
1694719881281 0.4841088189202582 155
1694719881648 11.378630666461273 156
1694719881878 0.016774836876534267 157
1694719882221 1.1391157609277707 158
1694719882553 1.1927452188747278 159
1694719882776 0.10674823919700727 160
1694719883041 1.8966769862808777 161
1694719883349 0.03452741999906869 162
1694719883702 0.007034392284249423 163
1694719883990 0.019003331440457794 164
1694719884276 0.14815499416926506 165
1694719884563 0.2099677289807446 166
1694719884806 0.2261292420149785 167
1694719885092 0.02058704919334412 168
1694719885398 0.8514746263668932 169
1694719885659 0.9825551152690604 170
1694719885935 0.5856778931843244 171
1694719886267 7.693477084033766 172
1694719886557 0.370739401314103 173
1694719886822 0.6512351540344018 174
1694719887072 0.3840671313997209 175
1694719887366 0.3289599494072667 176
1694719887649 0.4642566300279464 177
1694719887921 0.2845303274767233 178
1694719888246 3.667981540499043 179
1694719888599 0.4798073943731888 180
1694719888841 0.09909152338004616 181
1694719889131 0.39716619319610696 182
1694719889405 0.1664518693607789 183
1694719889690 1.8056618817980903 184
1694719889898 0.060105684457689997 185
1694719890167 2.2515097628804708 186
1694719890564 3.6367583984145235 187
1694719890821 0.12235509740273073 188
1694719891107 0.027565605285303444 189
1694719891390 0.32767635007955476 190
1694719891681 0.26215047046473444 191
1694719891885 0.5552759003035486 192
1694719892204 0.5113829179563083 193
1694719892507 2.1050520178736525 194
1694719892838 1.2289209016631757 195
1694719893099 0.00136417190540008 196
1694719893394 0.4200613180103053 197
1694719893679 0.7628008385684125 198
1694719893912 17.393503006531077 199
1694719894193 0.5896059513909581 200
1694719894502 0.7492765817906984 201
1694719894781 0.00931187963051368 202
1694719895087 2.146233554250158 203
1694719895392 0.7457601728575641 204
1694719895660 0.06250691784218777 205
1694719895913 1.189795849670947 206
1694719896197 0.0008014396102364492 207
1694719896553 0.20811553037277217 208
1694719896890 0.031465467761862355 209
1694719897158 0.0028999156999153664 210
1694719897434 1.6098921002661137 211
1694719897699 0.8365871369284209 212
1694719897970 9.785238790297802 213
1694719898254 0.7091133368232273 214
1694719898558 2.9246630321964515 215
1694719898828 0.31546819190101805 216
1694719899119 0.0795753466219387 217
1694719899466 2.326339915923968 218
1694719899751 0.6362237947269073 219
1694719900026 3.6255823459892715 220
1694719900291 0.5171189771828781 221
1694719900620 2.240108325878437 222
1694719900887 0.0975120477537294 223
1694719901116 0.06963462991616996 224
1694719901335 1.2961545190176007 225
1694719901671 0.04251289949760527 226
1694719901925 0.3870204214104007 227
1694719902223 0.19268311338301183 228
1694719902505 0.3602157008534076 229
1694719902785 0.6286424221970539 230
1694719903039 0.24680990560738147 231
1694719903358 0.0315202877814677 232
1694719903647 0.08203592798273283 233
1694719903962 0.10475241958297414 234
1694719904257 0.7088794260481884 235
1694719904554 0.0012847680203825656 236
1694719904853 0.35318355980886884 237
1694719905141 0.12764275850453138 238
1694719905446 0.14862830368980637 239
1694719905725 0.004035347992994744 240
1694719906035 0.17549003457998394 241
1694719906290 0.010493049679197806 242
1694719906593 1.0371085456702467 243
1694719906859 2.1818394671619 244
1694719907055 0.4924503301041411 245
1694719907295 1.055268603183564 246
1694719907609 0.3472608135888166 247
1694719907881 0.15690624276556006 248
1694719908075 0.2210675271949118 249
1694719908376 0.03953334850897133 250
1694719908677 0.46682594001028255 251
1694719908956 0.39926809474089864 252
1694719909156 1.2003347186536588 253
1694719909385 0.06896377338401646 254
1694719909687 1.3745948472164318 255
1694719909970 0.05358656669872397 256
1694719910182 8.132371225157744 257
1694719910579 0.8333404768121166 258
1694719910808 0.9894842182376176 259
1694719911078 0.049345130523687816 260
1694719911360 0.40171220621081993 261
1694719911616 0.4544250434333042 262
1694719911916 0.0022558952141443333 263
1694719912203 0.5039175545373007 264
1694719912430 1.371112685668401 265
1694719912731 0.4225198417825043 266
1694719913037 0.11760540373534838 267
1694719913276 0.9066246892955154 268
1694719913494 2.15192394630509 269
1694719913777 1.5897510243272295 270
1694719914084 0.9813052655323629 271
1694719914277 3.423267406286729 272
1694719914528 0.03515157029188756 273
1694719914783 1.1257813368338712 274
1694719915147 0.5266041664242632 275
1694719915366 0.0014204754662688287 276
1694719915669 1.0147830468191095 277
1694719915958 4.653666452333311 278
1694719916249 0.11830013007520206 279
1694719916497 0.3634847558155809 280
1694719916749 0.02428144165970909 281
1694719917009 1.8108724674614964 282
1694719917321 0.03592292658233649 283
1694719917615 0.013141302799491552 284
1694719917900 0.923722529656441 285
1694719918202 0.06542569533049822 286
1694719918440 0.03828276630190546 287
1694719918719 1.5255129114821184 288
1694719919032 0.09765030271320214 289
1694719919353 1.0108616966506514 290
1694719919641 0.3723183732042556 291
1694719919920 2.963046474695382 292
1694719920219 0.05917733446592871 293
1694719920545 0.37331049943775557 294
1694719920820 1.0716336204095716 295
1694719921112 0.5674238479898457 296
1694719921387 0.9647299212220536 297
1694719921722 0.9560789355443187 298
1694719922001 0.7363538466661043 299
1694719922333 0.022675697258341943 300
1694719922624 0.10940935601356151 301
1694719922905 0.0006375838887880561 302
1694719923180 1.0484863655384726 303
1694719923441 0.0201580646582743 304
1694719923759 2.9061683854837885 305
1694719924057 0.03613716916389157 306
1694719924334 5.540441878483688 307
1694719924610 6.743886511058672 308
1694719924876 1.6665169349120008 309
1694719925149 0.2674015207241705 310
1694719925393 3.1068748902861385 311
1694719925663 0.0009630491678474087 312
1694719925972 0.2400357709244704 313
1694719926282 1.1037055292180478 314
1694719926521 0.04170425395293194 315
1694719926766 4.509129550538936 316
1694719927040 0.8698697269238123 317
1694719927313 0.11844721082430679 318
1694719927558 0.27578258411631 319
1694719927855 0.6806598916123459 320
1694719928133 1.7792646758775519 321
1694719928427 4.438822961415581 322
1694719928676 0.10321624275107626 323
1694719928972 0.9894476097679091 324
1694719929305 0.4255372983443651 325
1694719929705 0.7990001168870898 326
1694719930020 0.007095048167927426 327
1694719930291 0.2532251931838442 328
1694719930662 0.0080459588603776 329
1694719930969 0.41790576137235314 330
1694719931255 0.8303276956594792 331
1694719931495 0.006191660959238758 332
1694719931767 0.19947717976287085 333
1694719932076 1.3183123865480728 334
1694719932397 0.1375452765860647 335
1694719932703 0.13537805366009098 336
1694719932994 0.5599776398657431 337
1694719933287 0.051615054069309815 338
1694719933549 0.5346127323331661 339
1694719933833 0.18189426432098002 340
1694719934113 0.10320435228524026 341
1694719934389 0.9788628388555868 342
1694719934644 12.56109277805325 343
1694719934958 2.1092671492585158 344
1694719935249 0.1749010385189841 345
1694719935511 0.03511900758214053 346
1694719935778 1.3512399776013337 347
1694719936176 1.7479038045377298 348
1694719936497 1.6022940138917994 349
1694719936719 0.0035895533481498454 350
1694719936991 1.530958699029246 351
1694719937334 0.556826892262771 352
1694719937618 0.1515246091234681 353
1694719937898 0.2568458092659322 354
1694719938169 0.07025659641985954 355
1694719938457 1.163788054256392 356
1694719938737 0.04022461669555856 357
1694719938998 0.6064617926172393 358
1694719939314 0.6817130103770661 359
1694719939642 0.0886142704443126 360
1694719939929 0.0015676104686670608 361
1694719940218 0.008440649213482693 362
1694719940590 0.033902119544205946 363
1694719940816 0.4720936733400609 364
1694719941091 1.2542637017947689 365
1694719941382 2.1871259384381223 366
1694719941698 0.07774606266570694 367
1694719941948 0.1898746238968557 368
1694719942275 0.10594287128685488 369
1694719942559 0.0003571936942538798 370
1694719942801 0.07852700807470783 371
1694719943070 0.010471031921184195 372
1694719943350 0.7113443652358173 373
1694719943623 4.255094451336204 374
1694719943934 0.23982423270486936 375
1694719944290 0.2746509048121282 376
1694719944571 0.3943492106429066 377
1694719944849 1.3764129301967116 378
1694719945133 1.3484192659186376 379
1694719945418 1.5070180251323224 380
1694719945694 0.010382148450445472 381
1694719946031 0.9312563427607983 382
1694719946318 0.03786090566946638 383
1694719946617 0.11145177993271146 384
1694719946822 0.5810912320174395 385
1694719947084 0.14731322380414688 386
1694719947330 0.1830503772395307 387
1694719947618 0.02337998717888737 388
1694719947833 0.6411541893503485 389
1694719948085 0.10500742618248257 390
1694719948363 0.006991452388957612 391
1694719948622 0.44998267675049913 392
1694719948803 1.4334042106085376 393
1694719949068 3.7626147024487024 394
1694719949324 0.09289714274634683 395
1694719949612 0.2082915753763276 396
1694719949826 0.3612870077325899 397
1694719950046 1.1342530627802183 398
1694719950360 0.6696166164468611 399
1694719950713 0.8771109926167353 400
1694719950929 0.03906750705839025 401
1694719951164 0.35284994736777175 402
1694719951446 0.31365715943250827 403
1694719951729 0.7719207836885981 404
1694719951940 1.3797911777688714 405
1694719952285 0.8167411272970689 406
1694719952589 0.0017677153135799103 407
1694719952872 0.041541009940817115 408
1694719953160 1.1353310776539158 409
1694719953444 1.3657548711408058 410
1694719953716 0.0025396307728098397 411
1694719953939 5.955153318742592 412
1694719954196 1.582148961738299 413
1694719954487 0.01193694150355339 414
1694719954830 0.02059807950876734 415
1694719955084 0.006903822194454193 416
1694719955365 0.5887991032866045 417
1694719955688 0.4740091565704675 418
1694719955948 1.5444581117920888 419
1694719956156 0.005244770213240983 420
1694719956356 0.39105262258403145 421
1694719956594 4.631171397820027 422
1694719956867 0.46546248191270434 423
1694719957127 0.3404502684420092 424
1694719957395 0.18048922597032205 425
1694719957707 0.0015516723793941856 426
1694719957950 0.10360680575416628 427
1694719958199 0.22006582252750514 428
1694719958485 0.7770198094885147 429
1694719958792 0.06576561817570033 430
1694719959028 0.1504942745993268 431
1694719959280 0.7361553792615623 432
1694719959525 0.4338700437127088 433
1694719959811 2.6196417539396903 434
1694719960053 0.6204279828284244 435
1694719960277 0.016450822160552124 436
1694719960623 0.02175784704602642 437
1694719960964 4.1306067969979265 438
1694719961219 0.3533524241898231 439
1694719961563 3.687330665322698 440
1694719961853 4.338563085478399 441
1694719962120 0.12260423364108974 442
1694719962405 0.1844422709482845 443
1694719962708 2.3920488487962803 444
1694719962995 0.1459166017969531 445
1694719963214 0.020243104652104528 446
1694719963503 4.936474412400768 447
1694719963859 1.4765781595766885 448
1694719964137 3.8523145546550217 449
1694719964653 1.8377287826732331 450
1694719964943 0.038161988995953695 451
1694719965184 0.01945135117481507 452
1694719965441 0.48182699977200594 453
1694719965727 1.6248618469988503 454
1694719966069 0.06529804830773511 455
1694719966289 0.14448664584292775 456
1694719966647 2.2689437584080263 457
1694719966937 0.28313026738970865 458
1694719967201 2.039701465045793 459
1694719967478 0.00032269317955964854 460
1694719967788 0.829357031851695 461
1694719968106 1.031742263700565 462
1694719968365 0.35764456448019233 463
1694719968660 0.9852980107563429 464
1694719968943 1.8400807815673268 465
1694719969211 0.05186112291606934 466
1694719969491 0.033177328390278885 467
1694719969780 0.07786372721462366 468
1694719970023 1.759305489587694 469
1694719970294 0.6483670395230919 470
1694719970618 0.4616074766989825 471
1694719970856 0.8783982543767906 472
1694719971075 0.4087678829859804 473
1694719971299 0.00019094769746088827 474
1694719971608 1.072019140382737 475
1694719971958 0.6468197461793244 476
1694719972265 0.3904461747503247 477
1694719972599 0.0034587296235232684 478
1694719972900 0.10050273844262377 479
1694719973191 0.8356388213984265 480
1694719973410 0.7484466122312423 481
1694719973642 2.0481973395300708 482
1694719973898 0.0017695417793514704 483
1694719974204 1.0825131454035994 484
1694719974463 1.7221750470322854 485
1694719974768 0.013707455457036059 486
1694719975016 0.18596746579745033 487
1694719975267 0.5173909374339771 488
1694719975519 0.23022023250445342 489
1694719975814 0.10092030409107046 490
1694719976113 0.1879421296781593 491
1694719976380 1.550082425576389 492
1694719976644 0.8515445378398432 493
1694719976990 0.45918396600040096 494
