1694729880589 168.5401418523116 0
1694729881015 164.60161932277768 1
1694729881446 160.75652900832074 2
1694729881934 157.00265352294383 3
1694729882331 153.33782811593855 4
1694729882710 149.75993942232105 5
1694729883041 146.26692424293412 6
1694729883397 142.8567683535113 7
1694729883713 139.52750534201544 8
1694729884095 136.27721547358013 9
1694729884423 133.10402458239912 10
1694729884771 130.00610298992302 11
1694729885055 126.98166444874015 12
1694729885493 124.0289651115304 13
1694729885840 121.14630252449733 14
1694729886129 118.33201464469751 15
1694729886529 115.58447888069965 16
1694729886859 112.90211115601932 17
1694729887197 110.28336499478905 18
1694729887522 107.72673062913536 19
1694729887839 105.23073412774771 20
1694729888140 102.7939365451363 21
1694729888484 100.41493309108708 22
1694729888877 98.09235231983493 23
1694729889223 95.8248553384867 24
1694729889595 93.61113503423694 25
1694729889911 91.44991531993028 26
1694729890238 89.33995039753506 27
1694729890703 87.28002403910249 28
1694729891096 85.26894888479666 29
1694729891458 83.3055657575899 30
1694729891807 81.3887429942279 31
1694729892139 79.51737579207813 32
1694729892597 77.69038557148488 33
1694729892985 75.90671935326215 34
1694729893383 74.16534915096561 35
1694729893808 72.46527137759247 36
1694729894189 70.80550626636652 37
1694729894686 69.18509730527433 38
1694729895172 67.6031106850259 39
1694729895643 66.05863476012105 40
1694729896090 64.55077952271054 41
1694729896631 63.07867608894791 42
1694729897004 61.64147619753569 43
1694729897657 60.23835172017649 44
1694729898235 58.86849418364611 45
1694729898741 57.531114303212966 46
1694729899072 56.225441527134365 47
1694729899461 54.950723591966614 48
1694729899818 53.70622608843227 49
1694729900270 52.491232037593896 50
1694729900682 51.305041477089716 51
1694729901104 50.146971057191905 52
1694729901478 49.01635364645497 53
1694729901836 47.912537946725806 54
1694729902175 46.83488811729379 55
1694729902546 45.78278340796345 56
1694729902933 44.75561780083824 57
1694729903278 43.75279966060832 58
1694729903718 42.77375139314058 59
1694729904175 41.817909112173844 60
1694729904650 40.88472231392672 61
1694729905253 39.97365355943027 62
1694729905686 39.08417816440219 63
1694729906032 38.2157838964833 64
1694729906343 37.36797067966169 65
1694729906853 36.540250305713805 66
1694729907139 35.73214615249587 67
1694729907544 34.94319290892314 68
1694729907937 34.17293630647795 69
1694729908221 33.42093285709193 70
1694729908609 32.68674959725062 71
1694729909060 31.969963838173086 72
1694729909446 31.27016292192228 73
1694729909910 30.586943983305087 74
1694729910346 29.919913717424944 75
1694729910759 29.268688152752585 76
1694729911110 28.632892429584068 77
1694729911466 28.012160583757943 78
1694729911853 27.406135335507095 79
1694729912206 26.814467883322965 80
1694729912592 26.236817702713424 81
1694729912940 25.67285234973789 82
1694729913288 25.122247269206586 83
1694729913737 24.584685607432775 84
1694729914108 24.05985802943037 85
1694729914649 23.54746254045095 86
1694729915076 23.047204311757447 87
1694729915419 22.558795510533773 88
1694729915839 22.081955133832246 89
1694729916159 21.616408846462985 90
1694729916561 21.161888822731623 91
1694729917037 20.71813359193404 92
1694729917375 20.284887887518824 93
1694729917775 19.86190249983053 94
1694729918158 19.44893413234859 95
1694729918585 19.045745261338983 96
1694729918959 18.652103998837546 97
1694729919421 18.267783958885982 98
1694729919822 17.892564126943114 99
1694729920154 17.52622873239629 100
1694729920529 17.16856712409905 101
1694729920912 16.819373648863415 102
1694729921218 16.478447532836626 103
1694729921710 16.145592765693713 104
1694729922068 15.820617987579213 105
1694729922455 15.503336378732701 106
1694729922836 15.193565551734407 107
1694729923163 14.89112744630873 108
1694729923530 14.595848226624922 109
1694729924025 14.307558181035699 110
1694729924329 14.026091624195812 111
1694729924676 13.751286801504168 112
1694729925083 13.482985795814272 113
1694729925375 13.22103443635921 114
1694729925677 12.9652822098385 115
1694729926072 12.71558217361559 116
1694729926446 12.471790870975852 117
1694729926840 12.23376824839612 118
1694729927277 12.001377574778076 119
1694729927587 11.774485362598853 120
1694729927948 11.552961290933279 121
1694729928331 11.336678130303444 122
1694729928849 11.125511669312063 123
1694729929296 10.919340643017442 124
1694729929616 10.718046663008563 125
1694729929945 10.521514149140017 126
1694729930459 10.329630262887383 127
1694729930876 10.142284842284486 128
1694729931293 9.959370338405103 129
1694729931554 9.78078175335239 130
1694729931874 9.60641657972023 131
1694729932243 9.436174741491566 132
1694729932639 9.269958536339649 133
1694729933055 9.107672579298836 134
1694729933453 8.949223747772438 135
1694729933763 8.794521127845924 136
1694729934097 8.643475961874424 137
1694729934402 8.496001597314347 138
1694729934730 8.35201343676951 139
1694729935170 8.211428889223006 140
1694729935529 8.074167322426629 141
1694729935921 7.940150016420389 142
1694729936281 7.809300118155298 143
1694729936616 7.6815425971931965 144
1694729936995 7.556804202458103 145
1694729937421 7.435013420014093 146
1694729937935 7.316100431845354 147
1694729938313 7.199997075614603 148
1694729938765 7.08663680537668 149
1694729939149 6.975954653224605 150
1694729939549 6.8678871918459725 151
1694729939947 6.762372497968098 152
1694729940311 6.659350116670766 153
1694729940682 6.558761026546059 154
1694729941100 6.460547605685072 155
1694729941539 6.364653598471969 156
1694729941958 6.271024083166131 157
1694729942388 6.179605440253768 158
1694729942831 6.090345321550681 159
1694729943250 6.003192620038336 160
1694729943625 5.918097440415888 161
1694729944030 5.835011070351089 162
1694729944416 5.753885952413601 163
1694729944891 5.674675656674377 164
1694729945314 5.5973348539553935 165
1694729945707 5.521819289714291 166
1694729946030 5.448085758548786 167
1694729946371 5.376092079306232 168
1694729946745 5.305797070783881 169
1694729947134 5.237160528005897 170
1694729947468 5.170143199063367 171
1694729947889 5.104706762503968 172
1694729948270 5.040813805258292 173
1694729948681 4.978427801089983 174
1694729949069 4.91751308955737 175
1694729949440 4.85803485547435 176
1694729949964 4.799959108858773 177
1694729950645 4.743252665356643 178
1694729951036 4.687883127130936 179
1694729951428 4.633818864203981 180
1694729951873 4.581028996242577 181
1694729952319 4.529483374775433 182
1694729952784 4.47915256583261 183
1694729953220 4.430007832996939 184
1694729953541 4.3820211208576785 185
1694729954083 4.33516503885684 186
1694729954505 4.289412845518852 187
1694729955045 4.244738433054484 188
1694729955493 4.20111631233012 189
1694729955902 4.15852159819374 190
1694729956333 4.116929995149138 191
1694729956808 4.076317783370066 192
1694729957284 4.036661805046306 193
1694729957940 3.9979394510537256 194
1694729958355 3.9601286479406856 195
1694729958886 3.9232078452232293 196
1694729959287 3.887156002981792 197
1694729959703 3.8519525797521967 198
1694729960272 3.817577520704025 199
1694729960854 3.784011246099504 200
1694729961407 3.751234640026237 201
1694729961912 3.7192290393973115 202
1694729962331 3.6879762232124285 203
1694729962887 3.6574584020738383 204
1694729963478 3.627658207951066 205
1694729963871 3.598558684188484 206
1694729964614 3.5701432757499996 207
1694729965255 3.542395819695229 208
1694729965726 3.5153005358816305 209
1694729966172 3.488842017887271 210
1694729966663 3.463005224148962 211
1694729967125 3.4377754693106835 212
1694729967679 3.413138415777262 213
1694729968257 3.3890800654684705 214
1694729968708 3.3655867517687823 215
1694729969217 3.3426451316681187 216
1694729969716 3.320242178089071 217
1694729970192 3.2983651723961667 218
1694729970813 3.2770016970828832 219
1694729971230 3.2561396286321362 220
1694729971748 3.2357671305461886 221
1694729972295 3.215872646541898 222
1694729972736 3.1964448939074406 223
1694729973111 3.1774728570166215 224
1694729973495 3.158945780997069 225
1694729973985 3.140853165548653 226
1694729974419 3.1231847589085504 227
1694729974876 3.1059305519594895 228
1694729975316 3.089080772477758 229
1694729975719 3.0726258795176906 230
1694729976175 3.0565565579293597 231
1694729976603 3.0408637130063414 232
1694729976991 3.025538465260427 233
1694729977516 3.010572145320321 234
1694729977842 2.9959562889513394 235
1694729978245 2.9816826321932615 236
1694729978719 2.9677431066135065 237
1694729979021 2.9541298346729388 238
1694729979444 2.940835125201576 239
1694729979841 2.92785146898165 240
1694729980168 2.915171534435406 241
1694729980585 2.9027881634152353 242
1694729980943 2.8906943670936203 243
1694729981358 2.878883321950612 244
1694729981788 2.867348365856464 245
1694729982232 2.856082994247193 246
1694729982671 2.8450808563908425 247
1694729983086 2.834335751742327 248
1694729983528 2.823841626384713 249
1694729983944 2.813592569554933 250
1694729984478 2.8035828102518803 251
1694729984822 2.7938067139249663 252
1694729985172 2.7842587792412226 253
1694729985606 2.774933634929065 254
1694729985931 2.765826036696921 255
1694729986321 2.7569308642249486 256
1694729986819 2.7482431182280824 257
1694729987189 2.739757917588747 258
1694729987619 2.7314704965575682 259
1694729988085 2.7233762020204675 260
1694729988540 2.7154704908305662 261
1694729989056 2.7077489272033812 262
1694729989390 2.700207180173766 263
1694729989770 2.6928410211131757 264
1694729990128 2.685646321305809 265
1694729990561 2.6786190495822173 266
1694729990893 2.6717552700090414 267
1694729991424 2.665051139633519 268
1694729991847 2.658502906281485 269
1694729992258 2.652106906407582 270
1694729992662 2.6458595629964505 271
1694729993286 2.6397573835136745 272
1694729993710 2.6337969579053313 273
1694729994058 2.6279749566449495 274
1694729994708 2.6222881288267934 275
1694729995053 2.61673330030435 276
1694729995407 2.6113073718729454 277
1694729995847 2.606007317495462 278
1694729996342 2.600830182570107 279
1694729996751 2.595773082239265 280
1694729997100 2.590833199738428 281
1694729997483 2.5860077847842855 282
1694729997872 2.581294152001012 283
1694729998206 2.576689679383872 284
1694729998662 2.5721918067992458 285
1694729999363 2.567798034520211 286
1694729999743 2.56350592179684 287
1694730000151 2.5593130854603876 288
1694730000601 2.555217198560566 289
1694730001019 2.5512159890351245 290
1694730001434 2.547307238410958 291
1694730001876 2.5434887805360122 292
1694730002329 2.539758500341239 293
1694730002914 2.5361143326319002 294
1694730003413 2.5325542609075145 295
1694730003858 2.52907631620978 296
1694730004273 2.525678575997796 297
1694730004763 2.5223591630499436 298
1694730005229 2.519116244391794 299
1694730005774 2.515948030249419 300
1694730006218 2.512852773027512 301
1694730006670 2.5098287663117245 302
1694730007033 2.506874343894642 303
1694730007448 2.5039878788248413 304
1694730008010 2.5011677824784857 305
1694730008441 2.4984125036529194 306
1694730008983 2.4957205276817307 307
1694730009573 2.493090375570794 308
1694730010109 2.4905206031547826 309
1694730010803 2.4880098002736557 310
1694730011277 2.4855565899686685 311
1694730011829 2.4831596276974217 312
1694730012230 2.480817600567518 313
1694730012842 2.4785292265883685 314
1694730013419 2.4762932539407188 315
1694730014272 2.474108460263488 316
1694730014679 2.4719736519575024 317
1694730015112 2.469887663505718 318
1694730015659 2.467849356809544 319
1694730016111 2.4658576205408966 320
1694730016557 2.463911369509591 321
1694730017080 2.462009544045718 322
1694730017484 2.4601511093966604 323
1694730018223 2.458335055138374 324
1694730018802 2.4565603946006225 325
1694730019202 2.4548261643058265 326
1694730019917 2.4531314234211905 327
1694730020448 2.4514752532238218 328
1694730020979 2.449856756578495 329
1694730021753 2.4482750574278027 330
1694730022235 2.446729300294366 331
1694730023288 2.4452186497948425 332
1694730023884 2.443742290165428 333
1694730024348 2.442299424798608 334
1694730025013 2.4408892757908673 335
1694730025509 2.4395110835011096 336
1694730026153 2.4381641061195385 337
1694730026580 2.4368476192467314 338
1694730027144 2.4355609154826925 339
1694730027828 2.4343033040256237 340
1694730028581 2.4330741102801996 341
1694730029228 2.431872675475108 342
1694730029852 2.430698356289652 343
1694730030608 2.4295505244891817 344
1694730031748 2.4284285665691607 345
1694730032483 2.4273318834076547 346
1694730033137 2.426259889926038 347
1694730033735 2.4252120147577445 348
1694730034325 2.424187699924841 349
1694730034905 2.423186400522266 350
1694730035356 2.4222075844095294 351
1694730036035 2.421250731909723 352
1694730036566 2.4203153355156335 353
1694730037213 2.419400899602822 354
1694730037903 2.418506940149489 355
1694730038781 2.417632984462963 356
1694730039550 2.4167785709126637 357
1694730040078 2.4159432486693797 358
1694730040767 2.4151265774507134 359
1694730041488 2.41432812727255 360
1694730042309 2.413547478206401 361
1694730042876 2.412784220142489 362
1694730043428 2.412037952558435 363
1694730043982 2.411308284293416 364
1694730044634 2.410594833327665 365
1694730045149 2.409897226567181 366
1694730045729 2.409215099633536 367
1694730046273 2.4085480966586448 368
1694730046843 2.4078958700843924 369
1694730047373 2.407258080466997 370
1694730047862 2.4066343962859995 371
1694730048424 2.4060244937577617 372
1694730049363 2.4054280566533857 373
1694730049949 2.4048447761209233 374
1694730050648 2.4042743505117996 375
1694730051579 2.4037164852113295 376
1694730052128 2.403170892473248 377
1694730052670 2.402637291258142 378
1694730053197 2.4021154070757085 379
1694730053772 2.401604971830738 380
1694730054357 2.4011057236727296 381
1694730054848 2.4006174068490727 382
1694730055467 2.400139771561684 383
1694730055843 2.399672573827041 384
1694730056269 2.399215575339517 385
1694730056768 2.398768543337943 386
1694730057261 2.39833125047533 387
1694730057746 2.3979034746916543 388
1694730058244 2.3974849990896603 389
1694730058724 2.397075611813591 390
1694730059274 2.3966751059307767 391
1694730060111 2.396283279316032 392
1694730060781 2.3958999345387717 393
1694730061445 2.3955248787527936 394
1694730062310 2.395157923588669 395
1694730063129 2.394798885048668 396
1694730063739 2.3944475834041627 397
1694730064516 2.3941038430954626 398
1694730064873 2.3937674926340025 399
1694730065418 2.3934383645068427 400
1694730066227 2.393116295083426 401
1694730067076 2.392801124524531 402
1694730067521 2.3924926966933757 403
1694730068232 2.392190859068815 404
1694730069001 2.3918954626605893 405
1694730069728 2.3916063619265735 406
1694730070288 2.391323414691973 407
1694730070763 2.3910464820704296 408
1694730071382 2.3907754283869846 409
1694730072023 2.3905101211028628 410
1694730072604 2.390250430742027 411
1694730073025 2.3899962308194627 412
1694730073436 2.3897473977711576 413
1694730074062 2.38950381088573 414
1694730074606 2.389265352237667 415
1694730075045 2.389031906622139 416
1694730075408 2.388803361491347 417
1694730075883 2.388579606892377 418
1694730076383 2.388360535406508 419
1694730076952 2.388146042089959 420
1694730077694 2.387936024416028 421
1694730078533 2.387730382218596 422
1694730079175 2.387529017636956 423
1694730079837 2.387331835061955 424
1694730080454 2.387138741083381 425
1694730081041 2.386949644438619 426
1694730081616 2.386764455962488 427
1694730082106 2.386583088538276 428
1694730082824 2.386405457049923 429
1694730083431 2.3862314783353273 430
1694730083953 2.386061071140754 431
1694730084370 2.385894156076314 432
1694730085035 2.3857306555724924 433
1694730085498 2.385570493837698 434
1694730086272 2.385413596816814 435
1694730087195 2.385259892150722 436
1694730087786 2.385109309136777 437
1694730088440 2.3849617786902124 438
1694730089006 2.384817233306456 439
1694730089516 2.384675607024328 440
1694730090204 2.3845368353901044 441
1694730090866 2.3844008554224296 442
1694730091515 2.384267605578045 443
1694730092172 2.3841370257183354 444
1694730092985 2.3840090570766472 445
1694730093400 2.3838836422263894 446
1694730093898 2.3837607250498687 447
1694730094435 2.3836402507078716 448
1694730094985 2.383522165609948 449
1694730095408 2.3834064173854017 450
1694730095914 2.3832929548549586 451
1694730096363 2.383181728003098 452
1694730096870 2.383072687951038 453
1694730097463 2.382965786930351 454
1694730097903 2.382860978257203 455
1694730098482 2.3827582163071876 456
1694730099187 2.3826574564907648 457
1694730099854 2.3825586552292655 458
1694730100444 2.3824617699314588 459
1694730101037 2.382366758970677 460
1694730101487 2.3822735816624663 461
1694730102133 2.3821821982427718 462
1694730103001 2.382092569846624 463
1694730103365 2.382004658487336 464
1694730103828 2.3819184270361755 465
1694730104283 2.381833839202523 466
1694730104844 2.3817508595144914 467
1694730105302 2.3816694532999967 468
1694730105806 2.3815895866682815 469
1694730106249 2.381511226491855 470
1694730106743 2.381434340388875 471
1694730107268 2.381358896705923 472
1694730107957 2.3812848645012012 473
1694730108453 2.381212213528107 474
1694730109086 2.3811409142192006 475
1694730109585 2.3810709376705463 476
1694730110087 2.3810022556264174 477
1694730110548 2.380934840464361 478
1694730111095 2.3808686651806106 479
1694730111533 2.3808037033758427 480
1694730112136 2.380739929241262 481
1694730112554 2.3806773175450124 482
1694730113163 2.3806158436189127 483
1694730113601 2.3805554833454883 484
1694730114120 2.38049621314532 485
1694730114566 2.3804380099646787 486
1694730115021 2.3803808512634537 487
1694730115382 2.3803247150033586 488
1694730115801 2.3802695796364177 489
1694730116302 2.380215424093716 490
1694730116906 2.3801622277744143 491
1694730117353 2.380109970535021 492
1694730117818 2.380058632678911 493
1694730118280 2.3800081949460914 494
1694730118850 2.379958638503206 495
1694730119378 2.379909944933772 496
1694730119867 2.3798620962286425 497
1694730120352 2.3798150747766935 498
1694730120876 2.379768863355726 499
