1694747977417 nan 0
1694747977700 nan 1
1694747978009 nan 2
1694747978333 nan 3
1694747978634 nan 4
1694747978998 nan 5
1694747979235 nan 6
1694747979471 nan 7
1694747979838 nan 8
1694747980121 nan 9
1694747980368 nan 10
1694747980627 nan 11
1694747981132 nan 12
1694747981431 nan 13
1694747981725 nan 14
1694747982039 nan 15
1694747982333 nan 16
1694747982710 nan 17
1694747983027 nan 18
1694747983351 nan 19
1694747983611 nan 20
1694747983911 nan 21
1694747984233 nan 22
1694747984630 nan 23
1694747984929 nan 24
1694747985246 nan 25
1694747985556 nan 26
1694747985878 nan 27
1694747986177 nan 28
1694747986553 nan 29
1694747986772 nan 30
1694747987009 nan 31
1694747987279 nan 32
1694747987493 nan 33
1694747987853 nan 34
1694747988160 nan 35
1694747988396 nan 36
1694747988661 nan 37
1694747988897 nan 38
1694747989191 nan 39
1694747989420 nan 40
1694747989748 nan 41
1694747990110 nan 42
1694747990361 nan 43
1694747990643 nan 44
1694747990972 nan 45
1694747991280 nan 46
1694747991556 nan 47
1694747991881 nan 48
1694747992211 nan 49
1694747992490 nan 50
1694747992851 nan 51
1694747993165 nan 52
1694747993436 nan 53
1694747993662 nan 54
1694747993907 nan 55
1694747994209 nan 56
1694747994623 nan 57
1694747994929 nan 58
1694747995238 nan 59
1694747995494 nan 60
1694747995731 nan 61
1694747996040 nan 62
1694747996369 nan 63
1694747996635 nan 64
1694747996902 nan 65
1694747997211 nan 66
1694747997569 nan 67
1694747997865 nan 68
1694747998150 nan 69
1694747998465 nan 70
1694747998730 nan 71
1694747999094 nan 72
1694747999406 nan 73
1694747999678 nan 74
1694747999984 nan 75
1694748000319 nan 76
1694748000625 nan 77
1694748000946 nan 78
1694748001229 nan 79
1694748001497 nan 80
1694748001748 nan 81
1694748002069 nan 82
1694748002378 nan 83
1694748002761 nan 84
1694748003054 nan 85
1694748003418 nan 86
1694748003711 nan 87
1694748004053 nan 88
1694748004403 nan 89
1694748004710 nan 90
1694748005004 nan 91
1694748005364 nan 92
1694748005737 nan 93
1694748006032 nan 94
1694748006341 nan 95
1694748006622 nan 96
1694748006882 nan 97
1694748007222 nan 98
1694748007522 nan 99
1694748007851 nan 100
1694748008135 nan 101
1694748008416 nan 102
1694748008646 nan 103
1694748008915 nan 104
1694748009200 nan 105
1694748009495 nan 106
1694748009746 nan 107
1694748010115 nan 108
1694748010412 nan 109
1694748010660 nan 110
1694748010928 nan 111
1694748011244 nan 112
1694748011558 nan 113
1694748011791 nan 114
1694748012088 nan 115
1694748012460 nan 116
1694748012777 nan 117
1694748013126 nan 118
1694748013444 nan 119
1694748013734 nan 120
1694748014032 nan 121
1694748014417 nan 122
1694748014718 nan 123
1694748015001 nan 124
1694748015276 nan 125
1694748015588 nan 126
1694748015787 nan 127
1694748016077 nan 128
1694748016283 nan 129
1694748016531 nan 130
1694748016875 nan 131
1694748017179 nan 132
1694748017494 nan 133
1694748017755 nan 134
1694748017971 nan 135
1694748018195 nan 136
1694748018425 nan 137
1694748018696 nan 138
1694748018979 nan 139
1694748019272 nan 140
1694748019554 nan 141
1694748019815 nan 142
1694748020244 nan 143
1694748020471 nan 144
1694748020704 nan 145
1694748020948 nan 146
1694748021302 nan 147
1694748021591 nan 148
1694748021860 nan 149
1694748022131 nan 150
1694748022418 nan 151
1694748022797 nan 152
1694748023066 nan 153
1694748023450 nan 154
1694748023745 nan 155
1694748024005 nan 156
1694748024283 nan 157
1694748024639 nan 158
1694748024872 nan 159
1694748025124 nan 160
1694748025410 nan 161
1694748025747 nan 162
1694748025994 nan 163
1694748026283 nan 164
1694748026579 nan 165
1694748026825 nan 166
1694748027067 nan 167
1694748027378 nan 168
1694748027684 nan 169
1694748027930 nan 170
1694748028156 nan 171
1694748028466 nan 172
1694748028766 nan 173
1694748028981 nan 174
1694748029247 nan 175
1694748029521 nan 176
1694748029772 nan 177
1694748030005 nan 178
1694748030302 nan 179
1694748030533 nan 180
1694748030797 nan 181
1694748031070 nan 182
1694748031389 nan 183
1694748031679 nan 184
1694748031907 nan 185
1694748032153 nan 186
1694748032476 nan 187
1694748032834 nan 188
1694748033076 nan 189
1694748033361 nan 190
1694748033660 nan 191
1694748033924 nan 192
1694748034218 nan 193
1694748034626 nan 194
1694748034883 nan 195
1694748035167 nan 196
1694748035414 nan 197
1694748035709 nan 198
1694748035950 nan 199
1694748036205 nan 200
1694748036517 nan 201
1694748036841 nan 202
1694748037061 nan 203
1694748037352 nan 204
1694748037637 nan 205
1694748037926 nan 206
1694748038145 nan 207
1694748038477 nan 208
1694748038803 nan 209
1694748039150 nan 210
1694748039476 nan 211
1694748039721 nan 212
1694748040015 nan 213
1694748040384 nan 214
1694748040637 nan 215
1694748040883 nan 216
1694748041198 nan 217
1694748041530 nan 218
1694748041795 nan 219
1694748042054 nan 220
1694748042324 nan 221
1694748042687 nan 222
1694748042980 nan 223
1694748043204 nan 224
1694748043516 nan 225
1694748043822 nan 226
1694748044078 nan 227
1694748044425 nan 228
1694748044750 nan 229
1694748045010 nan 230
1694748045262 nan 231
1694748045613 nan 232
1694748045954 nan 233
1694748046172 nan 234
1694748046436 nan 235
1694748046709 nan 236
1694748046931 nan 237
1694748047160 nan 238
1694748047386 nan 239
1694748047607 nan 240
1694748047902 nan 241
1694748048109 nan 242
1694748048330 nan 243
1694748048596 nan 244
1694748048892 nan 245
1694748049166 nan 246
1694748049437 nan 247
1694748049717 nan 248
1694748050066 nan 249
1694748050311 nan 250
1694748050558 nan 251
1694748050865 nan 252
1694748051168 nan 253
1694748051408 nan 254
1694748051808 nan 255
1694748052136 nan 256
1694748052449 nan 257
1694748052810 nan 258
1694748053116 nan 259
1694748053358 nan 260
1694748053633 nan 261
1694748053926 nan 262
1694748054313 nan 263
1694748054683 nan 264
1694748054933 nan 265
1694748055251 nan 266
1694748055479 nan 267
1694748055729 nan 268
1694748055998 nan 269
1694748056290 nan 270
1694748056564 nan 271
1694748056906 nan 272
1694748057207 nan 273
1694748057453 nan 274
1694748057723 nan 275
1694748058025 nan 276
1694748058316 nan 277
1694748058630 nan 278
1694748058935 nan 279
1694748059263 nan 280
1694748059505 nan 281
1694748059726 nan 282
1694748059932 nan 283
1694748060221 nan 284
1694748060505 nan 285
1694748060716 nan 286
1694748060934 nan 287
1694748061241 nan 288
1694748061513 nan 289
1694748061803 nan 290
1694748062111 nan 291
1694748062404 nan 292
1694748062759 nan 293
1694748063064 nan 294
1694748063390 nan 295
1694748063652 nan 296
1694748063897 nan 297
1694748064159 nan 298
1694748064377 nan 299
1694748064678 nan 300
1694748064999 nan 301
1694748065326 nan 302
1694748065580 nan 303
1694748065844 nan 304
1694748066111 nan 305
1694748066374 nan 306
1694748066590 nan 307
1694748066822 nan 308
1694748067134 nan 309
1694748067426 nan 310
1694748067641 nan 311
1694748067945 nan 312
1694748068216 nan 313
1694748068514 nan 314
1694748068761 nan 315
1694748068959 nan 316
1694748069225 nan 317
1694748069532 nan 318
1694748069755 nan 319
1694748070032 nan 320
1694748070340 nan 321
1694748070583 nan 322
1694748070783 nan 323
1694748070985 nan 324
1694748071204 nan 325
1694748071473 nan 326
1694748071713 nan 327
1694748071986 nan 328
1694748072343 nan 329
1694748072654 nan 330
1694748072911 nan 331
1694748073141 nan 332
1694748073457 nan 333
1694748073685 nan 334
1694748073891 nan 335
1694748074139 nan 336
1694748074511 nan 337
1694748074808 nan 338
1694748075075 nan 339
1694748075371 nan 340
1694748075656 nan 341
1694748075882 nan 342
1694748076178 nan 343
1694748076487 nan 344
1694748076819 nan 345
1694748077053 nan 346
1694748077354 nan 347
1694748077655 nan 348
1694748077931 nan 349
1694748078267 nan 350
1694748078551 nan 351
1694748078818 nan 352
1694748079174 nan 353
1694748079467 nan 354
1694748079723 nan 355
1694748079995 nan 356
1694748080310 nan 357
1694748080617 nan 358
1694748080889 nan 359
1694748081274 nan 360
1694748081523 nan 361
1694748081796 nan 362
1694748082068 nan 363
1694748082372 nan 364
1694748082726 nan 365
1694748082985 nan 366
1694748083235 nan 367
1694748083591 nan 368
1694748083937 nan 369
1694748084243 nan 370
1694748084591 nan 371
1694748084844 nan 372
1694748085154 nan 373
1694748085393 nan 374
1694748085677 nan 375
1694748085945 nan 376
1694748086260 nan 377
1694748086521 nan 378
1694748086762 nan 379
1694748086973 nan 380
1694748087238 nan 381
1694748087540 nan 382
1694748087891 nan 383
1694748088213 nan 384
1694748088508 nan 385
1694748088801 nan 386
1694748089034 nan 387
1694748089367 nan 388
1694748089670 nan 389
1694748089899 nan 390
1694748090210 nan 391
1694748090581 nan 392
1694748090843 nan 393
1694748091113 nan 394
1694748091431 nan 395
1694748091737 nan 396
1694748091970 nan 397
1694748092280 nan 398
1694748092638 nan 399
1694748092920 nan 400
1694748093135 nan 401
1694748093413 nan 402
1694748093725 nan 403
1694748093954 nan 404
1694748094267 nan 405
1694748094680 nan 406
1694748094949 nan 407
1694748095217 nan 408
1694748095526 nan 409
1694748095828 nan 410
1694748096004 nan 411
1694748096221 nan 412
1694748096468 nan 413
1694748096791 nan 414
1694748097023 nan 415
1694748097284 nan 416
1694748097599 nan 417
1694748097896 nan 418
1694748098126 nan 419
1694748098433 nan 420
1694748098736 nan 421
1694748099115 nan 422
1694748099380 nan 423
1694748099689 nan 424
1694748100002 nan 425
1694748100221 nan 426
1694748100521 nan 427
1694748100846 nan 428
1694748101221 nan 429
1694748101544 nan 430
1694748101842 nan 431
1694748102100 nan 432
1694748102404 nan 433
1694748102781 nan 434
1694748103063 nan 435
1694748103302 nan 436
1694748103650 nan 437
1694748103955 nan 438
1694748104202 nan 439
1694748104636 nan 440
1694748104987 nan 441
1694748105272 nan 442
1694748105591 nan 443
1694748105934 nan 444
1694748106171 nan 445
1694748106473 nan 446
1694748106777 nan 447
1694748107083 nan 448
1694748107349 nan 449
1694748107656 nan 450
1694748108010 nan 451
1694748108274 nan 452
1694748108576 nan 453
1694748108850 nan 454
1694748109138 nan 455
1694748109426 nan 456
1694748109701 nan 457
1694748109938 nan 458
1694748110278 nan 459
1694748110522 nan 460
1694748110783 nan 461
1694748111100 nan 462
1694748111347 nan 463
1694748111574 nan 464
1694748111806 nan 465
1694748112027 nan 466
1694748112305 nan 467
1694748112680 nan 468
1694748113009 nan 469
1694748113291 nan 470
1694748113525 nan 471
1694748113725 nan 472
1694748113940 nan 473
1694748114151 nan 474
1694748114426 nan 475
1694748114699 nan 476
1694748114915 nan 477
1694748115227 nan 478
1694748115474 nan 479
1694748115711 nan 480
1694748115952 nan 481
1694748116185 nan 482
1694748116433 nan 483
1694748116720 nan 484
1694748117062 nan 485
1694748117340 nan 486
1694748117583 nan 487
1694748117808 nan 488
1694748118012 nan 489
1694748118266 nan 490
1694748118458 nan 491
1694748118702 nan 492
1694748119039 nan 493
1694748119335 nan 494
1694748119584 nan 495
1694748119879 nan 496
1694748120176 nan 497
1694748120440 nan 498
1694748120715 nan 499
