1694748271016 18.889190146239486 0
1694748271326 17.410616171919763 1
1694748271570 52.4950148427188 2
1694748271807 3.489759925003704 3
1694748272112 3.607280214336898 4
1694748272463 7.754740701487177 5
1694748272706 7.934252113573601 6
1694748273052 70.87169476543892 7
1694748273361 1.5785541160871766 8
1694748273612 1.479251431866566 9
1694748273893 4.174975069705067 10
1694748274180 12.22374092010042 11
1694748274499 0.16250015272959176 12
1694748274805 3.217003775983307 13
1694748275061 12.459713845340207 14
1694748275383 11.510131064760309 15
1694748275646 0.0045980764193043686 16
1694748275889 9.989748979986414 17
1694748276191 0.6146773494343901 18
1694748276481 3.6673837981158255 19
1694748276768 0.14366136256619963 20
1694748277112 46.46336552197859 21
1694748277405 23.627400638800502 22
1694748277712 0.10721609468031192 23
1694748277996 47.12658959616931 24
1694748278329 30.64323923696062 25
1694748278617 16.05953124922608 26
1694748278876 18.487090725741076 27
1694748279203 12.158174649230718 28
1694748279525 1.6453240803467535 29
1694748279734 0.3184148257316887 30
1694748280159 3.50022289222502 31
1694748280505 0.9825384348173886 32
1694748280771 12.024258531069282 33
1694748280989 25.54201086090785 34
1694748281369 20.49043980401488 35
1694748281661 0.0899140957335382 36
1694748281943 5.169862356969403 37
1694748282260 32.771458537567845 38
1694748282632 15.23745976631671 39
1694748283100 6.3615092417298795 40
1694748283495 12.373633567910709 41
1694748283857 8.347164863255827 42
1694748284266 1.4034096671000666 43
1694748284740 10.82191824485795 44
1694748285017 4.049152257795098 45
1694748285362 15.991233547971559 46
1694748285719 4.881224633851387 47
1694748286078 3.8339860509142007 48
1694748286458 6.289115382230531 49
1694748286817 110.40595505986529 50
1694748287203 18.446209689403755 51
1694748287508 32.2724246726904 52
1694748287811 21.381497404881372 53
1694748288148 0.7728237896519402 54
1694748288493 0.3863992131033709 55
1694748288812 7.800297245266131 56
1694748289117 30.204216687335975 57
1694748289436 0.7147411536672961 58
1694748289746 11.344266200378014 59
1694748290033 8.58926588965946 60
1694748290403 33.462874621313865 61
1694748290685 2.259643880711433 62
1694748290936 12.850984859703665 63
1694748291274 3.9200183551744794 64
1694748291557 82.5227099317274 65
1694748291776 0.501336856093797 66
1694748291970 0.6529052330849022 67
1694748292265 2.1399521736976794 68
1694748292614 42.34241183578581 69
1694748292957 3.1360090114205397 70
1694748293284 0.000329076440467365 71
1694748293575 79.08072615666448 72
1694748293831 10.649312202246193 73
1694748294109 21.407776939314854 74
1694748294433 1.9648671585548927 75
1694748294812 34.86021340329248 76
1694748295039 72.69439462879231 77
1694748295363 0.6074455847275987 78
1694748295669 16.0072857235787 79
1694748295985 48.55074027145749 80
1694748296316 31.816119761875914 81
1694748296626 3.0113374310058685 82
1694748296947 15.438192368603035 83
1694748297259 18.561738648513263 84
1694748297563 0.21424427943677218 85
1694748297921 6.4391160684139885 86
1694748298278 8.582827247183303 87
1694748298571 6.2516804411613665 88
1694748298844 1.816661568021748 89
1694748299159 17.569804253332833 90
1694748299499 45.85512162116391 91
1694748299809 4.294596131012754 92
1694748300091 7.271490065033262 93
1694748300394 89.14429337266684 94
1694748300698 1.0697287981824923 95
1694748300967 77.93636659285558 96
1694748301239 26.65200731692123 97
1694748301610 10.590741930547319 98
1694748301903 54.563220727849625 99
1694748302148 9.968617583675156 100
1694748302452 7.858938771531578 101
1694748302919 4.45404286405297 102
1694748303165 0.803256149448882 103
1694748303513 16.467304145880448 104
1694748303848 22.512957592357466 105
1694748304096 92.88072470435935 106
1694748304355 36.01422586286752 107
1694748304705 3.222760856570321 108
1694748305021 0.5791216986244437 109
1694748305215 0.1915746325252431 110
1694748305464 2.1325703829736993 111
1694748305843 3.5498615908623004 112
1694748306112 0.16414045114889708 113
1694748306349 6.646090845393592 114
1694748306635 7.426918324339478e-07 115
1694748306947 15.042156796996238 116
1694748307199 45.962996093905055 117
1694748307478 43.116601640656086 118
1694748307804 15.803353996031017 119
1694748308134 0.20041447443635557 120
1694748308363 3.2492604774874283 121
1694748308608 55.55560698911629 122
1694748308931 9.506181913419493 123
1694748309213 3.440008909358441 124
1694748309513 25.876665440504873 125
1694748309808 0.1333258668709017 126
1694748310111 14.78772739359955 127
1694748310458 26.637795846615177 128
1694748310761 0.24958209648151433 129
1694748311077 20.407304751914133 130
1694748311306 20.814891509391447 131
1694748311588 2.74903515565079 132
1694748311897 0.014675481590158313 133
1694748312189 2.688388711681766 134
1694748312525 4.392169419862699 135
1694748312808 48.089876199132696 136
1694748313158 2.2467444015022076 137
1694748313399 22.598704744082056 138
1694748313679 4.089457241751733 139
1694748313953 0.05850143120460076 140
1694748314176 21.114964234705962 141
1694748314384 2.374854231408521 142
1694748314686 61.53494702799637 143
1694748314943 9.987597418475783 144
1694748315207 5.421781988126111 145
1694748315466 1.4321959160242599 146
1694748315707 0.18102336713080455 147
1694748315955 2.2429558875871516 148
1694748316236 68.49399876848406 149
1694748316517 5.410013242448102 150
1694748316839 15.272725841711884 151
1694748317186 5.047107930367831 152
1694748317446 3.1702042683059424 153
1694748317758 72.00446991015195 154
1694748318069 0.23566666039632864 155
1694748318320 10.644115546055902 156
1694748318653 34.21590474293228 157
1694748318942 33.573087543192344 158
1694748319292 16.316986752966486 159
1694748319619 1.4643353498190872 160
1694748319918 3.4519666977307986 161
1694748320269 30.430865482794385 162
1694748320564 38.209260239611524 163
1694748320854 40.771962593153404 164
1694748321117 4.884098331416278 165
1694748321418 0.13919612981616175 166
1694748321670 51.790412647989 167
1694748321986 2.1819941833005476 168
1694748322255 9.107224490095588 169
1694748322488 0.27191796881715297 170
1694748322748 0.0030457093341671286 171
1694748323123 1.1073124471860354 172
1694748323398 12.761641894073518 173
1694748323713 14.203054416293586 174
1694748324023 6.2763389140091705 175
1694748324326 0.17584571851695974 176
1694748324582 9.032465938902337 177
1694748324860 17.44715824095642 178
1694748325248 9.716785524538214 179
1694748325638 58.44062803936852 180
1694748325983 0.016879454601277558 181
1694748326278 0.37820241797823984 182
1694748326560 14.206686205506989 183
1694748326887 9.008548212587053 184
1694748327193 9.101886005041003 185
1694748327478 13.501236119593608 186
1694748327737 10.022417870220261 187
1694748328042 30.18692923776779 188
1694748328382 0.06050721303530466 189
1694748328660 0.12714284656433833 190
1694748328969 1.4896694370180588 191
1694748329244 0.173280751263007 192
1694748329521 8.086474685732474 193
1694748329835 8.89645081783242 194
1694748330242 8.191846000344333 195
1694748330522 4.481633234896027 196
1694748330793 12.950284114255243 197
1694748331084 2.555319384233436 198
1694748331444 1.3263915636760273 199
1694748331713 0.29247750808410733 200
1694748331968 0.2520358069977859 201
1694748332293 5.911212434663 202
1694748332602 16.720594220598453 203
1694748332855 26.162894486779386 204
1694748333179 15.810552360355846 205
1694748333493 25.43026790778891 206
1694748333702 4.183485422543623 207
1694748334001 71.84492043267656 208
1694748334262 43.493618087256245 209
1694748334681 19.75013827968046 210
1694748334942 48.54512631361105 211
1694748335218 0.6744435870988102 212
1694748335547 15.018869135773315 213
1694748335773 20.11536903851642 214
1694748336024 26.918174770387704 215
1694748336328 23.696117598209668 216
1694748336596 4.3857066925193875 217
1694748336849 36.0051971630491 218
1694748337179 0.09886445520443839 219
1694748337465 0.1350458890132815 220
1694748337777 0.25224864050476814 221
1694748338099 5.276791960596871 222
1694748338376 47.70971455976995 223
1694748338620 0.08188150494872355 224
1694748338925 5.787755035322577 225
1694748339321 15.332321602973051 226
1694748339605 3.0962431575155343 227
1694748339861 2.6897735358141586 228
1694748340163 0.12420185686217901 229
1694748340466 5.398994821982334 230
1694748340745 0.40055989952105325 231
1694748341057 16.562630365406154 232
1694748341372 17.983538207153348 233
1694748341665 16.00371839955295 234
1694748341878 4.881894586912371 235
1694748342093 0.004090311398516596 236
1694748342288 10.449674088753026 237
1694748342595 38.217678132638454 238
1694748342867 1.1128306595022093 239
1694748343133 2.024227726829055 240
1694748343371 0.3012323404573607 241
1694748343791 4.240301825735619 242
1694748344048 0.6818149018635741 243
1694748344274 1.4489306822032133 244
1694748344581 1.4972137171431643 245
1694748344852 19.295585682647097 246
1694748345077 11.679048358793418 247
1694748345301 1.006687471921507 248
1694748345598 66.60503444864482 249
1694748345951 0.6317324296350256 250
1694748346201 12.170554774837838 251
1694748346515 0.048899673831102254 252
1694748346827 1.7298240826239566 253
1694748347067 0.7990043585366717 254
1694748347373 2.1118931402291907 255
1694748347721 1.8747538506875612 256
1694748348023 0.1249125888699096 257
1694748348318 9.740741283533304e-05 258
1694748348689 4.880305736038897 259
1694748348989 2.26707930613112 260
1694748349211 1.6388818313550464 261
1694748349466 73.00157566123572 262
1694748349686 19.67168632664648 263
1694748349913 2.48905876080151 264
1694748350144 8.180897932113762 265
1694748350522 7.687290225161292 266
1694748350843 8.208599964506641 267
1694748351072 5.807454661956698 268
1694748351318 87.57396817036397 269
1694748351652 0.7874955880611082 270
1694748351966 12.66333496827114 271
1694748352198 26.60727445470726 272
1694748352552 0.13288849786961218 273
1694748352917 4.070904813874278 274
1694748353277 12.930537131186576 275
1694748353617 10.15430353944127 276
1694748353921 20.018342677856236 277
1694748354216 6.91557527465747 278
1694748354519 0.1822664689054251 279
1694748354914 0.04872502391389496 280
1694748355165 0.07869625368305042 281
1694748355405 3.2839215914353734 282
1694748355693 0.03121728034591817 283
1694748356024 0.08027987373098397 284
1694748356236 0.0985370163544364 285
1694748356474 13.691867487321918 286
1694748356758 0.7234138620360003 287
1694748357143 2.15989522312597 288
1694748357350 12.08230050434916 289
1694748357637 0.398702252503995 290
1694748357961 1.185637719600921 291
1694748358200 41.17400551314688 292
1694748358432 5.675020437154206 293
1694748358746 15.531792974605963 294
1694748359121 7.088384312073135 295
1694748359505 33.569712367025126 296
1694748359792 16.063977259214866 297
1694748360227 19.731201105026084 298
1694748360515 4.609245627076301 299
1694748360777 29.70320194802834 300
1694748360973 1.4208208760933292 301
1694748361211 4.416143071135402 302
1694748361591 4.9401802799721715 303
1694748361898 0.624805955972602 304
1694748362161 2.0289702325512553 305
1694748362539 18.004341496066505 306
1694748362846 22.507302999456147 307
1694748363131 34.66841927950773 308
1694748363356 4.547678316522996 309
1694748363717 2.160289049364137 310
1694748364081 1.042759103324829 311
1694748364285 74.85708505422114 312
1694748364589 1.8458636084706346 313
1694748364914 5.432134321998998 314
1694748365209 13.439161209846073 315
1694748365498 0.02156390383847451 316
1694748365800 5.144827240218443 317
1694748366113 0.7338025411583751 318
1694748366330 0.49446602437191545 319
1694748366583 1.1479149115423295 320
1694748366857 0.5534353615985861 321
1694748367127 1.8488905305301864 322
1694748367334 38.075410661353686 323
1694748367662 22.555419787555916 324
1694748367976 0.007863516415341953 325
1694748368256 4.54835314443341 326
1694748368572 2.62517766789853 327
1694748368827 1.3690402786521823 328
1694748369143 1.6802572178116548 329
1694748369384 6.625616618614117 330
1694748369609 14.565185913826719 331
1694748369810 0.03806580122085993 332
1694748370097 1.786048997767447 333
1694748370358 47.869585290363524 334
1694748370658 5.674732291244653 335
1694748370943 37.91712591800121 336
1694748371240 25.144337731921254 337
1694748371508 0.5693169738163552 338
1694748371789 0.001516770341745695 339
1694748372081 9.380421939867544 340
1694748372336 16.473700248069616 341
1694748372636 0.6441315429478705 342
1694748372994 22.95486388957415 343
1694748373301 27.069467926445963 344
1694748373583 7.171642149571262 345
1694748373814 0.0020745751790277513 346
1694748374039 4.668870566112086e-05 347
1694748374244 0.017953688086557472 348
1694748374500 1.0896809919630435 349
1694748374812 1.7147670168425615 350
1694748375105 5.704718372306034e-05 351
1694748375378 11.147972665817974 352
1694748375607 78.78538776479851 353
1694748375857 0.6135366549588086 354
1694748376168 0.4110759405714247 355
1694748376459 0.18345975966033207 356
1694748376772 9.383767045129384 357
1694748377126 1.5474039040189316 358
1694748377379 5.699583691178102 359
1694748377683 15.899279292337573 360
1694748377991 1.2957129671515641 361
1694748378295 0.020928885151920713 362
1694748378522 0.09330125033077545 363
1694748378813 3.415901566456332 364
1694748379116 1.2028256942679223 365
1694748379419 12.59384516841423 366
1694748379734 1.474025451477705 367
1694748380150 10.281099055883006 368
1694748380403 7.34080321629985 369
1694748380701 18.964029948168903 370
1694748381013 8.13991941478122 371
1694748381308 0.35895642628073304 372
1694748381606 5.423055371929069 373
1694748381918 0.1169773642204797 374
1694748382206 16.18725714534884 375
1694748382444 5.160108314313864 376
1694748382686 0.0004956387705808502 377
1694748383052 9.692839685621065 378
1694748383348 0.14750891072810188 379
1694748383597 2.227666341355384 380
1694748383963 1.5637364797169666 381
1694748384249 2.7635943175459685 382
1694748384483 16.088824595774053 383
1694748384770 15.752266364776187 384
1694748385090 10.791165063372434 385
1694748385395 2.127593471533911 386
1694748385618 16.549477703055167 387
1694748385910 0.3319680091014538 388
1694748386290 15.218416863941764 389
1694748386560 11.164994818295197 390
1694748386867 2.6264989618238785 391
1694748387192 0.15181070879936148 392
1694748387458 3.0601343726588617 393
1694748387661 5.624135257519219 394
1694748387893 1.1718945012541184 395
1694748388173 0.0831312206814686 396
1694748388455 8.92299437961009 397
1694748388704 2.648580043197548 398
1694748388981 15.676732739770207 399
1694748389285 1.9698123432183203 400
1694748389540 14.125150337313972 401
1694748389769 0.23961179011858133 402
1694748390064 21.620575534390284 403
1694748390438 8.203665954504121 404
1694748390717 0.009075674888885634 405
1694748391010 0.12006136809849582 406
1694748391291 89.29920917431859 407
1694748391592 20.71484490927549 408
1694748391823 1.401688707464818 409
1694748392053 1.680686701208839 410
1694748392290 1.6561857616773374 411
1694748392699 0.5351304940440061 412
1694748393061 4.218212197756896 413
1694748393349 15.721117897862488 414
1694748393606 10.08735845632962 415
1694748393850 26.26242956210846 416
1694748394163 2.1109764529015704 417
1694748394464 41.36764855510989 418
1694748394730 8.908812130734971e-06 419
1694748395003 8.596183459205658 420
1694748395266 6.252738459801043 421
1694748395506 6.9547929703616935 422
1694748395786 40.33770837763924 423
1694748396077 0.4076244868575114 424
1694748396378 0.615083462519572 425
1694748396622 30.414616591469695 426
1694748396942 3.5611984008454116 427
1694748397307 22.88789814337414 428
1694748397562 13.76379326262176 429
1694748397852 5.424404075924707 430
1694748398146 0.975221928217482 431
1694748398444 15.340073901266614 432
1694748398664 0.897776558885451 433
1694748398954 17.284692165164465 434
1694748399196 18.18741459391643 435
1694748399498 0.47198940347119633 436
1694748399719 7.157804939121524 437
1694748399963 1.5293072400639658 438
1694748400195 35.72954922883463 439
1694748400467 9.234785581490918 440
1694748400747 24.515654907626722 441
1694748401065 0.7630855169752492 442
1694748401338 1.9299194782676368 443
1694748401636 15.974757391049625 444
1694748401841 0.34535151836283434 445
1694748402068 80.87067508389086 446
1694748402312 6.073841757062015 447
1694748402588 2.1101812248652254 448
1694748402895 16.926015263161027 449
1694748403220 17.94339117029823 450
1694748403487 2.5529354132943984 451
1694748403741 11.957149912944342 452
1694748403987 49.035244260349614 453
1694748404286 0.00023441957286996832 454
1694748404690 1.3002928962286402 455
1694748404953 1.9507104690593027 456
1694748405265 2.5558367901639656 457
1694748405528 24.491998389837725 458
1694748405794 0.01678269939207526 459
1694748406125 12.27384836847851 460
1694748406427 6.2870933881000495 461
1694748406713 3.6182022721089178 462
1694748406970 23.816394926765128 463
1694748407263 44.52379764571224 464
1694748407572 28.659727673500967 465
1694748407835 8.293362979710913 466
1694748408079 1.8828666290801075 467
1694748408381 24.364918844056042 468
1694748408699 9.07593495145957 469
1694748408967 0.04468807486180099 470
1694748409267 5.768076832279272 471
1694748409529 14.857604942436499 472
1694748409767 18.919852016323805 473
1694748410026 5.372496328714291 474
1694748410333 8.759353807244922 475
1694748410619 9.9749225513447 476
1694748410892 12.333807205520332 477
1694748411115 1.416657550191332 478
1694748411332 36.33258971496877 479
1694748411554 7.035348569758764 480
1694748411870 3.0634186704222013 481
1694748412090 0.8545910453311373 482
1694748412384 2.3285136922534146 483
1694748412768 7.704948019971644 484
1694748413096 0.2022715314707948 485
1694748413376 0.11729840000155721 486
1694748413679 6.036691357564082 487
1694748413927 0.03236160401058937 488
1694748414241 7.4141800297158245 489
1694748414476 3.79555218298663 490
1694748414911 107.63092932858969 491
1694748415166 3.671044396346947 492
1694748415437 4.881287500739355 493
1694748415779 3.411173308204326 494
1694748416100 0.7137128250900702 495
1694748416403 0.6614113927795607 496
1694748416722 24.270322840579638 497
1694748417072 0.10553497907173219 498
1694748417417 15.991691203437219 499
