1694741434797 1.6650793889668283 0
1694741435023 4.617048615827689 1
1694741435254 1.7124337367165456 2
1694741435459 3.3650018073782912 3
1694741435686 2.714362626570695 4
1694741435915 1.590503324830463 5
1694741436115 2.6112923931082492 6
1694741436343 2.9667616418946667 7
1694741436508 1.9383435979876789 8
1694741436772 2.1363771231695847 9
1694741437005 3.3517567711810834 10
1694741437235 2.1494704265956233 11
1694741437475 1.9618277169928742 12
1694741437742 2.556056169392653 13
1694741437997 2.806778942640012 14
1694741438189 1.8058431734996614 15
1694741438397 3.2396208492607474 16
1694741438541 2.149980644018177 17
1694741438738 2.643575145567207 18
1694741439038 2.042798938103729 19
1694741439324 2.053682279386408 20
1694741439505 2.820356425072107 21
1694741439689 2.6157411192459423 22
1694741439976 2.5396187124007206 23
1694741440225 1.534522503491962 24
1694741440443 2.9466091561479146 25
1694741440653 1.5821163695429574 26
1694741440880 1.4502509888186372 27
1694741441139 1.8823880419771755 28
1694741441407 1.6522272199747803 29
1694741441589 2.4254955217353356 30
1694741441821 2.6497350111634232 31
1694741442048 1.8261878292818041 32
1694741442278 1.6791408841666187 33
1694741442483 2.0287493622263963 34
1694741442677 1.779223342234683 35
1694741442907 1.8374089858578628 36
1694741443206 2.9979682258701685 37
1694741443479 3.568531237914146 38
1694741443844 2.362832683203156 39
1694741444076 2.5987558655128375 40
1694741444324 2.6433100070666464 41
1694741444538 2.3080458651444604 42
1694741444727 1.855894668120995 43
1694741444942 2.6322046987015444 44
1694741445147 4.504705985256485 45
1694741445347 1.9906094736318662 46
1694741445594 1.4763942585558025 47
1694741445755 1.7285376852408723 48
1694741445899 1.9643194105675923 49
1694741446078 1.911767096404314 50
1694741446298 2.8509351069655633 51
1694741446507 2.4730731123915404 52
1694741446704 1.9800604849448629 53
1694741446887 2.4358358623541894 54
1694741447025 2.3121823753595248 55
1694741447253 3.349311176337847 56
1694741447521 3.1288450723899186 57
1694741447788 2.5954443029308494 58
1694741448028 1.3952604875661372 59
1694741448258 1.9287147134380085 60
1694741448475 2.077134854417826 61
1694741448682 2.5967928817195034 62
1694741448912 2.6897538047232694 63
1694741449167 1.818359405074684 64
1694741449398 1.5543026444288406 65
1694741449593 2.165095894232001 66
1694741449776 1.363689728001941 67
1694741449979 1.7074929086804953 68
1694741450204 2.598066780192321 69
1694741450425 2.2712945052814777 70
1694741450587 2.317390800871344 71
1694741450798 1.661718676689367 72
1694741450967 2.2671755268043032 73
1694741451123 3.069976832651412 74
1694741451393 3.020114522595689 75
1694741451562 2.4577703371732085 76
1694741451713 2.181362997145769 77
1694741451863 3.716827211646169 78
1694741452036 1.5666142751662744 79
1694741452291 2.1794717633335097 80
1694741452526 2.6828180154494667 81
1694741452747 1.6460388392923064 82
1694741452977 3.0582614694448207 83
1694741453122 2.815833723315617 84
1694741453278 3.38732350346015 85
1694741453442 2.3616894214324162 86
1694741453622 2.2854403971239554 87
1694741453784 2.043321457864956 88
1694741453927 3.033460428118346 89
1694741454089 2.0779356392341044 90
1694741454236 2.8234066953841706 91
1694741454454 1.5325114071298238 92
1694741454639 3.0809270736859578 93
1694741454797 1.6737343764878763 94
1694741454963 2.4845493390467617 95
1694741455131 2.4500681536224724 96
1694741455273 1.9605309711973316 97
1694741455431 3.401928849688407 98
1694741455595 2.160053039600888 99
1694741455735 1.9683633700370808 100
1694741455881 1.7419155539524775 101
1694741456051 2.1302212074254148 102
1694741456269 2.075430584889133 103
1694741456480 2.754045598955145 104
1694741456683 1.4853197973779437 105
1694741456939 2.0640283274999405 106
1694741457083 3.0374758427324404 107
1694741457311 1.9150484372795848 108
1694741457598 2.2806120942285557 109
1694741457782 2.051868041358398 110
1694741457934 2.3480603618813674 111
1694741458093 1.8800327812792421 112
1694741458345 2.686738461271611 113
1694741458581 2.600892952089815 114
1694741458780 2.003865350701192 115
1694741459009 1.784977440654757 116
1694741459277 2.2922229262708806 117
1694741459498 1.9508391775114144 118
1694741459688 2.3308146586264162 119
1694741459820 2.5470042191145805 120
1694741459948 2.3808688044506927 121
1694741460087 2.2012671009213345 122
1694741460232 2.3492520725776247 123
1694741460483 2.728658927244659 124
1694741460685 1.8099256465330338 125
1694741460896 1.6982296803114802 126
1694741461225 2.470112364010036 127
1694741461502 1.1907347674661517 128
1694741461712 2.3406505703040694 129
1694741461880 2.170895999874284 130
1694741462094 3.3108910927294595 131
1694741462335 2.4305662020896266 132
1694741462579 2.384796543476696 133
1694741462744 1.9300742804076452 134
1694741462913 2.8816329475518274 135
1694741463100 2.8895096102779587 136
1694741463332 2.322142298744196 137
1694741463534 2.4407215313446824 138
1694741463722 1.8909070913126433 139
1694741463897 1.9914291905576487 140
1694741464048 2.3336365462759985 141
1694741464234 1.9060931150061589 142
1694741464467 2.2230528632611106 143
1694741464696 2.531870538646627 144
1694741464932 2.3159752891733145 145
1694741465165 3.130059198948807 146
1694741465396 2.655226827749335 147
1694741465673 2.6165737061979475 148
1694741465879 2.088486805778633 149
1694741466075 3.270987575513125 150
1694741466286 2.4899421269616115 151
1694741466529 1.6707862930614086 152
1694741466744 3.394185157924113 153
1694741466963 3.380382997284327 154
1694741467166 2.2827437581898677 155
1694741467422 2.1449488561561987 156
1694741467711 1.8198523339102415 157
1694741467915 2.733607122378544 158
1694741468160 2.3297612142842694 159
1694741468369 2.807660167366271 160
1694741468596 2.53166802266539 161
1694741468768 1.9668654422147138 162
1694741468986 2.3505273677412437 163
1694741469259 3.499426068420947 164
1694741469446 2.348264834009951 165
1694741469695 2.087210592938015 166
1694741469851 2.2093577328871805 167
1694741470078 2.5460783204627244 168
1694741470284 2.3825644536551365 169
1694741470532 2.5722802055629486 170
1694741470764 2.5595589396092726 171
1694741470944 1.7846607420891392 172
1694741471126 3.6856386135637393 173
1694741471340 2.191338828754464 174
1694741471529 2.1521657759249337 175
1694741471688 2.19541283975807 176
1694741471838 2.5308008473252652 177
1694741472000 3.071074321801356 178
1694741472287 2.1462797295785685 179
1694741472524 2.6174073536720868 180
1694741472753 2.5886315525155004 181
1694741472923 2.726508148219546 182
1694741473127 2.948851634881757 183
1694741473356 2.4207530616624537 184
