1694719105419 1.1460200585259699 0
1694719105812 3.588170325919269 1
1694719106169 0.41363494820276353 2
1694719106462 7.123510156849536 3
1694719106861 2.5912587609637416 4
1694719107267 17.611471193999588 5
1694719107536 10.251657547340304 6
1694719107835 1.0582127971342634 7
1694719108220 4.889192348010336 8
1694719108463 0.1395596881908646 9
1694719108771 3.0266924158313273 10
1694719109148 18.52778246301156 11
1694719109436 4.3533417431829555 12
1694719109760 0.10824955818573494 13
1694719110196 21.616604963797627 14
1694719110593 13.396571990340956 15
1694719110926 0.3654741792140909 16
1694719111269 0.08996251228604935 17
1694719111615 2.9251776306278074 18
1694719111910 3.1726749239494834 19
1694719112304 6.047253212294544 20
1694719112569 9.162409882663631 21
1694719112870 5.529455656597539 22
1694719113184 0.1795183733437563 23
1694719113511 10.277185945662742 24
1694719113829 15.819074849605764 25
1694719114192 3.917821663447295 26
1694719114657 4.755458350955255 27
1694719115109 1.3820670345785357 28
1694719115423 4.178662284557506 29
1694719115709 0.06539646652303259 30
1694719116027 22.623592575211102 31
1694719116356 1.6010630765064688 32
1694719116601 0.8441845233324484 33
1694719116869 0.798545075942115 34
1694719117242 15.38405910416533 35
1694719117538 0.4841163786025915 36
1694719117882 12.603237950801992 37
1694719118192 3.6265427836316797 38
1694719118516 5.475142230319303 39
1694719118858 0.0742666082350332 40
1694719119186 3.140371909353898 41
1694719119558 7.583382757445145 42
1694719119915 0.13925531765863633 43
1694719120249 5.3637248575147405 44
1694719120609 6.101223321585662 45
1694719120865 6.292378216211942 46
1694719121184 3.6585984892235928 47
1694719121700 7.665641888065858 48
1694719121998 0.0007735567011727215 49
1694719122313 2.4711845703694393 50
1694719122576 0.07200051913671654 51
1694719122870 0.26983607975939755 52
1694719123256 0.004809055909056851 53
1694719123699 14.281880352882817 54
1694719124207 3.1899775197201388 55
1694719124525 19.706974584221722 56
1694719124946 13.80679089208829 57
1694719125271 3.162640394046175 58
1694719125541 9.7517800976599 59
1694719125869 20.235850611649518 60
1694719126277 0.6786516191929034 61
1694719126665 10.427672440362185 62
1694719127082 0.704475653269479 63
1694719127534 10.043452168023013 64
1694719127962 7.00681870365594 65
1694719128462 4.973141554696576 66
1694719128824 4.536324522748618 67
1694719129293 1.465534054163377 68
1694719129610 27.248468352002245 69
1694719129998 21.323025426781484 70
1694719130440 18.38645523250721 71
1694719130793 0.24582146975272845 72
1694719131211 1.227466029783836 73
1694719131639 2.535885220712723 74
1694719131930 10.38523775723879 75
1694719132291 8.53702175549304 76
1694719132665 0.8085629935442395 77
1694719132976 0.9635714998163226 78
1694719133325 0.009617260819370766 79
1694719133751 10.874074446139216 80
1694719134010 1.110048625174847 81
1694719134254 2.7471412765516825 82
1694719134779 0.0020199697214419872 83
1694719135114 4.840874683921669 84
1694719135466 1.960053836889439 85
1694719135830 15.764114385815741 86
1694719136189 2.347726087297208 87
1694719136543 0.0014436019310353652 88
1694719136894 1.1018358695320882 89
1694719137162 19.80245359822699 90
1694719137473 0.32100646347439915 91
1694719137767 1.033716565812434 92
1694719138063 6.863576147006424 93
1694719138459 2.3579193010405883 94
1694719138811 6.881672344640882 95
1694719139122 4.7035862192128866 96
1694719139472 0.0029747959407973143 97
1694719139909 5.215358411184554 98
1694719140238 16.858337015632888 99
1694719140626 6.0284071157988866 100
1694719140993 0.057475501834907475 101
1694719141544 3.676233953062409 102
1694719141869 4.960172062688418 103
1694719142176 8.163454479511156 104
1694719142556 28.025161430545946 105
1694719142932 0.17528420110358128 106
1694719143220 0.12498526683298344 107
1694719143556 0.0288288641859282 108
1694719143961 1.2291534134472466 109
1694719144246 1.0520727734156763 110
1694719144566 1.574766667164837 111
1694719145181 8.543003907461145 112
1694719145487 1.7585602248007595 113
1694719145781 0.8868112580002229 114
1694719146107 0.28745817975666416 115
1694719146373 3.0610566813487985 116
1694719146693 0.0003499205631191922 117
1694719146988 0.025092501697001578 118
1694719147293 34.45298615866472 119
1694719147737 1.4432045504562347 120
1694719148042 2.714746868195031 121
1694719148330 2.986532309142872 122
1694719148658 10.475374964509905 123
1694719148968 0.18659449231222308 124
1694719149265 11.419212194149821 125
1694719149636 6.0679384253003645 126
1694719150030 0.0528886062461573 127
1694719150306 3.027516348501586 128
1694719150627 1.164466200847826 129
1694719150950 0.15138962872013345 130
1694719151259 3.354379888555685 131
1694719151615 1.7273423149584404 132
1694719151957 0.6892354960335074 133
1694719152238 39.148467459445875 134
1694719152438 0.7144865605186211 135
1694719152768 9.457597839005329 136
1694719153098 3.3009064387517393 137
1694719153467 1.8879536585422716 138
1694719153784 2.9567261061370753 139
1694719154169 13.677916035275942 140
1694719154438 2.5900113114187038 141
1694719154733 0.8064493153916193 142
1694719155101 0.0015637598030272398 143
1694719155430 2.3874031269004754 144
1694719155770 4.678703754212656 145
1694719156252 43.27312280283871 146
1694719156542 0.25909525207521517 147
1694719156863 7.095658351372849 148
1694719157143 2.4995940007133766 149
1694719157472 11.362757596340089 150
1694719157885 0.7001748059866982 151
1694719158320 16.098421526631714 152
1694719158778 7.708953512578652 153
1694719159104 0.5211913350780609 154
1694719159512 3.294576640432462 155
1694719159906 0.830664715780195 156
1694719160271 0.9936622559125848 157
1694719160606 0.3684070966269345 158
1694719161040 9.494411409875436 159
1694719161368 0.00046269370795607595 160
1694719161688 0.4537720781238902 161
1694719162039 3.2658221369173974 162
1694719162379 1.9303474665538087 163
1694719162619 0.0795929695718023 164
1694719162928 0.5573673251562684 165
1694719163329 11.6946904423964 166
1694719163607 9.382134262963145 167
1694719163904 0.8068553226211931 168
1694719164220 14.584181752231341 169
1694719164868 0.6373845681315279 170
1694719165308 8.910594350878302 171
1694719165645 0.06976148710560719 172
1694719166008 3.775335625591595 173
1694719166359 1.2188957259961735 174
1694719166661 10.991330947892795 175
1694719166971 1.5946007733090022 176
1694719167322 0.9057371697282559 177
1694719167756 0.011778038121593058 178
1694719168147 0.269470414755474 179
1694719168499 0.1388098315890013 180
1694719168874 0.34362318253879803 181
1694719169331 0.022812040453662953 182
1694719169685 2.433469297781409 183
1694719170149 0.23908989032137185 184
1694719170526 1.4385054818071943 185
1694719170819 18.888341657990434 186
1694719171113 5.814561543778108 187
1694719171558 3.9326300175328672 188
1694719171929 0.8084542199496958 189
1694719172419 6.243897589552995 190
1694719172732 10.85182089910802 191
1694719173021 0.44815490054841794 192
1694719173354 4.722134830719621 193
1694719173646 4.184028774945525 194
1694719173998 0.07596340073457414 195
1694719174339 1.2432425334631472 196
1694719174661 38.95537052314047 197
1694719174992 36.40702552706888 198
1694719175352 0.008157616547666294 199
1694719175625 2.368059059852583 200
1694719176019 18.86588483498192 201
1694719176365 0.025846156148562824 202
1694719176678 16.241273922311805 203
1694719177073 12.096049532358652 204
1694719177520 2.0606949031314734 205
1694719177854 1.0277256565703743 206
1694719178170 0.651717109803614 207
1694719178474 0.04333906223845354 208
1694719178724 3.6500044904625 209
1694719179103 2.2896707138497305 210
1694719179424 6.272301798647431 211
1694719179722 0.06657026036507294 212
1694719180149 14.09264009314425 213
1694719180528 0.12830458297969086 214
1694719180840 9.771185838325176 215
1694719181221 0.1767848925875484 216
1694719181637 9.044469171199568 217
1694719181867 11.808198954033667 218
1694719182100 4.382439998806755 219
1694719182392 1.9377480872872075 220
1694719182705 3.5154653414452373 221
1694719182962 0.31966615178866337 222
1694719183274 0.8946870222815858 223
1694719183646 14.050676362555595 224
1694719183892 1.6051304078110666 225
1694719184198 4.573906679557137 226
1694719184533 0.20155895362873655 227
1694719184845 2.6007640868049053 228
1694719185116 0.6879371413670854 229
1694719185387 0.5215501487901739 230
1694719185749 4.747485972360903 231
1694719186144 17.033606298623216 232
1694719186510 1.2974152428720471 233
1694719186788 3.831617155012845 234
1694719187043 5.870167976838081 235
1694719187364 1.1549358628124327 236
1694719187676 1.3871036631410252 237
1694719187999 0.3087821688468492 238
1694719188315 0.47205281467195 239
1694719188644 3.5440264389321823 240
1694719188955 0.9743903322922665 241
1694719189278 0.624666033563528 242
1694719189586 17.4026341321203 243
1694719189973 0.002420772843911747 244
1694719190308 0.8479128322640395 245
1694719190785 12.054277607447773 246
1694719191069 2.472376578314694 247
1694719191503 5.65299479824281 248
1694719191958 1.2466215255543027 249
1694719192526 2.6793449999573573 250
1694719192926 7.477995330951418 251
1694719193211 0.19006634458099197 252
1694719193576 5.865915728635496 253
1694719193857 5.079631661444412 254
1694719194089 0.16328994903852356 255
1694719194384 1.4082216038026225 256
1694719194802 5.095748470038596 257
1694719195122 16.17251180027078 258
1694719195469 9.45595223605316 259
1694719195801 3.537501076723433 260
1694719196048 0.4351828471213775 261
1694719196333 24.36003800881332 262
1694719196653 0.41792776836907036 263
1694719197018 0.028093460793294427 264
1694719197295 0.21346499825023754 265
1694719197604 79.89184873182695 266
1694719197923 4.816224245827161 267
1694719198185 0.00028748499932408644 268
1694719198490 0.03069954649577481 269
1694719198762 0.004792431908215013 270
1694719199055 0.3522250998552 271
1694719199401 17.195953680270556 272
1694719199641 0.32966398428877236 273
1694719199984 2.9817138231874636 274
1694719200268 1.814185055964112 275
1694719200555 15.736374139066653 276
1694719200843 5.908396192786687 277
1694719201160 5.562392368247814 278
1694719201586 8.387015509269963 279
1694719201930 3.350431149852601 280
1694719202229 5.654391655544943 281
1694719202561 0.6606284285855311 282
1694719202883 3.7760877145561675 283
1694719203196 3.919557069126488 284
1694719203537 1.15609691601436 285
1694719203901 0.49094392552946503 286
1694719204299 12.72218465784515 287
1694719204582 10.83331309319025 288
1694719204913 0.7009959054618471 289
1694719205182 36.83635063342587 290
1694719205501 0.5853964368524301 291
1694719205891 18.317492294616535 292
1694719206267 13.405722102662075 293
1694719206566 0.2082216056044477 294
1694719206868 0.5312270323193077 295
1694719207149 17.840150819363473 296
1694719207547 3.922223751295736 297
1694719207856 28.980973373037624 298
1694719208206 0.9593599428699201 299
1694719208461 0.46344719146619096 300
1694719208797 6.799476124141828 301
1694719209157 0.04095896452029648 302
1694719209535 7.027893476378117 303
1694719209995 2.358890418193102 304
1694719210556 2.700468769003248 305
1694719210900 0.276726740866692 306
1694719211192 0.0432972846513867 307
1694719211504 0.37713909371071647 308
1694719211946 1.9353098987796802 309
1694719212221 0.6096254526684738 310
1694719212548 4.754189721947324 311
1694719213005 3.328987209298077 312
1694719213280 3.7164855279663995 313
1694719213577 0.41645305294612334 314
1694719213909 2.640300237898451 315
1694719214306 0.3873096166963118 316
1694719214645 6.852601828387343 317
1694719215000 10.791736987235558 318
1694719215337 1.3650936882641473 319
1694719215777 8.504806058239438 320
1694719216338 0.6231024566213434 321
1694719216694 12.412713262322878 322
1694719217052 42.37276902384036 323
1694719217516 4.780390781872265 324
1694719217849 10.937802659539951 325
1694719218138 4.785739869796737 326
1694719218394 0.4983596066515344 327
1694719218705 7.182720657371181 328
1694719219027 8.107355191025682 329
1694719219298 0.47653004561295054 330
1694719219611 2.0149652466414487 331
1694719220070 0.08639662662573683 332
1694719220307 0.08234199857634576 333
1694719220570 1.1900371891156694 334
1694719220864 1.5016182892795737 335
1694719221181 15.725204456186226 336
1694719221432 0.5307898868074469 337
1694719221974 0.50412683936541 338
1694719222285 0.05246756197227841 339
1694719222618 7.948112166850979 340
1694719222977 1.1314443669498395 341
1694719223337 1.1298827988867504 342
1694719223613 5.4185821701050445 343
1694719223923 2.9837653797024513 344
1694719224309 65.18779416273415 345
1694719224645 2.004916539230971 346
1694719224976 4.163661353045871 347
1694719225281 16.625712585156972 348
1694719225576 0.3898865585903567 349
1694719225873 1.9186567124089513 350
1694719226199 8.0504971019382 351
1694719226526 3.7760570508111675 352
1694719226811 26.03756197976299 353
1694719227209 25.149425846822588 354
1694719227540 2.8723123857332267 355
1694719227846 0.1287672550310364 356
1694719228220 1.1923039021771007 357
1694719228606 3.098391812638044 358
1694719228929 3.9792863389115976 359
1694719229246 6.593733378067644 360
1694719229523 0.11640720873562753 361
1694719229848 23.87393851515486 362
1694719230479 5.5776987466947725 363
1694719230742 2.144146867381788 364
1694719231043 0.43721245688154003 365
1694719231456 11.455113604959212 366
1694719231743 0.00033002941521097625 367
1694719232022 2.061967104791243 368
1694719232402 0.06827345654958854 369
1694719232725 0.0882713749391694 370
1694719233053 1.0854073456667772 371
1694719233411 16.497476531484324 372
1694719233745 12.055657352219939 373
1694719234153 0.9714469982796692 374
1694719234464 0.49266029749629037 375
1694719234798 0.6743440843843156 376
1694719235154 2.4152244102008136 377
1694719235559 13.485467301262155 378
1694719235858 2.1123992329465255 379
1694719236196 5.9548733343739055 380
1694719236520 2.6274219645960426 381
1694719236829 3.090600847996274 382
1694719237148 1.4386382536043658 383
1694719237503 3.837930613010413 384
1694719237881 18.288895603983594 385
1694719238204 2.7162046620944666 386
1694719238516 13.792873629917525 387
1694719238748 3.2037912100349373 388
1694719239045 11.416042611473538 389
1694719239445 7.961132210928977 390
1694719239699 5.393369282791588 391
1694719240133 5.250478952960793 392
1694719240503 1.777291821066833 393
1694719240793 0.8704446005120341 394
1694719241131 0.8454657472095294 395
1694719241447 0.05273764933081067 396
1694719241841 20.658378254007147 397
1694719242303 3.477780637960396 398
1694719242722 0.002723509325029425 399
1694719243062 0.13523784473038566 400
1694719243377 3.071327412303674 401
1694719243677 5.253518563024277 402
1694719244023 0.41332143741690436 403
1694719244323 0.3606280009405481 404
1694719244744 5.3123294671622405 405
1694719245175 5.4933422184729 406
1694719245532 3.987008072071991 407
1694719245833 0.1265913208102427 408
1694719246128 16.09928304809956 409
1694719246474 4.740587287293021 410
1694719246918 0.15711188763940145 411
1694719247372 6.178695137805348 412
1694719247729 4.4045924861865995 413
1694719248083 0.25076819318440213 414
1694719248474 2.3328934591674337 415
1694719248750 5.436829138774123 416
1694719249137 2.536101067819866 417
1694719249452 0.014555627257125135 418
1694719249795 2.7503197443534475 419
1694719250226 2.59005271615948 420
1694719250569 2.31169369085276 421
1694719250889 0.3353306379274382 422
1694719251268 9.066013202419812 423
1694719251646 0.9138254668544714 424
1694719251890 0.18304731657711235 425
1694719252122 9.687974764363934 426
1694719252363 3.5044670639100852 427
1694719252653 0.5179327372967528 428
1694719252919 7.387790385467731 429
1694719253301 0.16693140104962303 430
1694719253913 9.224835268867093 431
1694719254269 13.718545505039925 432
1694719254608 0.158161792981164 433
1694719254910 9.43938053896694 434
1694719255221 0.669577302528331 435
1694719255540 0.46454617813517257 436
1694719255930 1.1629788049800838 437
1694719256245 1.8698510246792912 438
1694719256605 0.029346181839330954 439
1694719256947 0.7102194742887397 440
1694719257263 7.251392302393011 441
1694719257580 0.25583917346742674 442
1694719257871 4.760473896695975 443
1694719258181 0.363337371056302 444
1694719258510 3.4208317182159957 445
1694719258849 1.4805651695352768 446
1694719259109 1.9107472576354645 447
1694719259386 1.7432687057203275 448
1694719259754 2.657770880583328 449
1694719260077 2.4606021719417672 450
1694719260413 0.1351991420888909 451
1694719260738 11.664679252873816 452
1694719261017 16.72275480474525 453
1694719261427 0.17029187162777054 454
1694719261804 5.715872310300715 455
1694719262118 0.013164133769931974 456
1694719262487 1.8197614839292147 457
1694719262880 0.011181345330517265 458
1694719263127 1.1929209665910094 459
1694719263466 4.8576157011695456 460
1694719263776 4.968408945484983 461
1694719264024 7.114388525148543 462
1694719264328 9.401346066372103 463
1694719264654 0.00020950123703808866 464
1694719265061 0.06537128505387384 465
1694719265353 0.768924066467986 466
1694719265691 7.917439703800338 467
1694719265994 0.16915444999796228 468
1694719266343 2.1866161627206915 469
1694719266675 0.08571368528530056 470
1694719266971 0.5693504153623423 471
1694719267406 0.6248142181678427 472
1694719267932 9.301885891066748 473
1694719268192 3.0438568283861507 474
1694719268585 1.0430475858478734 475
1694719269018 4.8758856037987215 476
1694719269356 8.937654733610069 477
1694719269795 8.092495162115474 478
1694719270136 14.017137701325648 479
1694719270452 2.0355989962404175 480
1694719270734 0.3282250963856415 481
1694719271059 9.007276495921861 482
1694719271429 0.9329844209463845 483
1694719271923 2.272270992766191 484
1694719272209 2.5295066084232007 485
1694719272542 6.9380052096305995 486
1694719272885 0.49093636345285724 487
1694719273178 9.096392378207652 488
1694719273445 1.1845367769594333 489
1694719273754 0.04958057673215329 490
1694719274137 1.9343430740373628 491
1694719274421 8.338896791363124 492
1694719274745 0.8372021122390124 493
1694719275265 2.611577471356472 494
1694719275578 33.351308301692185 495
1694719275974 6.2609704397325885 496
1694719276416 4.663841636580332 497
1694719276724 6.400256311167331 498
1694719277103 0.2671258647317951 499
