1694711978555 0.747887749571911 0
1694711979196 2.273144457409175 1
1694711979677 0.0009321689704667965 2
1694711979960 1.4953686737620344 3
1694711980272 0.9625269325362635 4
1694711980496 7.159172333971744 5
1694711980751 0.22804451484383395 6
1694711981025 4.767145573077425 7
1694711981430 0.8707930111545814 8
1694711981761 0.11909230283761046 9
1694711982202 0.8241676062178874 10
1694711982483 1.3187068388161585 11
1694711982824 0.09803733906531333 12
1694711983156 0.2563373968824325 13
1694711983502 5.053322170668271 14
1694711984019 0.8320681707598471 15
1694711984421 0.03197648200135555 16
1694711984664 2.004986635513675 17
1694711984907 0.26500249270722087 18
1694711985189 1.469452856982083 19
1694711985449 1.2325346049383843 20
1694711985704 0.9009022603676872 21
1694711986077 3.509911835763853 22
1694711986445 3.7699396340839924 23
1694711986772 1.0084349763350609 24
1694711987113 3.1037071831347243 25
1694711987522 0.8789019213881616 26
1694711987767 4.00846027354606 27
1694711988035 0.03688281256176616 28
1694711988378 0.5598102473937648 29
1694711988676 1.21879860499246 30
1694711988951 0.6155253418188382 31
1694711989238 0.02802372478049778 32
1694711989493 4.23211369906724 33
1694711989759 3.6760793871356467 34
1694711989984 0.0004332568703927133 35
1694711990297 0.044502864106934124 36
1694711990679 0.5447479596125646 37
1694711991023 3.1712852434000975 38
1694711991402 0.14788047036152124 39
1694711991764 0.5855680798847716 40
1694711992027 0.4994877358747326 41
1694711992318 0.07891191062316229 42
1694711992969 0.9068518588969912 43
1694711993309 0.12340295971704715 44
1694711993560 0.267505225658981 45
1694711993966 2.7920959086888297 46
1694711994431 1.750016575110171 47
1694711994805 0.0805943102679889 48
1694711995127 0.016871810913597747 49
1694711995384 2.5247884523849446 50
1694711995726 0.2466089705285099 51
1694711996064 19.71173182997177 52
1694711996360 24.833014815603796 53
1694711996595 1.1852268244776514 54
1694711996916 6.72998257011773 55
1694711997233 0.5150017452839627 56
1694711997686 0.11278840854200059 57
1694711998004 0.2474918799407105 58
1694711998381 0.8003316396102281 59
1694711998665 5.418920702485574 60
1694711998960 1.1378304255538911 61
1694711999384 2.1021275744538563 62
1694711999796 5.9903522782649175 63
1694712000092 0.3083791397871473 64
1694712000415 8.461923689880727 65
1694712000673 0.061563420008269275 66
1694712000968 2.047016170719271 67
1694712001249 1.8432744337838376 68
1694712001538 4.441803254732994 69
1694712002205 8.254824546251985 70
1694712002604 0.22864668717618605 71
1694712002931 1.2239330229227876 72
1694712003565 0.06569201184408825 73
1694712004226 5.120121094909322 74
1694712004667 0.1038801819921311 75
1694712004897 0.0038379588213400652 76
1694712005178 0.6639902502348287 77
1694712005467 2.0557160430929367 78
1694712005710 2.5353478555978834 79
1694712005986 0.2951246615814094 80
1694712006283 0.17856183636525447 81
1694712006548 1.054753716926185 82
1694712006870 0.5656391261194269 83
1694712007101 1.3320092470686724 84
1694712007344 0.7588980609785394 85
1694712007607 1.2809219478688711 86
1694712007904 9.025935970265943 87
1694712008178 5.6647294806480355 88
1694712008445 0.39064738743668703 89
1694712008697 0.00046382698982565344 90
1694712008962 0.003696113535062958 91
1694712009247 3.1022259994812167 92
1694712009486 1.57943037092377 93
1694712009718 0.13491530144853509 94
1694712010001 0.03911805566521044 95
1694712010227 0.041490485321317286 96
1694712010474 2.4734717839344245 97
1694712010719 22.090334351273125 98
1694712010950 2.89669712583378 99
1694712011240 0.27665727639792353 100
1694712011498 1.1282525283542257 101
1694712011763 7.703501543682863 102
1694712012155 4.19463084359307 103
1694712012434 2.613929355932909 104
1694712012705 10.174934728297432 105
1694712012926 2.745005122971623 106
1694712013256 1.52147288093581 107
1694712013638 0.007910474028174479 108
1694712013913 0.0032782630027206015 109
1694712014171 2.1539036752066085 110
1694712014479 2.6216039790320256 111
1694712014758 1.893041589945893 112
1694712015015 0.4752659857689494 113
1694712015275 0.4135905838287675 114
1694712015568 0.3924250712198532 115
1694712015880 0.26494802944715606 116
1694712016298 0.07457794118885286 117
1694712016555 0.07190140321431567 118
1694712016816 2.2569765067258496 119
1694712017057 0.12722535954182582 120
1694712017295 0.5520790502668373 121
1694712017603 1.3573060193148603 122
1694712017857 1.7774041823576983 123
1694712018166 0.3161192672365519 124
1694712018414 0.02080635444449323 125
1694712018721 2.0707897648695104 126
1694712019016 0.3420653690996504 127
1694712019331 0.05334037501341229 128
1694712019602 0.10483904089658602 129
1694712019912 3.797200886948485 130
1694712020243 0.6305100459465394 131
1694712020573 0.0010467963025378964 132
1694712020816 0.051970499910646985 133
1694712021063 6.859686226161482 134
1694712021290 0.7750629175159204 135
1694712021509 15.416405075156229 136
1694712021780 0.6744742698536687 137
1694712022018 6.399079175287566 138
1694712022247 2.6747031957573397 139
1694712022545 0.26422285826116887 140
1694712022843 0.8102631983818369 141
1694712023095 1.6889788202572242 142
1694712023324 0.3235410377530436 143
1694712023567 5.746485690061535 144
1694712023892 1.5311500353954863 145
1694712024145 0.22313080832177082 146
1694712024465 0.5392615442934875 147
