1694748720991 169.3302270244576 0
1694748721315 3356830.672432548 1
1694748721730 68866777474.77922 2
1694748722023 1412832984957896.2 3
1694748722381 2.8984905592270004e+19 4
1694748722747 5.946384046362323e+23 5
1694748723017 1.2199274934420474e+28 6
1694748723418 2.502736247192462e+32 7
1694748723777 5.134476234598089e+36 8
1694748724146 1.0533609457738937e+41 9
1694748724513 2.1610174658224426e+45 10
1694748724884 4.4334247499167046e+49 11
1694748725192 9.095370733476965e+53 12
1694748725555 1.8659563079523024e+58 13
1694748725886 3.8280934831734692e+62 14
1694748726226 7.853506351387615e+66 15
1694748726660 1.6111822316354514e+71 16
1694748726977 3.305412980380577e+75 17
1694748727297 6.781203737443207e+79 18
1694748727596 1.3911945164388855e+84 19
1694748727911 2.854098265596957e+88 20
1694748728218 5.855311254773336e+92 21
1694748728570 1.2012434996909395e+97 22
1694748728913 2.4644051917366343e+101 23
1694748729220 5.055838346364445e+105 24
1694748729570 1.0372280285027439e+110 25
1694748729903 2.127920058767912e+114 26
1694748730246 4.365523927311472e+118 27
1694748730559 8.956069134929654e+122 28
1694748730913 1.8373779570379772e+127 29
1694748731282 3.769463707959157e+131 30
1694748731633 7.733224724502073e+135 31
1694748731938 1.5865059136496712e+140 32
1694748732214 3.254788401623025e+144 33
1694748732575 6.677345131963394e+148 34
1694748732928 1.369887455329557e+153 35
1694748733391 2.810385869207724e+157 36
1694748733751 5.765633303023677e+161 37
1694748734064 1.1828456636208143e+166 38
1694748734423 2.4266612016633476e+170 39
1694748734755 4.978404849228022e+174 40
1694748735091 1.0213421974945913e+179 41
1694748735407 2.095329560320583e+183 42
1694748735742 4.2986630505653816e+187 43
1694748736065 8.818901032193175e+191 44
1694748736376 1.8092373024070534e+196 45
1694748736735 3.711731886401613e+200 46
1694748737047 7.614785290023194e+204 47
1694748737365 1.5622075297407294e+209 48
1694748737775 3.204939171661398e+213 49
1694748738111 6.575077189491188e+217 50
1694748738432 1.3489067259069569e+222 51
1694748738779 2.767342956984861e+226 52
1694748739075 5.677328828221703e+230 53
1694748739369 1.1647296025381488e+235 54
1694748739705 2.389495285679263e+239 55
1694748740069 4.9021572971452136e+243 56
1694748740461 1.0056996684604343e+248 57
1694748740799 2.0632382068409716e+252 58
1694748741185 4.232826192222038e+256 59
1694748741486 8.683833749372735e+260 60
1694748741803 1.7815276404524123e+265 61
1694748742129 3.654884265748635e+269 62
1694748742482 7.498159833559857e+273 63
1694748742813 1.5382812915990998e+278 64
1694748743089 3.1558534155177576e+282 65
1694748743427 6.474375547974016e+286 66
1694748743737 1.3282473301861753e+291 67
1694748744047 2.7249592753370264e+295 68
1694748744349 5.5903767946625535e+299 69
1694748744646 1.1468910008732605e+304 70
1694748745160 inf 71
