1694724908809 0.044469733057639876 0
1694724909092 0.15665224198922384 1
1694724909447 0.3823815834989804 2
1694724909692 0.4383100995469227 3
1694724909928 3.7131384002161307 4
1694724910184 0.01778217536513176 5
1694724910530 5.594359433341228e-05 6
1694724910814 1.082089245209424 7
1694724911150 0.0422360649195976 8
1694724911493 0.29093298420359726 9
1694724911795 0.19538680194371374 10
1694724912107 0.53203913013117 11
1694724912460 1.0466393437620052 12
1694724912870 4.029848901357834 13
1694724913294 0.06232564438388483 14
1694724913652 2.1828098158870257 15
1694724913933 0.8215885545853577 16
1694724914221 0.02934882896514343 17
1694724914588 0.18520019579290317 18
1694724914818 0.6961409974387207 19
1694724915075 0.5318689793072697 20
1694724915468 2.9185559816512656 21
1694724915793 1.3273804305638333 22
1694724916287 0.020983230548289905 23
1694724916627 1.257591433163741 24
1694724917004 0.35905185517266786 25
1694724917488 1.5014100393296963 26
1694724917907 8.218304984192349 27
1694724918195 5.016331613813857 28
1694724918571 0.00177141554639005 29
1694724918916 1.911375755289911 30
1694724919273 0.058994271426481476 31
1694724919689 3.4181072982907494 32
1694724919950 3.490563669340615 33
1694724920640 1.6414488935482714 34
1694724920955 0.2709778344956019 35
1694724921289 1.2966164243672091 36
1694724921638 4.467785622076819 37
1694724921964 3.706061691533081 38
1694724922335 1.4469541196118143 39
1694724922707 1.6180134346200818 40
1694724922993 0.08208026918405925 41
1694724923324 0.7838718339676621 42
1694724923679 0.05801844916288533 43
1694724924008 0.44838151536500287 44
1694724924336 1.3961368682916315 45
1694724924787 0.22127871666848126 46
1694724925118 0.12330106985693434 47
1694724925465 0.8349144548967737 48
1694724925787 3.5374719869191353 49
1694724926080 0.7214172150950405 50
1694724926451 1.1758292672418535 51
1694724926710 0.9834741560947352 52
1694724927049 0.1340273411441535 53
1694724927306 1.1017443966062963 54
1694724927623 0.5237401293622669 55
1694724927907 0.0031776444751486915 56
1694724928227 0.06249393555308224 57
1694724928575 5.367058500091336 58
1694724928862 1.408661525917713 59
1694724929223 0.2005703605837093 60
1694724929542 0.05862190667350944 61
1694724929882 4.253332338868459 62
1694724930119 0.001883971560056719 63
1694724930442 3.6828974337893285 64
1694724930745 0.004309740115094459 65
1694724931034 4.217508427386154 66
1694724931361 0.04134799020791572 67
1694724931682 0.007813133135909424 68
1694724931948 0.6208073606798163 69
1694724932231 0.31259545808695843 70
1694724932564 1.2938032197265867 71
1694724932864 1.2580788310467417 72
1694724933107 0.016298889689442438 73
1694724933388 0.014519597812005278 74
1694724933786 1.928683016278986 75
1694724934098 2.174862023968915 76
1694724934505 0.22362996282024059 77
1694724934848 0.031101648632455806 78
1694724935142 0.028121220688784553 79
1694724935445 0.0023826653421505145 80
1694724935827 0.003989440993201636 81
1694724936147 0.13198074275241686 82
1694724936485 3.773594893849769 83
1694724936838 0.18842090255348293 84
1694724937133 9.496736387819771 85
1694724937420 0.2898263266785209 86
1694724937700 1.4587962327955257 87
1694724938025 2.047855148643591 88
1694724938341 1.3142668987881416 89
1694724938635 4.122551099373754 90
1694724938994 0.3383239051481988 91
1694724939358 0.4233229549228966 92
1694724939649 1.691376193608293 93
1694724940035 0.8186748893506529 94
1694724940330 0.5936879297059011 95
1694724940663 0.6231342495609871 96
1694724941110 0.29114387802153985 97
1694724941385 0.5839442421833833 98
1694724941720 0.2166443277510612 99
1694724942104 0.2271211571889781 100
1694724942411 0.7348895285625028 101
1694724942806 2.586753869146365 102
1694724943209 0.20719512639936047 103
1694724943448 0.7921817729632606 104
1694724943662 2.0790577218773114 105
1694724943927 9.001299995083418 106
1694724944242 2.4110881398957273 107
1694724944564 1.01889558100113 108
1694724944932 2.263409167925019 109
1694724945282 0.0015070575365007913 110
1694724945595 1.546216863135554 111
1694724945916 13.265954098648812 112
1694724946286 2.5776186170485986 113
1694724946625 13.536706902591837 114
1694724946991 1.455468925214418 115
1694724947300 1.6204575938917931 116
1694724947587 0.7645750406650164 117
1694724947995 7.25108380280876 118
1694724948315 4.699763092655972 119
1694724948611 2.60852112722653 120
1694724948921 3.1499665061029933 121
1694724949310 13.758917973149341 122
1694724949606 8.200155090639962 123
1694724949894 0.04445996905948915 124
1694724950213 0.3367251188391856 125
1694724950500 0.011191054376607185 126
1694724950873 2.343770730415962 127
1694724951262 0.20770180473401736 128
1694724951653 3.87039694475865 129
1694724951977 0.7458025878760004 130
1694724952311 0.005393412449144748 131
1694724952589 0.03425441536653685 132
1694724952971 3.6210858701514437 133
1694724953342 3.019039782396504 134
1694724953762 0.04098554577386585 135
1694724954315 0.22950450727701693 136
1694724954725 3.5706834612800944 137
1694724955102 0.41881198147999366 138
1694724955464 2.3117640079353157 139
1694724955778 0.41302697221128554 140
1694724956246 0.10012119020863317 141
1694724956535 1.0577626941944338 142
1694724956876 1.3898752181086305 143
1694724957229 0.748204884157968 144
1694724957591 1.375822139571958 145
1694724957992 0.6080345287357677 146
1694724958481 1.2132115507976806 147
1694724958844 1.3586512176876977 148
1694724959336 2.3446384356650025 149
1694724959710 0.7021384590415086 150
1694724960108 0.07976996040385516 151
1694724960623 2.356698501951539 152
1694724960994 2.511925004628431 153
1694724961317 0.7576424040033826 154
1694724961694 5.083151359867018 155
1694724961916 1.6539629299106822 156
1694724962171 11.254526045560814 157
1694724962515 2.558135775577305 158
1694724962847 0.2835468912340809 159
1694724963159 0.08677773460099067 160
1694724963495 4.07763333294761 161
1694724963835 0.14995486068474267 162
1694724964182 1.4202572336685426 163
1694724964571 0.4433583951784727 164
1694724964843 6.472195153855083 165
1694724965198 1.5599209170713852 166
1694724965512 3.535091326717969 167
1694724965815 9.04284840082411 168
1694724966085 0.07200473690743239 169
1694724966475 2.2119168283153963 170
1694724966762 0.3416892972911393 171
1694724967101 0.24129376979677972 172
1694724967487 0.37650746893417936 173
1694724967795 0.0067913090143439225 174
1694724968075 0.0009229341024976021 175
1694724968369 2.1081145781309556 176
1694724968671 2.5125160074109796 177
1694724968944 8.94285604181123 178
1694724969225 2.949095098712608 179
1694724969612 0.2695405840008992 180
1694724970026 2.3592810532847968 181
1694724970405 0.12432908985569625 182
1694724970742 0.9765619292317304 183
1694724971010 0.9268011147664221 184
1694724971337 1.5733547389246763 185
1694724971696 3.633466081110216 186
1694724972037 13.771645960294704 187
1694724972370 5.8476176765112475 188
1694724972705 0.16573105456383894 189
1694724972992 1.6583962916831516 190
1694724973364 0.5604322768781125 191
1694724973762 12.6440045872633 192
1694724974175 1.671321537465396 193
1694724974648 0.20289510935376512 194
1694724974972 9.509074134557471 195
1694724975353 0.44808564807717427 196
1694724975680 0.000541934818339161 197
1694724975972 2.0702891628937268 198
1694724976412 0.2873637847163557 199
1694724976777 0.15304850310613036 200
1694724977181 13.071781127329213 201
1694724977521 2.4024940774923698 202
1694724977989 1.2826746485227365 203
1694724978304 1.7627608780042117 204
1694724978681 0.5462547522222235 205
1694724978992 0.01490371205823253 206
1694724979287 2.790465925812596 207
1694724979651 4.018504307077524 208
1694724979975 0.7800402919847278 209
1694724980272 15.425949768967312 210
1694724980577 0.6494645985515095 211
1694724980954 4.446337835631834 212
1694724981244 2.645261785156107 213
1694724981664 1.9066046915326869 214
1694724981995 0.02884820990155459 215
1694724982419 0.20068000204201228 216
1694724982827 1.1880769077130835 217
1694724983188 0.20210263537743955 218
1694724983577 2.926648440333825 219
1694724983939 16.76817132922441 220
1694724984201 2.528542878837906 221
1694724984567 2.0598336072964787 222
1694724984875 1.1973804959407692 223
1694724985145 0.08601572128374387 224
1694724985561 1.4183648300095426 225
1694724985853 1.4876200295365685 226
1694724986232 3.8224043710878712 227
1694724986587 0.8968509194316837 228
1694724986903 0.4224997769196858 229
1694724987193 2.853099900829051 230
1694724987608 0.24904253150928268 231
1694724987938 0.09581423517998383 232
1694724988200 0.7343714862525832 233
1694724988540 0.10559340882817272 234
1694724988942 0.33345592200977303 235
1694724989259 0.9420304073335675 236
1694724989581 0.2766413405852347 237
1694724989978 23.300968995811278 238
1694724990290 2.1194401408479284 239
1694724990649 0.3257532363440453 240
1694724991019 1.2139260626857085 241
1694724991254 2.6780387142625837 242
1694724991599 0.3444299789020901 243
1694724992000 0.11147128165921631 244
1694724992317 1.7241536908551245 245
1694724992742 1.5543015325998053 246
1694724993122 0.1480456160147233 247
1694724993438 7.195388789246119 248
1694724993827 0.17106361070148732 249
1694724994201 0.9109927978860635 250
1694724994662 0.07387570750166475 251
1694724995037 1.7784103084450953 252
1694724995324 6.138771590211648 253
1694724995741 0.827528935543203 254
1694724996108 2.3708723207259337 255
1694724996549 1.9027745676510968 256
1694724996947 1.5101357815037897 257
1694724997271 2.0379034261570346 258
1694724997618 1.022303123547355 259
1694724997948 0.10024119485441775 260
1694724998301 0.5047097615643398 261
1694724998639 1.0560858152310395 262
1694724999080 0.007720314992569711 263
1694724999420 0.7013617421854451 264
1694724999825 3.2941049736768293 265
1694725000217 1.1283040400289537 266
1694725000536 7.84531643304435 267
1694725000914 3.3711655794501296 268
1694725001351 0.16231749111283 269
1694725001702 1.191984283204767 270
1694725002072 0.2583652016717781 271
1694725002405 0.3519191418083811 272
1694725002829 7.744885027913007 273
1694725003225 0.7420225253068955 274
1694725003713 2.1966701783507285 275
1694725004111 0.36630863133314434 276
1694725004489 2.171039234357197 277
1694725004918 0.36460444853062013 278
1694725005269 0.35359623975892085 279
1694725005628 2.5180882429854896 280
1694725006050 5.249376471363674 281
1694725006453 4.4221002934918845 282
1694725006776 0.9408625584622579 283
1694725007121 0.8448592614978424 284
1694725007427 0.6571707496242942 285
1694725007711 0.6985002877611153 286
1694725008070 0.3745505103859574 287
1694725008398 0.03544826449134411 288
1694725008628 9.11772042921581 289
1694725008926 1.0138384018694038 290
1694725009259 0.11565060062860426 291
1694725009576 6.289474956621482 292
1694725009903 0.08591670454827986 293
1694725010296 0.05519454988396092 294
1694725010591 1.049627926350448 295
1694725010901 1.22423223946406 296
1694725011192 12.76881566513355 297
1694725011515 2.354765148907307 298
1694725011787 0.2847913962748402 299
1694725012054 0.2064183435626518 300
1694725012422 0.03853420267761238 301
1694725012676 0.9281909791448377 302
1694725012924 0.9097718957176442 303
1694725013199 3.182771979072804 304
1694725013493 0.9410892672586878 305
1694725013781 6.828238229902264 306
1694725014079 1.042397187524388 307
1694725014371 2.9037376170946994 308
1694725014776 0.13967085589974176 309
1694725015077 1.2253430009245632 310
1694725015398 2.3682068284482827 311
1694725015692 7.732966532869996 312
1694725015986 2.620134328485315 313
1694725016444 0.5344244294018939 314
1694725016714 0.34701984189314117 315
1694725017064 0.33763847844713435 316
1694725017390 0.07989035295542245 317
1694725017703 6.604015139287372 318
1694725018023 5.477774578981097 319
1694725018309 0.03604042701615122 320
1694725018582 0.01472339917825299 321
1694725018911 3.4225523392557045 322
1694725019281 4.401005535887825 323
1694725019598 1.2425816666803544 324
1694725019931 0.4365880195341178 325
1694725020266 0.1478085480839036 326
1694725020570 1.4027812100894892 327
1694725020828 0.045595269381261815 328
1694725021174 8.595874023638876 329
1694725021600 3.1403126699369905 330
1694725021831 0.8262240986151683 331
1694725022069 0.6389241461057077 332
1694725022303 1.3882121986812188 333
1694725022560 1.784218929668847 334
1694725022795 0.2656093759067498 335
1694725023010 0.389729670291321 336
1694725023331 0.2501876053193779 337
1694725023719 0.0017601275339779586 338
1694725023999 1.6831840155143145 339
1694725024321 3.802540733653352 340
1694725024692 0.19093377327467528 341
1694725024968 0.44131512978251036 342
1694725025305 2.9694784902101206 343
1694725025630 8.291127120314446 344
1694725025983 0.08959434959595061 345
1694725026337 0.00021024991969758572 346
1694725026622 0.8620719950953266 347
1694725026884 0.011448528915560708 348
1694725027114 2.2773613349265447 349
1694725027376 0.04505758258026551 350
1694725027702 2.278246336644404 351
1694725027995 3.537750876570651 352
1694725028312 9.149118246216641 353
1694725028649 6.146801382821879 354
1694725028917 0.9704963631985346 355
1694725029243 0.34937981884249647 356
1694725029762 0.97384378309782 357
1694725030021 6.660605545395833 358
1694725030360 17.383759234364767 359
1694725030673 0.056385591610693495 360
1694725030941 3.0154801387801418 361
1694725031219 4.313422381776837 362
1694725031532 3.791906214247559 363
1694725031863 0.22169015659427774 364
1694725032157 7.341054685232649 365
1694725032528 0.46085379327452064 366
1694725032847 0.9381864348378028 367
1694725033152 3.7909125721096335 368
1694725033474 0.19634806631961027 369
1694725033810 6.8452161934922495 370
1694725034074 6.189152892992916 371
1694725034364 2.8665334664767 372
1694725034802 0.5405864119674535 373
1694725035135 0.00042037733941722283 374
1694725035461 1.8630546061790692 375
1694725035790 14.1137135855549 376
1694725036089 3.3925984460666743 377
1694725036370 0.21259051558921294 378
1694725036708 19.88524783034058 379
1694725037167 0.0005100955016526131 380
1694725037459 1.3063754102510408 381
1694725037781 0.0662529876870801 382
1694725038147 8.777824912611203 383
1694725038441 1.5403827354456485 384
1694725038765 0.059930237271895066 385
1694725039082 1.0077959413262774 386
1694725039491 0.02039016125932036 387
1694725039810 1.4871078145660634 388
1694725040097 4.155313589216623 389
1694725040394 0.3515031951254682 390
1694725040728 1.490166340199111 391
1694725041056 6.255793324784801 392
1694725041306 0.05714372624539496 393
1694725041714 0.2602207863730764 394
1694725042009 0.7155585947572076 395
1694725042278 1.0653010232804567 396
1694725042690 2.5199836082622893 397
1694725043044 1.1001745552130682 398
1694725043314 4.564742115745064 399
1694725043723 0.1338383842653519 400
1694725044048 0.046641919988911505 401
1694725044336 0.00032972761842899197 402
1694725044737 1.7641038611131616 403
1694725045087 0.7669563443075795 404
1694725045306 0.4342228059859984 405
1694725045592 1.8634680168944562 406
1694725045918 12.54305628200727 407
1694725046290 0.11121023719230913 408
1694725046652 12.060441344178415 409
1694725046967 0.5300423815397015 410
1694725047271 0.08263722841874041 411
1694725047572 3.5510375559055736 412
1694725047858 19.554408043456043 413
1694725048204 0.37376769458480885 414
1694725048486 0.9055651213303044 415
1694725048778 0.3981774330691931 416
1694725049037 1.036650665979745 417
1694725049372 6.421243894733038 418
1694725049719 0.0332119345392531 419
1694725049985 0.1655928747735362 420
1694725050289 0.1864372571745887 421
1694725050637 1.526025244702759 422
1694725050890 0.05936273226840949 423
1694725051199 0.04393701043831051 424
1694725051455 0.14114680524557371 425
1694725051804 2.007582392538222 426
1694725052129 1.4523435193081449 427
1694725052433 0.6435921773772746 428
1694725052817 0.18149799615348286 429
1694725053134 1.6896656788164548 430
1694725053382 31.401885167928757 431
1694725053667 2.5283556111823966 432
1694725053943 0.44212876248232474 433
1694725054262 0.006259040924703864 434
1694725054558 0.8654634272459378 435
1694725054938 7.5963046175519064 436
1694725055286 0.3610618498173548 437
1694725055544 12.45818973612511 438
1694725055875 0.05291299404862599 439
1694725056212 0.017394283473135964 440
1694725056519 3.5990987571895894 441
1694725056867 0.38616452902199694 442
1694725057239 0.03755631495534691 443
1694725057525 29.757100069033413 444
1694725057888 0.31213841075863885 445
1694725058202 1.2138435913750216 446
1694725058474 0.08319125456364054 447
1694725058727 1.0836664763721844 448
1694725059024 0.0013232026908813132 449
1694725059397 0.18260419707463077 450
1694725059714 0.1061448964224537 451
1694725060059 0.15701484088380774 452
1694725060372 0.12308838776559432 453
1694725060655 3.293912863568936 454
1694725060967 0.03816117808238325 455
1694725061288 0.09519124181849893 456
1694725061686 0.7831248485114288 457
1694725061986 0.21700190279415513 458
1694725062321 2.788099324200881 459
1694725062602 2.9679328958940707 460
1694725062879 17.659902705530307 461
1694725063254 0.07719083530418772 462
1694725063534 0.6305632397804256 463
1694725063813 2.3088154768978733 464
1694725064213 4.707770085825143 465
1694725064872 0.047500203689986704 466
1694725065191 0.2217659332686042 467
1694725065477 1.9241580290308 468
1694725065749 1.0451797029540826 469
1694725066086 3.43224139840736 470
1694725066478 0.7360557662443298 471
1694725066756 0.0037763302241002232 472
1694725067076 0.33538954828112194 473
1694725067391 9.23000992093025 474
1694725067704 3.2601497358625657 475
1694725068056 0.1425919318490489 476
1694725068438 1.452082738533636 477
1694725068776 0.40736219117137257 478
1694725069073 0.1283181044960029 479
1694725069409 0.8502903242851337 480
1694725069703 0.17760210432523413 481
1694725069944 0.03526659200303823 482
1694725070263 0.33433578767140326 483
1694725070647 0.0408482779105472 484
1694725070927 0.006657958601412359 485
1694725071204 0.40241061202116424 486
1694725071542 9.704007139771935 487
1694725071839 1.0356368072633975 488
1694725072109 0.7039542316110531 489
1694725072394 0.3572104080755651 490
1694725072764 0.5973967812575663 491
1694725073065 0.006666787614622745 492
1694725073409 6.257987052960557 493
1694725073740 0.5478145219990254 494
1694725074039 11.750623356009994 495
1694725074352 0.14455798276269477 496
1694725074803 0.48952298284965406 497
1694725075130 1.4222224571419317 498
1694725075453 0.2613914466082481 499
