1694712923379 1.2544182309210714 0
1694712923635 3.693437060263917 1
1694712923873 1.4061852078841421 2
1694712924198 0.6107941844996922 3
1694712925205 1.5360295597545168 4
1694712925594 0.03566234749795792 5
1694712925842 0.20126442296193048 6
1694712926175 0.4529382112562164 7
1694712926450 8.730533562501957 8
1694712926798 0.08960666525312048 9
1694712927126 0.20295143720612405 10
1694712927467 5.248676871486778 11
1694712927757 0.1637096292421735 12
1694712928011 0.0024708377609172602 13
1694712928309 0.011146238042968626 14
1694712928614 29.522762802968636 15
1694712928935 11.903071672339095 16
1694712929352 9.356772591775488 17
1694712929752 4.625834591607008 18
1694712930001 3.76303920158087 19
1694712930296 0.015735831144117526 20
1694712931407 1.754929572137444 21
1694712931751 2.988289399530101 22
1694712932142 0.3913637870105684 23
1694712933047 1.1678006414359878 24
1694712933369 1.9864320910296016 25
1694712933721 1.2807818966711086 26
1694712934044 1.0846312036841042 27
1694712934369 0.18836844747022768 28
1694712934682 0.06996718776841643 29
1694712935050 0.08694635436826688 30
1694712935426 0.14127861358291935 31
1694712935781 0.6814600541500034 32
1694712936056 7.960082081721567 33
1694712936329 0.0023618497943806334 34
1694712936624 3.3116763980583457 35
1694712936857 1.4045545080373145 36
1694712937177 0.4083712534943391 37
1694712937406 1.821717142871675 38
1694712937651 0.32965864296611713 39
1694712937974 5.386715184444882 40
1694712938300 0.06364584116881744 41
1694712938601 0.03505752629824073 42
1694712938899 0.2204886794430221 43
1694712939301 2.299545536048038 44
1694712939616 1.349255115249952 45
1694712939898 0.028983969192414163 46
1694712940105 7.857089765941513 47
1694712940354 4.1672211000921955 48
1694712940577 0.001330175551904972 49
1694712940846 0.5448471181773124 50
1694712941077 1.5816131278921035 51
1694712941375 0.6026859434894292 52
1694712941714 0.06953402814691007 53
1694712942000 4.630971657951207 54
1694712942310 0.22810979733469383 55
1694712942624 0.004136618259910336 56
1694712942919 0.011794374937223096 57
1694712943124 0.7773738719483506 58
1694712943344 0.5164238815422737 59
1694712943639 0.2438879645320698 60
1694712943919 1.3410135258441682 61
1694712944154 6.1279683171995725 62
1694712944477 0.15409797296469968 63
1694712944775 0.12932796955930742 64
1694712945126 0.2857374784284608 65
1694712945357 2.5622397732628297 66
1694712945596 2.119335195286862 67
1694712945960 12.529303325081314 68
1694712946204 0.5208348940547567 69
1694712946442 14.029973866707046 70
1694712946735 0.17991224611571194 71
1694712947015 0.5915304998507032 72
1694712947237 1.6826047372663644 73
1694712947496 0.7385835919971583 74
1694712947833 0.2060451946884064 75
1694712948187 0.5359604566226259 76
1694712948487 0.5526551870224977 77
1694712948737 0.5539990537288559 78
1694712949072 0.8281001934799131 79
1694712949307 0.47194332696332664 80
1694712949564 0.7520571027441195 81
1694712949831 0.07993382615551058 82
1694712950163 0.02054893139172435 83
1694712950445 1.4959947999212218 84
1694712950738 0.47078649220769847 85
1694712951078 0.18411871696526474 86
1694712951405 0.06847395077361647 87
1694712951666 11.240857466032143 88
1694712951908 0.7071639404694555 89
1694712952210 0.01912607152231914 90
1694712952504 1.4800890816335956 91
1694712952883 0.14735366241093517 92
1694712953214 0.09860566878685348 93
1694712953764 0.74745871343471 94
1694712954065 1.8292596506004393 95
1694712954332 1.1620906602273295 96
1694712954631 0.9177923541242182 97
1694712955077 1.1823249327603305 98
1694712955339 0.07778221443737084 99
1694712955599 0.37445737123513984 100
1694712955921 0.9098625305722512 101
1694712956224 0.8555421664997066 102
1694712956478 7.205805416954489 103
1694712956817 0.5245521440388768 104
1694712957217 1.3371396829649735 105
1694712957514 1.8615203813679029 106
1694712957827 1.7782995464957458 107
1694712958160 0.030537368156080665 108
1694712958387 5.0866746859659235 109
1694712958674 0.12026101171196289 110
1694712958972 5.162914714895517 111
1694712959299 0.21602087911914522 112
1694712959625 0.4930366433569999 113
1694712959936 0.5339292818619646 114
1694712960272 1.2897991109619975 115
1694712960507 0.38280261913385155 116
1694712960767 0.004582354798173564 117
1694712961038 0.099685066261073 118
1694712961350 0.7542892172545275 119
1694712961627 1.3442085947283493 120
1694712961910 0.9455160843922926 121
1694712962180 0.4577714355365449 122
1694712962437 0.005175565207979873 123
1694712962739 0.02172963181756734 124
1694712963054 7.58961711977605 125
1694712963396 0.001377788774488517 126
1694712963725 0.4374461419411681 127
1694712964121 0.5097043622631147 128
1694712964476 0.3077892138232809 129
1694712964788 0.024660771507497573 130
1694712965237 1.1044347755042632 131
1694712965501 0.02432429659060415 132
1694712965869 0.2578758782417395 133
1694712966296 0.9830701034460748 134
1694712966519 1.6016283157034794 135
1694712966895 2.872228003942683 136
1694712967128 1.4835966084528474 137
1694712967430 0.6570538723741908 138
1694712967755 1.6063804525869383 139
1694712968061 0.1455987983422563 140
1694712968427 0.06455478139913723 141
1694712968689 0.22846199239538584 142
1694712968919 4.652775525941925 143
1694712969170 0.015662159067209986 144
1694712969448 1.1901574490550113 145
1694712969640 0.13736937375139355 146
1694712969910 0.580775649941546 147
1694712970223 0.24477164446324798 148
1694712970524 1.1333985550468988 149
1694712970836 0.26451109483911744 150
1694712971105 2.2668767004770465 151
1694712971377 0.13113591106095235 152
1694712971655 0.27099020448367495 153
1694712971924 0.5668271831869515 154
1694712972255 0.1683112374119316 155
1694712972563 0.5099286449494693 156
1694712972790 0.02740370499534676 157
1694712973120 0.5130059845549148 158
1694712973470 0.607743652805377 159
1694712973779 0.06343594979364411 160
1694712974159 0.7507360568660099 161
1694712974415 0.0022102448589116654 162
1694712974665 0.14622617501854226 163
1694712974866 0.9186929741234069 164
1694712975284 0.023409614479695435 165
1694712975557 0.9499138950180622 166
1694712975834 1.5215963516342685 167
1694712976090 1.0818356700690965 168
1694712976369 0.6540429805554271 169
1694712976661 0.5463825619579529 170
1694712976940 0.11396119135549693 171
1694712977172 3.550295912400807 172
1694712977481 0.7272815016256357 173
1694712977790 0.10000694782514846 174
1694712978040 0.08366195230601085 175
1694712978338 1.4327858705113066 176
1694712978668 0.0003486966391254413 177
1694712978897 0.04718000974393358 178
1694712979157 0.002941244988215417 179
1694712979487 0.0006213582117560669 180
1694712979826 1.2119860285327007 181
1694712980062 1.0689685390670765 182
1694712980333 3.7254636860650265 183
1694712980601 0.7237564269083238 184
1694712980845 0.0430192168076778 185
1694712981085 0.019291496462702933 186
1694712981390 1.1071284473461458 187
1694712981723 3.389403748453692 188
1694712982028 0.4992537556349408 189
1694712982268 1.1697082829057286 190
1694712982677 2.083032870382794 191
1694712982925 0.1318268604285916 192
1694712983173 0.07460815386484845 193
1694712983504 4.567506314018017 194
1694712983837 0.32315544632358134 195
1694712984101 0.28678221358354533 196
1694712984472 0.3841110597829718 197
1694712984807 2.4956942051374322 198
1694712985162 0.07770587024891902 199
1694712985386 1.8657109924087019 200
1694712985639 0.23577887484502416 201
1694712985923 0.12045612281334628 202
1694712986139 3.273502738056167 203
1694712986351 0.03830671565111071 204
1694712986635 0.2996574927434612 205
1694712986985 1.283062062330159 206
1694712987205 0.14561710431473482 207
1694712987438 1.0045847661694325 208
1694712987724 0.026585781587498507 209
1694712987994 0.7521903532891006 210
1694712988305 1.3261684279687156 211
1694712988613 0.5648183360404777 212
1694712988961 0.3543044188349242 213
1694712989330 0.1682237132767061 214
1694712989638 0.9223875028886922 215
1694712990088 0.24424346551619583 216
1694712990666 2.2933194094657517e-05 217
1694712991079 0.16705346649972366 218
1694712991515 0.846027541784526 219
1694712991992 0.4141611957328307 220
1694712992275 0.0357641959588788 221
1694712992659 0.5827404047875073 222
1694712992958 4.546727722559321 223
1694712993218 0.02735965254712416 224
1694712993610 0.03091961329003941 225
1694712993943 3.4944585735860527 226
1694712994231 0.31806426962380063 227
1694712994579 0.028615536567488303 228
1694712994891 0.5415735771581227 229
1694712995220 2.675281459245692 230
1694712995523 0.7012052462090193 231
1694712996016 0.09401629573735161 232
1694712996487 0.16025903596169166 233
1694712996909 0.43653355425691204 234
1694712997174 0.07471662570930471 235
1694712997551 0.003927702266056631 236
1694712998141 4.304667702510946 237
1694712998722 0.6000839933687974 238
1694712999060 0.04895051392945027 239
1694712999492 1.3291973152367123 240
1694712999875 0.3877270893723683 241
1694713000233 0.5168822148621433 242
1694713001024 0.36486878588339733 243
1694713001340 0.9116898529495536 244
1694713001625 0.5674111727544984 245
1694713002017 2.148900685475042 246
1694713002308 0.022461467141326373 247
1694713002606 0.11532794713974945 248
1694713002889 1.7582868830198535 249
1694713003188 0.02090376107301157 250
1694713003450 0.1840886519790775 251
1694713003715 0.03370798962181226 252
1694713003997 0.45259041448507153 253
1694713004301 1.0831790864294415 254
1694713004639 0.04953141940779619 255
1694713004936 0.9104261565229941 256
1694713005363 0.5203253357350938 257
1694713005698 0.5750031089003925 258
1694713005997 0.3004548908937269 259
1694713006282 0.011814288660096142 260
1694713006622 3.2338730320270668 261
1694713007014 0.5051318601684812 262
1694713007300 0.29940985244499313 263
1694713007709 2.0200858656113985 264
1694713008085 0.20675964527845292 265
1694713008331 3.481053130180287 266
1694713008598 0.5354555201370307 267
1694713008887 0.0004420463688608175 268
1694713009186 0.7105098533831298 269
1694713009413 1.00771260183279 270
1694713009677 0.000735364950457288 271
1694713009998 1.6014279711486075 272
1694713010268 0.21135237733107026 273
1694713010543 0.10562212260517267 274
1694713010804 2.4262661111056096 275
1694713011143 2.4802825062926637 276
1694713011374 0.39114327833804036 277
1694713011652 0.05929915582387069 278
1694713011947 0.125274987712599 279
1694713012290 0.10446007777836336 280
1694713012554 0.9826604231384148 281
1694713012873 0.25468834909930504 282
1694713013219 1.2619738207058215 283
1694713013452 1.8169098911293249 284
1694713013725 0.010546276825749663 285
1694713014046 0.0806898858304747 286
1694713014386 0.0015014541062012058 287
1694713014666 0.13961186621461344 288
1694713015023 1.2774314207881932 289
1694713015355 0.005343109673832385 290
1694713015596 0.07990973868845815 291
1694713015865 0.0592744271898535 292
1694713016104 0.9249916797396529 293
1694713016471 0.4427595872290335 294
1694713016899 0.15890419143916504 295
1694713017246 0.020992435378024112 296
1694713017508 0.5486767895519343 297
1694713017770 0.3574347759951029 298
1694713018089 0.7281827832990891 299
1694713018362 0.0976054805186672 300
1694713018581 0.35919000796127265 301
1694713018938 0.21202344202286152 302
1694713019265 1.3869659096805276 303
1694713019469 0.3258515651692549 304
1694713019717 0.34150693452047265 305
1694713019996 0.1160659447477359 306
1694713020320 2.0637881096373807 307
1694713020517 0.17249418998318422 308
1694713020753 0.6376531700193749 309
1694713021181 0.39671182494555873 310
1694713021447 9.923407615171829e-05 311
1694713021657 0.2385629668003563 312
1694713021888 0.0017249005991665563 313
1694713022222 1.6208863791267976 314
1694713022455 0.0029766797235258355 315
1694713022737 1.9546515002570526 316
1694713022970 0.12898130884482356 317
1694713023316 0.03778815801506528 318
1694713023597 4.840918888807129 319
1694713023919 0.3200109256592139 320
1694713024214 6.250227587027051 321
1694713024473 0.5862212846811983 322
1694713024718 8.656664763953518e-05 323
1694713025019 1.4080451188544474 324
1694713025318 0.3380253200004141 325
1694713025631 1.2199136660311434 326
1694713025993 0.31441221789023893 327
1694713026365 3.574037085909186 328
1694713026696 2.936382087018351 329
1694713027017 0.6943074692643014 330
1694713027371 1.6432572171363207 331
1694713027627 0.05019349303573977 332
1694713027900 0.007991740706403528 333
1694713028225 0.12478589801987248 334
1694713028527 0.0023061048743885596 335
1694713028889 3.9792676894035175 336
1694713029145 0.0230905735832519 337
1694713029459 0.28792529039823805 338
1694713029752 0.2667962493863086 339
1694713030121 2.1087619740761383 340
1694713030471 0.06569286341788592 341
1694713030702 0.6083881912421789 342
1694713030948 4.336608271354578 343
1694713031236 0.0169185534429467 344
1694713031475 1.426952237583391 345
1694713031713 1.067809627205838 346
1694713031998 0.01418064580672143 347
1694713032356 0.012991257659039092 348
1694713032639 2.0436325070440535 349
1694713032877 0.006290363264705185 350
1694713033140 0.15645580364120246 351
1694713033428 1.3973379478197425 352
1694713033684 0.04154950149160122 353
1694713034117 0.21674197677084955 354
1694713034446 2.214779413076025 355
1694713034738 1.56883776967212 356
1694713034979 0.1647099739973967 357
1694713035346 4.469611797841001 358
1694713035641 4.763358970693037 359
1694713035963 0.9652578368829652 360
1694713036289 0.88278702283007 361
1694713036609 0.3401188488214076 362
1694713036979 0.011659022496547242 363
1694713037310 0.3909973713573674 364
1694713037628 0.4770591082348771 365
1694713037848 0.01134229049925082 366
1694713038056 1.5302442540014043 367
1694713038351 1.7437362016093565 368
1694713038646 0.6614755808503405 369
1694713038876 0.8545383147008095 370
1694713039205 1.069132763741424 371
1694713039536 0.2227775469212856 372
1694713039769 1.1249481893982045 373
1694713040046 1.1324355434566464 374
1694713040352 0.9733547338561651 375
1694713040666 5.499993531115446 376
1694713040903 1.05223249937075 377
1694713041193 0.0003912619545990503 378
1694713041519 1.6630190473033815 379
1694713041769 0.04632564086518804 380
1694713042000 2.5109680355124218e-05 381
1694713042247 1.5636167902857825 382
1694713042547 0.3431512811932827 383
1694713042825 0.07800577812752271 384
1694713043061 0.33755449308280716 385
1694713043364 0.7254666923438103 386
1694713043779 7.871847763815315 387
1694713044053 0.12159799446560642 388
1694713044367 0.03912499238826652 389
1694713044682 0.3145183096839417 390
1694713044946 0.32087272067375194 391
1694713045259 1.403239584520122 392
1694713045542 0.37237902691366903 393
1694713045815 1.7144833206151975 394
1694713046184 0.9089079283036603 395
1694713046462 1.30213489440883 396
1694713046766 0.9954804180084003 397
1694713047126 0.2610576136457293 398
1694713047400 0.3029782681580436 399
1694713047697 0.07148298132544315 400
1694713047935 0.5245961893583192 401
1694713048226 0.6418641421917615 402
1694713048504 2.6374400465188677 403
1694713048780 0.5430892719255966 404
1694713049034 0.0990118202325239 405
1694713049355 3.6315141987492634 406
1694713049675 4.046387583904152 407
1694713049923 0.1589694712930211 408
1694713050170 1.038676327605408 409
1694713050564 2.9082494091063156 410
1694713050911 0.9888406113664514 411
1694713051335 0.3261747510270445 412
1694713051656 0.041015993894046386 413
1694713051934 0.40808060268244295 414
1694713052214 0.10562558285605274 415
1694713052601 4.738508029169477 416
1694713053120 5.971598026405357 417
1694713053596 0.500224731014791 418
1694713053944 0.008195711319543471 419
1694713054385 2.2858760649818066 420
1694713054764 0.1116216976162785 421
1694713055217 4.359618645929191 422
1694713055705 0.0038769657352197826 423
1694713056053 0.10259171440754387 424
1694713056767 3.450344611757347 425
1694713057244 0.42640878717376934 426
1694713057582 0.8766979539715061 427
1694713057931 0.11073000890774452 428
1694713058335 0.04717308318938327 429
1694713058747 0.32282769456157684 430
1694713059058 0.007863556251795814 431
1694713059372 0.0012683009370246753 432
1694713059816 0.4912012049637603 433
1694713060201 0.006727322824240889 434
1694713060518 0.04074208143681421 435
1694713060935 1.2360900013650475 436
