1694752533878 169.3302270244576 0
1694752534303 3356830.672432549 1
1694752534649 69351790545.82378 2
1694752534936 1432768424423556.8 3
1694752535420 2.960018072915749e+19 4
1694752535739 6.115228979095482e+23 5
1694752536088 1.2633715249573276e+28 6
1694752536583 2.6100537126723946e+32 7
1694752536908 5.392222516068698e+36 8
1694752537225 1.1140025020032132e+41 9
1694752537698 2.3014658070420186e+45 10
1694752537996 4.754697454861096e+49 11
1694752538388 9.822934504648858e+53 12
1694752538721 2.0293623978949882e+58 13
1694752539085 4.192547288227403e+62 14
1694752539439 8.661564234291349e+66 15
1694752539788 1.789429905666596e+71 16
1694752540112 3.6968604061341844e+75 17
1694752540461 7.637503329503974e+79 18
1694752540754 1.5778647473784827e+84 19
1694752541064 3.2597788224878664e+88 20
1694752541406 6.734517637962974e+92 21
1694752541784 1.3913130394969661e+97 22
1694752542215 2.874373604669636e+101 23
1694752542598 5.938292378980847e+105 24
1694752543071 1.226817429751446e+110 25
1694752543468 2.534535031096353e+114 26
1694752543812 5.236205215274832e+118 27
1694752544171 1.0817702150524759e+123 28
1694752544504 2.2348757355058303e+127 29
1694752544889 4.617126154569189e+131 30
1694752545199 9.538720023009196e+135 31
1694752545476 1.9706453025398494e+140 32
1694752545820 4.0712411089273814e+144 33
1694752546122 8.410952567495381e+148 34
1694752546542 1.7376549607324893e+153 35
1694752546853 3.5898963147492385e+157 36
1694752547121 7.416521600593044e+161 37
1694752547462 1.5322111790826312e+166 38
1694752547790 3.165461147066647e+170 39
1694752548135 6.539662685131817e+174 40
1694752548467 1.351057114535643e+179 41
1694752548769 2.7912071533710667e+183 42
1694752549082 5.766475220929141e+187 43
1694752549372 1.1913209821574712e+192 44
1694752549708 2.4612013893297558e+196 45
1694752550037 5.0847020824468555e+200 46
1694752550391 1.0504705295278615e+205 47
1694752550749 2.17021236547162e+209 48
1694752551022 4.4835353099936774e+213 49
1694752551330 9.26272893647973e+217 50
1694752551666 1.9136271138415543e+222 51
1694752551929 3.9534447741501915e+226 52
1694752552294 8.167592039851075e+230 53
1694752552702 1.6873780599041773e+235 54
1694752553051 3.486027097281299e+239 55
1694752553396 7.201933705164797e+243 56
1694752553735 1.4878785404175347e+248 57
1694752553993 3.0738724371309062e+252 58
1694752554318 6.3504456197759e+256 59
1694752554679 1.3119659450595964e+261 60
1694752555013 2.7104470206562604e+265 61
1694752555392 5.5996293802052e+269 62
1694752555819 1.1568515804476163e+274 63
1694752556144 2.3899895659435676e+278 64
1694752556522 4.937582505708274e+282 65
1694752556946 1.0200764617585812e+287 66
1694752557303 2.1074199502103165e+291 67
1694752557676 4.35380975156306e+295 68
1694752558015 8.99472331127635e+299 69
1694752558482 1.858258676033618e+304 70
1694752558913 inf 71
