1694749580032 6.7969050512100395 0
1694749580367 5.671558636255033 1
1694749580608 7.029526074963957 2
1694749580784 5.794452707776771 3
1694749581065 3.955356165305542 4
1694749581342 5.624375459174492 5
1694749581581 6.297950326002577 6
1694749581795 5.597249486042471 7
1694749581985 5.310038781626986 8
1694749582209 4.348934950726874 9
1694749582436 4.31667593184396 10
1694749582633 4.78240404154169 11
1694749582813 6.922066234096742 12
1694749583021 6.469576217911871 13
1694749583295 4.418802450048702 14
1694749583504 5.035095562899503 15
1694749583681 5.918553782848666 16
1694749583836 6.350977741301569 17
1694749584088 4.75447787091494 18
1694749584337 5.59211155048202 19
1694749584571 4.354028721302872 20
1694749584761 4.94985432386676 21
1694749584969 5.117444842374975 22
1694749585240 8.339131247050313 23
1694749585498 6.049324120015346 24
1694749585766 5.169259838773389 25
1694749585993 7.171276214452206 26
1694749586231 5.054730484087572 27
1694749586479 5.289969182844547 28
1694749586659 6.85036065878096 29
1694749586835 6.066836303447114 30
1694749586971 4.539157785524065 31
1694749587134 9.63875422777212 32
1694749587358 3.3752235520146585 33
1694749587612 6.283677492939705 34
1694749587860 3.9450359923102325 35
1694749588099 5.737961197681542 36
1694749588333 4.9044182191031025 37
1694749588582 4.635089233385063 38
1694749588790 7.089241408459695 39
1694749589134 9.34465471003601 40
1694749589268 6.623363070326562 41
1694749589416 3.6010229398663864 42
1694749589615 7.5987428128186565 43
1694749589810 5.1230591864087165 44
1694749590017 6.900966427110032 45
1694749590184 4.700908636811788 46
1694749590384 6.645050395858355 47
1694749590637 6.829631814139734 48
1694749590815 5.214042602810106 49
1694749591028 10.16603872322811 50
1694749591235 4.060298331601694 51
1694749591472 3.555901780974844 52
1694749591697 4.868149764878224 53
1694749591865 6.642386957329293 54
1694749592016 4.485140368665807 55
1694749592206 3.759756698700364 56
1694749592428 5.788412081461201 57
1694749592657 3.211985306980741 58
1694749592862 5.238743579752275 59
1694749593033 5.1409344966848876 60
1694749593263 9.601568768926974 61
1694749593494 5.7648409177626165 62
1694749593724 5.195800449260029 63
1694749593975 8.378044642859438 64
1694749594232 8.226813272066401 65
1694749594522 5.375529750616501 66
1694749594741 3.5538602936255486 67
1694749594927 7.3115849881007575 68
1694749595164 5.761856606000447 69
1694749595398 5.698243860518027 70
1694749595643 8.51437497402983 71
1694749595870 6.045160739757924 72
1694749596053 8.100089310222096 73
1694749596288 4.222099484592763 74
1694749596515 5.265645355064254 75
1694749596801 6.442280219872434 76
1694749596953 5.990814860681451 77
1694749597200 7.649462757800805 78
1694749597443 6.062137713457914 79
1694749597674 5.550281770907468 80
1694749597877 6.881491664078616 81
1694749598085 9.270741046814441 82
1694749598328 3.2907286116865815 83
1694749598567 4.489544785484689 84
1694749598803 7.33972775913178 85
1694749599013 5.242136490819411 86
1694749599247 6.112848022887711 87
1694749599452 6.699274714615634 88
1694749599690 6.661955009940062 89
1694749599902 8.774132135516217 90
1694749600123 6.618551836221342 91
1694749600364 5.34413653957125 92
1694749600616 4.630662627789024 93
1694749600853 4.842975360735191 94
1694749600993 6.313801345509705 95
1694749601198 4.273826733931988 96
1694749601402 5.76661394219111 97
1694749601719 4.612217420803474 98
1694749601971 6.562003724422344 99
1694749602273 8.031542741555553 100
1694749602585 6.170133494109514 101
1694749602898 8.556934639581828 102
1694749603115 8.978431119294845 103
1694749603390 6.2971625975482866 104
1694749603642 4.2063948230177095 105
1694749603928 6.839426064148188 106
1694749604204 3.9320765201641596 107
1694749604491 5.913582847151745 108
1694749604738 3.984762790133132 109
1694749604985 6.971124367530062 110
1694749605239 6.481356593044818 111
1694749605497 7.856288449692793 112
1694749605821 4.3685427800424925 113
1694749606021 3.7692659231076715 114
1694749606223 5.964288134245016 115
1694749606379 5.5202305799572065 116
1694749606567 6.05936913600697 117
1694749606793 8.269160512358509 118
1694749606999 5.616072467070339 119
1694749607214 5.379852897268598 120
1694749607455 5.39940940466926 121
1694749607698 3.966729382086932 122
1694749607935 4.777689566926554 123
1694749608135 4.105280687674342 124
1694749608379 5.097021961416081 125
1694749608618 6.914337805314685 126
1694749608856 5.574681808143829 127
1694749609034 6.44972268857554 128
1694749609277 5.464550181756333 129
1694749609518 6.0171262663167555 130
1694749609727 5.742862697297698 131
1694749609955 4.788238454475798 132
1694749610230 5.501685017835406 133
1694749610408 3.802719136839469 134
1694749610633 5.262343730115986 135
1694749610860 12.238619512658644 136
1694749611035 6.002094216556762 137
1694749611285 5.600742378888086 138
1694749611496 6.984683158944833 139
1694749611730 5.43850101313729 140
1694749611928 3.1640654840679567 141
1694749612120 8.416719431780349 142
1694749612421 4.2417513230710675 143
1694749612658 5.977455325353721 144
1694749612885 5.659853640760922 145
1694749613050 6.329414777038775 146
1694749613250 4.08231419748101 147
1694749613505 4.439754247195855 148
1694749613714 5.915015882357012 149
1694749613942 6.859445679656972 150
1694749614162 4.354753110442129 151
1694749614368 5.667160818619088 152
1694749614673 8.277775423185119 153
1694749614919 4.530025381739638 154
1694749615088 6.977847252570103 155
1694749615248 4.560141299572311 156
1694749615429 4.5855818159964175 157
1694749615722 3.9514392389590447 158
1694749615955 5.345522480564658 159
1694749616109 5.62287977898546 160
1694749616305 7.375398343522666 161
1694749616491 6.14852166962568 162
1694749616802 4.214959935445162 163
1694749617021 4.420020229781563 164
1694749617209 3.9664827801822304 165
1694749617437 5.080490281833311 166
1694749617690 5.879571858927375 167
1694749617930 5.432380078097026 168
1694749618084 4.21728564203744 169
1694749618261 5.017432186942942 170
1694749618412 4.600287284743385 171
1694749618591 6.235710140986773 172
1694749618827 3.875689716692508 173
1694749619077 7.522893515309356 174
1694749619245 5.226826347880288 175
1694749619476 8.85259034912035 176
1694749619737 5.673540178588752 177
1694749619969 4.830476743715304 178
1694749620170 4.983287414111225 179
1694749620328 4.6491523898739 180
1694749620529 4.872045788647589 181
1694749620766 3.123126047920754 182
1694749621019 6.139557131685503 183
1694749621226 6.206852470371074 184
1694749621440 4.840674897503831 185
1694749621659 5.7820661881275806 186
1694749621962 4.831066253730218 187
1694749622161 6.5481799574771 188
1694749622371 5.652448845318411 189
1694749622521 4.536074913997552 190
1694749622718 3.0162373720612017 191
1694749622953 3.2917730381796684 192
1694749623152 4.882361217309337 193
1694749623407 4.156060956599478 194
1694749623682 6.34749435858885 195
1694749623934 6.583386492801961 196
1694749624189 5.437380314308773 197
1694749624421 5.497711711546624 198
1694749624659 5.156783142421964 199
1694749624887 4.603773843366176 200
1694749625110 9.233119729618954 201
1694749625284 5.635401849982845 202
1694749625469 4.778971125285644 203
1694749625834 4.267066582139035 204
1694749626087 5.262069018803845 205
1694749626312 7.223014339091929 206
1694749626541 4.859362529686341 207
1694749626777 8.466138603155441 208
1694749627005 7.767676924481297 209
1694749627185 5.856505246010272 210
1694749627378 5.189356906551372 211
1694749627627 6.614244501736017 212
1694749627911 4.954635963225376 213
1694749628130 6.404754266880246 214
1694749628255 7.97999016334802 215
1694749628439 6.656636248629705 216
1694749628669 5.850919498776698 217
1694749628868 3.934643134929359 218
1694749629080 7.114205593892379 219
1694749629317 5.4665917964526125 220
1694749629496 5.60726309699134 221
1694749629641 3.685751936814072 222
1694749629840 6.12250888543977 223
1694749630087 5.5651175044170245 224
1694749630308 6.706627546393725 225
1694749630572 7.231150658842192 226
1694749630810 4.3139489434743705 227
1694749631038 4.495604578348567 228
1694749631233 6.819354268521619 229
1694749631465 8.839402410761897 230
1694749631717 6.123201727896114 231
1694749631946 6.760898223839455 232
1694749632172 4.746496789171892 233
1694749632420 4.3303072111148975 234
1694749632674 6.41828388200593 235
1694749632893 4.453550090827992 236
1694749633115 5.692333624021863 237
1694749633292 4.730658538499565 238
1694749633490 6.453152205594802 239
1694749633730 4.263580652251715 240
1694749633997 5.625125361861208 241
1694749634229 7.385885505359379 242
1694749634484 5.289019097025611 243
1694749634769 5.690279236191365 244
1694749635009 6.296372974525419 245
1694749635216 6.199451650338436 246
1694749635437 5.504326705505073 247
1694749635708 5.899730025289142 248
1694749635960 8.193586586248152 249
1694749636179 4.095334048799583 250
1694749636385 3.8622593688190165 251
1694749636643 6.449304703975958 252
1694749636935 5.937767432993745 253
1694749637167 5.000456434268362 254
1694749637348 3.1481982707517715 255
1694749637525 4.841229462986167 256
1694749637714 5.849344947787064 257
1694749637926 4.496308279747055 258
1694749638182 5.337856196759993 259
1694749638339 4.52898855754103 260
1694749638494 4.851392886414486 261
1694749638748 4.432330238438758 262
1694749639048 4.737157368444765 263
1694749639251 8.58319235141533 264
1694749639445 4.936658327601639 265
1694749639673 5.608872225883733 266
1694749639888 5.6327030718467705 267
1694749640156 5.370814347804829 268
1694749640421 7.51374485993064 269
1694749640653 6.806804358205461 270
1694749640899 6.892748248567382 271
1694749641172 6.07160670721737 272
1694749641439 8.522303243817314 273
1694749641681 6.843394713124418 274
1694749641999 7.612368861643527 275
1694749642238 6.843927459832575 276
1694749642452 4.164208116569772 277
1694749642688 6.115856952048684 278
1694749642929 4.131208813358154 279
1694749643160 3.8423546319184356 280
1694749643375 7.068744869375544 281
1694749643584 6.893633413776612 282
1694749643825 5.800470717101423 283
1694749644123 5.825012446919001 284
1694749644330 3.650242522776115 285
1694749644508 4.522092017525812 286
1694749644673 6.614306581193174 287
1694749644929 5.10734787805877 288
1694749645237 6.426839553962296 289
1694749645467 6.420366607137628 290
1694749645767 4.423001450862963 291
1694749645984 7.27617435542706 292
1694749646191 5.486284143670496 293
1694749646353 5.7420829053000375 294
1694749646506 5.702359295386146 295
1694749646709 7.55549138139905 296
1694749646873 5.693181347713559 297
1694749647063 4.148306752260108 298
1694749647293 4.9101825412323326 299
1694749647455 5.306497468543909 300
1694749647683 4.780371290848524 301
1694749647961 6.429450818767982 302
1694749648228 5.024395218274498 303
1694749648451 3.206009709429233 304
1694749648657 5.353361328920047 305
1694749648906 5.3840562956868085 306
1694749649144 4.4629846875342905 307
1694749649367 3.446559102672724 308
1694749649604 6.476390346369709 309
1694749649858 2.822188956255403 310
1694749650144 6.527515319534854 311
1694749650359 4.914299536673982 312
1694749650497 5.220314468681869 313
1694749650677 6.249321094792485 314
1694749650864 8.014665684842075 315
1694749651085 5.556913876637684 316
1694749651333 5.232480309186308 317
1694749651544 5.751923642087736 318
1694749651765 3.586107345621702 319
1694749652008 6.965153257031683 320
1694749652264 3.9904758618247747 321
1694749652467 7.027335983702582 322
1694749652701 4.3311093467328154 323
1694749652943 4.75255525065943 324
1694749653194 5.226166655810194 325
1694749653401 7.078908847106881 326
1694749653629 6.968807529537142 327
1694749653841 5.6743973182249485 328
1694749654142 4.5357038176068984 329
1694749654344 7.064078364308794 330
1694749654573 7.614578716340002 331
1694749654816 6.1911902489285575 332
1694749655057 6.116409654832689 333
1694749655315 5.9581275801154945 334
1694749655485 7.5263028693273775 335
1694749655721 5.167944338517955 336
1694749655960 4.322254233798241 337
1694749656208 4.75275590276232 338
1694749656418 4.89096392977497 339
1694749656587 4.144945775634977 340
1694749656879 4.368081135829847 341
1694749657127 5.346758578210811 342
1694749657382 6.206842147035869 343
1694749657519 6.3021323210933575 344
1694749657752 3.6557122269575686 345
1694749657980 5.9264100357657865 346
1694749658212 8.474425497621375 347
1694749658441 6.711393798111007 348
1694749658611 4.567833849417206 349
1694749658854 10.205810632593256 350
1694749659110 5.828129669129246 351
1694749659350 6.710693665180126 352
1694749659599 7.289229152285054 353
1694749659792 4.574870617777369 354
1694749660018 5.970385028785149 355
1694749660259 5.748939890241317 356
1694749660491 4.811064790367394 357
1694749660767 7.3387003203720615 358
1694749661008 7.800820501140248 359
1694749661298 6.7657768947741035 360
1694749661483 3.334296742411668 361
1694749661669 4.887131437889098 362
1694749661906 6.201123081447751 363
1694749662137 4.814089092909894 364
1694749662347 4.649899424540988 365
1694749662514 4.9526950484977155 366
1694749662716 5.46520230839162 367
1694749662936 6.394265920637184 368
1694749663177 5.162838170616536 369
1694749663460 6.8446166000006565 370
1694749663669 6.002598543462622 371
1694749663887 6.018741381811574 372
1694749664192 5.144072330863337 373
1694749664419 4.142378489536865 374
1694749664586 7.502473456737821 375
1694749664820 5.733449103004297 376
1694749665104 5.470166997830687 377
1694749665315 7.361654855521593 378
1694749665510 8.534581523656527 379
1694749665816 6.173941550892114 380
1694749666062 5.609408579280578 381
1694749666302 9.099855171710649 382
1694749666526 5.711955103602101 383
1694749666751 6.575049859536475 384
1694749667018 5.217336402575684 385
1694749667261 6.919924322840397 386
1694749667469 5.821761787458605 387
1694749667629 8.187456456326991 388
1694749667883 6.704383624208067 389
1694749668196 4.312482857102247 390
1694749668477 4.751247907782042 391
1694749668639 4.493607046378932 392
1694749668813 5.905310369653556 393
1694749669013 5.1134880506027605 394
1694749669244 4.57894715869449 395
1694749669481 6.191192873093261 396
1694749669635 3.6345042480054253 397
1694749669843 4.819995475287213 398
1694749670069 5.4840618794515485 399
1694749670294 6.5474826003815325 400
1694749670525 5.091801391924851 401
1694749670686 3.192041575213727 402
1694749670863 6.934683443274025 403
1694749671099 3.442301737265437 404
1694749671332 5.6642761676931555 405
1694749671579 4.762798011705873 406
1694749671804 7.563060758154639 407
1694749672030 5.685734914938791 408
1694749672248 5.660133343072368 409
1694749672471 6.039688425694738 410
1694749672707 4.462503733096465 411
1694749672951 5.438081068535584 412
1694749673176 7.201316684251684 413
1694749673387 5.393094021538446 414
1694749673587 5.022606177993521 415
1694749673848 5.067368198838106 416
1694749674103 8.524887040984053 417
1694749674323 4.777874256312358 418
1694749674578 5.308038130005049 419
1694749674797 4.501170017082542 420
1694749675002 4.114643392514261 421
1694749675212 6.084244246193702 422
1694749675455 3.9230882148619073 423
1694749675708 4.288804162504162 424
1694749675965 7.117776193640677 425
1694749676172 4.314903184529701 426
1694749676415 4.536076075983643 427
1694749676681 4.900965908150966 428
1694749676892 6.388750520988754 429
1694749677129 5.071814532287228 430
1694749677307 7.46109990175126 431
1694749677528 5.7746000672557996 432
1694749677701 4.7578730917622885 433
1694749677833 6.979146515840825 434
1694749678044 5.608363209957871 435
1694749678276 6.027892111792297 436
1694749678505 3.407312859837535 437
1694749678687 4.340583733668237 438
1694749678953 5.503612384303341 439
1694749679204 6.370164282113527 440
1694749679499 4.913464721270278 441
1694749679711 5.722195260703437 442
1694749679915 6.456155725324424 443
1694749680160 5.591963487346121 444
1694749680378 5.808321522496681 445
1694749680615 6.12805216806546 446
1694749680783 6.948923831441594 447
1694749680946 7.156093034067138 448
1694749681187 6.0086839888566494 449
1694749681405 4.480770563143439 450
1694749681569 5.673763944962332 451
1694749681736 9.706064494529544 452
1694749681982 5.311631709415445 453
1694749682257 5.838979380444453 454
1694749682568 6.900325117255465 455
1694749682750 5.984376439981147 456
1694749682991 3.927136590715327 457
1694749683233 4.872511876934903 458
1694749683545 3.7988560211197004 459
1694749683727 5.825373449258681 460
1694749683898 5.556858526913537 461
1694749684182 4.066250019299702 462
1694749684421 5.567785736593085 463
1694749684608 5.039762708807683 464
1694749684815 7.174539134944145 465
1694749685080 7.208976576515429 466
1694749685234 3.59091113166458 467
1694749685395 5.427784176250509 468
1694749685647 5.004927520193995 469
1694749685869 3.4165442910363386 470
1694749686112 4.644623568492834 471
1694749686340 5.884820277294986 472
1694749686589 3.639448549532993 473
1694749686781 2.9891215054583427 474
1694749687004 4.598869607699805 475
1694749687218 4.022586136506666 476
1694749687446 4.263123469624001 477
1694749687694 4.778970862338539 478
1694749687976 5.099065571814666 479
1694749688211 3.4355499783746932 480
1694749688447 5.968387078136648 481
1694749688690 3.5487313657371065 482
1694749688893 4.496622499506879 483
1694749689129 5.200418319884101 484
1694749689380 5.55392579977742 485
1694749689614 5.753590891419655 486
1694749689851 5.894647363156945 487
1694749690118 6.937486335216097 488
1694749690374 9.091825147132328 489
1694749690610 5.944025716980689 490
1694749690876 3.262138961700709 491
1694749691085 5.224371685018055 492
1694749691331 8.737302149934369 493
1694749691571 4.560939079992614 494
1694749691760 5.659890447464118 495
1694749691989 6.492338306178982 496
1694749692231 4.365906582566588 497
1694749692515 3.118983472891408 498
1694749692741 4.802169239742963 499
