1694716999018 172.65359628783503 0
1694716999389 168.61732853854352 1
1694716999859 164.67673257254188 2
1694717000351 160.8295406760229 3
1694717000931 157.0735388869305 4
1694717001307 153.40656572087937 5
1694717001713 149.82651092727338 6
1694717002009 146.33131427490824 7
1694717002362 142.918964366359 8
1694717002646 139.58749748047 9
1694717002944 136.3349964422817 10
1694717003337 133.15958951974332 11
1694717003760 130.0594493465771 12
1694717004024 127.03279187067373 13
1694717004273 124.07787532741419 14
1694717004629 121.19299923732677 15
1694717004975 118.37650342750304 16
1694717005286 115.62676707620889 17
1694717005615 112.94220778014146 18
1694717005943 110.32128064379481 19
1694717006218 107.76247739041041 20
1694717006519 105.26432549400097 21
1694717006910 102.8253873319477 22
1694717007229 100.44425935768382 23
1694717007484 98.11957129298798 24
1694717007777 95.84998533942266 25
1694717008055 93.63419540846397 26
1694717008472 91.4709263698798 27
1694717008851 89.35893331792369 28
1694717009263 87.29700085492189 29
1694717009620 85.28394239184203 30
1694717009951 83.31859946544012 31
1694717010362 81.39984107159339 32
1694717010680 79.52656301443511 33
1694717011000 77.69768727091706 34
1694717011368 75.91216137043355 35
1694717011761 74.16895778915051 36
1694717012067 72.46707335869066 37
1694717012365 70.80552868883477 38
1694717012648 69.18336760390655 39
1694717012994 67.59965659251701 40
1694717013321 66.05348427035156 41
1694717013677 64.5439608556907 42
1694717014012 63.07021765736241 43
1694717014347 61.63140657483175 44
1694717014649 60.22669961013975 45
1694717014979 58.85528839141091 46
1694717015272 57.51638370765502 47
1694717015621 56.20921505459552 48
1694717015975 54.93303019126332 49
1694717016281 53.68709470710043 50
1694717016678 52.4706915993248 51
1694717017031 51.2831208603127 52
1694717017370 50.123699074761596 53
1694717017737 48.99175902640135 54
1694717018046 47.886649314027615 55
1694717018579 46.80773397663646 56
1694717019061 45.75439212744435 57
1694717019393 44.726017596583084 58
1694717019836 43.72201858226385 59
1694717020293 42.74181731020985 60
1694717020633 41.78484970116135 61
1694717020975 40.850565046261885 62
1694717021288 39.93842569013888 63
1694717021618 39.047906721496105 64
1694717021935 38.178495671040096 65
1694717022235 37.329692216566684 66
1694717022619 36.501007895037816 67
1694717022964 35.69196582148305 68
1694717023273 34.90210041456397 69
1694717023654 34.1309571286435 70
1694717024043 33.37809219220609 71
1694717024381 32.64307235247804 72
1694717024695 31.925474626101217 73
1694717025032 31.224886055716453 74
1694717025382 30.54090347231669 75
1694717025849 29.8731332632332 76
1694717026191 29.22119114562106 77
1694717026532 28.58470194531381 78
1694717026904 27.963299380919956 79
1694717027181 27.356625853037002 80
1694717027501 26.764332238461726 81
1694717027905 26.18607768927838 82
1694717028253 25.621529436709064 83
1694717028548 25.070362599613446 84
1694717028899 24.53225999752763 85
1694717029227 24.006911968134578 86
1694717029558 23.494016189061067 87
1694717029862 22.993277503898543 88
1694717030272 22.50440775234786 89
1694717030598 22.027125604390097 90
1694717030956 21.561156398388025 91
1694717031289 21.106231983025076 92
1694717031618 20.662090562990826 93
1694717031952 20.228476548324245 94
1694717032247 19.805140407327897 95
1694717032664 19.39183852296857 96
1694717033030 18.988333052681718 97
1694717033489 18.59439179149881 98
1694717034055 18.20978803841912 99
1694717034386 17.834300465948818 100
1694717034747 17.46771299273248 101
1694717035141 17.10981465920351 102
1694717035391 16.760399506182132 103
1694717035727 16.419266456350883 104
1694717036040 16.086219198539595 105
1694717036298 15.761066074753105 106
1694717036627 15.44361996987679 107
1694717036938 15.133698203996381 108
1694717037316 14.831122427270202 109
1694717037653 14.535718517293162 110
1694717038025 14.2473164788936 111
1694717038405 13.965750346305231 112
1694717038688 13.690858087657933 113
1694717038999 13.422481511732345 114
1694717039289 13.160466176924723 115
1694717039641 12.904661302369604 116
1694717039964 12.65491968116906 117
1694717040346 12.411097595678788 118
1694717040725 12.173054734802106 119
1694717041061 11.940654113244372 120
1694717041445 11.713761992681295 121
1694717041771 11.49224780479581 122
1694717042133 11.275984076139219 123
1694717042490 11.06484635477334 124
1694717042826 10.858713138651487 125
1694717043193 10.65746580569699 126
1694717043495 10.460988545539127 127
1694717043877 10.269168292867075 128
1694717044213 10.081894662363624 129
1694717044488 9.8990598851811 130
1694717044833 9.720558746923063 131
1694717045193 9.546288527095989 132
1694717045443 9.376148939996144 133
1694717045747 9.21004207699763 134
1694717046066 9.047872350208362 135
1694717046370 8.889546437461586 136
1694717046843 8.734973228611256 137
1694717047210 8.584063773100388 138
1694717047467 8.436731228772196 139
1694717047812 8.292890811894534 140
1694717048196 8.15245974836898 141
1694717048525 8.015357226096334 142
1694717048824 7.88150434847126 143
1694717049182 7.7508240889792255 144
1694717049484 7.623241246869604 145
1694717049818 7.498682403879525 146
1694717050215 7.377075881983433 147
1694717050477 7.258351702144154 148
1694717050725 7.1424415440416835 149
1694717051035 7.029278706756508 150
1694717051495 6.9187980703848595 151
1694717051837 6.810936058563821 152
1694717052169 6.705630601884662 153
1694717052541 6.602821102173453 154
1694717052911 6.5024483976182745 155
1694717053262 6.404454728723047 156
1694717053617 6.308783705068378 157
1694717054007 6.215380272860234 158
1694717054344 6.124190683247838 159
1694717054674 6.035162461392553 160
1694717054982 5.9482443762698445 161
1694717055313 5.86338641118713 162
1694717055611 5.78053973500038 163
1694717056136 5.699656674012994 164
1694717056514 5.62069068454075 165
1694717056880 5.543596326127065 166
1694717057274 5.4683292353931305 167
1694717057696 5.394846100507861 168
1694717058088 5.323104636263013 169
1694717058590 5.253063559739073 170
1694717058949 5.184682566547954 171
1694717059325 5.1179223076388105 172
1694717059624 5.052744366653627 173
1694717059931 4.989111237819537 174
1694717060327 4.926986304365178 175
1694717060588 4.86633381744863 176
1694717060898 4.807118875584838 177
1694717061220 4.749307404560675 178
1694717061526 4.692866137826047 179
1694717061861 4.637762597349819 180
1694717062221 4.583965074929514 181
1694717062593 4.531442613944 182
1694717062961 4.480164991538731 183
1694717063332 4.430102701233222 184
1694717063641 4.381226935940808 185
1694717063893 4.333509571390862 186
1694717064186 4.286923149943965 187
1694717064502 4.241440864790713 188
1694717064833 4.197036544525055 189
1694717065169 4.153684638083291 190
1694717065475 4.111360200040055 191
1694717065811 4.070038876252852 192
1694717066163 4.029696889846821 193
1694717066447 3.99031102753175 194
1694717066718 3.9518586262433737 195
1694717067031 3.914317560101365 196
1694717067365 3.877666227676401 197
1694717067696 3.841883539559094 198
1694717068159 3.806948906223546 199
1694717068579 3.7728422261785814 200
1694717068939 3.739543874399827 201
1694717069304 3.7070346910360032 202
1694717069615 3.6752959703828814 203
1694717069941 3.6443094501186346 204
1694717070467 3.6140573007942964 205
1694717070774 3.584522115573363 206
1694717071064 3.555686900214581 207
1694717071402 3.527535063292182 208
1694717071706 3.50005040664792 209
1694717072017 3.473217116069427 210
1694717072394 3.4470197521895245 211
1694717072715 3.421443241601248 212
1694717073010 3.396472868183473 213
1694717073338 3.37209426463214 214
1694717073659 3.3482934041922263 215
1694717073967 3.3250565925857023 216
1694717074296 3.302370460130794 217
1694717074636 3.2802219540480673 218
1694717075024 3.258598330948876 219
1694717075363 3.237487149501849 220
1694717075691 3.2168762632732157 221
1694717076048 3.196753813736824 222
1694717076399 3.1771082234498533 223
1694717076700 3.157928189390279 224
1694717077084 3.139202676452261 225
1694717077513 3.120920911095709 226
1694717077826 3.103072375146375 227
1694717078120 3.0856467997429093 228
1694717078520 3.06863415942737 229
1694717078848 3.052024666375824 230
1694717079205 3.035808764765701 231
1694717079587 3.019977125276635 232
1694717079864 3.004520639721691 233
1694717080260 2.989430415805807 234
1694717080578 2.9746977720085095 235
1694717080939 2.960314232587903 236
1694717081285 2.946271522703092 237
1694717081616 2.9325615636522167 238
1694717081996 2.919176468223347 239
1694717082382 2.906108536155602 240
1694717082685 2.893350249707825 241
1694717082975 2.880894269332313 242
1694717083310 2.8687334294510856 243
1694717083666 2.8568607343322703 244
1694717084001 2.8452693540642326 245
1694717084407 2.8339526206251286 246
1694717084741 2.8229040240456205 247
1694717085092 2.8121172086625514 248
1694717085443 2.8015859694614123 249
1694717085754 2.791304248505518 250
1694717086219 2.7812661314498 251
1694717086593 2.7714658441372557 252
1694717086868 2.761897749276057 253
1694717087160 2.7525563431954345 254
1694717087519 2.743436252678441 255
1694717087812 2.7345322318698035 256
1694717088158 2.725839159257059 257
1694717088520 2.7173520347232487 258
1694717088887 2.7090659766694762 259
1694717089266 2.7009762192056663 260
1694717089617 2.693078109407914 261
1694717089936 2.6853671046408323 262
1694717090346 2.6778387699433885 263
1694717090703 2.6704887754766853 264
1694717091122 2.6633128940322464 265
1694717091476 2.6563069985993644 266
1694717091776 2.6494670599901036 267
1694717092093 2.642789144520602 268
1694717092421 2.636269411747338 269
1694717092709 2.6299041122570377 270
1694717093022 2.623689585508993 271
1694717093388 2.617622257728502 272
1694717093731 2.611698639850249 273
1694717094018 2.6059153255104346 274
1694717094326 2.6002689890865005 275
1694717094619 2.5947563837833116 276
1694717094873 2.589374339764704 277
1694717095174 2.5841197623293235 278
1694717095523 2.5789896301297035 279
1694717095818 2.5739809934335476 280
1694717096111 2.5690909724262347 281
1694717096455 2.5643167555535604 282
1694717096775 2.559655597903745 283
1694717097143 2.555104819627818 284
1694717097532 2.550661804397422 285
1694717097869 2.546323997899177 286
1694717098261 2.5420889063647487 287
1694717098569 2.5379540951357327 288
1694717098821 2.533917187262574 289
1694717099114 2.5299758621366912 290
1694717099484 2.5261278541550203 291
1694717099801 2.5223709514162196 292
1694717100168 2.5187029944477723 293
1694717100528 2.515121874963264 294
1694717100891 2.5116255346491143 295
1694717101258 2.508211963980069 296
1694717101603 2.5048792010627636 297
1694717101921 2.5016253305067107 298
1694717102247 2.4984484823220314 299
1694717102639 2.495346830843326 300
1694717103026 2.4923185936790486 301
1694717103404 2.489362030685779 302
1694717103719 2.4864754429668205 303
1694717104041 2.48365717189452 304
1694717104409 2.480905598155775 305
1694717104754 2.4782191408201544 306
1694717105140 2.475596256430108 307
1694717105467 2.473035438112756 308
1694717105771 2.4705352147127098 309
1694717106068 2.468094149945462 310
1694717106391 2.4657108415708384 311
1694717106716 2.463383920586048 312
1694717107056 2.4611120504378508 313
1694717107484 2.458893926253405 314
1694717107829 2.4567282740893437 315
1694717108157 2.454613850198657 316
1694717108559 2.45254944031494 317
1694717108859 2.450533858953613 318
1694717109207 2.4485659487297085 319
1694717109625 2.4466445796918226 320
1694717109953 2.44476864867185 321
1694717110373 2.4429370786501465 322
1694717110692 2.4411488181357273 323
1694717110984 2.4394028405611574 324
1694717111304 2.4376981436917884 325
1694717111710 2.436033749048999 326
1694717112130 2.434408701347104 327
1694717112479 2.4328220679436083 328
1694717112776 2.4312729383024965 329
1694717113118 2.429760423470241 330
1694717113392 2.4282836555642318 331
1694717113734 2.4268417872733288 332
1694717114042 2.4254339913702574 333
1694717114459 2.4240594602355587 334
1694717114825 2.422717405392827 335
1694717115111 2.4214070570549544 336
1694717115391 2.420127663681145 337
1694717115758 2.4188784915444153 338
1694717116251 2.4176588243093553 339
1694717116676 2.4164679626198953 340
1694717116951 2.415305223696843 341
1694717117305 2.41416994094496 342
1694717117713 2.4130614635693544 343
1694717118043 2.4119791562009616 344
1694717118454 2.410922398530909 345
1694717118757 2.4098905849535375 346
1694717119096 2.408883124217898 347
1694717119463 2.4078994390874953 348
1694717119833 2.406938966008102 349
1694717120174 2.4060011547834526 350
1694717120585 2.405085468258612 351
1694717120929 2.4041913820108634 352
1694717121323 2.4033183840479095 353
1694717121768 2.4024659745132353 354
1694717122062 2.4016336653984554 355
1694717122427 2.4008209802624756 356
1694717122819 2.4000274539573097 357
1694717123113 2.399252632360404 358
1694717123434 2.3984960721132973 359
1694717123861 2.3977573403664802 360
1694717124214 2.3970360145302982 361
1694717124568 2.396331682031764 362
1694717124889 2.3956439400771345 363
1694717125216 2.394972395420107 364
1694717125561 2.3943166641355194 365
1694717125938 2.3936763713984113 366
1694717126237 2.3930511512683172 367
1694717126522 2.392440646478683 368
1694717126849 2.3918445082312623 369
1694717127145 2.3912623959953936 370
1694717127463 2.3906939773120333 371
1694717127782 2.3901389276024347 372
1694717128049 2.3895969299813604 373
1694717128476 2.38906767507472 374
1694717128829 2.3885508608415362 375
1694717129102 2.3880461924001257 376
1694717129469 2.387553381858405 377
1694717129789 2.3870721481482104 378
1694717130117 2.3866022168635554 379
1694717130447 2.386143320102714 380
1694717130873 2.3856951963140474 381
1694717131162 2.385257590145495 382
1694717131514 2.384830252297619 383
1694717131873 2.3844129393801388 384
1694717132146 2.3840054137718694 385
1694717132480 2.383607443483975 386
1694717132914 2.383218802026462 387
1694717133265 2.3828392682778463 388
1694717133652 2.382468626357895 389
1694717133998 2.3821066655034 390
1694717134305 2.3817531799468825 391
1694717134648 2.381407968798186 392
1694717134994 2.381070835928862 393
1694717135385 2.3807415898593063 394
1694717135698 2.3804200436485696 395
1694717136063 2.3801060147867696 396
1694717136419 2.379799325090071 397
1694717136764 2.3794998005981385 398
1694717137113 2.379207271474028 399
1694717137484 2.3789215719064516 400
1694717137896 2.378642540014355 401
1694717138289 2.37837001775376 402
1694717138713 2.3781038508268146 403
1694717139067 2.3778438885929973 404
1694717139472 2.3775899839824266 405
1694717139884 2.3773419934112283 406
1694717140225 2.3770997766989046 407
1694717140552 2.3768631969876646 408
1694717140895 2.376632120663664 409
1694717141182 2.376406417280117 410
1694717141487 2.3761859594822243 411
1694717141883 2.3759706229338855 412
1694717142187 2.375760286246146 413
1694717142548 2.375554830907339 414
1694717142904 2.3753541412148893 415
1694717143181 2.3751581042087238 416
1694717143461 2.374966609606271 417
1694717143832 2.3747795497389914 418
1694717144113 2.37459681949042 419
1694717144415 2.374418316235675 420
1694717144777 2.3742439397823945 421
1694717145108 2.374073592313086 422
1694717145419 2.373907178328827 423
1694717145749 2.3737446045943145 424
1694717146120 2.373585780084205 425
1694717146505 2.373430615930736 426
1694717146893 2.373279025372582 427
1694717147220 2.373130923704924 428
1694717147547 2.3729862282307095 429
1694717147870 2.3728448582130572 430
1694717148212 2.3727067348287982 431
1694717148595 2.3725717811231117 432
1694717148946 2.372439921965243 433
1694717149330 2.3723110840052635 434
1694717149606 2.3721851956318667 435
1694717149914 2.37206218693115 436
1694717150230 2.3719419896463836 437
1694717150563 2.3718245371387328 438
1694717150915 2.371709764348906 439
1694717151202 2.371597607759715 440
1694717151588 2.3714880053595255 441
1694717151947 2.371380896606566 442
1694717152211 2.3712762223940924 443
1694717152475 2.371173925016369 444
1694717152860 2.3710739481354635 445
1694717153312 2.370976236748825 446
1694717153806 2.370880737157632 447
1694717154374 2.3707873969358872 448
1694717154734 2.370696164900251 449
1694717155080 2.3706069910805865 450
1694717155420 2.370519826691199 451
1694717155742 2.370434624102767 452
1694717156093 2.370351336814928 453
1694717156451 2.3702699194295196 454
1694717156793 2.3701903276244565 455
1694717157173 2.3701125181282214 456
1694717157471 2.3700364486949637 457
1694717157779 2.3699620780801895 458
1694717158151 2.3698893660170253 459
1694717158645 2.369818273193045 460
1694717159006 2.3697487612276484 461
1694717159300 2.3696807926499717 462
1694717159655 2.3696143308773268 463
1694717160057 2.3695493401941445 464
1694717160440 2.369485785731427 465
1694717160701 2.3694236334466754 466
1694717161059 2.3693628501043045 467
1694717161379 2.369303403256512 468
1694717161655 2.3692452612246093 469
1694717161998 2.369188393080789 470
1694717162291 2.369132768630328 471
1694717162629 2.369078358394209 472
1694717162964 2.3690251335921584 473
1694717163354 2.3689730661260833 474
1694717163634 2.368922128563901 475
1694717163931 2.3688722941237543 476
1694717164264 2.3688235366585957 477
1694717164623 2.3687758306411446 478
1694717164935 2.3687291511491946 479
1694717165262 2.36868347385127 480
1694717165624 2.3686387749926294 481
1694717165858 2.3685950313815867 482
1694717166158 2.368552220376174 483
1694717166467 2.3685103198711035 484
1694717166830 2.368469308285053 485
1694717167173 2.368429164548242 486
1694717167506 2.36838986809031 487
1694717167921 2.3683513988284752 488
1694717168260 2.36831373715598 489
1694717168581 2.3682768639308063 490
1694717168941 2.3682407604646603 491
1694717169258 2.3682054085122193 492
1694717169619 2.368170790260629 493
1694717169951 2.368136888319256 494
1694717170399 2.368103685709676 495
1694717170745 2.3680711658559055 496
1694717171092 2.368039312574864 497
1694717171381 2.368008110067059 498
1694717171707 2.3679775429074934 499
