1694724276195 55.91474736139259 0
1694724276377 21.938950861279725 1
1694724276575 8.375939221380534 2
1694724276785 4.325445995403126 3
1694724277018 3.6676248954658837 4
1694724277283 1.9204633049268323 5
1694724277564 2.440258702139053 6
1694724277813 2.6163556082964536 7
1694724277999 1.9898655634105336 8
1694724278234 3.059465619567107 9
1694724278452 1.711984029528988 10
1694724278677 2.2650125612581933 11
1694724278933 2.1617137879175305 12
1694724279149 1.9261917775997937 13
1694724279367 1.908238403799934 14
1694724279590 2.3074267518736473 15
1694724279873 2.428429776987308 16
1694724280097 2.8520298841980893 17
1694724280301 3.109149730388211 18
1694724280484 1.4691545257213383 19
1694724280699 1.8612700731511667 20
1694724280914 2.8513275879067788 21
1694724281125 2.6726569379645038 22
1694724281325 1.72347539910424 23
1694724281547 3.119771057186453 24
1694724281811 2.084439165708335 25
1694724282084 2.426102400710297 26
1694724282308 2.019732854777561 27
1694724282492 2.6374211250939696 28
1694724282739 2.1416160029097755 29
1694724282976 2.3369181747421712 30
1694724283215 2.9556567092937738 31
1694724283412 2.7136397764744027 32
1694724283667 2.2150690833717284 33
1694724283913 2.712567376836726 34
1694724284181 1.611146879615414 35
1694724284381 2.611465675403763 36
1694724284572 3.1529535664190633 37
1694724284944 2.7814908845575537 38
1694724285209 1.5114261834466238 39
1694724285396 2.9537007595758853 40
1694724285568 3.171412850057515 41
1694724285821 3.1543778416832517 42
1694724286043 1.2100707519919265 43
1694724286279 1.6331572289093508 44
1694724286539 2.186547590190024 45
1694724286733 1.636108578566829 46
1694724286974 3.1586063895626264 47
1694724287217 1.5517119783596465 48
1694724287397 2.5204308466222307 49
1694724287531 2.2700972056811333 50
1694724287754 1.929297327294604 51
1694724288007 2.2069756004481245 52
1694724288234 2.329303882666102 53
1694724288393 3.325450896795718 54
1694724288576 1.6677818398890252 55
1694724288851 1.3379934362389052 56
1694724289066 3.572828778757171 57
1694724289386 2.9909884382363905 58
1694724289682 1.8141082038677925 59
1694724289939 3.321909898716095 60
1694724290149 2.281075948136068 61
1694724290374 2.30736014017083 62
1694724290576 2.53825519523999 63
1694724290804 2.722965938257408 64
1694724291089 2.6114211764654893 65
1694724291322 2.2805143516855795 66
1694724291519 2.633478146411753 67
1694724291758 1.83592732464478 68
1694724291991 1.8063636567303272 69
1694724292220 2.4085414130239444 70
1694724292427 1.8441001428778105 71
1694724292651 1.9775363232132679 72
1694724292885 2.9576418087908807 73
1694724293164 1.9161280288932252 74
1694724293421 1.7567760739496125 75
1694724293613 2.031130425978819 76
1694724293827 1.7181846446520324 77
1694724294126 2.4818388132465934 78
1694724294381 1.6048430393999307 79
1694724294554 2.7887841184328273 80
1694724294791 1.9785846206105002 81
1694724295016 3.1956648901362237 82
1694724295259 1.9744494229314984 83
1694724295527 2.2100472799180997 84
1694724295803 2.2875393822506207 85
1694724296035 2.313592026926876 86
1694724296269 1.074956757583869 87
1694724296497 2.650024514386653 88
1694724296705 1.5441608052283349 89
1694724296936 2.4278112905950255 90
1694724297184 2.3982938343068545 91
1694724297429 2.4987340169907037 92
1694724297706 1.984900673416383 93
1694724297937 2.461489421372667 94
1694724298178 2.204697906035727 95
1694724298416 1.888128303509488 96
1694724298651 1.708251178427241 97
1694724298885 1.3625988256969248 98
1694724299126 2.266341133086998 99
1694724299358 2.60650380248516 100
1694724299546 1.3963235587928342 101
1694724299749 1.9780400147409563 102
1694724300031 2.5475248293564783 103
1694724300261 2.269409909309219 104
1694724300466 1.970919755111185 105
1694724300611 2.5377042451075407 106
1694724300842 2.5168335030086455 107
1694724301075 2.3363000606310025 108
1694724301306 1.237349260070307 109
1694724301534 2.2011259798538627 110
1694724301760 1.9003037031804133 111
1694724302005 2.716650546664907 112
1694724302268 2.169202011411234 113
1694724302483 1.3973958148507772 114
1694724302670 2.070647449258831 115
1694724302841 2.020408580320062 116
1694724303089 2.2362224139975844 117
1694724303319 1.8843256905221166 118
1694724303535 1.4997925460398243 119
1694724303766 1.820218426155274 120
1694724304105 2.8629535871096685 121
1694724304395 1.4832585107386678 122
1694724304593 3.306153250759091 123
1694724304782 1.9480574413098843 124
1694724305017 2.291469315588572 125
1694724305254 2.1290950572097143 126
1694724305463 1.9363107004806128 127
1694724305665 2.1272990886477556 128
1694724305881 1.7194740628427532 129
1694724306101 1.909454135458261 130
1694724306336 3.0673241365341033 131
1694724306567 1.5424300229980812 132
1694724306775 1.480655242826327 133
1694724307012 2.698484580016984 134
1694724307267 2.7497846574572895 135
1694724307504 2.7090885279193895 136
1694724307694 2.4725077893715612 137
1694724307891 2.2770844637093695 138
1694724308130 1.7734733670458924 139
1694724308376 2.835472504677982 140
1694724308591 1.9773223970237837 141
1694724308813 2.1373446643040306 142
1694724309001 2.3727280988407053 143
1694724309231 1.3502806931678775 144
1694724309445 2.595751469648893 145
1694724309639 3.1815354393342368 146
1694724309796 1.9959633473090435 147
1694724309954 2.127581196439837 148
1694724310145 2.4244625046309585 149
1694724310378 2.410671637247102 150
1694724310599 2.0667817439509895 151
1694724310814 1.0272437262089291 152
1694724311093 2.174724080355202 153
1694724311322 1.6851214416186109 154
1694724311563 3.963576131620401 155
1694724311703 1.6456758337961528 156
1694724311881 2.1637082650390482 157
1694724312060 2.2153798782454093 158
1694724312251 2.1153330632071237 159
1694724312485 3.2559211634951524 160
1694724312691 1.1100062683306842 161
1694724312866 2.7285276736778954 162
1694724313089 2.835693655628019 163
1694724313373 2.015293855335737 164
1694724313601 2.2759488958776792 165
1694724313803 1.6521114031274655 166
1694724314019 2.0220364762461127 167
1694724314240 2.7868378690692435 168
1694724314478 1.7893173221184353 169
1694724314689 1.9280159914060082 170
1694724314926 2.122102214099197 171
1694724315174 1.998840573443588 172
1694724315441 2.611081445776568 173
1694724315729 2.0957167351531445 174
1694724316003 3.3243832407976344 175
1694724316243 1.5149985426149992 176
1694724316476 2.8000130935255108 177
1694724316686 1.6301967786975364 178
1694724317019 3.0362901737813197 179
1694724317243 2.589056061850156 180
1694724317477 3.290074246162679 181
1694724317733 3.6010451060245385 182
1694724317910 1.9312289610124866 183
1694724318159 2.3364465005560504 184
1694724318420 2.8267866568664655 185
1694724318650 2.5607073253916406 186
1694724318844 3.7831566629031674 187
1694724319088 1.8530876187485092 188
1694724319329 2.48057965226973 189
1694724319554 2.249899664367707 190
1694724319761 2.0070116683856325 191
1694724320066 3.131748317096674 192
1694724320297 2.0814469199138985 193
1694724320532 2.383576899976483 194
1694724320732 3.2575152057162846 195
1694724320903 3.3959329007270123 196
1694724321078 3.2694956730925466 197
1694724321313 2.4199366264269564 198
1694724321536 2.38394779929494 199
1694724321742 2.6978234408210318 200
1694724321886 2.3287935223260616 201
1694724322123 2.0121104375371206 202
1694724322420 1.5514520169637724 203
1694724322601 2.083921890129753 204
1694724322787 1.602192366590246 205
1694724322994 1.8816382284387716 206
1694724323216 2.3777652626381074 207
1694724323469 3.7698782219194187 208
1694724323709 1.6490212616765567 209
1694724323962 2.3554050492583065 210
1694724324236 3.1415610950769026 211
1694724324539 3.7797518636792145 212
1694724324752 3.1501144157924297 213
1694724324925 2.634602902017235 214
1694724325122 1.8013311711195588 215
1694724325335 2.1649725579158035 216
1694724325555 2.3784758942133193 217
1694724325825 2.086235583297727 218
1694724326064 2.3220468988186163 219
1694724326294 1.8589057228221062 220
1694724326552 1.341511802873084 221
1694724326799 1.826613274021242 222
1694724327019 2.4561859785769546 223
1694724327236 1.8059314178068444 224
1694724327468 2.7074671186391313 225
1694724327704 1.880575946129674 226
1694724327909 3.3071163880884584 227
1694724328123 3.3209248232906954 228
1694724328323 1.8450502718348196 229
1694724328543 3.186990794390876 230
1694724328809 2.1120037495894324 231
1694724329096 2.7733074893522827 232
1694724329343 1.6321851314018991 233
1694724329579 2.5688088665379714 234
1694724329804 2.229221388275945 235
1694724330036 1.9522964640652682 236
1694724330295 2.3169848543142053 237
1694724330516 2.122059650991912 238
1694724330731 3.110828078186536 239
1694724330882 3.3959056303781017 240
1694724331098 2.5253402547377672 241
1694724331382 2.381428701181542 242
1694724331625 1.9965390159393699 243
1694724331839 2.364767222890665 244
1694724332022 2.850092977778905 245
1694724332246 1.871566155445162 246
1694724332493 2.1956668543034885 247
1694724332732 2.195375740308554 248
1694724332916 2.472578717765593 249
1694724333154 3.141454824772962 250
1694724333432 2.448572822204203 251
1694724333688 2.367904613390486 252
1694724333901 2.332889589299438 253
1694724334147 2.410677075902129 254
1694724334379 1.5000820310430316 255
1694724334630 2.209371850239662 256
1694724334841 1.765872561128057 257
1694724335034 2.6147625514651014 258
1694724335274 2.1311334327568314 259
1694724335515 2.3915041370067662 260
1694724335826 3.3424147966543045 261
1694724336114 2.33703460708392 262
1694724336389 1.5393842598136054 263
1694724336620 2.0035319565574303 264
1694724336865 2.7372407629475584 265
1694724337106 2.266203686989109 266
1694724337351 1.5109818238551664 267
1694724337593 1.3406113075322275 268
1694724337877 2.168293404359092 269
1694724338081 2.270440999459385 270
1694724338313 1.475065780307341 271
1694724338546 2.815551417980819 272
1694724338792 2.476746454396388 273
1694724339085 2.0808848305867578 274
1694724339343 1.6729982944593247 275
1694724339576 1.9864669815156217 276
1694724339803 2.2402737862146185 277
1694724339988 1.8536071648729024 278
1694724340283 2.5372796844341616 279
1694724340496 2.3165794775465898 280
1694724340705 2.300071771928221 281
1694724340919 1.1850521811512547 282
1694724341061 1.6099959592808286 283
1694724341304 2.4171642807795046 284
1694724341541 3.4485479158566843 285
1694724341767 2.1537522072897204 286
1694724341969 2.242786671018951 287
1694724342179 3.001969974646168 288
1694724342478 1.4850557996221447 289
1694724342716 3.0549563144819962 290
1694724342938 1.3150088338893215 291
1694724343141 2.6206523664414005 292
1694724343405 1.4919397605774065 293
1694724343639 1.9673916248955259 294
1694724343884 2.1141023407857484 295
1694724344129 1.935088177571696 296
1694724344384 1.7327716244210953 297
1694724344677 2.970405938389094 298
1694724344917 2.5956731084465217 299
1694724345088 1.7517970675407908 300
1694724345312 2.177959474985877 301
1694724345542 3.4964381284714396 302
1694724345846 2.8586273422868986 303
1694724346040 2.4984812851541776 304
1694724346233 1.6866964488798044 305
1694724346419 2.654808231675439 306
1694724346654 1.9730728429684705 307
1694724346949 2.882083284271675 308
1694724347114 2.8697478893478845 309
1694724347308 1.6926429785926271 310
1694724347567 2.7317699639920763 311
1694724347804 2.293866397129092 312
1694724348022 1.2486355311253854 313
1694724348267 1.517621248593885 314
1694724348523 3.8896819431833856 315
1694724348776 2.051766573593634 316
1694724349010 1.7062538850768583 317
1694724349234 2.206563098163925 318
1694724349469 1.7427029626336257 319
1694724349719 2.463124551067239 320
1694724349935 2.7137875435876033 321
1694724350131 1.049469244119429 322
1694724350310 2.829268086296406 323
1694724350584 2.5599781481447343 324
1694724350827 1.7956664474268562 325
1694724351046 1.8930768815672947 326
1694724351297 1.9309729660850499 327
1694724351543 2.693762286147392 328
1694724351763 2.746326143137174 329
1694724351991 1.917031407549742 330
1694724352167 2.178509707783655 331
1694724352405 1.7741201181613153 332
1694724352634 1.5503265840385996 333
1694724352881 2.092617980649148 334
1694724353115 1.6598376522184166 335
1694724353469 2.5493210097082657 336
1694724353837 2.38100122174978 337
1694724354157 2.597870797059145 338
1694724354399 1.5310534306855712 339
1694724354635 2.239319826570375 340
1694724354914 2.9013686040602162 341
1694724355150 2.811898331607284 342
1694724355372 2.3711563036542893 343
1694724355615 2.0052034150230975 344
1694724355976 2.544107923057783 345
1694724356235 3.2583528996874334 346
1694724356479 1.57595915036209 347
1694724356726 3.3462480488651716 348
1694724357034 2.333999841671037 349
1694724357233 2.1071145662559565 350
1694724357438 1.984959286063194 351
1694724357698 2.6340127551385475 352
1694724357938 2.332110009720323 353
1694724358177 1.9713066683358664 354
1694724358401 1.7769144591133832 355
1694724358632 1.9779460268508953 356
1694724358844 3.2716287100485255 357
1694724359078 1.9781551553780812 358
1694724359226 3.4732956427251276 359
1694724359451 2.260023991592451 360
1694724359675 3.1037978169716194 361
1694724359905 1.5850347168397774 362
1694724360115 2.6722837051592814 363
1694724360290 2.056725347445029 364
1694724360514 2.7596350554209113 365
1694724360724 2.2965029672810027 366
1694724360952 1.9277664209125962 367
1694724361154 1.5145311510394395 368
1694724361355 2.814338782671043 369
1694724361602 2.7316642468540677 370
1694724361836 3.827548856677762 371
1694724362039 2.0221969974428062 372
1694724362247 3.389598277478655 373
1694724362444 3.004805266732822 374
1694724362742 2.1595741532697033 375
1694724362970 1.6037214919058103 376
1694724363175 2.322475814194324 377
1694724363372 1.8465901910561733 378
1694724363541 2.015146389801387 379
1694724363781 2.4224503751318074 380
1694724364080 2.135812355551191 381
1694724364266 2.3504886304629142 382
1694724364505 1.098925036552167 383
1694724364809 1.9028119593494008 384
1694724365068 2.5427738586783604 385
1694724365284 2.252274248366655 386
1694724365523 2.5387590077538507 387
1694724365816 2.494385052342881 388
1694724366022 2.3016597179567664 389
1694724366247 2.2017326643955144 390
1694724366463 3.0831471920220666 391
1694724366678 2.4397680520575165 392
1694724366920 2.0823513419527147 393
1694724367191 1.0758423684871854 394
1694724367412 2.8806011745258027 395
1694724367638 1.9092993403610317 396
1694724367882 2.3177457211431913 397
1694724368108 2.2212222219598172 398
1694724368251 1.451963319257873 399
1694724368418 2.647433763714495 400
1694724368638 1.7432096314478362 401
1694724368848 2.714784479923052 402
1694724369093 1.6499871267998685 403
1694724369342 2.0380284359123557 404
1694724369556 3.036920956553036 405
1694724369788 2.053729625230415 406
1694724370035 1.2343035997173897 407
1694724370235 1.503475505890139 408
1694724370406 2.0857889986611067 409
1694724370627 3.107285643612939 410
1694724370812 1.7667148867931792 411
1694724371022 2.2439338427483033 412
1694724371248 2.1742426560591492 413
1694724371477 3.0056804816621194 414
1694724371733 1.7689843215864332 415
1694724371966 2.047242241585926 416
1694724372215 2.5207635996858917 417
1694724372408 1.882916256237844 418
1694724372633 2.4892972267640197 419
1694724372875 2.1702082767530273 420
1694724373115 3.3083945119385265 421
1694724373316 2.179530195257191 422
1694724373535 2.4929601648749125 423
1694724373815 1.3796636781657325 424
1694724374119 2.8532076397191797 425
1694724374320 3.055218659722518 426
1694724374514 3.086705404337265 427
1694724374738 2.469097277140293 428
1694724374974 2.6033843052038437 429
1694724375211 1.5277442467883993 430
1694724375413 2.012587245848006 431
1694724375626 1.663341071381227 432
1694724375944 2.1155976816293394 433
1694724376225 2.9017020652780556 434
1694724376382 2.0057608968931264 435
1694724376586 1.974776338474814 436
1694724376995 1.6520365147028342 437
1694724377232 1.631425095467592 438
1694724377405 1.5328603947972437 439
1694724377657 2.7298564555666984 440
1694724377882 2.3532963427156948 441
1694724378160 1.7216937406735924 442
1694724378388 1.9201880348715095 443
1694724378644 2.12328591085064 444
1694724378881 2.6216814158311155 445
1694724379140 2.2268339299940836 446
1694724379314 1.7871623133185484 447
1694724379494 2.5856080926941716 448
1694724379741 2.700836614726283 449
1694724379979 2.0040653045697234 450
1694724380227 2.2058411293194196 451
1694724380494 2.246993406467563 452
1694724380689 2.4456251255192436 453
1694724380944 2.422682013565291 454
1694724381186 2.400941107499479 455
1694724381415 1.17766763759708 456
1694724381640 2.4864656657706656 457
1694724381884 1.7721960909831218 458
1694724382136 2.3967895301284785 459
1694724382341 1.6630293365390507 460
1694724382595 2.1563747982568096 461
1694724382867 2.452290523843894 462
1694724383030 2.554325999712085 463
1694724383244 1.9019175059380602 464
1694724383448 2.6372338865932368 465
1694724383637 2.6006595693323242 466
1694724383797 2.783075665385987 467
1694724384091 2.5910338193982887 468
1694724384330 3.185342448942275 469
1694724384502 2.794496486482008 470
1694724384717 1.9265983258959227 471
1694724385020 2.388369939372811 472
1694724385266 1.751946908771014 473
1694724385444 2.300287833898696 474
1694724385667 3.2060992859110247 475
1694724385932 2.091942054067199 476
1694724386165 1.8470586570733438 477
1694724386379 3.2409678286809305 478
1694724386611 2.578487089421052 479
1694724386843 1.2427379682201374 480
1694724387094 2.783480595921418 481
1694724387359 2.9936999374892364 482
1694724387563 2.621937078457152 483
1694724387765 2.4761335287702146 484
1694724387952 1.8518987196690724 485
1694724388172 2.1043994532483596 486
1694724388402 2.165787668200316 487
1694724388615 2.4293124443936884 488
1694724388824 1.683233579345444 489
1694724389032 1.7597188993352402 490
1694724389292 1.4093980667525952 491
1694724389506 1.753940839580718 492
1694724389687 1.7633161547375704 493
1694724389894 1.9173163619598568 494
1694724390135 1.9833105146210235 495
1694724390356 1.8505694038594063 496
1694724390538 2.315136041894627 497
1694724390720 2.315152653423487 498
1694724390952 1.9919352985915917 499
