1694718009257 2.6158582589851074 0
1694718009458 2.5606578055590883 1
1694718009683 2.033240363100168 2
1694718009932 2.057866341035372 3
1694718010183 2.224908846468832 4
1694718010409 1.961560174468592 5
1694718010630 1.8001061545772348 6
1694718010832 1.6546585715290913 7
1694718011047 1.339533171294745 8
1694718011276 2.042808819164068 9
1694718011515 1.4568324189379032 10
1694718011718 2.034453862615842 11
1694718011889 2.5638365650562664 12
1694718012102 2.2941957131913315 13
1694718012338 1.5766697176284692 14
1694718012528 1.4790512823509554 15
1694718012733 1.6085697043202654 16
1694718012948 1.451954100802196 17
1694718013172 2.0023183564360667 18
1694718013383 1.5885096216019523 19
1694718013549 1.842780646159478 20
1694718013784 2.240400391807866 21
1694718014036 1.6299312140635145 22
1694718014293 1.3317285741139806 23
1694718014537 1.999821820238435 24
1694718014727 2.577423712034957 25
1694718014960 1.602474313255051 26
1694718015168 1.5409530962811804 27
1694718015326 2.3402930894000438 28
1694718015498 1.0645124523006455 29
1694718015694 2.2175852531807574 30
1694718016153 1.7509381023580937 31
1694718016428 1.2205335983341714 32
1694718016584 1.4853024013533895 33
1694718016743 1.7967021320728758 34
1694718016901 1.5770427993223548 35
1694718017097 1.5414603379260776 36
1694718017345 1.1431986404634318 37
1694718017559 1.9374126602965747 38
1694718017831 1.4583199203353683 39
1694718018100 1.304940224595785 40
1694718018444 1.6131112348486365 41
1694718018601 1.5612251312872216 42
1694718018741 1.6890054823150287 43
1694718019007 1.3667128221303282 44
1694718019299 1.2449636389081051 45
1694718019524 1.6162064472410929 46
1694718019717 1.0517908635183657 47
1694718019935 2.0280365122389084 48
1694718020193 1.8116965329618373 49
1694718020470 1.3723325507323365 50
1694718020707 1.1590707626520242 51
1694718020954 1.5099816788758438 52
1694718021212 1.2714343857382613 53
1694718021438 1.5218459331057335 54
1694718021574 2.2790388899312877 55
1694718021815 1.1486250211243803 56
1694718022051 1.2403112826447613 57
1694718022266 1.475295381495984 58
1694718022512 1.6901165400016673 59
1694718022778 1.1555570474799033 60
1694718023026 0.884207227128224 61
1694718023274 1.703293605890615 62
1694718023549 1.1505082149130934 63
1694718023769 1.2742381485141359 64
1694718024005 1.1697839854706016 65
1694718024235 1.5676803301160496 66
1694718024487 0.6866441565633258 67
1694718024675 1.6099849414827039 68
1694718024872 1.2318894446364668 69
1694718025180 1.3617462073296402 70
1694718025436 0.9715812545021454 71
1694718025631 1.2760371058285758 72
1694718025854 1.0588517126852206 73
1694718026105 1.3523558803845819 74
1694718026366 1.4224367972159406 75
1694718026571 0.7332606687814903 76
1694718026770 1.2421768587012343 77
1694718026980 0.9338012768724383 78
1694718027189 1.6346573187629492 79
1694718027431 1.3502801067625017 80
1694718027583 1.135812126025752 81
1694718027773 0.8701286094375712 82
1694718027992 1.4501961318073113 83
1694718028238 1.4322583728671454 84
1694718028505 1.3379929237594366 85
1694718028720 1.122453613477842 86
1694718029000 1.2316885769550086 87
1694718029285 0.91206715850417 88
1694718029538 1.3221071496521994 89
1694718029689 1.4047542809759221 90
1694718029887 0.9354271532299603 91
1694718030071 1.4508618890646447 92
1694718030291 1.025158458681325 93
1694718030568 0.8996249727988005 94
1694718030820 0.8672475749851591 95
1694718031023 0.8896539899327294 96
1694718031274 1.4146659100805266 97
1694718031527 1.054448503947159 98
1694718031736 0.8661142910780455 99
1694718031981 0.8944363105444889 100
1694718032243 1.5719249682909262 101
1694718032506 1.3781165292708146 102
1694718032695 1.6332723922307035 103
1694718032920 1.0319703227766772 104
1694718033188 0.9731612037643487 105
1694718033480 1.492990874947482 106
1694718033724 0.8535334774166095 107
1694718034013 1.2354903919452693 108
1694718034314 0.9791927387516988 109
1694718034571 0.9327723101776524 110
1694718034736 1.1993872182209384 111
1694718034897 1.1153208002619401 112
1694718035117 0.7046918562159273 113
1694718035339 0.8577397085136391 114
1694718035550 1.9205377547383755 115
1694718035712 0.8485771297682208 116
1694718035857 0.4766041456816616 117
1694718036014 0.8295719989796632 118
1694718036296 1.0519188711596204 119
1694718036566 0.7446678878314279 120
1694718036778 0.8034557409236549 121
1694718037023 0.9340946489923966 122
1694718037284 0.7500591948426026 123
1694718037540 1.2588403856405472 124
1694718037714 0.8422129634618813 125
1694718037856 0.9995251382513649 126
1694718038016 0.8060339003594162 127
1694718038180 0.6948378154987022 128
1694718038469 1.2533815490460616 129
1694718038680 1.1662677748631143 130
1694718038857 1.4182343982794272 131
1694718039211 1.0385603065891342 132
1694718039487 0.8342448156373954 133
1694718039708 0.5699742576590243 134
1694718039911 1.2658330535256692 135
1694718040165 1.2311269438412458 136
1694718040404 1.0777637955810382 137
1694718040581 0.938878680787215 138
1694718040851 1.210492690449449 139
1694718041032 0.8189516026738521 140
1694718041257 1.1672304604218513 141
1694718041514 0.7989234551259444 142
1694718041749 1.1620471573203481 143
1694718041988 1.0061860019191189 144
1694718042244 1.1117762050710822 145
1694718042499 0.8421392922127225 146
1694718042718 0.8423863257707409 147
1694718042960 1.0138010277033163 148
1694718043252 1.2755550248410057 149
1694718043510 1.1082649636340314 150
1694718043721 0.8352553437141987 151
1694718043930 1.4175303838771982 152
1694718044188 1.1121634536763403 153
1694718044451 1.0407444963420254 154
1694718044704 1.1733209595135312 155
1694718044871 1.1093937790630164 156
1694718045075 0.6608951950050939 157
1694718045336 1.1368778666617627 158
1694718045587 0.8375328251657016 159
1694718045855 1.2527986737015262 160
1694718046127 1.0647865276132125 161
1694718046422 0.9530405424449232 162
1694718046698 1.192180496176424 163
1694718046999 1.2432842692873614 164
1694718047298 1.421243544532251 165
1694718047548 1.732084942061267 166
1694718047757 0.7497554995273322 167
1694718047942 0.8031563638409256 168
1694718048172 0.8890323212046208 169
1694718048419 0.8305608924393609 170
1694718048649 0.8622056519823016 171
1694718048879 0.6669501914074074 172
1694718049181 1.3426149895062376 173
1694718049453 0.7869169753820274 174
1694718049718 1.3334654574453113 175
1694718049991 1.0371360277585635 176
1694718050256 0.8975274902334844 177
1694718050510 0.7581864461117501 178
1694718050758 0.7250125211254509 179
1694718050957 0.7498036553857859 180
1694718051198 1.331615900611137 181
1694718051487 0.6747037454167882 182
1694718051740 0.9461053132715297 183
1694718051977 1.1231650578945611 184
1694718052280 0.9542802541435209 185
1694718052549 1.21619977776601 186
1694718052803 1.2975494182967569 187
1694718053044 0.876299989061506 188
1694718053436 1.0138548382367565 189
1694718053714 0.7633594517025756 190
1694718053947 0.7982238937315355 191
1694718054220 0.732348132258655 192
1694718054528 1.2644115254559283 193
1694718054782 1.1351701315870006 194
1694718054943 1.0108392629843113 195
1694718055154 1.0956137193485427 196
1694718055402 1.1021213408519415 197
1694718055613 1.0752593945264608 198
1694718055846 1.0769106909292743 199
1694718056049 0.8901791255658572 200
1694718056286 1.1778640618921912 201
1694718056581 0.9692742908544402 202
1694718056853 1.3132232777036221 203
1694718057093 0.8403827406026115 204
1694718057280 0.7643186515890141 205
1694718057515 1.3726905388535113 206
1694718057767 1.0110922390156662 207
1694718058069 1.0036321665053443 208
1694718058333 0.7709253947065496 209
1694718058700 0.8841581622852559 210
1694718059023 0.6566143813565035 211
1694718059225 0.947066890506584 212
1694718059474 0.726804886993276 213
1694718059716 1.0116999402024507 214
1694718059980 1.052919133861602 215
1694718060269 1.0201000091216788 216
1694718060531 1.1632887754415726 217
1694718060848 0.7840918134464565 218
1694718061038 1.2847468912204636 219
1694718061365 1.326713313121445 220
1694718061618 1.5359578596482708 221
1694718061821 1.7121888962521048 222
1694718062032 1.0131231675134196 223
1694718062246 0.38945171215078184 224
1694718062477 0.9920014145169705 225
1694718062651 1.1793798727064952 226
1694718062852 0.7746912771169775 227
1694718062985 1.062541335141138 228
1694718063131 1.175823448794773 229
1694718063448 0.7833457163942225 230
1694718063711 1.0488920741398373 231
1694718063887 1.4554832954128323 232
1694718064121 0.6240569792107 233
1694718064431 0.8813266285914442 234
1694718064663 0.714449359982546 235
1694718064929 0.9102123012198082 236
1694718065098 1.0585665155851365 237
1694718065314 0.9877837577036571 238
1694718065612 0.8515032078495428 239
1694718065871 1.046866943883387 240
1694718066028 0.6988005609219884 241
1694718066166 0.8551119591443935 242
1694718066359 1.071835573525257 243
1694718066680 0.8978077543243494 244
1694718066981 1.2021166176512408 245
1694718067211 1.017740438975925 246
1694718067468 0.7962110434133336 247
1694718067720 1.1986912769691982 248
1694718068013 0.6743832730115761 249
1694718068207 0.9682188519611281 250
1694718068468 0.9205038393808888 251
1694718068699 0.8185699553023943 252
1694718068943 1.1630416588697152 253
1694718069247 1.4712915333778207 254
1694718069504 0.8906854917916021 255
1694718069761 0.7903186347803165 256
1694718069930 0.9363482890226185 257
1694718070137 1.0545374631079532 258
1694718070428 1.4415422840009082 259
1694718070698 1.063309579984757 260
1694718070904 0.8718734502720801 261
1694718071076 1.030258490005589 262
1694718071285 0.9893830346041079 263
1694718071502 0.8801297725410577 264
1694718071737 0.7012365871370956 265
1694718071949 0.6363241903395909 266
1694718072092 0.6179116867549133 267
1694718072314 1.030747624870406 268
1694718072626 0.991527925488781 269
1694718072890 0.6337549061070539 270
1694718073086 1.0131070173461232 271
1694718073308 0.8257492399578505 272
1694718073498 0.8945655652348714 273
1694718073713 0.45184371412876645 274
1694718073916 0.9019076114648323 275
1694718074099 1.1620426923950826 276
1694718074347 0.9725679934193048 277
1694718074644 0.8531031794779149 278
1694718074907 0.8934909932846661 279
1694718075088 1.082633167968133 280
1694718075303 1.044163807692602 281
1694718075535 0.799064723292671 282
1694718075882 0.9935848751212344 283
1694718076146 1.48454201450506 284
1694718076406 0.6244024755704086 285
1694718076623 0.8076610139929938 286
1694718076888 0.7098099152142567 287
1694718077112 1.3707955254416084 288
1694718077368 0.9473534564839223 289
1694718077616 0.7366581874316125 290
1694718077900 1.006675098424761 291
1694718078102 1.0118296057400378 292
1694718078272 0.8122975141498847 293
1694718078499 1.217619425066373 294
1694718078715 1.0903482243630445 295
1694718079015 1.1614453803150575 296
1694718079281 1.1899371901555487 297
1694718079540 1.0070659546409235 298
1694718079764 0.7539100701058066 299
1694718080009 0.901726484130675 300
1694718080218 0.4524548916620178 301
