1694712591569 0.08658908067717232 0
1694712591845 0.07125298340029282 1
1694712592102 0.09859643484692193 2
1694712592390 1.4539337016055527 3
1694712592671 1.4265811229831549 4
1694712592901 1.4410791409341654 5
1694712593097 0.2507405851284981 6
1694712593336 0.48861042259593296 7
1694712593585 0.9535516021944207 8
1694712593856 12.519021650591721 9
1694712594114 9.327075653118072 10
1694712594366 0.18708288216219499 11
1694712594679 3.280866472271808 12
1694712595039 0.5722543976149682 13
1694712595309 0.05765312592511938 14
1694712595526 0.36078212096654944 15
1694712595839 2.002421660547294 16
1694712596146 0.32689500663397425 17
1694712596430 1.1034668174725921 18
1694712596666 3.7509469079458926 19
1694712596976 5.538226378912315 20
1694712597196 0.09378365094003867 21
1694712597451 1.1039560332857814 22
1694712597674 5.266578855378098 23
1694712597972 0.3052021966782452 24
1694712598230 1.5550470063646538 25
1694712598493 1.2256824610408585 26
1694712598734 0.007233461683533349 27
1694712599015 0.01773591318461886 28
1694712599292 0.43605052497583535 29
1694712599517 0.3706667347245473 30
1694712599770 1.8203081581078993 31
1694712600099 3.304023225095383 32
1694712600365 2.408007065783794 33
1694712600597 0.01615281584855288 34
1694712600850 1.143685964059471 35
1694712601203 0.864627711182281 36
1694712601616 1.7611954066278859 37
1694712601814 1.479674144656119 38
1694712602056 0.8135255712872885 39
1694712602381 0.02916180269698078 40
1694712602667 0.7258617045957371 41
1694712602956 0.5675657433748262 42
1694712603283 2.2395054645378734 43
1694712603556 0.7962814345182715 44
1694712603884 1.7511746045205345 45
1694712604118 2.671001097478615 46
1694712604435 0.05131321373140989 47
1694712604731 0.5180542352826935 48
1694712605037 10.346750505654793 49
1694712605378 0.13412983036477677 50
1694712605773 1.3330546766317672 51
1694712606102 0.11178523258164492 52
1694712606402 0.6442300595477408 53
1694712606798 0.4052176758011594 54
1694712607110 0.45593899824696726 55
1694712607383 0.45407697674306763 56
1694712607661 3.165509699054105 57
1694712607949 0.01677009369654 58
1694712608244 6.30884245545461 59
1694712608640 0.8898498148261454 60
1694712608925 5.793691052561925 61
1694712609330 0.21798313730448113 62
1694712609757 2.0862996355888836 63
1694712610014 0.33003562047941354 64
1694712610274 0.2825532398697501 65
1694712610577 3.2681393114796076 66
1694712610808 0.02059522286524988 67
1694712611045 1.3471314745860985 68
1694712611315 0.44893909313060865 69
1694712611578 1.3736882133092891 70
1694712611983 0.09907676326762306 71
1694712612295 0.06265185155735901 72
1694712612602 0.6356308859536488 73
1694712612885 0.2292937642147595 74
1694712613163 0.032382914624347635 75
1694712613447 0.49007248617294136 76
1694712613721 0.2186874235141102 77
1694712614070 0.09459098649620318 78
1694712614398 0.575782220390022 79
1694712614686 0.03695556358620368 80
1694712614987 0.16215204348954718 81
1694712615300 0.053277467236742565 82
1694712615615 0.059995753291285286 83
1694712615862 1.1969982085743958 84
1694712616159 0.19511392242140552 85
1694712616560 0.03000774482866978 86
1694712616809 0.4248987626464614 87
1694712617093 0.20263164658647714 88
1694712617440 0.01943033988797328 89
1694712617744 0.6113964227196436 90
1694712618090 3.104117029867098 91
1694712618409 0.8270154517699609 92
1694712618684 0.4278299198866799 93
1694712618945 0.08451032970886557 94
1694712619160 6.739804105684172 95
1694712619422 0.04872731655484997 96
1694712619708 0.9208513133569807 97
1694712619923 0.32419519535688973 98
1694712620233 3.2174454750173735 99
1694712620562 0.015366947312038436 100
1694712620784 0.4784777230564204 101
1694712621085 0.029750333829726094 102
1694712621406 3.985799742743567 103
1694712621711 1.1981412232837187 104
1694712621974 0.7508257774984328 105
1694712622302 0.8302056333112203 106
1694712622642 0.9065791388333923 107
1694712622917 0.18090028788526782 108
1694712623219 1.2313008731861206 109
1694712623551 0.19213914327552703 110
1694712623797 0.9462968220229541 111
1694712624022 2.340253740725314 112
1694712624328 1.3871824859060746 113
1694712624747 3.8296681284397986 114
1694712625080 10.253743423415298 115
1694712625351 0.3049666974085424 116
1694712625762 0.58271110895076 117
1694712626035 0.9057707504871841 118
1694712626294 0.010587394204104261 119
1694712626629 0.9270157149122168 120
1694712626906 2.887860936078213 121
1694712627208 0.10371950014962324 122
1694712627508 1.9750993940563881 123
1694712627853 1.4055297660187964 124
1694712628140 0.18524253601565754 125
1694712628442 0.3103001637041918 126
1694712628721 0.051298977708507026 127
1694712628998 0.012498942866690448 128
1694712629319 0.36375805747602963 129
1694712629633 0.061887989265583344 130
1694712629966 0.3657212935488049 131
1694712630255 5.237235515400338 132
1694712630526 0.7412084084196328 133
1694712630759 0.14304846463340246 134
1694712631019 0.020998616711646937 135
1694712631310 0.042653210624260106 136
1694712631592 0.22099199038812412 137
1694712631902 0.26017312067175125 138
1694712632109 5.581703772937806 139
1694712632454 0.45413061830515383 140
1694712632817 1.018999019290434 141
1694712633086 0.9021020617554188 142
1694712633343 0.34879241771306024 143
1694712633589 0.2393953794327372 144
1694712633910 0.024598063009647085 145
1694712634150 4.295254401919563 146
1694712634416 0.6893078349017904 147
1694712634850 0.9990460288276098 148
1694712635082 0.27467899651725974 149
1694712635292 0.04461419369751644 150
1694712635579 5.269112589152996e-05 151
1694712635878 0.6306378350557837 152
1694712636178 0.00035051932637570845 153
1694712636517 4.349661504491031 154
1694712636884 3.721848811687398 155
1694712637187 0.403651364815142 156
1694712637391 1.8962665929291664 157
1694712637597 0.5340552099277288 158
1694712637927 1.9171379209199357 159
1694712638227 0.0006975099849403956 160
1694712638493 2.7785909734765717 161
1694712638766 0.24118856524598495 162
1694712639077 0.42411999582115617 163
1694712639374 0.004017104212279488 164
1694712639666 0.04145883427011069 165
1694712639947 3.979805825731459 166
1694712640212 0.012132070107345749 167
1694712640461 0.1416858167632357 168
1694712640725 0.5152056753010623 169
1694712640986 0.10017613167202813 170
1694712641272 1.2319194527047974 171
1694712641583 0.22719961996835464 172
1694712641865 1.3413697621049347 173
1694712642160 1.4832606291029435 174
1694712642404 0.01991464733315119 175
1694712642709 0.41605560488384397 176
1694712642996 0.24292013619270236 177
1694712643280 5.877709190391677 178
1694712643579 1.1819265784136657 179
1694712643937 0.004960872556779998 180
1694712644260 1.903070581203632 181
1694712644520 0.09033904158749609 182
1694712644910 0.4788144608851466 183
1694712645232 1.0114638742950193 184
1694712645477 0.06295187370162358 185
1694712645719 0.05673880494203298 186
1694712645969 2.917293763438457 187
1694712646233 0.15079005482776356 188
1694712646577 0.0424251884474397 189
1694712646858 0.7279715529653205 190
1694712647132 4.16551074340168 191
1694712647407 0.303356428066563 192
1694712647673 0.45375296110250146 193
1694712647968 2.24551147223044 194
1694712648310 0.6535118883962433 195
1694712648528 0.05664923694930297 196
1694712648795 0.5102278611104923 197
1694712649099 0.22547868582110248 198
1694712649382 0.048527259019204225 199
1694712649576 0.4635334731167875 200
1694712649836 3.7015165035705597 201
1694712650187 0.2371309697130317 202
1694712650483 1.0678082844955998 203
1694712650990 0.7827561410561176 204
1694712651320 5.406576592434295 205
1694712651697 1.3285767153962942 206
1694712652227 1.4685158839760144 207
1694712652704 0.6311796889524982 208
1694712653335 0.3283180675013622 209
1694712653752 0.009042193921131597 210
1694712654704 0.03984381532887519 211
1694712655228 0.33312015340247314 212
1694712655576 0.7771374813083862 213
1694712655814 0.02131125582070708 214
1694712656055 0.4330530915369338 215
1694712656354 3.2713992592813153 216
1694712656617 0.33493325192391993 217
1694712656946 0.4351606888099052 218
1694712657286 0.17640239470952204 219
1694712657706 0.01630192048327935 220
1694712658011 0.18847186946037914 221
1694712658328 0.1056838061023889 222
1694712658637 0.18721457025553645 223
1694712658891 0.8817865632030013 224
1694712659238 0.22273437942227695 225
1694712659556 1.2184919072659857 226
1694712659841 1.6008011519495184 227
1694712660224 1.7113270280007837 228
1694712660597 0.4411348055519542 229
1694712660973 4.491967064240819 230
1694712661430 0.9066502745773816 231
1694712661692 1.5934903724351042 232
1694712662047 0.08629143930624482 233
1694712662506 0.0968097871063223 234
1694712662839 0.8071408654959178 235
1694712663327 0.02596454462253826 236
1694712663730 0.6778633736201147 237
1694712664001 0.693110644101956 238
1694712664533 0.7037672497611467 239
1694712665015 0.13036967685102793 240
1694712665395 0.8467591996222863 241
1694712665765 0.4345313072902832 242
1694712666303 0.9899520474886566 243
1694712666596 0.001587803767440089 244
1694712666977 1.2299133476063786 245
1694712667329 0.04169025250554825 246
1694712667635 0.5041112225722778 247
1694712667933 0.8797431807891685 248
1694712668394 1.391709553068089 249
1694712668801 0.42700846218036703 250
1694712669232 1.2907812613806757 251
1694712669682 4.914503180569982 252
1694712670060 0.5749963710256245 253
1694712670428 0.8009649385183363 254
1694712670728 0.12611404837239448 255
1694712671042 2.363915689451046 256
1694712671402 0.19808895314363603 257
1694712671794 1.647463143199854 258
1694712672126 1.3611110281366725 259
1694712672506 1.5002076880670767 260
1694712672786 3.750847435088692e-05 261
1694712673037 1.620237920021977 262
1694712673368 0.5707748352658001 263
1694712673731 0.19249150971323228 264
1694712674258 0.08539926880603216 265
1694712674582 0.11719594293782713 266
1694712674926 0.2999377218884446 267
1694712675263 2.7517235224751744 268
1694712675611 0.05801666682750573 269
1694712675868 2.633862931605281 270
1694712676198 0.16156831633225818 271
1694712676631 3.0486324864656202 272
1694712676879 0.3450119365985071 273
1694712677262 5.359572128106827 274
1694712677626 0.2793911140180669 275
1694712677975 0.8330355234299076 276
1694712678307 1.0611274063667222 277
1694712678755 0.648372943337766 278
1694712679039 6.487034994402218 279
1694712679317 1.861158398635255 280
1694712679656 0.18718907430623763 281
1694712679897 0.36299523750914353 282
1694712680136 1.5390429260936929 283
1694712680405 1.8782179661748613 284
1694712680712 0.6802486754142129 285
1694712680967 4.147361072925854 286
1694712681384 0.0013921048474095914 287
1694712681696 0.06318351096199744 288
1694712681930 0.38351479348821543 289
1694712682145 0.33216421473269325 290
1694712682446 0.056319983709523326 291
1694712682792 2.9714373104264378 292
1694712682996 0.3173142008136847 293
1694712683246 0.16006992875879328 294
1694712683640 0.7561867983578833 295
1694712683922 1.1380095795247238 296
1694712684224 0.24646139470568904 297
1694712684469 0.7816879371206533 298
1694712684811 0.6735256181219361 299
1694712685106 0.17323371098468013 300
1694712685445 0.016731856119042893 301
1694712685939 0.04270542987372082 302
1694712686299 0.40294619668314047 303
1694712686792 0.0861766853095021 304
1694712687179 0.07520057899875783 305
1694712687498 0.7500275233765545 306
1694712687890 1.7492594389041065 307
1694712688213 1.4365226317157456 308
1694712688455 0.09795136953526486 309
1694712688737 0.13616516285083555 310
1694712689065 0.07294389936214286 311
1694712689370 1.6444250690627489 312
1694712689690 0.5325428219957679 313
1694712690058 1.5119175232648259 314
1694712690433 0.0879965018546041 315
1694712690770 1.4585148052174723 316
1694712691141 6.396531056217784 317
1694712691433 0.24648032958666555 318
1694712691693 0.01867186891784332 319
1694712691923 4.866136240304485 320
1694712692161 0.06211886424898783 321
1694712692430 0.11839015514972424 322
1694712692889 0.11798469441157784 323
1694712693173 0.08226943315201615 324
1694712693439 2.3218179700774964 325
1694712693710 3.6582630348120433 326
1694712694033 0.024464798431686745 327
1694712694266 2.8657179452135497 328
1694712694513 4.272821827423501 329
1694712694950 0.015411492895001811 330
1694712695290 2.9152277780160687 331
1694712695624 3.6439764305304836 332
1694712695937 0.05184408286302785 333
1694712696206 0.004076731247363657 334
1694712696547 4.761100461806314 335
1694712696842 0.04953450842772624 336
1694712697169 1.9246025268860925 337
1694712697476 1.4515713892953683 338
1694712697790 0.46856430690871675 339
1694712698085 0.25707857353367386 340
1694712698329 0.6086790256065941 341
1694712698647 0.33144669755602013 342
1694712698932 0.16046718604540525 343
1694712699198 0.0106072651349848 344
1694712699438 0.28874592038302055 345
1694712699853 2.7172954535157503 346
1694712700184 0.3629097471389553 347
1694712700392 0.25467381030875613 348
1694712700654 0.27522997876144467 349
1694712700907 1.5944196847883703 350
1694712701176 0.21045027133308544 351
1694712701406 1.1633280899831162 352
1694712701655 0.8816199403700546 353
1694712701945 0.8059448106495948 354
1694712702282 0.011262213553888326 355
1694712702585 0.07635970881545481 356
1694712702873 0.0303608872130196 357
1694712703171 0.6755720101249764 358
1694712703422 0.340225394533929 359
1694712703720 0.4747071941309786 360
1694712703952 0.0004838619221038597 361
1694712704253 0.12714525518880934 362
1694712704518 1.9830859752890186 363
1694712704815 1.8481312221959585 364
1694712705145 0.4510482951417716 365
1694712705488 0.012113653904224014 366
1694712705794 0.5011446684659893 367
1694712706120 1.339226666210996 368
1694712706542 0.8409675081803039 369
1694712706839 0.26985753216797304 370
1694712707127 0.047347737643798626 371
1694712707437 0.47823278641511585 372
1694712707763 0.2837217442633233 373
1694712708075 0.5929631227378463 374
1694712708381 0.1747395050489437 375
1694712708717 0.04456633099391813 376
1694712709042 0.11045955368984844 377
1694712709362 4.41063127501319 378
1694712709588 7.4120819680291286 379
1694712709895 0.46579635258019747 380
1694712710184 2.447484470628477 381
1694712710468 0.34895980673682864 382
1694712710746 5.558665229547006e-06 383
1694712711122 0.4231334374101044 384
1694712711401 1.9325501138771661 385
1694712711677 1.5093670559207018 386
1694712711977 0.978277270118464 387
1694712712328 1.2950278625589375 388
1694712712618 0.12489100012175479 389
1694712712915 0.21616848192625307 390
1694712713302 0.5078033824879821 391
1694712713561 0.09124369549698191 392
1694712713814 0.1811777876374937 393
1694712714102 1.540732512833415 394
1694712714366 7.0544195457821255 395
1694712714596 0.15266204088281835 396
1694712714982 0.02262273700636015 397
1694712715304 0.3120130183704425 398
1694712715629 0.29263429755571274 399
1694712715887 0.5004204068193787 400
1694712716145 2.1176193679235102 401
1694712716484 0.6716346998563626 402
1694712716788 4.033963345026101 403
1694712717137 4.354026954491751 404
1694712717473 0.45715126054566774 405
1694712717771 4.538367012561815 406
1694712718060 0.5250023788588613 407
1694712718400 0.01104899664673338 408
1694712718684 0.276403321521798 409
1694712718991 3.5688632601720913 410
1694712719305 8.085315602590905 411
1694712719624 0.10164940374032623 412
1694712719968 0.4299300993717935 413
1694712720299 0.793158766954141 414
1694712720635 0.746956338306495 415
1694712720858 0.46702416944167635 416
1694712721142 1.3381567612521759 417
1694712721461 0.020982058658488772 418
1694712721775 0.4186567514055176 419
1694712722008 0.005796894097715576 420
1694712722376 1.192467420430814 421
1694712722709 0.1012079223070663 422
1694712723020 0.6790370473650372 423
1694712723336 1.6423888089520735 424
1694712723673 0.5531494135435886 425
1694712723925 0.328590932498028 426
1694712724186 0.044531306513813214 427
1694712724540 1.7857816877599952 428
1694712724856 0.012971237103327189 429
1694712725109 0.09191961337157806 430
1694712725335 0.14611504650830162 431
1694712725614 2.549962351287505 432
1694712725867 0.18573234021942361 433
1694712726106 2.983111507572106 434
1694712726404 2.4509770946309706 435
1694712726817 0.5152476463292016 436
1694712727068 0.13574214823298134 437
1694712727337 0.2293562770932518 438
1694712727657 3.3183773502884444 439
1694712727894 1.2807020852090636 440
1694712728131 3.875942955969719 441
1694712728355 0.26935183041835925 442
1694712728618 2.7825999213846386 443
1694712728868 5.619916158597922 444
1694712729281 0.8107362243889504 445
1694712729807 0.3962716608239579 446
1694712730115 1.2933610412386887 447
1694712730430 0.24339867690935235 448
1694712730665 0.5926722101377168 449
1694712730913 0.06812267008491452 450
1694712731257 0.864961564102245 451
1694712731572 0.2538035291315865 452
1694712731830 0.4972259760424883 453
1694712732090 0.6260316787495317 454
1694712732342 0.39441348661768544 455
1694712732639 0.36463544149977983 456
1694712732888 1.5957634514110146 457
1694712733161 3.006822513620267 458
1694712733509 2.3433611872298292 459
1694712733905 1.7278583541048471 460
1694712734198 0.6439013142471495 461
1694712734470 0.0026791491387584774 462
1694712734793 0.7158553064597266 463
1694712735049 0.24798414570330862 464
1694712735277 0.008356776203594887 465
1694712735540 0.04191924705944665 466
1694712735896 0.04383889792560093 467
1694712736146 0.3915506263679488 468
1694712736385 0.9641699018432167 469
1694712736774 0.15478905081610222 470
1694712737016 0.04214307945004206 471
1694712737297 1.3349284336073424 472
1694712737613 0.10429788255088832 473
1694712737969 0.02220346032247477 474
1694712738224 1.189771778207945 475
1694712738478 0.1518455718012497 476
1694712738843 0.050448648040626154 477
1694712739093 0.37614297472592256 478
1694712739363 0.08027564800560709 479
1694712739633 0.12241273497768423 480
1694712739924 2.0519401043212664 481
1694712740204 0.002894504412705294 482
1694712740490 1.7001912881879069 483
1694712740763 0.0003950729349621991 484
1694712741009 0.1876627884596606 485
1694712741272 0.6432893769460717 486
1694712741561 2.3943131945332516 487
1694712741911 1.193158861803811 488
1694712742136 1.4959543895027838 489
1694712742469 0.045532044209305934 490
1694712742785 0.9833301974238622 491
1694712743057 0.007541537036624407 492
1694712743321 0.9007634421963715 493
1694712743601 0.18816575398173893 494
1694712743926 0.05575847172179217 495
1694712744174 0.13817864782830516 496
1694712744421 2.610084206215999 497
1694712744818 0.42126556223371076 498
1694712745142 0.02887191677621801 499
