1694753396842 134.8234586520697 0
1694753397266 30.969226522538694 1
1694753397598 114.23456649000356 2
1694753397890 73.48248384579102 3
1694753398226 130.12404962364363 4
1694753398634 123.88045335279178 5
1694753399087 170.8901115499432 6
1694753399431 188.61717074320615 7
1694753399778 238.2924271809551 8
1694753400123 277.9244393950639 9
1694753400521 340.45442031221796 10
1694753400859 405.3548405107208 11
1694753401249 491.3346587524814 12
1694753401567 589.6194935860257 13
1694753401910 712.2336308147766 14
1694753402251 857.382805637958 15
1694753402556 1034.6629642119221 16
1694753402822 1247.1756669817698 17
1694753403154 1504.7819241555706 18
1694753403528 1814.974030247778 19
1694753403844 2189.9775027775795 20
1694753404320 2642.2560319481404 21
1694753404674 3188.509518243264 22
1694753405073 3847.703905926626 23
1694753405444 4643.594182456233 24
1694753405875 5604.235390098831 25
1694753406329 6763.941363469357 26
1694753406638 8163.8109486662115 27
1694753407054 9853.688896153724 28
1694753407491 11893.576907349352 29
1694753407802 14356.026410617897 30
1694753408210 17328.52977241998 31
1694753408551 20916.765383939717 32
1694753408979 25248.256350279622 33
1694753409345 30476.973515308928 34
1694753409658 36788.757471113415 35
1694753409956 44407.960659226555 36
1694753410277 53605.39536970613 37
1694753410673 64707.97851828102 38
1694753411070 78110.33785853922 39
1694753411444 94288.84852402823 40
1694753411746 113818.55816774826 41
1694753412063 137393.63159935756 42
1694753412399 165852.02046461517 43
1694753412740 200205.25007105336 44
1694753413125 241674.37110855334 45
1694753413421 291733.3620611332 46
1694753413728 352161.51928732527 47
1694753414003 425106.7010453151 48
1694753414360 513161.67043453304 49
1694753414685 619456.2529313145 50
1694753414965 747768.5826191329 51
1694753415394 902659.3923641541 52
1694753415697 1089634.1203411764 53
1694753416007 1315338.5954035667 54
1694753416330 1587795.256318739 55
1694753416696 1916688.3013462282 56
1694753417006 2313707.90329602 57
1694753417442 2792965.7250024467 58
1694753417791 3371496.50418048 59
1694753418141 4069863.536075774 60
1694753418422 4912889.575122015 61
1694753418752 5930539.134813022 62
1694753419112 7158983.546221389 63
1694753419441 8641886.631620718 64
1694753419850 10431956.69117248 65
1694753420215 12592819.966496367 66
1694753420587 15201282.171496155 67
1694753421050 18350058.47428766 68
1694753421411 22151068.964689277 69
1694753421765 26739416.74135864 70
1694753422089 32278190.01568366 71
1694753422386 38964258.9183868 72
1694753422684 47035273.050508 73
1694753422932 56778108.49968534 74
1694753423244 68539064.56243944 75
1694753423568 82736172.6047096 76
1694753423850 99874054.56672144 77
1694753424195 120561859.24281275 78
1694753424560 145534913.86326 79
1694753424834 175680860.56182808 80
1694753425091 212071206.72351953 81
1694753425432 255999410.63793236 82
1694753425782 309026856.17450815 83
1694753426119 373038350.6033049 84
1694753426555 450309118.1755741 85
1694753426890 543585670.683642 86
1694753427217 656183429.4628992 87
1694753427576 792104568.7118559 88
1694753427904 956180268.752678 89
1694753428222 1154242435.4814062 90
1694753428578 1393330989.6031883 91
1694753428916 1681944093.5400717 92
1694753429333 2030340210.0754333 93
1694753429649 2450902729.105978 94
1694753429982 2958580122.7929068 95
1694753430346 3571417273.984763 96
1694753430712 4311196863.446948 97
1694753431006 5204213613.362474 98
1694753431394 6282208906.811239 99
1694753431754 7583499003.3381 100
1694753432086 9154336951.898567 101
1694753432421 11050556609.009209 102
1694753432794 13339557197.076181 103
1694753433131 16102698942.033415 104
1694753433433 19438194940.82344 105
1694753433828 23464602047.244358 106
1694753434117 28325034856.193336 107
1694753434452 34192252568.141663 108
1694753434809 41274799541.328674 109
1694753435104 49824417791.43156 110
1694753435498 60144994908.56442 111
1694753435791 72603365436.32501 112
1694753436089 87642349637.05472 113
1694753436478 105796493093.12149 114
1694753436837 127711066592.53754 115
1694753437169 154165001630.7572 116
1694753437494 186098576748.01852 117
1694753437884 224646838785.27182 118
1694753438202 271179946983.65607 119
1694753438618 327351873917.9996 120
1694753438969 395159194290.0955 121
1694753439387 477012051170.334 122
1694753439734 575819822111.449 123
1694753440008 695094530050.3093 124
1694753440306 839075674634.36 125
1694753440690 1012880920976.7761 126
1694753441016 1222688001920.7214 127
1694753441375 1475954299345.9282 128
1694753441733 1781681909314.4863 129
1694753442022 2150737612530.1536 130
1694753442358 2596239123139.6084 131
1694753442694 3134021344701.224 132
1694753443058 3783199205921.2676 133
1694753443405 4566847081588.257 134
1694753443695 5512818948039.858 135
1694753444020 6654738424764.37 136
1694753444386 8033193892170.702 137
1694753444737 9697181164787.139 138
1694753445077 11705844998258.168 139
1694753445512 14130581330255.666 140
1694753445866 17057574977345.45 141
1694753446178 20590862987694.27 142
1694753446511 24856032533411.355 143
1694753446841 30004684780392.09 144
1694753447231 36219823399432.13 145
1694753447611 43722359247825.28 146
1694753447983 52778962423816.58 147
1694753448379 63711540787296.58 148
1694753448755 76908681851230.62 149
1694753449112 92839464734357.98 150
1694753449497 112070133107140.17 151
1694753449861 135284221754070.97 152
1694753450191 163306852130781.03 153
1694753450579 197134060477102.94 154
1694753450910 237968200924407.0 155
1694753451169 287260681965085.44 156
1694753451547 346763555309050.9 157
1694753451860 418591790801318.94 158
1694753452252 505298450900044.0 159
1694753452626 609965436716300.1 160
1694753452961 736313031092402.5 161
1694753453253 888832132317429.6 162
1694753453586 1072943878594490.6 163
1694753453911 1295192336951043.0 164
1694753454213 1563477105525953.5 165
1694753454544 1887334096847897.5 166
1694753454901 2278274482264582.0 167
1694753455229 2750193844961970.0 168
1694753455586 3319866084506464.5 169
1694753455913 4007539628250708.0 170
1694753456255 4837657141338393.0 171
1694753456665 5839724316677000.0 172
1694753457265 7049358625145106.0 173
1694753457691 8509555302806657.0 174
1694753458105 1.0272215573375564e+16 175
1694753458491 1.239999142506269e+16 176
1694753458965 1.4968512512544682e+16 177
1694753459377 1.80690743370473e+16 178
1694753459698 2.181188325320353e+16 179
1694753460124 2.6329973643194684e+16 180
1694753460536 3.1783936490193068e+16 181
1694753460965 3.8367627423498424e+16 182
1694753461475 4.63150571220967e+16 183
1694753462082 5.590870898911294e+16 184
1694753462392 6.7489579740537976e+16 185
1694753462769 8.146929979086797e+16 186
1694753463180 9.834476424258446e+16 187
1694753463562 1.1871579452329653e+17 188
1694753463982 1.4330645843568896e+17 189
1694753464376 1.7299080642003187e+17 190
1694753464722 2.0882393879884074e+17 191
1694753465033 2.5207950825768477e+17 192
1694753465379 3.042949905501396e+17 193
1694753465815 3.673263325286049e+17 194
1694753466195 4.434139199103337e+17 195
1694753466620 5.352622095366298e+17 196
1694753466987 6.46135856573857e+17 197
1694753467412 7.799757534010266e+17 198
1694753467769 9.415391046696387e+17 199
1694753468168 1.1365685173630156e+18 200
1694753468521 1.3719961159913981e+18 201
1694753468932 1.6561899379923249e+18 202
1694753469276 1.9992513672132132e+18 203
1694753469589 2.4133741774504284e+18 204
1694753469903 2.9132779478866755e+18 205
1694753470314 3.516731255742921e+18 206
1694753470733 4.2451832425020227e+18 207
1694753471225 5.124526002090787e+18 208
1694753471575 6.186014889342445e+18 209
1694753471919 7.467379460179097e+18 210
1694753472229 9.014164530766593e+18 211
1694753472565 1.0881349022242077e+19 212
1694753472942 1.313530013122351e+19 213
1694753473310 1.5856132285128155e+19 214
1694753473687 1.9140554728996876e+19 215
1694753474003 2.310530895843641e+19 216
1694753474366 2.789131817877989e+19 217
1694753474718 3.3668696278821904e+19 218
1694753475079 4.064279435806657e+19 219
1694753475421 4.906149972522449e+19 220
1694753475854 5.922404680352571e+19 221
1694753476194 7.149165311762499e+19 222
1694753476563 8.630035840756744e+19 223
1694753476919 1.0417652322321927e+20 224
1694753477334 1.2575553788113014e+20 225
1694753477673 1.5180440677489957e+20 226
1694753478075 1.8324901077566826e+20 227
1694753478429 2.21207016737365e+20 228
1694753478809 2.6702760384200714e+20 229
1694753479212 3.223394188180821e+20 230
1694753479561 3.891084645520587e+20 231
1694753479906 4.697079796855658e+20 232
1694753480267 5.670027929982965e+20 233
1694753480565 6.844511508684265e+20 234
1694753480899 8.262276371653094e+20 235
1694753481212 9.973715546385255e+20 236
1694753481527 1.2039660418706642e+21 237
1694753481837 1.4533542923259575e+21 238
1694753482211 1.7544005607835836e+21 239
1694753482546 2.1178052343670637e+21 240
1694753482918 2.5564851670529066e+21 241
1694753483257 3.086032796266456e+21 242
1694753483588 3.7252703604030235e+21 243
1694753483906 4.496918916379215e+21 244
1694753484199 5.428405936771106e+21 245
1694753484492 6.55284019176806e+21 246
1694753484886 7.910188567141687e+21 247
1694753485282 9.548696647042205e+21 248
1694753485577 1.1526603554810281e+22 249
1694753485932 1.3914212004098015e+22 250
1694753486264 1.6796387138186072e+22 251
1694753486583 2.0275572976229823e+22 252
1694753486941 2.447543368298533e+22 253
1694753487383 2.954524908728889e+22 254
1694753487661 3.5665220683577793e+22 255
1694753487992 4.305287671294515e+22 256
1694753488332 5.197080398589913e+22 257
1694753488652 6.273598126669714e+22 258
1694753489046 7.573104596502387e+22 259
1694753489353 9.141789459824759e+22 260
1694753489715 1.1035410043902046e+23 261
1694753490076 1.3321273189700923e+23 262
1694753490378 1.6080627605922406e+23 263
1694753490708 1.941155177271456e+23 264
1694753491070 2.3432440042700895e+23 265
1694753491382 2.8286210849282745e+23 266
1694753491718 3.414538659875121e+23 267
1694753492150 4.121822580586976e+23 268
1694753492456 4.9756125433524925e+23 269
1694753492735 6.006255654517082e+23 270
1694753493059 7.250385087885382e+23 271
1694753493417 8.752222174075498e+23 272
1694753493765 1.0565148203282544e+24 273
1694753494177 1.275360180960159e+24 274
1694753494538 1.539536937752912e+24 275
1694753494903 1.858434988084089e+24 276
1694753495267 2.2433892427265796e+24 277
1694753495632 2.708082513862801e+24 278
1694753495978 3.269031856895321e+24 279
1694753496289 3.946175652584971e+24 280
1694753496662 4.763582296761032e+24 281
1694753497062 5.750305687267308e+24 282
1694753497421 6.941417915567817e+24 283
1694753497768 8.379255868997783e+24 284
1694753498141 1.011492605288416e+25 285
1694753498457 1.2210121119926118e+25 286
1694753498881 1.4739312673546961e+25 287
1694753499389 1.779239828620934e+25 288
1694753499900 2.1477896818300148e+25 289
1694753500278 2.5926805611984043e+25 290
1694753500629 3.1297256660105678e+25 291
1694753500923 3.7780137248985687e+25 292
1694753501369 4.560587485521091e+25 293
1694753501701 5.5052627458758085e+25 294
1694753502019 6.645617038890132e+25 295
1694753502424 8.022183112090675e+25 296
1694753502714 9.683889623387129e+25 297
1694753503033 1.1689800261054534e+26 298
1694753503415 1.4111213103186332e+26 299
1694753503761 1.7034194836240488e+26 300
1694753504045 2.0562639908930478e+26 301
1694753504363 2.4821963356012568e+26 302
1694753504682 2.9963558549680325e+26 303
1694753504998 3.617017832486019e+26 304
1694753505379 4.3662430745100713e+26 305
1694753505765 5.2706620394525864e+26 306
1694753506153 6.362421390669752e+26 307
1694753506501 7.68032661730979e+26 308
1694753506825 9.27122133643333e+26 309
1694753507175 1.1191652302313749e+27 310
1694753507626 1.350987930400006e+27 311
1694753508000 1.6308301390931884e+27 312
1694753508432 1.9686385664357806e+27 313
1694753508741 2.3764202735505538e+27 314
1694753509166 2.8686694514812125e+27 315
1694753509544 3.46288260264939e+27 316
1694753509885 4.180180436452891e+27 317
1694753510244 5.046058583659319e+27 318
1694753510589 6.091293812983915e+27 319
1694753510990 7.3530379604093e+27 320
1694753511382 8.876138453865602e+27 321
1694753511761 1.0714732369993926e+28 322
1694753512158 1.2934170682139062e+28 323
1694753512535 1.561334109503291e+28 324
1694753512881 1.8847472028993487e+28 325
1694753513240 2.275151741844035e+28 326
1694753513609 2.7464242633988804e+28 327
1694753513962 3.315315675811812e+28 328
1694753514292 4.0020466527196626e+28 329
1694753514738 4.831026356674998e+28 330
1694753515060 5.831720038302948e+28 331
1694753515429 7.039696349028234e+28 332
1694753515759 8.49789159305096e+28 333
1694753516114 1.0258135855137371e+29 334
1694753516449 1.238299524890443e+29 335
1694753516844 1.4947995766462406e+29 336
1694753517317 1.804430777391656e+29 337
1694753517837 2.1781986570423098e+29 338
1694753518198 2.6293884193215073e+29 339
1694753518628 3.174037150977713e+29 340
1694753519044 3.831503843919101e+29 341
1694753519397 4.625157491129162e+29 342
1694753519720 5.583207714041347e+29 343
1694753520277 6.739707445188127e+29 344
1694753520696 8.13576330547172e+29 345
1694753521042 9.820996697700506e+29 346
1694753521494 1.1855307549492656e+30 347
1694753521820 1.4311003396016376e+30 348
1694753522178 1.7275369478673452e+30 349
1694753522633 2.0853771211301356e+30 350
1694753522949 2.5173399287937828e+30 351
1694753523309 3.0387790548240275e+30 352
1694753523678 3.6682285290178894e+30 353
1694753523991 4.428061500469949e+30 354
1694753524389 5.345285468676575e+30 355
1694753524851 6.452502237968611e+30 356
1694753525252 7.789066715888258e+30 357
1694753525577 9.402485743834227e+30 358
1694753525982 1.1350106680004748e+31 359
1694753526366 1.3701155753622567e+31 360
1694753526739 1.6539198641694706e+31 361
1694753527241 1.9965110727035673e+31 362
1694753527515 2.410066261239067e+31 363
1694753527873 2.9092848334156296e+31 364
1694753528224 3.511911011770574e+31 365
1694753528571 4.23936453829971e+31 366
1694753528924 5.117502017664224e+31 367
1694753529519 6.177535964222836e+31 368
1694753529863 7.457144219492625e+31 369
1694753530267 9.00180917316734e+31 370
1694753530654 1.0866434388958743e+32 371
1694753531080 1.3117296096602133e+32 372
1694753531581 1.5834398913848447e+32 373
1694753531972 1.911431953021419e+32 374
1694753532322 2.3073639428370964e+32 375
1694753532701 2.7853088655806752e+32 376
1694753533014 3.36225479329597e+32 377
1694753533374 4.058708689273112e+32 378
1694753533653 4.8994253074534886e+32 379
1694753533898 5.914287075285199e+32 380
1694753534233 7.139366234581097e+32 381
1694753534538 8.618206993108932e+32 382
1694753534805 1.0403373259703598e+33 383
1694753535096 1.2558316975590877e+33 384
1694753535380 1.515963344988231e+33 385
1694753535723 1.8299783862875296e+33 386
1694753535994 2.2090381705802427e+33 387
1694753536258 2.666615997022917e+33 388
1694753536607 3.2189760096860374e+33 389
1694753536962 3.8857512902129295e+33 390
1694753537362 4.690641695979626e+33 391
1694753537721 5.662256247711868e+33 392
1694753538006 6.835130008380707e+33 393
1694753538368 8.250951597315234e+33 394
1694753538770 9.960044970288287e+33 395
1694753539136 1.2023158133959299e+34 396
1694753539494 1.4513622372731858e+34 397
1694753539849 1.7519958735575225e+34 398
1694753540214 2.1149024427764755e+34 399
1694753540552 2.552981094287404e+34 400
1694753541056 3.0818028935804544e+34 401
1694753541412 3.7201642801557197e+34 402
1694753541690 4.490755168078763e+34 403
1694753541987 5.4209654361774505e+34 404
1694753542328 6.543858473763754e+34 405
1694753542683 7.899346385585026e+34 406
1694753542940 9.535608627483897e+34 407
1694753543308 1.151080449674585e+35 408
1694753543703 1.3895140345883328e+35 409
1694753544023 1.6773364996892912e+35 410
1694753544401 2.0247782052978407e+35 411
1694753544733 2.444188617733277e+35 412
1694753545037 2.9504752586855017e+35 413
1694753545363 3.56163357809452e+35 414
1694753545659 4.299386584336902e+35 415
1694753545948 5.189956966731391e+35 416
1694753546246 6.264999154682438e+35 417
1694753546605 7.56272444256725e+35 418
1694753546891 9.129259171800035e+35 419
1694753547274 1.1020284245290215e+36 420
1694753547656 1.3303014249188602e+36 421
1694753547956 1.6058586527815515e+36 422
1694753548346 1.9384945129038478e+36 423
1694753548728 2.3400322127040314e+36 424
1694753549119 2.82474400625973e+36 425
1694753549467 3.4098584872384773e+36 426
1694753549790 4.116172961948459e+36 427
1694753550090 4.9687926686942926e+36 428
1694753550477 5.998023118247016e+36 429
1694753550799 7.240447272773728e+36 430
1694753551129 8.74022585046953e+36 431
1694753551461 1.0550666973913503e+37 432
1694753551786 1.2736120953722167e+37 433
1694753552137 1.5374267555681714e+37 434
1694753552496 1.8558877049970862e+37 435
1694753552917 2.24031431811948e+37 436
1694753553237 2.7043706526300994e+37 437
1694753553582 3.2645511246591554e+37 438
1694753553903 3.9407667862202003e+37 439
1694753554199 4.757053043547512e+37 440
1694753554517 5.742423971460102e+37 441
1694753554846 6.931903589498043e+37 442
1694753555260 8.367770755505196e+37 443
1694753555580 1.0101061925149817e+38 444
1694753555919 1.2193385191460258e+38 445
1694753556185 1.471911008258839e+38 446
1694753556520 1.7768010951961845e+38 447
1694753556861 2.1448457917472075e+38 448
1694753557181 2.589126876842541e+38 449
1694753557660 3.125435875241936e+38 450
1694753557996 3.772835351414644e+38 451
1694753558352 4.554336469239571e+38 452
1694753558777 5.49771690070394e+38 453
1694753559100 6.636508155343278e+38 454
1694753559418 8.011187424055694e+38 455
1694753559847 9.670616300181189e+38 456
1694753560183 1.167377751574121e+39 457
1694753560540 1.4091871423382987e+39 458
1694753560934 1.7010846741372854e+39 459
1694753561410 2.0534455514426477e+39 460
1694753561963 2.478794087588898e+39 461
1694753562378 2.9922488689066646e+39 462
1694753562743 3.612060129682759e+39 463
1694753563072 4.3602584384002347e+39 464
1694753563428 5.263437752158967e+39 465
1694753563821 6.353700672159389e+39 466
1694753564166 7.669799498405746e+39 467
1694753564474 9.258513641271728e+39 468
1694753564815 1.1176312348638638e+40 469
1694753565088 1.3491361848571557e+40 470
1694753565421 1.628594824940294e+40 471
1694753565700 1.9659402316773005e+40 472
1694753566007 2.373163008588763e+40 473
1694753566286 2.8647374801059163e+40 474
1694753566660 3.4581361668888654e+40 475
1694753567057 4.174450829017217e+40 476
1694753567437 5.039142151409255e+40 477
1694753567792 6.082944718284703e+40 478
1694753568126 7.342959443078955e+40 479
1694753568556 8.863972283132424e+40 480
1694753568959 1.0700046111543675e+41 481
1694753569328 1.2916442327671758e+41 482
1694753569659 1.5591940508002324e+41 483
1694753570031 1.8821638547036738e+41 484
1694753570357 2.2720332816398585e+41 485
1694753570817 2.742659848651647e+41 486
1694753571149 3.310771504181786e+41 487
1694753571639 3.996561206192196e+41 488
1694753572057 4.824404660565002e+41 489
1694753572419 5.823726731075625e+41 490
1694753572784 7.030047316609793e+41 491
1694753573115 8.486243870279357e+41 492
1694753573450 1.0244075435410226e+42 493
1694753573812 1.2366022368730333e+42 494
1694753574120 1.492750714186978e+42 495
1694753574388 1.8019575157331073e+42 496
1694753574664 2.1752130865839344e+42 497
1694753574989 2.6257844209612378e+42 498
1694753575352 3.169686624215103e+42 499
