1694728969046 166.34860800862663 0
1694728969475 129.56198175560831 1
1694728969856 101.03521985490028 2
1694728970227 78.91296591372615 3
1694728970586 61.75670678210577 4
1694728971001 48.45110986893439 5
1694728971531 38.13140726330627 6
1694728971823 30.127097114991187 7
1694728972278 23.91829554872454 8
1694728972629 19.101896369154225 9
1694728973825 15.365334629292375 10
1694728974193 12.466245396117806 11
1694728974528 10.216693012595817 12
1694728974834 8.470943836290033 13
1694728975188 7.115986220980456 14
1694728975804 6.064180431936045 15
1694728976246 5.247559902204873 16
1694728976605 4.613412781942864 17
1694728976976 4.120856110398983 18
1694728977353 3.738179581528341 19
1694728977902 3.4407859897125874 20
1694728978480 3.2095942959586123 21
1694728978856 3.029801377911509 22
1694728979185 2.8899218810462446 23
1694728979573 2.7810436945866166 24
1694728979939 2.6962506133115363 25
1694728980350 2.6301746297144537 26
1694728980731 2.5786487387958825 27
1694728981102 2.5384376796219708 28
1694728981429 2.507029109715593 29
1694728981761 2.4824716406635465 30
1694728982111 2.463249212102825 31
1694728982506 2.4481836450250576 32
1694728983014 2.436359048031906 33
1694728983540 2.4270631711186192 34
1694728983800 2.4197419032760403 35
1694728984186 2.4139639644112063 36
1694728984571 2.409393504403999 37
1694728984824 2.4057688356565303 38
1694728985107 2.4028859236799605 39
1694728985598 2.4005855690159748 40
1694728986076 2.398743453199846 41
1694728986503 2.397262407117042 42
1694728986866 2.396066404063378 43
1694728987243 2.3950958914542406 44
1694728987602 2.3943041617014065 45
1694728987932 2.3936545299159357 46
1694728988374 2.393118138166714 47
1694728988775 2.392672246410699 48
1694728989052 2.3922989015364573 49
1694728989424 2.3919839002616285 50
1694728989900 2.3917159804750003 51
1694728990394 2.391486190238001 52
1694728990808 2.391287395007137 53
1694728991106 2.391113892443588 54
1694728991453 2.3909611110092146 55
1694728991776 2.3908253738517957 56
1694728992122 2.3907037135994558 57
1694728992520 2.3905937268808777 58
1694728992956 2.3904934598703425 59
1694728993364 2.3904013180849106 60
1694728993739 2.390315995159212 61
1694728994061 2.390236416487654 62
1694728994445 2.3901616945290503 63
1694728994727 2.390091093272651 64
1694728995050 2.390023999912273 65
1694728995481 2.3899599022015847 66
1694728995852 2.3898983702956276 67
1694728996221 2.389839042142428 68
1694728996585 2.389781611690305 69
1694728996882 2.389725819333951 70
1694728997238 2.3896714441453293 71
1694728997853 2.3896182975315834 72
1694728998101 2.389566218037382 73
1694728998596 2.3895150670680683 74
1694728998913 2.3894647253562358 75
1694728999175 2.3894150900306785 76
1694728999549 2.3893660721752483 77
1694728999920 2.389317594787701 78
1694729000407 2.3892695910663937 79
1694729000757 2.3892220029668017 80
1694729001096 2.3891747799809795 81
1694729001466 2.3891278781019922 82
1694729001812 2.3890812589424235 83
1694729002456 2.3890348889817257 84
1694729002836 2.3889887389217477 85
1694729003198 2.3889427831333996 86
1694729003543 2.3888969991804023 87
1694729003922 2.38885136740844 88
1694729004173 2.388805870589995 89
1694729004577 2.3887604936167293 90
1694729005043 2.388715223232586 91
1694729005430 2.388670047801853 92
1694729005802 2.388624957107321 93
1694729006113 2.3885799421744083 94
1694729006420 2.3885349951177326 95
1694729006841 2.3884901090071238 96
1694729007227 2.388445277750511 97
1694729007628 2.3884004959914678 98
1694729008009 2.3883557590195217 99
1694729008406 2.3883110626915784 100
1694729008835 2.388266403363047 101
1694729009221 2.38822177782744 102
1694729009636 2.3881771832633727 103
1694729009943 2.3881326171880457 104
1694729010252 2.3880880774163944 105
1694729010610 2.3880435620252114 106
1694729010906 2.3879990693216198 107
1694729011193 2.3879545978153676 108
1694729011528 2.3879101461944767 109
1694729011872 2.387865713303827 110
1694729012195 2.3878212981263296 111
1694729012560 2.3877768997663655 112
1694729012888 2.3877325174352215 113
1694729013146 2.3876881504382723 114
1694729013507 2.38764379816371 115
1694729013775 2.387599460072621 116
1694729014061 2.3875551356902593 117
1694729014321 2.387510824598361 118
1694729014595 2.387466526428388 119
1694729014883 2.3874222408555714 120
1694729015117 2.387377967593681 121
1694729015381 2.3873337063904105 122
1694729015713 2.3872894570233214 123
1694729016161 2.3872452192962683 124
1694729016473 2.387200993036259 125
1694729016837 2.3871567780906817 126
1694729017080 2.3871125743248705 127
1694729017427 2.387068381619957 128
1694729017716 2.387024199870987 129
1694729018200 2.3869800289852514 130
1694729018578 2.386935868880825 131
1694729018960 2.3868917194852783 132
1694729019358 2.3868475807345413 133
1694729019688 2.3868034525719044 134
1694729019956 2.386759334947138 135
1694729020251 2.386715227815721 136
1694729020523 2.386671131138155 137
1694729020778 2.3866270448793667 138
1694729021054 2.386582969008176 139
1694729021541 2.386538903496836 140
1694729021923 2.3864948483206168 141
1694729022172 2.3864508034574485 142
1694729022850 2.3864067688876043 143
1694729023183 2.3863627445934164 144
1694729023565 2.386318730559034 145
1694729023895 2.386274726770205 146
1694729024307 2.386230733214084 147
1694729024768 2.3861867498790654 148
1694729025057 2.3861427767546344 149
1694729025373 2.386098813831239 150
1694729025666 2.386054861100171 151
1694729026017 2.3860109185534686 152
1694729026269 2.385966986183827 153
1694729026574 2.385923063984518 154
1694729026876 2.385879151949323 155
1694729027228 2.3858352500724713 156
1694729027531 2.3857913583485875 157
1694729027868 2.3857474767726417 158
1694729028206 2.3857036053399137 159
1694729028637 2.3856597440459493 160
1694729028995 2.3856158928865345 161
1694729029258 2.385572051857663 162
1694729029510 2.385528220955513 163
1694729029902 2.3854844001764253 164
1694729030203 2.3854405895168838 165
1694729030615 2.3853967889734973 166
1694729030957 2.385352998542988 167
1694729031244 2.3853092182221736 168
1694729031558 2.3852654480079583 169
1694729032034 2.3852216878973236 170
1694729032415 2.3851779378873172 171
1694729032872 2.3851341979750456 172
1694729033308 2.385090468157668 173
1694729033656 2.385046748432389 174
1694729033985 2.385003038796453 175
1694729034284 2.384959339247142 176
1694729034592 2.384915649781769 177
1694729034968 2.3848719703976737 178
1694729035264 2.3848283010922215 179
1694729035593 2.3847846418627996 180
1694729035889 2.3847409927068135 181
1694729037719 2.3846973536216867 182
1694729038279 2.384653724604857 183
1694729038969 2.3846101056537763 184
1694729039376 2.3845664967659084 185
1694729039808 2.3845228979387256 186
1694729040247 2.3844793091697123 187
1694729040515 2.3844357304563584 188
1694729040865 2.384392161796165 189
1694729041356 2.3843486031866354 190
1694729041722 2.384305054625282 191
1694729042106 2.3842615161096194 192
1694729042412 2.384217987637171 193
1694729042750 2.384174469205461 194
1694729043566 2.3841309608120183 195
1694729043990 2.3840874624543753 196
1694729044430 2.384043974130068 197
1694729045084 2.3840004958366343 198
1694729045427 2.383957027571615 199
1694729045933 2.3839135693325537 200
1694729046426 2.3838701211169955 201
1694729047049 2.3838266829224874 202
1694729047677 2.3837832547465783 203
1694729048113 2.3837398365868188 204
1694729048545 2.3836964284407616 205
1694729049615 2.3836530303059593 206
1694729050220 2.383609642179968 207
1694729050571 2.3835662640603434 208
1694729050890 2.383522895944642 209
1694729051459 2.383479537830423 210
1694729052153 2.383436189715246 211
1694729052588 2.3833928515966707 212
1694729053176 2.3833495234722593 213
1694729053496 2.383306205339573 214
1694729053760 2.383262897196177 215
1694729054232 2.383219599039634 216
1694729054980 2.3831763108675097 217
1694729055701 2.383133032677368 218
1694729056910 2.3830897644667783 219
1694729057365 2.3830465062333057 220
1694729057895 2.383003257974519 221
1694729059479 2.3829600196879874 222
1694729059842 2.3829167913712808 223
1694729060311 2.3828735730219686 224
1694729060967 2.382830364637621 225
1694729062791 2.382787166215812 226
1694729063104 2.382743977754113 227
1694729063494 2.3827007992500966 228
1694729063844 2.382657630701337 229
1694729064178 2.3826144721054083 230
1694729064516 2.3825713234598864 231
1694729064879 2.3825281847623465 232
1694729065160 2.382485056010365 233
1694729065448 2.38244193720152 234
1694729065764 2.3823988283333875 235
1694729066133 2.382355729403548 236
1694729066504 2.382312640409579 237
1694729066832 2.3822695613490614 238
1694729067116 2.3822264922195746 239
1694729067554 2.3821834330187004 240
1694729067957 2.382140383744021 241
1694729068281 2.3820973443931175 242
1694729068618 2.382054314963574 243
1694729069113 2.382011295452973 244
1694729069655 2.381968285858901 245
1694729070144 2.381925286178941 246
1694729070550 2.3818822964106787 247
1694729071511 2.3818393165517007 248
1694729071901 2.381796346599595 249
1694729072861 2.3817533865519476 250
1694729074673 2.3817104364063475 251
1694729075162 2.3816674961603828 252
1694729075478 2.3816245658116437 253
1694729075928 2.3815816453577203 254
1694729076388 2.381538734796203 255
1694729076831 2.381495834124683 256
1694729077216 2.3814529433407525 257
1694729077667 2.3814100624420047 258
1694729078036 2.381367191426032 259
1694729078329 2.381324330290429 260
1694729079192 2.3812814790327903 261
1694729080578 2.381238637650711 262
1694729080891 2.3811958061417866 263
1694729081257 2.381152984503614 264
1694729081557 2.3811101727337904 265
1694729081933 2.3810673708299133 266
1694729082302 2.3810245787895807 267
1694729082579 2.380981796610392 268
1694729082868 2.380939024289948 269
1694729083249 2.3808962618258476 270
1694729083647 2.380853509215692 271
1694729084041 2.380810766457083 272
1694729084351 2.3807680335476227 273
1694729084683 2.3807253104849138 274
1694729085028 2.38068259726656 275
1694729085439 2.3806398938901654 276
1694729085805 2.3805972003533356 277
1694729087010 2.3805545166536746 278
1694729087539 2.3805118427887884 279
1694729087937 2.3804691787562855 280
1694729088588 2.380426524553771 281
1694729088906 2.3803838801788544 282
1694729089369 2.3803412456291433 283
1694729090000 2.380298620902247 284
1694729090239 2.380256005995776 285
1694729090694 2.38021340090734 286
1694729091000 2.3801708056345507 287
1694729091411 2.38012822017502 288
1694729091767 2.3800856445263596 289
1694729092039 2.380043078686182 290
1694729092364 2.3800005226521033 291
1694729092761 2.3799579764217342 292
1694729093152 2.379915439992692 293
1694729093922 2.379872913362592 294
1694729097788 2.379830396529049 295
1694729098852 2.379787889489682 296
1694729099358 2.3797453922421066 297
1694729099695 2.379702904783941 298
1694729100424 2.3796604271128046 299
1694729100953 2.3796179592263167 300
1694729104722 2.3795755011220963 301
1694729106339 2.3795330527977647 302
1694729106890 2.3794906142509427 303
1694729108432 2.3794481854792533 304
1694729108821 2.379405766480317 305
1694729109595 2.379363357251759 306
1694729110131 2.3793209577912013 307
1694729111649 2.3792785680962694 308
1694729112038 2.3792361881645867 309
1694729112819 2.379193817993781 310
1694729112996 2.379151457581477 311
1694729113322 2.3791091069253016 312
1694729113678 2.379066766022883 313
1694729114048 2.379024434871849 314
1694729114387 2.3789821134698275 315
1694729114751 2.378939801814449 316
1694729116265 2.378897499903343 317
1694729116688 2.3788552077341403 318
1694729116917 2.378812925304472 319
1694729117454 2.3787706526119705 320
1694729117927 2.378728389654267 321
1694729118192 2.378686136428996 322
1694729118622 2.3786438929337903 323
1694729119034 2.3786016591662853 324
1694729119434 2.378559435124114 325
1694729119852 2.3785172208049143 326
1694729121214 2.378475016206321 327
1694729121594 2.3784328213259727 328
1694729122035 2.3783906361615053 329
1694729122354 2.3783484607105567 330
1694729122678 2.3783062949707663 331
1694729123002 2.378264138939774 332
1694729123310 2.378221992615219 333
1694729123817 2.3781798559947416 334
1694729124173 2.3781377290759846 335
1694729124539 2.378095611856588 336
1694729124970 2.3780535043341953 337
1694729125269 2.37801140650645 338
1694729125600 2.3779693183709947 339
1694729125891 2.3779272399254747 340
1694729126202 2.377885171167535 341
1694729126573 2.3778431120948205 342
1694729126972 2.3778010627049784 343
1694729127270 2.377759022995654 344
1694729127666 2.3777169929644963 345
1694729128174 2.3776749726091526 346
1694729128557 2.377632961927272 347
1694729129002 2.377590960916504 348
1694729129410 2.377548969574497 349
1694729129772 2.3775069878989035 350
1694729130127 2.3774650158873745 351
1694729130481 2.377423053537561 352
1694729130829 2.3773811008471157 353
1694729131178 2.3773391578136915 354
1694729131506 2.3772972244349426 355
1694729131860 2.3772553007085233 356
1694729132200 2.3772133866320875 357
1694729132525 2.377171482203292 358
1694729132867 2.3771295874197924 359
1694729133197 2.377087702279246 360
1694729133572 2.3770458267793084 361
1694729133902 2.3770039609176403 362
1694729134236 2.3769621046918976 363
1694729134575 2.376920258099742 364
1694729134917 2.3768784211388323 365
1694729135239 2.3768365938068285 366
1694729135514 2.3767947761013923 367
1694729135918 2.3767529680201847 368
1694729136286 2.3767111695608696 369
1694729136746 2.3766693807211086 370
1694729137042 2.376627601498566 371
1694729137434 2.3765858318909054 372
1694729137774 2.376544071895792 373
1694729138202 2.376502321510891 374
1694729138547 2.376460580733869 375
1694729139000 2.3764188495623917 376
1694729139392 2.3763771279941275 377
1694729139973 2.3763354160267434 378
1694729140385 2.3762937136579083 379
1694729140859 2.376252020885291 380
1694729141130 2.3762103377065618 381
1694729141426 2.376168664119391 382
1694729141919 2.3761270001214485 383
1694729142332 2.376085345710407 384
1694729142716 2.376043700883938 385
1694729143124 2.3760020656397156 386
1694729143493 2.3759604399754113 387
1694729143807 2.3759188238887017 388
1694729144134 2.3758772173772584 389
1694729144474 2.3758356204387594 390
1694729144812 2.3757940330708784 391
1694729145139 2.3757524552712934 392
1694729145485 2.3757108870376813 393
1694729145856 2.375669328367719 394
1694729146177 2.375627779259085 395
1694729146499 2.375586239709459 396
1694729146884 2.3755447097165203 397
1694729147216 2.375503189277949 398
1694729147630 2.3754616783914253 399
1694729148015 2.3754201770546315 400
1694729148294 2.3753786852652494 401
1694729148643 2.375337203020961 402
1694729148999 2.37529573031945 403
1694729149366 2.3752542671584007 404
1694729149851 2.3752128135354966 405
1694729150190 2.3751713694484238 406
1694729150513 2.3751299348948667 407
1694729150952 2.375088509872513 408
1694729151306 2.3750470943790476 409
1694729151689 2.3750056884121604 410
1694729152078 2.3749642919695386 411
1694729152486 2.3749229050488703 412
1694729152873 2.374881527647845 413
1694729153222 2.3748401597641533 414
1694729153647 2.3747988013954853 415
1694729154044 2.3747574525395323 416
1694729154363 2.374716113193986 417
1694729154729 2.374674783356539 418
1694729155046 2.3746334630248835 419
1694729155504 2.374592152196714 420
1694729155990 2.3745508508697246 421
1694729156379 2.374509559041609 422
1694729156876 2.374468276710065 423
1694729157275 2.3744270038727864 424
1694729157681 2.37438574052747 425
1694729158162 2.374344486671814 426
1694729158498 2.3743032423035166 427
1694729158858 2.374262007420275 428
1694729159212 2.3742207820197883 429
1694729159619 2.374179566099757 430
1694729159974 2.374138359657881 431
1694729160251 2.374097162691862 432
1694729160581 2.3740559751994 433
1694729160944 2.3740147971781975 434
1694729161252 2.3739736286259587 435
1694729161629 2.373932469540385 436
1694729161995 2.3738913199191805 437
1694729162390 2.373850179760051 438
1694729162837 2.3738090490607004 439
1694729163243 2.373767927818835 440
1694729163649 2.373726816032161 441
1694729164099 2.3736857136983858 442
1694729164413 2.373644620815216 443
1694729165055 2.3736035373803612 444
1694729165363 2.373562463391528 445
1694729165707 2.373521398846427 446
1694729166036 2.373480343742769 447
1694729166332 2.373439298078263 448
1694729166701 2.3733982618506206 449
1694729167015 2.3733572350575542 450
1694729167374 2.3733162176967766 451
1694729167645 2.373275209765999 452
1694729168047 2.3732342112629357 453
1694729168360 2.373193222185301 454
1694729168741 2.3731522425308103 455
1694729169108 2.3731112722971783 456
1694729169472 2.3730703114821208 457
1694729169850 2.3730293600833545 458
1694729170156 2.372988418098597 459
1694729170468 2.3729474855255663 460
1694729170761 2.37290656236198 461
1694729171142 2.3728656486055573 462
1694729171398 2.372824744254018 463
1694729171668 2.372783849305083 464
1694729171963 2.3727429637564708 465
1694729172252 2.372702087605905 466
1694729172574 2.372661220851107 467
1694729172907 2.372620363489799 468
1694729173261 2.3725795155197047 469
1694729173544 2.3725386769385475 470
1694729173853 2.3724978477440515 471
1694729174173 2.3724570279339425 472
1694729174438 2.372416217505946 473
1694729174761 2.3723754164577873 474
1694729175078 2.3723346247871935 475
1694729175422 2.3722938424918927 476
1694729175712 2.372253069569612 477
1694729176036 2.372212306018081 478
1694729176299 2.372171551835028 479
1694729176614 2.3721308070181832 480
1694729176917 2.3720900715652764 481
1694729177219 2.3720493454740392 482
1694729177671 2.372008628742203 483
1694729177998 2.3719679213674993 484
1694729178265 2.371927223347662 485
1694729178570 2.371886534680424 486
1694729178902 2.3718458553635187 487
1694729179213 2.3718051853946807 488
1694729179514 2.3717645247716463 489
1694729179869 2.3717238734921504 490
1694729180236 2.3716832315539293 491
1694729180484 2.3716425989547196 492
1694729180733 2.37160197569226 493
1694729181085 2.3715613617642863 494
1694729181377 2.3715207571685406 495
1694729181627 2.3714801619027597 496
1694729181902 2.371439575964684 497
1694729182240 2.371398999352055 498
1694729182603 2.371358432062612 499
