1694754433346 nan 0
1694754433501 nan 1
1694754433687 nan 2
1694754433865 nan 3
1694754434058 nan 4
1694754434293 nan 5
1694754434496 nan 6
1694754434732 nan 7
1694754434903 nan 8
1694754435127 nan 9
1694754435361 nan 10
1694754435541 nan 11
1694754435697 nan 12
1694754435849 nan 13
1694754436008 nan 14
1694754436290 nan 15
1694754436533 nan 16
1694754436719 nan 17
1694754436915 nan 18
1694754437091 nan 19
1694754437276 nan 20
1694754437396 nan 21
1694754437536 nan 22
1694754437742 nan 23
1694754438011 nan 24
1694754438150 nan 25
1694754438330 nan 26
1694754438540 nan 27
1694754438714 nan 28
1694754438939 nan 29
1694754439295 nan 30
1694754439605 nan 31
1694754439802 nan 32
1694754440020 nan 33
1694754440243 nan 34
1694754440407 nan 35
1694754440627 nan 36
1694754440838 nan 37
1694754440992 nan 38
1694754441141 nan 39
1694754441285 nan 40
1694754441503 nan 41
1694754441701 nan 42
1694754441862 nan 43
1694754442038 nan 44
1694754442245 nan 45
1694754442477 nan 46
1694754442689 nan 47
1694754442913 nan 48
1694754443089 nan 49
1694754443265 nan 50
1694754443489 nan 51
1694754443666 nan 52
1694754443887 nan 53
1694754444040 nan 54
1694754444196 nan 55
1694754444346 nan 56
1694754444503 nan 57
1694754444652 nan 58
1694754444844 nan 59
1694754444978 nan 60
1694754445144 nan 61
1694754445360 nan 62
1694754445560 nan 63
1694754445710 nan 64
1694754445902 nan 65
1694754446110 nan 66
1694754446285 nan 67
1694754446455 nan 68
1694754446617 nan 69
1694754446749 nan 70
1694754446969 nan 71
1694754447198 nan 72
1694754447361 nan 73
1694754447479 nan 74
1694754447634 nan 75
1694754447847 nan 76
1694754448057 nan 77
1694754448244 nan 78
1694754448394 nan 79
1694754448565 nan 80
1694754448763 nan 81
1694754448927 nan 82
1694754449137 nan 83
1694754449369 nan 84
1694754449636 nan 85
1694754449787 nan 86
1694754449934 nan 87
1694754450103 nan 88
1694754450300 nan 89
1694754450586 nan 90
1694754450714 nan 91
1694754450882 nan 92
1694754451077 nan 93
1694754451367 nan 94
1694754451540 nan 95
1694754451703 nan 96
1694754451847 nan 97
1694754452048 nan 98
1694754452301 nan 99
1694754452533 nan 100
1694754452744 nan 101
1694754452907 nan 102
1694754453075 nan 103
1694754453305 nan 104
1694754453511 nan 105
1694754453694 nan 106
1694754453857 nan 107
1694754454069 nan 108
1694754454272 nan 109
1694754454520 nan 110
1694754454719 nan 111
1694754454978 nan 112
1694754455190 nan 113
1694754455433 nan 114
1694754455712 nan 115
1694754455941 nan 116
1694754456172 nan 117
1694754456400 nan 118
1694754456623 nan 119
1694754456798 nan 120
1694754457029 nan 121
1694754457222 nan 122
1694754457417 nan 123
1694754457661 nan 124
1694754457929 nan 125
1694754458143 nan 126
1694754458349 nan 127
1694754458579 nan 128
1694754458770 nan 129
1694754458921 nan 130
1694754459145 nan 131
1694754459412 nan 132
1694754459655 nan 133
1694754459869 nan 134
1694754460085 nan 135
1694754460326 nan 136
1694754460477 nan 137
1694754460668 nan 138
1694754460801 nan 139
1694754460923 nan 140
1694754461045 nan 141
1694754461274 nan 142
1694754461634 nan 143
1694754461909 nan 144
1694754462089 nan 145
1694754462316 nan 146
1694754462543 nan 147
1694754462767 nan 148
1694754462990 nan 149
1694754463213 nan 150
1694754463461 nan 151
1694754463703 nan 152
1694754463897 nan 153
1694754464092 nan 154
1694754464313 nan 155
1694754464529 nan 156
1694754464690 nan 157
1694754464901 nan 158
1694754465125 nan 159
1694754465353 nan 160
1694754465551 nan 161
1694754465751 nan 162
1694754465909 nan 163
1694754466141 nan 164
1694754466336 nan 165
1694754466560 nan 166
1694754466811 nan 167
1694754466984 nan 168
1694754467183 nan 169
1694754467396 nan 170
1694754467594 nan 171
1694754467804 nan 172
1694754468073 nan 173
1694754468325 nan 174
1694754468501 nan 175
1694754468638 nan 176
1694754468864 nan 177
1694754469091 nan 178
1694754469277 nan 179
1694754469558 nan 180
1694754469819 nan 181
1694754470048 nan 182
1694754470279 nan 183
1694754470550 nan 184
1694754470803 nan 185
1694754471060 nan 186
1694754471261 nan 187
1694754471493 nan 188
1694754471720 nan 189
1694754471930 nan 190
1694754472168 nan 191
1694754472392 nan 192
1694754472572 nan 193
1694754472876 nan 194
1694754473130 nan 195
1694754473446 nan 196
1694754473674 nan 197
1694754473869 nan 198
1694754474033 nan 199
1694754474253 nan 200
1694754474443 nan 201
1694754474635 nan 202
1694754474804 nan 203
1694754475032 nan 204
1694754475260 nan 205
1694754475464 nan 206
1694754475670 nan 207
1694754475886 nan 208
1694754476086 nan 209
1694754476293 nan 210
1694754476529 nan 211
1694754476762 nan 212
1694754476968 nan 213
1694754477217 nan 214
1694754477472 nan 215
1694754477676 nan 216
1694754477918 nan 217
1694754478110 nan 218
1694754478341 nan 219
1694754478574 nan 220
1694754478802 nan 221
1694754479094 nan 222
1694754479343 nan 223
1694754479674 nan 224
1694754479900 nan 225
1694754480138 nan 226
1694754480368 nan 227
1694754480633 nan 228
1694754480858 nan 229
1694754481030 nan 230
1694754481189 nan 231
1694754481418 nan 232
1694754481700 nan 233
1694754481970 nan 234
1694754482160 nan 235
1694754482380 nan 236
1694754482610 nan 237
1694754482822 nan 238
1694754482976 nan 239
1694754483136 nan 240
1694754483292 nan 241
1694754483489 nan 242
1694754483694 nan 243
1694754483961 nan 244
1694754484123 nan 245
1694754484275 nan 246
1694754484434 nan 247
1694754484648 nan 248
1694754484866 nan 249
1694754485124 nan 250
1694754485359 nan 251
1694754485553 nan 252
1694754485776 nan 253
1694754486009 nan 254
1694754486251 nan 255
1694754486481 nan 256
1694754486710 nan 257
1694754486944 nan 258
1694754487140 nan 259
1694754487377 nan 260
1694754487609 nan 261
1694754487887 nan 262
1694754488169 nan 263
1694754488474 nan 264
1694754488698 nan 265
1694754488923 nan 266
1694754489132 nan 267
1694754489379 nan 268
1694754489664 nan 269
1694754489895 nan 270
1694754490071 nan 271
1694754490283 nan 272
1694754490528 nan 273
1694754490804 nan 274
1694754491017 nan 275
1694754491244 nan 276
1694754491469 nan 277
1694754491696 nan 278
1694754491931 nan 279
1694754492114 nan 280
1694754492413 nan 281
1694754492641 nan 282
1694754492935 nan 283
1694754493102 nan 284
1694754493266 nan 285
1694754493459 nan 286
1694754493655 nan 287
1694754493871 nan 288
1694754494071 nan 289
1694754494297 nan 290
1694754494537 nan 291
1694754494768 nan 292
1694754495004 nan 293
1694754495223 nan 294
1694754495448 nan 295
1694754495693 nan 296
1694754495891 nan 297
1694754496029 nan 298
1694754496175 nan 299
1694754496368 nan 300
1694754496609 nan 301
1694754496811 nan 302
1694754497078 nan 303
1694754497346 nan 304
1694754497574 nan 305
1694754497839 nan 306
1694754498095 nan 307
1694754498289 nan 308
1694754498510 nan 309
1694754498734 nan 310
1694754498954 nan 311
1694754499127 nan 312
1694754499355 nan 313
1694754499670 nan 314
1694754499872 nan 315
1694754500085 nan 316
1694754500336 nan 317
1694754500565 nan 318
1694754500784 nan 319
1694754501033 nan 320
1694754501213 nan 321
1694754501433 nan 322
1694754501662 nan 323
1694754501959 nan 324
1694754502149 nan 325
1694754502375 nan 326
1694754502600 nan 327
1694754502799 nan 328
1694754503015 nan 329
1694754503190 nan 330
1694754503405 nan 331
1694754503583 nan 332
1694754503770 nan 333
1694754504059 nan 334
1694754504258 nan 335
1694754504450 nan 336
1694754504639 nan 337
1694754504860 nan 338
1694754505076 nan 339
1694754505250 nan 340
1694754505402 nan 341
1694754505595 nan 342
1694754505764 nan 343
1694754505921 nan 344
1694754506066 nan 345
1694754506334 nan 346
1694754506536 nan 347
1694754506756 nan 348
1694754506982 nan 349
1694754507204 nan 350
1694754507461 nan 351
1694754507700 nan 352
1694754507991 nan 353
1694754508215 nan 354
1694754508496 nan 355
1694754508723 nan 356
1694754508946 nan 357
1694754509201 nan 358
1694754509442 nan 359
1694754509718 nan 360
1694754509942 nan 361
1694754510167 nan 362
1694754510350 nan 363
1694754510614 nan 364
1694754510875 nan 365
1694754511103 nan 366
1694754511292 nan 367
1694754511476 nan 368
1694754511722 nan 369
1694754511966 nan 370
1694754512267 nan 371
1694754512515 nan 372
1694754512783 nan 373
1694754513059 nan 374
1694754513267 nan 375
1694754513443 nan 376
1694754513637 nan 377
1694754513877 nan 378
1694754514107 nan 379
1694754514297 nan 380
1694754514471 nan 381
1694754514682 nan 382
1694754514900 nan 383
1694754515189 nan 384
1694754515329 nan 385
1694754515487 nan 386
1694754515713 nan 387
1694754515938 nan 388
1694754516133 nan 389
1694754516319 nan 390
1694754516523 nan 391
1694754516726 nan 392
1694754516950 nan 393
1694754517175 nan 394
1694754517413 nan 395
1694754517588 nan 396
1694754517805 nan 397
1694754518095 nan 398
1694754518306 nan 399
1694754518507 nan 400
1694754518683 nan 401
1694754518869 nan 402
1694754519068 nan 403
1694754519279 nan 404
1694754519519 nan 405
1694754519782 nan 406
1694754519983 nan 407
1694754520252 nan 408
1694754520462 nan 409
1694754520689 nan 410
1694754520923 nan 411
1694754521155 nan 412
1694754521357 nan 413
1694754521610 nan 414
1694754521893 nan 415
1694754522115 nan 416
1694754522332 nan 417
1694754522488 nan 418
1694754522730 nan 419
1694754522953 nan 420
1694754523174 nan 421
1694754523364 nan 422
1694754523566 nan 423
1694754523773 nan 424
1694754524059 nan 425
1694754524291 nan 426
1694754524493 nan 427
1694754524736 nan 428
1694754524935 nan 429
1694754525132 nan 430
1694754525355 nan 431
1694754525560 nan 432
1694754525784 nan 433
1694754526030 nan 434
1694754526315 nan 435
1694754526532 nan 436
1694754526726 nan 437
1694754526874 nan 438
1694754527115 nan 439
1694754527350 nan 440
1694754527495 nan 441
1694754527731 nan 442
1694754528038 nan 443
1694754528271 nan 444
1694754528540 nan 445
1694754528765 nan 446
1694754529003 nan 447
1694754529252 nan 448
1694754529442 nan 449
1694754529657 nan 450
1694754529847 nan 451
1694754530008 nan 452
1694754530185 nan 453
1694754530390 nan 454
1694754530635 nan 455
1694754530884 nan 456
1694754531118 nan 457
1694754531365 nan 458
1694754531534 nan 459
1694754531758 nan 460
1694754531987 nan 461
1694754532213 nan 462
1694754532428 nan 463
1694754532632 nan 464
1694754532919 nan 465
1694754533156 nan 466
1694754533411 nan 467
1694754533621 nan 468
1694754533865 nan 469
1694754534156 nan 470
1694754534398 nan 471
1694754534538 nan 472
1694754534742 nan 473
1694754534984 nan 474
1694754535264 nan 475
1694754535501 nan 476
1694754535720 nan 477
1694754535944 nan 478
1694754536173 nan 479
1694754536402 nan 480
1694754536613 nan 481
1694754536857 nan 482
1694754537045 nan 483
1694754537320 nan 484
1694754537526 nan 485
1694754537760 nan 486
1694754538080 nan 487
1694754538299 nan 488
1694754538580 nan 489
1694754538785 nan 490
1694754539014 nan 491
1694754539248 nan 492
1694754539494 nan 493
1694754539786 nan 494
1694754540032 nan 495
1694754540281 nan 496
1694754540509 nan 497
1694754540659 nan 498
1694754540840 nan 499
