1694720588608 0.0857101860538556 0
1694720588843 0.010128054529079564 1
1694720589115 0.0864703021912243 2
1694720589381 7.549723600196776 3
1694720589601 2.523033696207298 4
1694720589856 0.01051740476007067 5
1694720590206 3.1899814695384205 6
1694720590519 0.5282916186358124 7
1694720590892 3.3326033112686773 8
1694720591282 0.06979553913424406 9
1694720591628 0.22307124827351302 10
1694720591968 2.0162163199374517 11
1694720592292 0.2748603672603005 12
1694720592570 0.6845676561084856 13
1694720592931 0.40505571079770164 14
1694720593220 0.15206257355605976 15
1694720593473 2.421199712676895 16
1694720593751 0.8456202468831433 17
1694720594044 2.279469117520817 18
1694720594357 1.1896194032528147 19
1694720594628 0.33900133865122895 20
1694720594920 0.012002031614449746 21
1694720595286 0.0016129326287425984 22
1694720595584 0.7453510594546062 23
1694720595868 1.358289514468166 24
1694720596212 0.030382175227947616 25
1694720596539 0.5633799629043147 26
1694720596807 0.4010146567736917 27
1694720597095 0.933448772027162 28
1694720597459 0.4690104038570512 29
1694720597720 0.0019224706635571321 30
1694720598001 1.2427215896652481 31
1694720598253 1.1564292804432144 32
1694720598567 0.21543866618243915 33
1694720598793 2.950804995326195 34
1694720599028 0.007375440007443998 35
1694720599218 0.7019076883295146 36
1694720599513 0.003445265185725606 37
1694720599810 0.05737885159545657 38
1694720600113 0.008661679901705278 39
1694720600374 0.6637588496652654 40
1694720600672 0.05669801042775558 41
1694720601034 0.2779314633198485 42
1694720601323 0.8074849959267597 43
1694720601667 0.00026162688436140105 44
1694720601978 0.3036366690864801 45
1694720602292 3.5062746021377973 46
1694720602630 0.14871532139345467 47
1694720602924 0.013498287510074413 48
1694720603216 2.332542855892008 49
1694720603477 0.4269053669473117 50
1694720603732 0.01856943928897833 51
1694720604117 0.5731919165505324 52
1694720604415 1.7870151895612907 53
1694720604710 0.7479591952195306 54
1694720605052 0.019408602600949586 55
1694720605355 0.10627653068905744 56
1694720605791 5.588943889594101 57
1694720606285 1.1129457194125651 58
1694720606593 0.05921844152369032 59
1694720606871 1.0045891476590953 60
1694720607177 0.1684937374456069 61
1694720607467 2.4319828459886517 62
1694720607724 0.008299171003655206 63
1694720607955 0.00488892107355203 64
1694720608311 0.6505267744210682 65
1694720608721 0.10310986301247957 66
1694720609012 1.4683187947360388 67
1694720609321 5.5004525831765525 68
1694720609633 2.640984704335896 69
1694720609875 0.05721950136096685 70
1694720610167 1.1669582734172863 71
1694720610481 1.6313659774146954 72
1694720610843 3.6490481015619967 73
1694720611155 4.025792609238292 74
1694720611456 0.38330842370003915 75
1694720611717 0.3202447547506533 76
1694720612006 1.4079811253055932 77
1694720612370 0.8968448985658133 78
1694720612707 0.006683972614755244 79
1694720613056 3.5747828601449214 80
1694720613368 3.073901410775714 81
1694720613695 0.5815733878419788 82
1694720613971 0.6279482626143483 83
1694720614265 0.003395579601657785 84
1694720614568 1.1223788427391284 85
1694720614849 0.006238128564943153 86
1694720615149 3.4874964294275053 87
1694720615489 0.5727576173366757 88
1694720615781 7.506696198222305 89
1694720616015 0.1483456245209452 90
1694720616277 0.5094156679361252 91
1694720616578 3.104907423472261 92
1694720616868 0.6298907433947956 93
1694720617129 0.36547535635695716 94
1694720617489 0.17379899005233557 95
1694720617789 3.655411821077774 96
1694720617991 0.036794606472844264 97
1694720618288 0.06351334998600094 98
1694720618586 0.6579096970013397 99
1694720618879 1.0591446801461586 100
1694720619093 9.145743097645843e-05 101
1694720619364 0.1500641827969648 102
1694720619685 2.0831648127518307 103
1694720619969 0.8173411603075528 104
1694720620272 1.0229414115784392 105
1694720620572 0.35125975705235835 106
1694720620883 3.1386103152380453 107
1694720621200 0.049554382229271 108
1694720621522 0.29100809276516915 109
1694720621872 2.5449447503282774 110
1694720622146 2.281961467741764 111
1694720622475 0.05459693373813765 112
1694720622752 0.11462824729518499 113
1694720623022 2.5227800256036703 114
1694720623329 2.6908728775737543 115
1694720623627 1.126087372472558 116
1694720623881 1.1146833396394606 117
1694720624163 1.7653161274352973 118
1694720624457 0.00041814081014671307 119
1694720624693 6.237173776837591 120
1694720624952 0.012192038542455213 121
1694720625173 0.4809338731276482 122
1694720625435 0.018714303018206303 123
1694720625746 1.306063574227942 124
1694720626008 0.15922156386238437 125
1694720626283 0.42634362975200535 126
1694720626564 0.8996313829857708 127
1694720626880 0.5645068994650236 128
1694720627154 0.4871845089788543 129
1694720627461 6.30874219001628 130
1694720627747 0.10372517385715307 131
1694720628034 8.987373322998465 132
1694720628293 0.5798572945122672 133
1694720628625 0.19860879226838316 134
1694720628934 0.029107603839923658 135
1694720629221 0.05135455890835842 136
1694720629510 0.05704834689181511 137
1694720629765 0.46739126801393965 138
1694720630078 0.28206211881372206 139
1694720630299 1.0140092622476793 140
1694720630540 1.4249917610765963 141
1694720630853 0.0005178377165235562 142
1694720631189 0.6833622058078097 143
1694720631453 0.5526467606985691 144
1694720631699 1.4885202701484477 145
1694720631958 0.29238806488510805 146
1694720632228 0.012928740629436164 147
1694720632538 0.030786130207232518 148
1694720632950 2.0367517296812183 149
1694720633289 0.1331175576435481 150
1694720633616 0.2494116468191675 151
1694720633913 4.69819293754351 152
1694720634221 1.7784931395361792 153
1694720634434 3.955012282829242 154
1694720634683 0.005535933119064111 155
1694720634956 0.023700493581923842 156
1694720635249 0.03307580688548481 157
1694720635507 0.22643564165594346 158
1694720635794 0.0016428818326015776 159
1694720636086 0.21350436953197177 160
1694720636366 3.0127965866795963 161
1694720636658 0.12953099110830654 162
1694720636957 0.4662328427666094 163
1694720637254 1.704713612414822 164
1694720637576 2.0959746607291847 165
1694720637868 0.7201751817738338 166
1694720638173 0.04368571106437008 167
1694720638441 0.06710502107731608 168
1694720638748 2.620802622717363 169
1694720639037 0.14454741560607798 170
1694720639461 2.9788342967743753 171
1694720639840 0.6552966386487512 172
1694720640196 0.21891884778920662 173
1694720640430 1.4695760806369387 174
1694720640689 0.007661740115850662 175
1694720641028 0.015896395419605282 176
1694720641312 0.04411919618885609 177
1694720641559 0.1460512786800407 178
1694720641970 0.037574828676978735 179
1694720642336 0.9898421781036135 180
1694720642585 2.19066418691282 181
1694720642933 0.5063871002711595 182
1694720643219 0.3863902817399641 183
1694720643454 0.05598376286392953 184
1694720643659 0.9914382056558286 185
1694720643900 1.6509699786767638 186
