1694745759450 3.903781102145018 0
1694745759759 1.7865057310851435 1
1694745759969 2.4651396991518473 2
1694745760160 2.768594316686129 3
1694745760413 1.3479675609821753 4
1694745760622 3.165450931227973 5
1694745760784 1.9595663353697577 6
1694745761012 2.6098814605211214 7
1694745761177 1.8118019161890275 8
1694745761339 2.9876722165042966 9
1694745761574 1.6453988241491138 10
1694745761789 1.7547289302300857 11
1694745761963 2.8700666593728292 12
1694745762204 2.913259560998479 13
1694745762413 3.442652181682266 14
1694745762705 2.969607630074658 15
1694745762881 2.4365574171806834 16
1694745763057 2.1574629029710954 17
1694745763229 3.5993708241979587 18
1694745763444 1.8728572313755771 19
1694745763705 2.6973330780888416 20
1694745763878 2.521813879783199 21
1694745764033 1.7646601641648212 22
1694745764202 2.2063023094215417 23
1694745764462 2.1183154417652377 24
1694745764717 2.6261672497134287 25
1694745764940 1.923753000363223 26
1694745765115 2.8243917798992393 27
1694745765295 1.7763727966681122 28
1694745765536 3.077284900571943 29
1694745765782 2.48929595759018 30
1694745765943 3.189482125100659 31
1694745766185 2.6417964849766506 32
1694745766421 2.335002422710722 33
1694745766705 2.5343605779328984 34
1694745766929 1.8791785183092422 35
1694745767145 1.9916711251990769 36
1694745767420 2.4881757549820174 37
1694745767661 1.848812429312206 38
1694745767873 2.200364892495793 39
1694745768044 3.20332741220332 40
1694745768197 2.4339209748499795 41
1694745768568 3.164680821319968 42
1694745768809 1.7106890409852016 43
1694745769001 3.47950878140912 44
1694745769193 2.0365998813529695 45
1694745769430 2.0231360450315563 46
1694745769673 2.4725680941136527 47
1694745769874 3.1621881130574767 48
1694745770107 3.322104545477504 49
1694745770361 1.709445293704047 50
1694745770603 1.8755045571237339 51
1694745770808 2.4941262090580127 52
1694745771128 1.8225526313730074 53
1694745771374 2.15883213371132 54
1694745771616 2.7804018705945603 55
1694745771839 2.310290164437267 56
1694745771983 3.4565483848854175 57
1694745772166 1.6355179678043392 58
1694745772418 2.277259499645823 59
1694745772722 2.4360186279957983 60
1694745772919 2.40640991496989 61
1694745773067 2.345685095290167 62
1694745773264 3.303076076706344 63
1694745773537 2.5596103001966206 64
1694745773761 1.7494354620621313 65
1694745773940 2.029882975947239 66
1694745774132 1.8258829667446939 67
1694745774348 1.9377050035556314 68
1694745774584 2.271434676967964 69
1694745774816 2.527761794951961 70
1694745775018 1.9688339384803586 71
1694745775226 2.350575857537903 72
1694745775524 3.502082417972095 73
1694745775786 2.183965623647051 74
1694745775978 2.8822284381275223 75
1694745776180 2.0690280094077096 76
1694745776429 3.6478081376833242 77
1694745776640 2.1072833609448547 78
1694745776852 2.7782563678902026 79
1694745777054 2.522933749088614 80
1694745777273 3.271455916336435 81
1694745777528 2.755850264385589 82
1694745777816 2.8825095056133123 83
1694745778040 2.2843551539161315 84
1694745778275 2.300934062192907 85
1694745778501 2.236866147507585 86
1694745778725 2.3240779984669047 87
1694745778923 2.944759955387536 88
1694745779157 2.041372918605008 89
1694745779406 3.4774381642332703 90
1694745779647 2.135106003599783 91
1694745779890 3.1218341178255873 92
1694745780106 1.3990797586054222 93
1694745780300 1.4393223507779702 94
1694745780539 2.449031006065575 95
1694745780778 3.1675002060593913 96
1694745781009 3.634478132003909 97
1694745781186 4.402223986631871 98
1694745781390 1.9398326012055092 99
1694745781617 2.9515057764671937 100
1694745781874 1.5873198136822828 101
1694745782030 3.6297268569049055 102
1694745782253 1.6762224045573948 103
1694745782450 3.221918899623822 104
1694745782741 2.3333630716796603 105
1694745782966 1.6900091053410724 106
1694745783139 1.8504744897880803 107
1694745783377 3.0993095362964533 108
1694745783616 2.120449585426677 109
1694745783880 1.774282030263012 110
1694745784173 1.756109918156499 111
1694745784476 2.1965434727623077 112
1694745784735 1.8113142756288123 113
1694745784968 1.6786167733637705 114
1694745785213 1.9704471112228985 115
1694745785475 2.4354699311960175 116
1694745785707 1.9274424163356882 117
1694745785932 2.7779006831966933 118
1694745786159 2.273603366170819 119
1694745786419 2.339374155867176 120
1694745786696 2.009628861883904 121
1694745786941 3.2314179416302586 122
1694745787089 3.90504670989147 123
1694745787277 2.049543629575466 124
1694745787525 3.0074349175940185 125
1694745787794 3.02619238801618 126
1694745788018 2.087578004129788 127
1694745788203 2.8509659666199556 128
1694745788416 3.253460028421872 129
1694745788660 1.1664876136626297 130
1694745788942 5.749206152615815 131
1694745789149 1.700505035275337 132
1694745789397 2.3477776177661176 133
1694745789653 2.0885347923172377 134
1694745789867 2.9729137925790554 135
1694745790067 1.7836003748025622 136
1694745790244 2.9647422853272904 137
1694745790486 1.9951883099223804 138
1694745790686 2.1259368364305296 139
1694745790960 2.2491897736156656 140
1694745791232 1.8604901679910795 141
1694745791462 1.433584162358529 142
1694745791694 2.334815842634306 143
1694745791943 2.209504317486966 144
1694745792123 3.063577157807216 145
1694745792297 3.108026604490289 146
1694745792527 2.7336981738551427 147
1694745792837 1.9718052056895687 148
1694745793057 1.44381075238549 149
1694745793251 2.062791063010799 150
1694745793546 1.6189201465559102 151
1694745793790 2.0941305846005527 152
1694745794045 2.7858428156779707 153
1694745794208 1.5801323546144292 154
1694745794444 2.292027809191985 155
1694745794684 2.307941662359732 156
1694745794935 3.171122156380435 157
1694745795132 2.482087079570133 158
1694745795329 1.8825426289668923 159
1694745795600 3.2342231675479756 160
1694745795879 2.021953830797934 161
1694745796155 2.249671818350511 162
1694745796328 2.9555153109821335 163
1694745796561 1.6099768725357353 164
1694745796795 3.4563501216341637 165
1694745797030 3.1360562770613454 166
1694745797258 2.5650159433581843 167
1694745797488 1.9172593869689103 168
1694745797738 2.693192726632469 169
1694745798011 2.212441242083508 170
1694745798235 1.9614405634460161 171
1694745798450 2.1797788836909318 172
1694745798678 1.7420703701482487 173
1694745798906 1.5219218875344156 174
1694745799133 1.741336792690945 175
1694745799339 3.7080138291587827 176
1694745799580 1.4544272408848693 177
1694745799905 2.6037399586755097 178
1694745800179 2.6690315349604607 179
1694745800395 2.3615036006241845 180
1694745800611 2.6945391398555607 181
1694745800849 2.8600218749034645 182
1694745801149 1.9881652355827548 183
1694745801323 2.96407123432797 184
1694745801563 1.7195105819800658 185
1694745801804 2.824431865680839 186
1694745802034 2.4501690133501723 187
1694745802267 2.5527529420598865 188
1694745802502 2.4754650770744466 189
1694745802805 1.8879136082442662 190
1694745803047 3.1901891346076923 191
1694745803243 2.3457412776694437 192
1694745803403 1.7859305499862947 193
1694745803619 2.2250748813061545 194
1694745803907 2.4981301730914875 195
1694745804143 2.658657564793051 196
1694745804338 1.8948393154717198 197
1694745804613 2.2315823800181924 198
1694745804816 1.5383322022677628 199
1694745805025 2.298002591545109 200
1694745805211 2.852218953002692 201
1694745805391 2.9518548178379125 202
1694745805656 2.830402186127622 203
1694745805902 2.055022702579961 204
1694745806141 2.884006594234957 205
1694745806371 1.9276029355154454 206
1694745806630 1.857070676695608 207
1694745806915 2.1189328867012027 208
1694745807145 2.8354361082853003 209
1694745807334 1.5350769012870906 210
1694745807577 3.5024460371276613 211
1694745807820 1.8501997149386238 212
1694745808052 1.6185903603452052 213
1694745808254 1.8295176306116032 214
1694745808479 2.2239468537845717 215
1694745808645 2.8096178815179442 216
1694745808883 2.194855457178512 217
1694745809131 1.3713189657552873 218
1694745809318 2.9692680745159015 219
1694745809582 2.9882941689183102 220
1694745809797 2.38285643828723 221
1694745810043 3.2416396245290424 222
1694745810267 2.3480015334221265 223
1694745810519 3.277866189469934 224
1694745810759 2.8858109271521646 225
1694745811069 3.556087662312496 226
1694745811285 1.8397504203294885 227
1694745811503 1.9611055821861867 228
1694745811741 1.5701354661836027 229
1694745811982 4.147375430580044 230
1694745812235 1.9315882791136847 231
1694745812451 1.487277581493738 232
1694745812731 2.385618470508621 233
1694745812990 2.818866510781928 234
1694745813237 2.892077732900765 235
1694745813460 1.6269700657972916 236
1694745813631 1.626420916510049 237
1694745813806 2.8872595662425486 238
1694745813998 2.8504325873193537 239
1694745814211 2.736671455173272 240
1694745814412 1.3532978168111953 241
1694745814668 2.415669672489835 242
1694745814913 4.170599825379434 243
1694745815153 2.314876031107557 244
1694745815414 1.5504649173825893 245
1694745815704 2.838345451633327 246
1694745815938 1.9946016271968594 247
1694745816179 3.199118505687434 248
1694745816417 2.55275241205013 249
1694745816633 1.4450212385991053 250
1694745816838 2.012440884701362 251
1694745817072 2.773326265827044 252
1694745817272 2.726614368303539 253
1694745817468 2.528930034732758 254
1694745817715 2.7943800290094645 255
1694745817993 3.0917270671222576 256
1694745818222 2.100901193098249 257
1694745818433 2.1642469851281416 258
1694745818605 2.215236702104914 259
1694745818765 2.5241911612744357 260
1694745818991 2.90056885720699 261
1694745819226 2.637381676164286 262
1694745819395 2.996105832443997 263
1694745819619 2.1130703205485464 264
1694745819878 2.612212110755771 265
1694745820164 2.3991562828241513 266
1694745820358 2.2858083259690702 267
1694745820561 2.178206004923332 268
1694745820758 2.8261284072849904 269
1694745821030 2.256362789545668 270
1694745821256 2.1256100550461405 271
1694745821440 2.579317211329605 272
1694745821687 1.938391454807809 273
1694745821979 1.05925010894954 274
1694745822216 2.6301961567627132 275
1694745822411 1.3578812435439684 276
1694745822593 3.041668172999512 277
1694745822917 1.6597757751173714 278
1694745823128 1.8786812037376555 279
1694745823345 1.7539193176423757 280
1694745823526 2.267299939020376 281
1694745823696 1.6178572736044885 282
1694745823883 1.9422204135213772 283
1694745824054 2.7771865234835933 284
1694745824267 2.5452825084889987 285
1694745824481 1.8833848827488773 286
1694745824723 2.399381773403413 287
1694745824962 3.1026526657255475 288
1694745825139 1.6412393644935424 289
1694745825338 2.8899125239638392 290
1694745825496 3.0403660730746367 291
1694745825696 2.396745935728684 292
1694745825931 2.2559626578805996 293
1694745826160 1.264644977831029 294
1694745826410 2.568918096193846 295
1694745826685 2.107409144122837 296
1694745826947 3.2234425942922043 297
1694745827148 1.2549636067311443 298
1694745827363 2.4466627983707503 299
1694745827561 2.963196027212217 300
1694745827774 1.7935037839534387 301
1694745827999 2.0848125409289238 302
1694745828176 3.245076654611877 303
1694745828379 2.4246242669556675 304
1694745828602 1.8184263112877428 305
1694745828860 2.210255884263647 306
1694745829144 3.2020868394009563 307
1694745829378 1.8441729875897392 308
1694745829632 2.4174847677178413 309
1694745829831 1.948793609781073 310
1694745830062 2.0161927658238215 311
1694745830316 2.5294159595184214 312
1694745830522 2.1464498817418605 313
1694745830728 2.0963680314053894 314
1694745831007 3.681591873389013 315
1694745831318 2.422698934332688 316
1694745831496 1.6914605911247749 317
1694745831682 1.8840420472902657 318
1694745831830 3.546530190464137 319
1694745832045 2.7420598488341317 320
1694745832260 1.4025200942275629 321
1694745832465 1.6565031521050024 322
1694745832640 3.624053473856189 323
1694745832832 2.5111293886532895 324
1694745833073 2.1298279996282736 325
1694745833321 2.6925711924796016 326
1694745833563 1.9431578112023846 327
1694745833747 2.02705434073982 328
1694745833894 1.6437092562592113 329
1694745834105 2.427079313296038 330
1694745834343 1.9223925587665973 331
1694745834546 2.617707664466864 332
1694745834715 1.4981164345057794 333
1694745834946 3.1262212618621525 334
1694745835190 2.061141283525386 335
1694745835414 1.5684077462124226 336
1694745835644 2.7761387511907727 337
1694745835834 2.3078445767708646 338
1694745836067 1.390525758878556 339
1694745836284 1.995114158171208 340
1694745836499 3.0348822572827276 341
1694745836729 2.181997920777995 342
1694745836962 2.482460018555687 343
1694745837177 2.0350283468756944 344
1694745837400 2.459050499909231 345
1694745837614 1.7090537945866016 346
1694745837892 2.2447464309178464 347
1694745838107 2.1783123884191187 348
1694745838300 2.20143337278151 349
1694745838498 2.3197665389760376 350
1694745838749 2.375799376356358 351
1694745838995 3.1200789017003108 352
1694745839232 1.9844335674160465 353
1694745839462 1.5763396077738303 354
1694745839677 4.44055044076031 355
1694745839935 2.870937976079297 356
1694745840222 3.184941355387978 357
1694745840452 2.116968440318024 358
1694745840621 1.7243175852141275 359
1694745840866 2.354131617474465 360
1694745841160 1.8366828022535882 361
1694745841401 3.8856312200640213 362
1694745841627 1.4862803690590076 363
1694745841806 2.9220684692777463 364
1694745842041 2.0113868581894314 365
1694745842332 2.9705952116133822 366
1694745842538 3.280555186011215 367
1694745842770 2.506719563004827 368
1694745843007 2.6751594843456776 369
1694745843267 2.892589819059904 370
1694745843489 2.279949103264713 371
1694745843636 1.7225900704092483 372
1694745843798 2.305495091304779 373
1694745844040 2.453650980831231 374
1694745844286 2.41346424356545 375
1694745844547 2.4121169580253046 376
1694745844727 2.6631093093829876 377
1694745844879 2.3329563620546017 378
1694745845100 2.0305563793638113 379
1694745845346 2.5966454396132894 380
1694745845557 2.166460855341058 381
1694745845785 1.8768251262436966 382
1694745846022 2.700978785893006 383
1694745846267 2.6260861841972396 384
1694745846522 3.0495781752719235 385
1694745846813 2.0021228367662447 386
1694745847051 2.3297098976881836 387
1694745847226 2.392116233430049 388
1694745847400 3.9216548621858203 389
1694745847571 2.1426958148997692 390
1694745847724 2.265413696181759 391
1694745847937 3.578434980423084 392
1694745848145 2.672756843135882 393
1694745848356 3.1538117796715457 394
1694745848638 3.4731526233238563 395
1694745848902 3.26793135863573 396
1694745849162 1.8788708770944262 397
1694745849370 2.509311482184613 398
1694745849591 1.718549162311554 399
1694745849861 1.761192505372327 400
1694745850093 2.1527389124658143 401
1694745850317 1.6342144975967345 402
1694745850534 2.5796923899498094 403
1694745850738 1.579744525637091 404
1694745851036 1.4886541230144492 405
1694745851329 3.122191444092103 406
1694745851526 2.6292822786289114 407
1694745851709 1.7579066958893976 408
1694745851967 1.2222576476411111 409
1694745852219 1.7053897815877683 410
1694745852466 2.2626405080516534 411
1694745852726 1.5739926323800089 412
1694745852994 1.913319966223846 413
1694745853254 2.152238451031821 414
1694745853557 1.870624558984583 415
1694745853731 1.3634152965176372 416
1694745853945 2.7397098996395752 417
1694745854214 2.5011413459219125 418
1694745854452 1.6527517588039606 419
1694745854626 2.5241350112317846 420
1694745854821 2.6427176186752144 421
1694745855025 2.1120445915274138 422
1694745855228 2.7491445260422545 423
1694745855461 2.449016033117118 424
1694745855697 1.3909603333356055 425
1694745855837 1.9493114518194377 426
1694745856080 3.119627860601332 427
1694745856319 1.7307921578259708 428
1694745856586 2.467667931038276 429
1694745856810 2.736927660511613 430
1694745857032 1.5614314466940633 431
1694745857239 2.8587665092113315 432
1694745857432 1.7659447765267713 433
1694745857637 2.1903800600046406 434
1694745857878 2.3778013962649442 435
1694745858128 1.4771324699784376 436
1694745858373 2.0904944383843342 437
1694745858607 1.8593010547700186 438
1694745858807 2.1561090521090067 439
1694745859023 2.517556883518544 440
1694745859235 2.072820887829336 441
1694745859475 2.588976587904561 442
1694745859739 3.6551319867252965 443
1694745860054 1.8102512089317826 444
1694745860239 2.7521068802906594 445
1694745860449 2.689119499458013 446
1694745860657 2.361238769312162 447
1694745860862 2.208832148933828 448
1694745861150 2.112232801516307 449
1694745861383 2.7806677691625734 450
1694745861629 2.73865352848111 451
1694745861804 1.8010989070324426 452
1694745862049 1.8666233704270667 453
1694745862298 2.168144062580285 454
1694745862558 2.6177519067397674 455
1694745862842 3.1490774484056057 456
1694745863062 2.251626442093972 457
1694745863285 1.4515338886234674 458
1694745863548 2.378993912103032 459
1694745863758 2.4856017388042146 460
1694745864002 3.395404630294199 461
1694745864253 2.610041284074444 462
1694745864536 2.251251019053774 463
1694745864743 2.5009892311001765 464
1694745864983 2.760404256335873 465
1694745865201 2.447521073003919 466
1694745865415 2.3725813137780025 467
1694745865638 2.0839109366320074 468
1694745865817 1.6854916894102903 469
1694745866035 2.5879747848436914 470
1694745866240 3.4211850663827628 471
1694745866469 2.1724248850207726 472
1694745866727 2.8412157339431148 473
1694745866968 1.7098978175702941 474
1694745867197 3.2766302735806803 475
1694745867423 1.7232699282602386 476
1694745867633 2.393797181666122 477
1694745867787 1.5458874863503496 478
1694745868005 2.792794823561116 479
1694745868216 2.269335428613707 480
1694745868436 2.8117609690201166 481
1694745868647 2.826609298394021 482
1694745868840 2.840501536265403 483
1694745869139 1.8402188631390775 484
1694745869341 1.865925324484981 485
1694745869545 1.8780511445741042 486
1694745869732 1.9205538859497815 487
1694745869890 2.8243834749314787 488
1694745870111 1.699138114654661 489
1694745870361 2.37214637365815 490
1694745870588 1.746698866721432 491
1694745870782 1.9310690827295334 492
1694745871002 3.689085208034682 493
1694745871315 1.5399370608792522 494
1694745871513 2.124053207429335 495
1694745871718 2.473235101839745 496
1694745871849 1.824861701187417 497
1694745872040 2.3330056513675275 498
1694745872209 1.9880136620674347 499
