1694725077332 0.3600098971888009 0
1694725077591 0.6616314097085807 1
1694725077862 2.0618242666223314 2
1694725078225 3.6340619800209426 3
1694725078542 0.897652091241839 4
1694725078826 0.01531094301040245 5
1694725079085 6.009714368247432 6
1694725079464 0.17523653122517643 7
1694725079787 0.48376414574045096 8
1694725080071 0.17932729892042734 9
1694725080412 0.7779182733772257 10
1694725080711 0.06919610164004843 11
1694725080927 9.394439960198426 12
1694725081140 0.0014853294352734894 13
1694725081422 0.244268784434627 14
1694725081816 30.00424619383014 15
1694725082102 0.0879484815846646 16
1694725082491 0.12064515166665951 17
1694725082812 1.8366227569187108 18
1694725083054 0.001029911736993417 19
1694725083366 0.08791141493654671 20
1694725083700 0.014608928785281184 21
1694725084014 0.3574098043935359 22
1694725084272 0.6574721424757106 23
1694725084684 0.3314395475946192 24
1694725084977 0.16839278446210038 25
1694725085272 1.4396895956244864 26
1694725085693 0.021333988752237184 27
1694725086001 0.2545197795895505 28
1694725086480 1.3562114387817543 29
1694725086767 0.004632768237103407 30
1694725087027 0.00039301324715985573 31
1694725087263 4.196389331689915 32
1694725087562 0.5768514789382325 33
1694725087890 0.011329716908720516 34
1694725088102 0.7297907515654332 35
1694725088309 0.35539064050761493 36
1694725088624 0.001158718032360303 37
1694725088971 2.293457621650546 38
1694725089241 0.017628372294102718 39
1694725089560 0.32582701067373704 40
1694725089877 0.08963238178971679 41
1694725090183 0.6137633689705215 42
1694725090500 4.872197830465388 43
1694725090876 5.117353770081076 44
1694725091146 3.967763988522338 45
1694725091409 0.08773946546341113 46
1694725091684 0.1477138263018556 47
1694725091975 2.6017443206702118 48
1694725092262 0.6226749689330425 49
1694725092587 0.6090200568487548 50
1694725092934 0.06095959172654825 51
1694725093244 0.7663480364273269 52
1694725093516 3.994853981548247 53
1694725093783 1.9114098266142743 54
1694725094094 8.20534937045006 55
1694725094362 0.0008848334891134145 56
1694725094721 6.037722682326583 57
1694725095052 0.2242562091934978 58
1694725095408 0.43323950885935114 59
1694725095735 3.2088548662724277 60
1694725096056 2.1254724882201104 61
1694725096351 0.0023612683354704914 62
1694725096658 5.702815924212688 63
1694725097091 7.7768848936238 64
1694725097462 0.3455438921383539 65
1694725097804 0.04046886120669731 66
1694725098116 0.2129501758503965 67
1694725098376 4.286158581987669 68
1694725098663 0.31096671223110506 69
1694725098965 0.4139453652374529 70
1694725099262 0.18524630198417438 71
1694725099525 0.037159660675959855 72
1694725099839 0.10679454227471537 73
1694725100146 1.549366745877622 74
1694725100391 3.2055742504952507 75
1694725100750 2.4374199534527112 76
1694725101093 0.1877324640428168 77
1694725101370 4.105363224303109 78
1694725101751 2.0687223231481666 79
1694725102130 0.022959185969276926 80
1694725102377 0.11900906337777706 81
1694725102677 2.9696509634283363 82
1694725103023 0.007428264365835182 83
1694725103286 0.07982513419538083 84
1694725103537 3.655223398264201 85
1694725103837 0.1652448485656167 86
1694725104205 8.165105160156754 87
1694725104440 0.4527459894009727 88
1694725104755 0.5524682514716278 89
1694725105090 6.014029892262839 90
1694725105367 0.6517837529291494 91
1694725105648 3.431684730037662 92
1694725105891 0.2651893777230875 93
1694725106287 0.08669205021208816 94
1694725106569 0.4667407804241334 95
1694725106804 0.9625617191255821 96
1694725107156 0.0013972818400903567 97
1694725107512 2.4235850240569023 98
1694725107838 0.5617098018985647 99
1694725108157 0.15421027648023392 100
1694725108491 9.507505893402207 101
1694725108854 1.450378010208212 102
1694725109180 0.6734897758587474 103
1694725109471 2.331909365525152 104
1694725109717 0.057217354456739256 105
1694725109967 0.32580412817067717 106
1694725110279 3.3774272031706234 107
1694725110618 0.07470640708804457 108
1694725111039 1.6135633594289513 109
1694725111328 2.4992666044499505 110
1694725111595 0.8448161630163256 111
1694725111934 0.04860688994519542 112
1694725112266 0.3524534619067302 113
1694725112535 0.1284638752344714 114
1694725112806 2.0903846195784404 115
1694725113182 2.4446676568973715 116
1694725113499 4.6423144979363835 117
1694725113732 0.15904801915647596 118
1694725114025 0.791374984987234 119
1694725114329 0.04929298276929666 120
1694725114629 2.000142813141276 121
1694725114983 0.5140915328380572 122
1694725115374 0.2839366686164932 123
1694725115669 21.275739547667804 124
1694725116010 0.04068797423956565 125
1694725116377 2.019192063418137 126
1694725116630 3.223778977163971 127
1694725116955 20.211496495959732 128
1694725117292 0.5232648070941428 129
1694725117647 0.01843642042815533 130
1694725118008 0.39261921467175415 131
1694725118336 0.8345546510734957 132
1694725118616 0.12973656237838133 133
1694725118942 1.8870216247546654 134
1694725119271 0.5131201417358721 135
1694725119564 0.0017603956571526943 136
1694725119958 0.263346506605146 137
1694725120335 0.934285744041848 138
1694725120671 0.6859536739039203 139
1694725120995 0.16824927972112527 140
1694725121324 0.00882536973909679 141
1694725121628 11.629933842572006 142
1694725121987 0.37035384526393067 143
1694725122333 3.5734410165450403 144
1694725122597 1.472001212862273 145
1694725122926 0.037038060908417915 146
1694725123266 1.126183915034784 147
1694725123574 0.02496367614054207 148
1694725123890 17.934606046081647 149
1694725124249 0.051289072225303954 150
1694725124636 0.001426279268366591 151
1694725125011 0.31024225149681034 152
1694725125368 1.3895596533698424 153
1694725125684 0.20973878048799827 154
1694725126011 0.5705605449398089 155
1694725126622 4.708623071623815 156
1694725127091 1.6021349896974073 157
1694725127417 9.403671605990752 158
1694725127739 4.932702048846477 159
1694725128063 1.3549207221162731 160
1694725128385 0.17400186961046174 161
1694725128678 5.047299879468693 162
1694725129031 0.13188546335666043 163
1694725129381 6.474307484491894 164
1694725129659 0.3591302659611155 165
1694725130017 5.3232698066656665 166
1694725130412 1.5597154905340365 167
1694725130693 0.0004655665018260064 168
1694725131038 0.5309129148443241 169
1694725131359 0.34428740447162776 170
1694725131666 1.8169724984623798 171
1694725131931 5.07186582805122 172
1694725132270 0.2932575059272146 173
1694725132599 0.499035606490167 174
1694725132907 0.4691647338668987 175
1694725133224 0.7433975578355209 176
1694725133562 1.2297735173212019 177
1694725133823 1.225313138323015 178
1694725134131 0.0008911212283058038 179
1694725134428 1.3944467322274543 180
1694725134772 1.0653691868814554 181
1694725135073 0.13851332109686668 182
1694725135451 0.004539853022605014 183
1694725135761 0.05540109115095992 184
1694725136077 0.9923686667263363 185
1694725136452 4.611252434543731 186
1694725136738 4.530006666092953 187
1694725137032 0.18131800737633433 188
1694725137415 1.416086958433775 189
1694725137736 0.24605465300953877 190
1694725138004 3.2003381988271706 191
1694725138328 2.7552973103476597 192
1694725138708 2.9915936053309684 193
1694725138943 0.153235995248375 194
1694725139230 2.5914517688789025 195
1694725139583 0.25710014655975466 196
1694725139918 2.381315652182998 197
1694725140363 4.214940991744131 198
1694725140721 0.9091750253089846 199
1694725140982 0.011001088637606295 200
1694725141300 0.0015504583688405221 201
1694725141662 0.08978701190734034 202
1694725141944 0.07535283069274211 203
1694725142305 0.12521791053000403 204
1694725142625 6.6635576974936885 205
1694725142965 1.5387849120916843 206
1694725143275 0.8652506364881631 207
1694725143599 0.009952036140086903 208
1694725143894 2.6101300746749216 209
1694725144151 0.6650362027027241 210
1694725144416 0.049806029808284344 211
1694725144767 0.5474437740030974 212
1694725145026 2.754165679132459 213
1694725145316 2.4412274371596787 214
1694725145621 5.892346911263845 215
1694725145942 29.277736341784063 216
1694725146280 2.644492334872138 217
1694725146626 0.432307801673479 218
1694725146942 0.4884821532139333 219
1694725147280 1.75921790835812 220
1694725147584 0.05929043353856839 221
1694725147897 0.11087124970567791 222
1694725148164 0.0772657783055379 223
1694725148459 0.1235985537687191 224
1694725148738 0.011061644015940942 225
1694725149021 0.04047414175226426 226
1694725149335 1.169248914290113 227
1694725149631 5.5683357640912 228
1694725149869 0.2954030740867739 229
1694725150135 0.2702646247522422 230
1694725150468 0.9631318543486304 231
1694725150766 0.051091478829313114 232
1694725151070 0.3570697786486916 233
1694725151384 0.2936009338032813 234
1694725151712 1.9938177876451846 235
1694725152018 1.8483942899644503 236
1694725152355 0.21007514239342273 237
1694725152684 1.8679344068404022 238
1694725152995 1.0064246904359715 239
1694725153396 4.182999209804696 240
1694725153705 0.5426135418369611 241
1694725154004 7.244937064088282e-06 242
1694725154311 0.5197018652359955 243
1694725154717 6.948171434995098 244
1694725155022 3.158903276984495 245
1694725155290 0.20768453815189966 246
1694725155776 0.11676583234376414 247
1694725156070 1.0104325632511886 248
1694725156432 1.099942824795582 249
1694725156778 5.576788599187826 250
1694725157211 1.0569168648762293 251
1694725157515 0.542468025810868 252
1694725157889 1.7053079144667265 253
1694725158138 0.20985372564808177 254
1694725158368 0.345152614080805 255
1694725158693 22.22442791685117 256
1694725159021 0.16467496386963268 257
1694725159303 0.9047862565343369 258
1694725159572 0.5819442079937339 259
1694725159869 0.010142090312053119 260
1694725160210 0.8055179404879173 261
1694725160529 0.4330286268559158 262
1694725160830 4.0097688150554935 263
1694725161160 2.703103369371866 264
1694725161494 0.0012526498482176994 265
1694725161842 0.3816107969060862 266
1694725162167 1.9557248871778834 267
1694725162520 1.087424212040336 268
1694725162854 13.376045894943443 269
1694725163161 3.096043313361875 270
1694725163482 3.6395784658236185 271
1694725163811 7.517445958342177 272
1694725164103 1.7073244487405532 273
1694725164430 2.7807018074702015 274
1694725164838 1.910614839357442 275
1694725165120 3.0014218403340176 276
1694725165448 3.323964920492905 277
1694725165776 0.16222700696357564 278
1694725166085 22.70761599142102 279
1694725166369 0.10427441436060345 280
1694725166636 1.726436433490374 281
1694725166933 0.0020182736240723794 282
1694725167238 0.8977604535010035 283
1694725167585 0.30788116366494367 284
1694725167914 6.6373497657626235 285
1694725168182 9.712986596345413 286
1694725168500 0.9787942106643457 287
1694725168843 0.22953625508809852 288
1694725169151 0.0024537238518541156 289
1694725169413 1.1362261305337542 290
1694725169745 4.915706343102352 291
1694725170065 1.1717626540771453 292
1694725170306 0.37519396151243745 293
1694725170642 3.2272742906624607 294
1694725170948 1.699549297551511 295
1694725171288 0.3014293770132563 296
1694725171645 1.8486192180538237 297
1694725172064 0.9401297817769821 298
1694725172362 12.124151251543449 299
1694725172689 0.2854295254862487 300
1694725173007 0.25264146078275995 301
1694725173321 0.19655557899953888 302
1694725173667 0.009877876819265998 303
1694725173983 0.03670796120344997 304
1694725174291 0.24899194135995859 305
1694725174613 0.5374234679004962 306
1694725174957 1.3389688581428079 307
1694725175267 0.9123513925017597 308
1694725175581 0.06286805685871234 309
1694725175927 0.9374606319359696 310
1694725176259 0.0439165965117963 311
1694725176611 3.3866841946736055 312
1694725176954 0.16595255079575003 313
1694725177264 0.07122128728602989 314
1694725177607 5.351632153495738 315
1694725177931 0.04209268174144003 316
1694725178276 4.915544531318583 317
1694725178592 2.5764651850572204 318
1694725178862 1.6184757915631658 319
1694725179125 2.8279393286298724 320
1694725179374 0.15510671287537964 321
1694725179725 0.08809254768107513 322
1694725180098 4.017084110930087 323
1694725180410 10.201141941394617 324
1694725180744 3.2413131742623933 325
1694725181033 5.808386518983012 326
1694725181298 0.090165688363244 327
1694725181557 1.5894979396892257 328
1694725181887 5.930713053336454 329
1694725182229 0.643492934443387 330
1694725182549 0.008972069821480988 331
1694725182874 11.436272798270537 332
1694725183166 0.7317596975070573 333
1694725183446 0.7214276137874164 334
1694725183731 8.153483632245624 335
1694725184059 3.6065799070350373 336
1694725184361 0.07483374486079693 337
1694725184729 8.472215548731478 338
1694725185065 0.869112854617074 339
1694725185382 1.7142096479964923 340
1694725185774 9.263116740026357 341
1694725186135 0.000552581889313186 342
1694725186541 0.013471018671295713 343
1694725186876 0.035173879512341376 344
1694725187211 1.6750151705237049 345
1694725187475 1.5015639860299184 346
1694725187773 0.5378725097016283 347
1694725188130 0.16527872871468977 348
1694725188431 4.0933198031267 349
1694725188754 0.0008290590163994923 350
1694725189153 0.02906773779028203 351
1694725189631 7.376371370823185 352
1694725189957 0.9544669296520898 353
1694725190206 1.9669064476406504 354
1694725190473 0.3774896842005224 355
1694725190804 0.1656855870568341 356
1694725191138 6.2739671791332325 357
1694725191477 0.012590163874844495 358
1694725191755 0.1604775562094798 359
1694725192107 0.5939602067904117 360
1694725192444 0.1307523606993789 361
1694725192726 2.917030268771975 362
1694725193017 1.8399825350313073 363
1694725193354 2.5803397572603544 364
1694725193642 1.6800409881816987 365
1694725193957 0.7994198332714653 366
1694725194272 6.274035655263376 367
1694725194561 1.7011738459047905 368
1694725194837 0.05353575754727242 369
1694725195156 2.0185855227433422 370
1694725195433 1.1092290601539374 371
1694725195775 2.678295785258543 372
1694725196065 0.3756558069653511 373
1694725196441 23.78709697189674 374
1694725196713 2.802494188961108 375
1694725196954 0.0003517678534404187 376
1694725197262 0.982232620606634 377
1694725197565 4.155619379615176 378
1694725197896 5.348550455929677 379
1694725198147 0.626278305832331 380
1694725198443 1.225223897694442 381
1694725198749 0.10189219033898755 382
1694725199069 2.618316193891831 383
1694725199346 0.10035675474918852 384
1694725199610 1.7759205877910065 385
1694725199859 1.036172431138784 386
1694725200151 0.269564942770646 387
1694725200386 0.24789497935816768 388
1694725200619 0.12702480482432202 389
1694725200909 10.060257074221058 390
1694725201200 0.2962017433954955 391
1694725201531 3.7844506370399014 392
1694725201853 0.36313958248874534 393
1694725202160 0.7070155140842467 394
1694725202616 1.1765321824945396 395
1694725202892 0.7729483220954355 396
1694725203195 2.4036079402746275 397
1694725203498 0.4495756726436869 398
1694725203742 13.70095697817474 399
1694725204051 0.41339036203967244 400
1694725204501 0.21481023772044594 401
1694725204850 0.1794792070517502 402
1694725205162 0.4159106065917832 403
1694725205493 3.3129673556961263 404
1694725205794 0.2804730439828625 405
1694725206083 1.3440708575365847 406
1694725206448 0.3989511266472907 407
1694725206761 3.469987110390889 408
1694725207033 3.2541533399521416 409
1694725207351 0.8942687407251562 410
1694725207640 0.4265394665356123 411
1694725207845 0.07743108839912896 412
1694725208074 0.05383138370219317 413
1694725208367 0.5815278121954544 414
1694725208703 0.31073430393416746 415
1694725208958 1.3432497575252913 416
1694725209237 4.962759261772281 417
1694725209561 27.036511651043472 418
1694725209825 0.33441155562684693 419
1694725210120 0.011128476309692362 420
1694725210386 0.6366850823482698 421
1694725210736 0.15339313331023424 422
1694725210981 0.7984436156689584 423
1694725211356 0.014065242233570072 424
1694725211691 0.08423619399377798 425
1694725211950 1.8084398797586512 426
1694725212260 2.680599991366314 427
1694725212546 2.025652912841729 428
1694725212875 0.9242352176934902 429
1694725213204 0.16436252317182629 430
1694725213581 0.06988235432250532 431
1694725213907 2.085959836458483 432
1694725214215 1.111072958268365 433
