1694746040878 nan 0
1694746041385 nan 1
1694746041644 nan 2
1694746041959 nan 3
1694746042314 nan 4
1694746042605 nan 5
1694746042958 nan 6
1694746043258 nan 7
1694746043569 nan 8
1694746043797 nan 9
1694746044077 nan 10
1694746044406 nan 11
1694746044657 nan 12
1694746044912 nan 13
1694746045218 nan 14
1694746045526 nan 15
1694746045758 nan 16
1694746046020 nan 17
1694746046251 nan 18
1694746046578 nan 19
1694746046802 nan 20
1694746047085 nan 21
1694746047443 nan 22
1694746047739 nan 23
1694746048066 nan 24
1694746048358 nan 25
1694746048668 nan 26
1694746048933 nan 27
1694746049234 nan 28
1694746049572 nan 29
1694746050022 nan 30
1694746050287 nan 31
1694746050595 nan 32
1694746050883 nan 33
1694746051253 nan 34
1694746051598 nan 35
1694746051848 nan 36
1694746052151 nan 37
1694746052443 nan 38
1694746052749 nan 39
1694746053094 nan 40
1694746053404 nan 41
1694746053701 nan 42
1694746053959 nan 43
1694746054236 nan 44
1694746054547 nan 45
1694746054811 nan 46
1694746055027 nan 47
1694746055308 nan 48
1694746055622 nan 49
1694746055854 nan 50
1694746056223 nan 51
1694746056481 nan 52
1694746056708 nan 53
1694746056934 nan 54
1694746057206 nan 55
1694746057522 nan 56
1694746057796 nan 57
1694746058037 nan 58
1694746058340 nan 59
1694746058574 nan 60
1694746058838 nan 61
1694746059072 nan 62
1694746059389 nan 63
1694746059677 nan 64
1694746059963 nan 65
1694746060290 nan 66
1694746060651 nan 67
1694746060913 nan 68
1694746061348 nan 69
1694746061700 nan 70
1694746061990 nan 71
1694746062297 nan 72
1694746062650 nan 73
1694746063008 nan 74
1694746063297 nan 75
1694746063613 nan 76
1694746063898 nan 77
1694746064148 nan 78
1694746064373 nan 79
1694746064668 nan 80
1694746064998 nan 81
1694746065298 nan 82
1694746065550 nan 83
1694746065857 nan 84
1694746066094 nan 85
1694746066394 nan 86
1694746066707 nan 87
1694746066994 nan 88
1694746067355 nan 89
1694746067673 nan 90
1694746067952 nan 91
1694746068218 nan 92
1694746068515 nan 93
1694746068822 nan 94
1694746069071 nan 95
1694746069373 nan 96
1694746069708 nan 97
1694746069972 nan 98
1694746070260 nan 99
1694746070571 nan 100
1694746070876 nan 101
1694746071182 nan 102
1694746071550 nan 103
1694746071888 nan 104
1694746072211 nan 105
1694746072467 nan 106
1694746072786 nan 107
1694746073119 nan 108
1694746073428 nan 109
1694746073712 nan 110
1694746074060 nan 111
1694746074300 nan 112
1694746074584 nan 113
1694746074907 nan 114
1694746075183 nan 115
1694746075494 nan 116
1694746075790 nan 117
1694746076046 nan 118
1694746076352 nan 119
1694746076673 nan 120
1694746076977 nan 121
1694746077204 nan 122
1694746077429 nan 123
1694746077744 nan 124
1694746078050 nan 125
1694746078334 nan 126
1694746078606 nan 127
1694746078841 nan 128
1694746079076 nan 129
1694746079319 nan 130
1694746079659 nan 131
1694746079968 nan 132
1694746080224 nan 133
1694746080602 nan 134
1694746080917 nan 135
1694746081236 nan 136
1694746081543 nan 137
1694746081857 nan 138
1694746082149 nan 139
1694746082460 nan 140
1694746082878 nan 141
1694746083162 nan 142
1694746083460 nan 143
1694746083687 nan 144
1694746083977 nan 145
1694746084231 nan 146
1694746084543 nan 147
1694746084871 nan 148
1694746085218 nan 149
1694746085517 nan 150
1694746085818 nan 151
1694746086147 nan 152
1694746086438 nan 153
1694746086694 nan 154
1694746086993 nan 155
1694746087351 nan 156
1694746087668 nan 157
1694746087930 nan 158
1694746088250 nan 159
1694746088460 nan 160
1694746088753 nan 161
1694746089117 nan 162
1694746089448 nan 163
1694746089757 nan 164
1694746090070 nan 165
1694746090347 nan 166
1694746090574 nan 167
1694746090843 nan 168
1694746091145 nan 169
1694746091470 nan 170
1694746091887 nan 171
1694746092193 nan 172
1694746092489 nan 173
1694746092851 nan 174
1694746093157 nan 175
1694746093394 nan 176
1694746093700 nan 177
1694746094045 nan 178
1694746094324 nan 179
1694746094622 nan 180
1694746094914 nan 181
1694746095192 nan 182
1694746095415 nan 183
1694746095707 nan 184
1694746095993 nan 185
1694746096321 nan 186
1694746096573 nan 187
1694746096858 nan 188
1694746097143 nan 189
1694746097425 nan 190
1694746097699 nan 191
1694746098000 nan 192
1694746098272 nan 193
1694746098545 nan 194
1694746098792 nan 195
1694746099100 nan 196
1694746099407 nan 197
1694746099850 nan 198
1694746100174 nan 199
1694746100440 nan 200
1694746100769 nan 201
1694746101114 nan 202
1694746101416 nan 203
1694746101697 nan 204
1694746101979 nan 205
1694746102313 nan 206
1694746102551 nan 207
1694746103028 nan 208
1694746103311 nan 209
1694746103621 nan 210
1694746103902 nan 211
1694746104232 nan 212
1694746104503 nan 213
1694746104771 nan 214
1694746105132 nan 215
1694746105435 nan 216
1694746105672 nan 217
1694746105907 nan 218
1694746106179 nan 219
1694746106518 nan 220
1694746106855 nan 221
1694746107188 nan 222
1694746107494 nan 223
1694746107782 nan 224
1694746108115 nan 225
1694746108437 nan 226
1694746108710 nan 227
1694746109036 nan 228
1694746109363 nan 229
1694746109691 nan 230
1694746110001 nan 231
1694746110249 nan 232
1694746110527 nan 233
1694746110793 nan 234
1694746111078 nan 235
1694746111456 nan 236
1694746111794 nan 237
1694746112029 nan 238
1694746112321 nan 239
1694746112619 nan 240
1694746112870 nan 241
1694746113109 nan 242
1694746113429 nan 243
1694746113690 nan 244
1694746113992 nan 245
1694746114258 nan 246
1694746114579 nan 247
1694746114856 nan 248
1694746115135 nan 249
1694746115469 nan 250
1694746115732 nan 251
1694746116135 nan 252
1694746116395 nan 253
1694746116677 nan 254
1694746116911 nan 255
1694746117217 nan 256
1694746117535 nan 257
1694746117810 nan 258
1694746118095 nan 259
1694746118472 nan 260
1694746118785 nan 261
1694746119051 nan 262
1694746119291 nan 263
1694746119540 nan 264
1694746119863 nan 265
1694746120080 nan 266
1694746120389 nan 267
1694746120727 nan 268
1694746120966 nan 269
1694746121286 nan 270
1694746121822 nan 271
1694746122265 nan 272
1694746122604 nan 273
1694746123052 nan 274
1694746123429 nan 275
1694746123843 nan 276
1694746124142 nan 277
1694746124515 nan 278
1694746124945 nan 279
1694746125283 nan 280
1694746125642 nan 281
1694746126077 nan 282
1694746126323 nan 283
1694746126552 nan 284
1694746126792 nan 285
1694746127034 nan 286
1694746127329 nan 287
1694746127562 nan 288
1694746127868 nan 289
1694746128099 nan 290
1694746128383 nan 291
1694746128685 nan 292
1694746128930 nan 293
1694746129156 nan 294
1694746129490 nan 295
1694746129826 nan 296
1694746130084 nan 297
1694746130308 nan 298
1694746130638 nan 299
1694746130940 nan 300
1694746131258 nan 301
1694746131604 nan 302
1694746131950 nan 303
1694746132156 nan 304
1694746132405 nan 305
1694746132711 nan 306
1694746133032 nan 307
1694746133273 nan 308
1694746133520 nan 309
1694746133850 nan 310
1694746134130 nan 311
1694746134348 nan 312
1694746134662 nan 313
1694746134979 nan 314
1694746135212 nan 315
1694746135475 nan 316
1694746135809 nan 317
1694746136112 nan 318
1694746136388 nan 319
1694746136705 nan 320
1694746137027 nan 321
1694746137297 nan 322
1694746137609 nan 323
1694746137928 nan 324
1694746138209 nan 325
1694746138576 nan 326
1694746138886 nan 327
1694746139138 nan 328
1694746139365 nan 329
1694746139604 nan 330
1694746139897 nan 331
1694746140181 nan 332
1694746140448 nan 333
1694746140811 nan 334
1694746141163 nan 335
1694746141494 nan 336
1694746141802 nan 337
1694746142132 nan 338
1694746142451 nan 339
1694746142757 nan 340
1694746143147 nan 341
1694746143433 nan 342
1694746143755 nan 343
1694746144055 nan 344
1694746144309 nan 345
1694746144628 nan 346
1694746144921 nan 347
1694746145215 nan 348
1694746145511 nan 349
1694746145750 nan 350
1694746145964 nan 351
1694746146210 nan 352
1694746146443 nan 353
1694746146692 nan 354
1694746146987 nan 355
1694746147339 nan 356
1694746147637 nan 357
1694746147917 nan 358
1694746148216 nan 359
1694746148444 nan 360
1694746148794 nan 361
1694746149053 nan 362
1694746149267 nan 363
1694746149595 nan 364
1694746149846 nan 365
1694746150066 nan 366
1694746150333 nan 367
1694746150560 nan 368
1694746150875 nan 369
1694746151212 nan 370
1694746151506 nan 371
1694746151841 nan 372
1694746152145 nan 373
1694746152463 nan 374
1694746152762 nan 375
1694746153104 nan 376
1694746153365 nan 377
1694746153606 nan 378
1694746153880 nan 379
1694746154221 nan 380
1694746154512 nan 381
1694746154844 nan 382
1694746155167 nan 383
1694746155471 nan 384
1694746155699 nan 385
1694746155972 nan 386
1694746156267 nan 387
1694746156514 nan 388
1694746156749 nan 389
1694746157018 nan 390
1694746157248 nan 391
1694746157525 nan 392
1694746157777 nan 393
1694746158011 nan 394
1694746158370 nan 395
1694746158632 nan 396
1694746158851 nan 397
1694746159106 nan 398
1694746159347 nan 399
1694746159611 nan 400
1694746159962 nan 401
1694746160254 nan 402
1694746160566 nan 403
1694746160824 nan 404
1694746161128 nan 405
1694746161498 nan 406
1694746161744 nan 407
1694746161967 nan 408
1694746162173 nan 409
1694746162433 nan 410
1694746162692 nan 411
1694746163076 nan 412
1694746163335 nan 413
1694746163577 nan 414
1694746163817 nan 415
1694746164096 nan 416
1694746164344 nan 417
1694746164656 nan 418
1694746164897 nan 419
1694746165259 nan 420
1694746165604 nan 421
1694746165828 nan 422
1694746166068 nan 423
1694746166329 nan 424
1694746166701 nan 425
1694746166943 nan 426
1694746167249 nan 427
1694746167521 nan 428
1694746167798 nan 429
1694746168044 nan 430
1694746168342 nan 431
1694746168568 nan 432
1694746168825 nan 433
1694746169138 nan 434
1694746169480 nan 435
1694746169765 nan 436
1694746170076 nan 437
1694746170373 nan 438
1694746170664 nan 439
1694746170913 nan 440
1694746171216 nan 441
1694746171539 nan 442
1694746171849 nan 443
1694746172077 nan 444
1694746172302 nan 445
1694746172562 nan 446
1694746172834 nan 447
1694746173103 nan 448
1694746173339 nan 449
1694746173591 nan 450
1694746173823 nan 451
1694746174109 nan 452
1694746174406 nan 453
1694746174721 nan 454
1694746174963 nan 455
1694746175187 nan 456
1694746175407 nan 457
1694746175678 nan 458
1694746175897 nan 459
1694746176213 nan 460
1694746176530 nan 461
1694746176838 nan 462
1694746177084 nan 463
1694746177337 nan 464
1694746177588 nan 465
1694746177869 nan 466
1694746178101 nan 467
1694746178380 nan 468
1694746178640 nan 469
1694746178890 nan 470
1694746179111 nan 471
1694746179364 nan 472
1694746179788 nan 473
1694746179985 nan 474
1694746180256 nan 475
1694746180622 nan 476
1694746180906 nan 477
1694746181217 nan 478
1694746181573 nan 479
1694746181909 nan 480
1694746182222 nan 481
1694746182542 nan 482
1694746182993 nan 483
1694746183245 nan 484
1694746183545 nan 485
1694746183844 nan 486
1694746184102 nan 487
1694746184410 nan 488
1694746184715 nan 489
1694746185054 nan 490
1694746185373 nan 491
1694746185707 nan 492
1694746186001 nan 493
1694746186299 nan 494
1694746186623 nan 495
1694746186918 nan 496
1694746187146 nan 497
1694746187491 nan 498
1694746187804 nan 499
