1694726882060 168.87260894317848 0
1694726882337 8.479149418650998 1
1694726882661 2.6248528025870237 2
1694726882997 2.375451680799126 3
1694726883308 2.371455339024885 4
1694726883637 2.3697859387534472 5
1694726884008 2.3695333246727124 6
1694726884359 2.3690775623434153 7
1694726884732 2.368664886588691 8
1694726885079 2.368245120720697 9
1694726885493 2.3678278783625246 10
1694726885894 2.367411292653285 11
1694726886279 2.366995721980661 12
1694726886669 2.366581094210683 13
1694726887044 2.366167420541101 14
1694726887399 2.36575469604979 15
1694726887834 2.3653429189416038 16
1694726888245 2.36493208682347 17
1694726888604 2.3645221974252544 18
1694726889037 2.364113248460233 19
1694726889390 2.3637052376520677 20
1694726889748 2.3632981627295724 21
1694726890108 2.362892021427696 22
1694726890404 2.3624868114873196 23
1694726890702 2.362082530655271 24
1694726891248 2.361679176684299 25
1694726891698 2.3612767473330614 26
1694726892070 2.3608752403661053 27
1694726892442 2.3604746535538492 28
1694726892778 2.360074984672566 29
1694726893111 2.3596762315043693 30
1694726893453 2.3592783918371905 31
1694726893810 2.358881463464766 32
1694726894132 2.3584854441866185 33
1694726894423 2.3580903318080417 34
1694726894709 2.3576961241400807 35
1694726895040 2.357302818999516 36
1694726895321 2.3569104142088504 37
1694726895601 2.3565189075962865 38
1694726896014 2.356128296995714 39
1694726896322 2.355738580246692 40
1694726896699 2.3553497551944322 41
1694726897049 2.354961819689782 42
1694726897458 2.3545747715892102 43
1694726897847 2.3541886087547876 44
1694726898254 2.3538033290541724 45
1694726898605 2.3534189303605952 46
1694726898952 2.3530354105528386 47
1694726899300 2.3526527675152256 48
1694726899646 2.352270999137601 49
1694726900003 2.351890103315316 50
1694726900372 2.3515100779492126 51
1694726900718 2.3511309209456055 52
1694726901075 2.3507526302162693 53
1694726901426 2.350375203678421 54
1694726901777 2.3499986392547036 55
1694726902115 2.3496229348731723 56
1694726902430 2.349248088467276 57
1694726902829 2.3488740979758447 58
1694726903199 2.348500961343072 59
1694726903553 2.3481286765184994 60
1694726903883 2.3477572414570016 61
1694726904228 2.3473866541187722 62
1694726904533 2.347016912469305 63
1694726904892 2.3466480144793813 64
1694726905241 2.3462799581250553 65
1694726905539 2.345912741387636 66
1694726905891 2.3455463622536734 67
1694726906338 2.345180818714944 68
1694726906598 2.3448161087684345 69
1694726906902 2.344452230416328 70
1694726907318 2.3440891816659897 71
1694726907608 2.3437269605299473 72
1694726908014 2.3433655650258816 73
1694726908349 2.3430049931766104 74
1694726908639 2.3426452430100704 75
1694726908961 2.3422863125593065 76
1694726909311 2.3419281998624544 77
1694726909700 2.3415709029627276 78
1694726910043 2.3412144199084017 79
1694726910368 2.3408587487528023 80
1694726910623 2.3405038875542843 81
1694726910919 2.340149834376225 82
1694726911282 2.339796587287005 83
1694726911596 2.3394441443599945 84
1694726911960 2.3390925036735415 85
1694726912299 2.3387416633109535 86
1694726912574 2.3383916213604867 87
1694726912847 2.3380423759153297 88
1694726913161 2.337693925073589 89
1694726913500 2.3373462669382774 90
1694726913818 2.3369993996172997 91
1694726914178 2.336653321223434 92
1694726914525 2.3363080298743246 93
1694726914933 2.3359635236924623 94
1694726915277 2.3356198008051745 95
1694726915593 2.3352768593446087 96
1694726915936 2.3349346974477205 97
1694726916336 2.3345933132562586 98
1694726916681 2.334252704916753 99
1694726917047 2.333912870580498 100
1694726917369 2.3335738084035413 101
1694726917715 2.333235516546671 102
1694726918142 2.332897993175398 103
1694726918468 2.3325612364599486 104
1694726918836 2.3322252445752456 105
1694726919187 2.331890015700898 106
1694726919507 2.3315555480211865 107
1694726919869 2.33122183972505 108
1694726920190 2.330888889006073 109
1694726920480 2.3305566940624725 110
1694726920779 2.330225253097084 111
1694726921141 2.329894564317349 112
1694726921477 2.329564625935302 113
1694726921747 2.329235436167556 114
1694726922012 2.3289069932352926 115
1694726922325 2.3285792953642455 116
1694726922639 2.32825234078469 117
1694726923002 2.3279261277314274 118
1694726923435 2.3276006544437777 119
1694726923729 2.327275919165559 120
1694726924038 2.3269519201450817 121
1694726924382 2.3266286556351314 122
1694726924751 2.3263061238929588 123
1694726925064 2.325984323180265 124
1694726925422 2.3256632517631903 125
1694726925790 2.3253429079123014 126
1694726926245 2.3250232899025787 127
1694726926766 2.324704396013403 128
1694726927211 2.3243862245285456 129
1694726927565 2.3240687737361525 130
1694726927858 2.323752041928733 131
1694726928236 2.323436027403151 132
1694726928557 2.3231207284606077 133
1694726928819 2.322806143406632 134
1694726929072 2.3224922705510664 135
1694726929435 2.3221791082080587 136
1694726929707 2.321866654696046 137
1694726929995 2.3215549083377423 138
1694726930378 2.321243867460131 139
1694726930740 2.320933530394448 140
1694726931034 2.3206238954761735 141
1694726931399 2.320314961045016 142
1694726931707 2.3200067254449035 143
1694726932069 2.3196991870239714 144
1694726932374 2.3193923441345503 145
1694726932804 2.319086195133152 146
1694726933085 2.3187807383804624 147
1694726933388 2.318475972241325 148
1694726933708 2.3181718950847316 149
1694726933992 2.3178685052838115 150
1694726934339 2.3175658012158182 151
1694726934654 2.3172637812621186 152
1694726935063 2.3169624438081793 153
1694726935442 2.3166617872435604 154
1694726935869 2.316361809961899 155
1694726936283 2.316062510360899 156
1694726936611 2.315763886842321 157
1694726936929 2.3154659378119695 158
1694726937374 2.315168661679684 159
1694726937678 2.314872056859323 160
1694726937970 2.3145761217687584 161
1694726938287 2.3142808548298603 162
1694726938621 2.3139862544684875 163
1694726938913 2.3136923191144763 164
1694726939235 2.3133990472016293 165
1694726939646 2.3131064371677015 166
1694726939909 2.312814487454396 167
1694726940264 2.312523196507345 168
1694726940635 2.312232562776107 169
1694726940945 2.311942584714147 170
1694726941286 2.311653260778834 171
1694726941630 2.3113645894314243 172
1694726942020 2.311076569137052 173
1694726942506 2.3107891983647217 174
1694726942814 2.310502475587293 175
1694726943129 2.310216399281472 176
1694726943443 2.3099309679277997 177
1694726943733 2.309646180010644 178
1694726944108 2.309362034018185 179
1694726944465 2.3090785284424076 180
1694726944790 2.3087956617790897 181
1694726945108 2.308513432527791 182
1694726945444 2.308231839191844 183
1694726945778 2.3079508802783426 184
1694726946169 2.3076705542981326 185
1694726946554 2.3073908597657993 186
1694726946848 2.3071117951996585 187
1694726947219 2.3068333591217485 188
1694726947563 2.3065555500578143 189
1694726947913 2.3062783665373017 190
1694726948254 2.306001807093347 191
1694726948628 2.3057258702627625 192
1694726948993 2.305450554586033 193
1694726949352 2.3051758586073 194
1694726949703 2.3049017808743537 195
1694726950061 2.304628319938624 196
1694726950433 2.304355474355168 197
1694726950755 2.304083242682663 198
1694726951135 2.303811623483393 199
1694726951497 2.303540615323241 200
1694726951831 2.303270216771681 201
1694726952187 2.303000426401762 202
1694726952532 2.302731242790105 203
1694726952877 2.3024626645168884 204
1694726953157 2.302194690165841 205
1694726953563 2.3019273183242306 206
1694726953860 2.301660547582854 207
1694726954176 2.301394376536029 208
1694726954522 2.301128803781585 209
1694726954861 2.300863827920849 210
1694726955169 2.3005994475586418 211
1694726955483 2.3003356613032655 212
1694726955817 2.3000724677664923 213
1694726956185 2.299809865563559 214
1694726956493 2.2995478533131544 215
1694726956837 2.2992864296374105 216
1694726957249 2.2990255931618933 217
1694726957558 2.2987653425155945 218
1694726958008 2.2985056763309206 219
1694726958369 2.2982465932436833 220
1694726958707 2.297988091893091 221
1694726959021 2.29773017092174 222
1694726959370 2.297472828975604 223
1694726959692 2.2972160647040263 224
1694726960005 2.296959876759708 225
1694726960406 2.296704263798702 226
1694726960733 2.2964492244804027 227
1694726961044 2.2961947574675357 228
1694726961440 2.295940861426149 229
1694726961785 2.2956875350256056 230
1694726962105 2.2954347769385732 231
1694726962492 2.2951825858410153 232
1694726962851 2.2949309604121817 233
1694726963231 2.2946798993346 234
1694726963554 2.294429401294068 235
1694726963897 2.294179464979642 236
1694726964227 2.2939300890836307 237
1694726964560 2.2936812723015847 238
1694726964923 2.293433013332287 239
1694726965260 2.2931853108777474 240
1694726965580 2.2929381636431896 241
1694726965931 2.292691570337045 242
1694726966323 2.2924455296709447 243
1694726966673 2.2922000403597083 244
1694726966992 2.291955101121336 245
1694726967392 2.2917107106770023 246
1694726967765 2.2914668677510437 247
1694726968132 2.2912235710709523 248
1694726968499 2.2909808193673684 249
1694726968850 2.290738611374069 250
1694726969134 2.29049694582796 251
1694726969518 2.2902558214690716 252
1694726969910 2.2900152370405427 253
1694726970223 2.2897751912886193 254
1694726970527 2.2895356829626423 255
1694726970833 2.2892967108150404 256
1694726971138 2.28905827360132 257
1694726971477 2.2888203700800616 258
1694726971865 2.288582999012905 259
1694726972176 2.288346159164545 260
1694726972503 2.288109849302723 261
1694726972833 2.2878740681982186 262
1694726973119 2.287638814624839 263
1694726973397 2.2874040873594157 264
1694726973693 2.2871698851817897 265
1694726974010 2.28693620687481 266
1694726974334 2.286703051224322 267
1694726974670 2.286470417019159 268
1694726975024 2.2862383030511366 269
1694726975331 2.2860067081150417 270
1694726975681 2.285775631008627 271
1694726976038 2.285545070532601 272
1694726976511 2.285315025490623 273
1694726976836 2.2850854946892913 274
1694726977161 2.2848564769381374 275
1694726977506 2.2846279710496202 276
1694726977855 2.284399975839112 277
1694726978224 2.284172490124898 278
1694726978604 2.2839455127281627 279
1694726978902 2.283719042472986 280
1694726979213 2.2834930781863334 281
1694726979533 2.283267618698048 282
1694726979845 2.2830426628408445 283
1694726980114 2.2828182094502996 284
1694726980471 2.282594257364845 285
1694726980784 2.2823708054257614 286
1694726981108 2.282147852477168 287
1694726981468 2.2819253973660176 288
1694726981800 2.2817034389420865 289
1694726982092 2.281481976057968 290
1694726982417 2.2812610075690674 291
1694726982777 2.281040532333588 292
1694726983083 2.2808205492125326 293
1694726983425 2.2806010570696866 294
1694726983763 2.2803820547716183 295
1694726984102 2.280163541187667 296
1694726984459 2.279945515189937 297
1694726984803 2.27972797565329 298
1694726985095 2.2795109214553375 299
1694726985419 2.2792943514764348 300
1694726985792 2.279078264599671 301
1694726986127 2.278862659710867 302
1694726986463 2.278647535698559 303
1694726986789 2.278432891454002 304
1694726987115 2.2782187258711546 305
1694726987433 2.278005037846675 306
1694726987787 2.2777918262799135 307
1694726988192 2.2775790900729067 308
1694726988512 2.277366828130367 309
1694726988783 2.2771550393596787 310
1694726989054 2.2769437226708886 311
1694726989564 2.2767328769767 312
1694726990064 2.2765225011924657 313
1694726990434 2.276312594236183 314
1694726990759 2.2761031550284807 315
1694726991093 2.275894182492618 316
1694726991740 2.275685675554476 317
1694726992114 2.275477633142548 318
1694726992410 2.275270054187937 319
1694726992842 2.275062937624346 320
1694726993173 2.2748562823880705 321
1694726993463 2.2746500874179936 322
1694726993772 2.2744443516555783 323
1694726994088 2.274239074044861 324
1694726994377 2.274034253532444 325
1694726994660 2.273829889067488 326
1694726994988 2.2736259796017078 327
1694726995296 2.2734225240893653 328
1694726995601 2.2732195214872575 329
1694726995920 2.273016970754719 330
1694726996272 2.272814870853606 331
1694726996548 2.2726132207482967 332
1694726996856 2.2724120194056803 333
1694726997193 2.2722112657951516 334
1694726997586 2.272010958888606 335
1694726997991 2.2718110976604304 336
1694726998266 2.2716116810874984 337
1694726998583 2.271412708149163 338
1694726998932 2.2712141778272503 339
1694726999267 2.271016089106052 340
1694726999636 2.270818440972321 341
1694727000034 2.2706212324152624 342
1694727000376 2.27042446242653 343
1694727000718 2.270228130000216 344
1694727001016 2.27003223413285 345
1694727001302 2.2698367738233856 346
1694727001629 2.2696417480732003 347
1694727002013 2.2694471558860863 348
1694727002314 2.269252996268243 349
1694727002582 2.2690592682282733 350
1694727002930 2.2688659707771777 351
1694727003230 2.2686731029283433 352
1694727003536 2.2684806636975425 353
1694727003851 2.2682886521029246 354
1694727004226 2.26809706716501 355
1694727004536 2.2679059079066843 356
1694727004849 2.26771517335319 357
1694727005184 2.267524862532124 358
1694727005479 2.2673349744734286 359
1694727005784 2.267145508209385 360
1694727006159 2.266956462774611 361
1694727006555 2.26676783720605 362
1694727006905 2.2665796305429677 363
1694727007239 2.266391841826946 364
1694727007556 2.266204470101876 365
1694727007952 2.266017514413953 366
1694727008299 2.2658309738116684 367
1694727008649 2.265644847345807 368
1694727009072 2.265459134069438 369
1694727009393 2.2652738330379103 370
1694727009682 2.2650889433088466 371
1694727010050 2.264904463942138 372
1694727010398 2.264720393999936 373
1694727010769 2.2645367325466497 374
1694727011133 2.264353478648937 375
1694727011447 2.2641706313757006 376
1694727011806 2.2639881897980807 377
1694727012140 2.26380615298945 378
1694727012457 2.2636245200254104 379
1694727012782 2.2634432899837806 380
1694727013092 2.263262461944598 381
1694727013405 2.2630820349901066 382
1694727013719 2.262902008204757 383
1694727013987 2.2627223806751937 384
1694727014295 2.2625431514902568 385
1694727014628 2.2623643197409717 386
1694727014984 2.262185884520544 387
1694727015305 2.2620078449243546 388
1694727015644 2.2618302000499546 389
1694727016005 2.261652948997058 390
1694727016395 2.261476090867538 391
1694727016661 2.261299624765419 392
1694727016973 2.2611235497968747 393
1694727017406 2.260947865070217 394
1694727017713 2.260772569695898 395
1694727018167 2.2605976627864948 396
1694727018490 2.2604231434567144 397
1694727018814 2.2602490108233804 398
1694727019155 2.260075264005431 399
1694727019485 2.2599019021239126 400
1694727019811 2.259728924301975 401
1694727020166 2.2595563296648646 402
1694727020576 2.2593841173399207 403
1694727020927 2.25921228645657 404
1694727021271 2.2590408361463177 405
1694727021550 2.258869765542748 406
1694727021892 2.2586990737815147 407
1694727022194 2.258528760000335 408
1694727022521 2.2583588233389884 409
1694727022906 2.2581892629393083 410
1694727023258 2.2580200779451762 411
1694727023641 2.257851267502519 412
1694727023968 2.2576828307593018 413
1694727024318 2.2575147668655227 414
1694727024615 2.2573470749732083 415
1694727024990 2.257179754236408 416
1694727025350 2.2570128038111896 417
1694727025631 2.256846222855633 418
1694727025918 2.2566800105298257 419
1694727026304 2.2565141659958563 420
1694727026619 2.2563486884178126 421
1694727026940 2.256183576961773 422
1694727027298 2.256018830795802 423
1694727027638 2.2558544490899477 424
1694727028024 2.2556904310162333 425
1694727028377 2.255526775748654 426
1694727028642 2.255363482463172 427
1694727028967 2.2552005503377104 428
1694727029293 2.255037978552148 429
1694727029611 2.254875766288317 430
1694727029940 2.2547139127299936 431
1694727030340 2.2545524170628974 432
1694727030635 2.2543912784746825 433
1694727030949 2.254230496154936 434
1694727031290 2.254070069295171 435
1694727031576 2.253909997088822 436
1694727031914 2.2537502787312405 437
1694727032256 2.253590913419689 438
1694727032521 2.253431900353337 439
1694727032823 2.253273238733257 440
1694727033157 2.2531149277624176 441
1694727033499 2.252956966645679 442
1694727033787 2.2527993545897904 443
1694727034147 2.2526420908033837 444
1694727034533 2.2524851744969663 445
1694727034760 2.2523286048829205 446
1694727035059 2.2521723811754963 447
1694727035372 2.2520165025908074 448
1694727035718 2.2518609683468256 449
1694727036075 2.251705777663376 450
1694727036458 2.2515509297621352 451
1694727036737 2.251396423866623 452
1694727037090 2.251242259202197 453
1694727037414 2.251088434996053 454
1694727037675 2.250934950477216 455
1694727038079 2.2507818048765365 456
1694727038458 2.2506289974266855 457
1694727038768 2.250476527362152 458
1694727039180 2.250324393919236 459
1694727039559 2.2501725963360446 460
1694727039791 2.250021133852488 461
1694727040034 2.249870005710274 462
1694727040280 2.249719211152904 463
1694727040560 2.249568749425668 464
1694727040849 2.249418619775642 465
1694727041200 2.249268821451678 466
1694727041507 2.2491193537044087 467
1694727041832 2.2489702157862332 468
1694727042146 2.2488214069513193 469
1694727042434 2.248672926455595 470
1694727042753 2.2485247735567473 471
1694727043003 2.2483769475142146 472
1694727043323 2.2482294475891846 473
1694727043619 2.2480822730445893 474
1694727043930 2.2479354231450994 475
1694727044260 2.247788897157122 476
1694727044606 2.2476426943487935 477
1694727044920 2.247496813989978 478
1694727045307 2.247351255352261 479
1694727045658 2.247206017708946 480
1694727046002 2.24706110033505 481
1694727046441 2.2469165025072986 482
1694727046722 2.2467722235041214 483
1694727046994 2.2466282626056504 484
1694727047309 2.2464846190937116 485
1694727047679 2.246341292251824 486
1694727048112 2.246198281365195 487
1694727048437 2.2460555857207116 488
1694727048750 2.245913204606945 489
1694727049058 2.2457711373141365 490
1694727049464 2.2456293831342014 491
1694727049750 2.245487941360719 492
1694727050101 2.245346811288932 493
1694727050533 2.2452059922157406 494
1694727050850 2.2450654834396984 495
1694727051126 2.24492528426101 496
1694727051438 2.2447853939815237 497
1694727051735 2.24464581190473 498
1694727051995 2.2445065373357567 499
