1694744461921 167.14943537579853 0
1694744462288 8.475364484656078 1
1694744462599 68.63601664094053 2
1694744462907 11.611597393644997 3
1694744463248 32.06270257117211 4
1694744463581 10.55290108694355 5
1694744463929 16.882446310738896 6
1694744464233 8.311146345389151 7
1694744464567 9.93411886569308 8
1694744464891 6.294464198029544 9
1694744465217 6.494632252704497 10
1694744465580 4.836408590842064 11
1694744465942 4.690302618188691 12
1694744466296 3.878842634508193 13
1694744466629 3.704616505815277 14
1694744466980 3.2805529403055345 15
1694744467327 3.1513157201714534 16
1694744467632 2.9170719502716906 17
1694744468015 2.8351363824885376 18
1694744468395 2.699884340209063 19
1694744468715 2.6523243102062017 20
1694744469022 2.5714486076312526 21
1694744469374 2.545777900709618 22
1694744469660 2.496020839841432 23
1694744470006 2.483318288724288 24
1694744470324 2.4519487610126443 25
1694744470707 2.44652806208446 26
1694744471133 2.4263072218173973 27
1694744471457 2.424759443795996 28
1694744471871 2.4114493568375255 29
1694744472222 2.4118156813721248 30
1694744472575 2.4028770556308987 31
1694744472931 2.4040739951455703 32
1694744473277 2.3979550327245165 33
1694744473648 2.3994092400014315 34
1694744473996 2.395144270111858 35
1694744474310 2.396571247649411 36
1694744474643 2.3935485946190056 37
1694744474895 2.394822567709338 38
1694744475361 2.392647774030231 39
1694744475688 2.3937269127130705 40
1694744476006 2.392140910763547 41
1694744476349 2.393025285567083 42
1694744476739 2.3918547678085393 43
1694744477080 2.392563299265017 44
1694744477513 2.3916902089723115 45
1694744477847 2.3922484555001438 46
1694744478204 2.391590965759786 47
1694744478621 2.3920249870528636 48
1694744479000 2.391525461464841 49
1694744479507 2.3918590126435872 50
1694744480006 2.3914762600330213 51
1694744480309 2.3917297555395063 52
1694744480644 2.391433960376422 53
1694744480983 2.391624333351435 54
1694744481334 2.39139367771325 55
1694744481697 2.3915346550027543 56
1694744482111 2.3913530269490795 57
1694744482487 2.391455563902342 58
1694744482863 2.391310975551736 59
1694744483293 2.3913837202686596 60
1694744483675 2.3912671977721405 61
1694744483998 2.391316923459765 62
1694744484423 2.391221716413223 63
1694744484804 2.3912536974347263 64
1694744485225 2.391174708339545 65
1694744485523 2.391193034475473 66
1694744485823 2.3911264023032666 67
1694744486165 2.3911342347706808 68
