1694717667311 3.0377075138747127 0
1694717667667 1.5883861664226953 1
1694717668024 3.860193308680164 2
1694717668265 2.375099314102071 3
1694717668655 1.7726917938137312 4
1694717668969 2.8288942896092975 5
1694717669261 2.502575516153431 6
1694717669541 2.059807675365721 7
1694717669757 2.2362085495849855 8
1694717670005 2.0240849131874667 9
1694717670322 2.1798618471665763 10
1694717670602 1.7256784291791092 11
1694717670856 1.7859025365417607 12
1694717671173 1.3809414729208784 13
1694717671405 2.853114027994297 14
1694717671670 2.428930539204921 15
1694717671850 2.143753939101777 16
1694717672055 1.878309128785585 17
1694717672301 3.119739810098406 18
1694717672585 2.8924659297850606 19
1694717672794 2.9116425551638927 20
1694717672942 2.019571579755956 21
1694717673087 1.223838482557723 22
1694717673274 2.112687856725568 23
1694717673514 1.6889615728717597 24
1694717673745 3.2895545476719685 25
1694717673922 2.1987624114183864 26
1694717674182 2.285093261362054 27
1694717674458 1.9440495536600944 28
1694717674723 1.5801044032317388 29
1694717674924 2.513500342092594 30
1694717675158 2.1861650138297266 31
1694717675398 2.7455311046531095 32
1694717675645 1.8693490623762432 33
1694717675829 1.4286336592132456 34
1694717676061 2.5634980709153354 35
1694717676324 2.3275239659464275 36
1694717676668 2.6465535920105863 37
1694717677166 2.095438105323188 38
1694717677433 1.3641423675505537 39
1694717677696 2.808335184129957 40
1694717677898 2.3284257930456946 41
1694717678063 2.8518140223369657 42
1694717678243 2.4842859666794195 43
1694717678452 2.769218170233756 44
1694717678741 2.9870787723245877 45
1694717678980 1.605130025924616 46
1694717679207 2.697260165354584 47
1694717679500 1.9005370547889964 48
1694717679757 2.8307729219739346 49
1694717679975 2.2634223175235664 50
1694717680188 2.2057372281286507 51
1694717680463 2.533170268433523 52
1694717680721 2.5975579259856416 53
1694717680953 1.7507642147292592 54
1694717681167 2.7685948063248405 55
1694717681397 1.6049017241374202 56
1694717681726 2.3560926621106097 57
1694717681914 1.535697791810899 58
1694717682074 2.0423297721664557 59
1694717682253 1.6792279909231762 60
1694717682412 1.895054011473751 61
1694717682626 2.1076785602024466 62
1694717682860 2.6885666669748876 63
1694717683097 2.7186581480986436 64
1694717683337 1.7319268557230307 65
1694717683580 1.6648816155477597 66
1694717683871 2.4819015343543502 67
1694717684033 2.1765913368276553 68
1694717684292 2.877705844211212 69
1694717684540 1.5173835130532836 70
1694717684829 2.2890683149395192 71
1694717685035 2.274380708005604 72
1694717685257 2.3499471752402905 73
1694717685471 1.89901037578309 74
1694717685693 1.541318809699077 75
1694717685928 2.957616600073095 76
1694717686208 1.798512784529571 77
1694717686456 1.6867051066115757 78
1694717686703 1.5000006902124323 79
1694717686944 2.3708041466440557 80
1694717687150 2.8645054972914274 81
1694717687319 1.882547880452692 82
1694717687537 2.3248442438454204 83
1694717687780 1.9128650253192965 84
1694717688003 1.8134428961197016 85
1694717688244 2.070954512792436 86
1694717688520 2.594146488805206 87
1694717688797 2.258674306530531 88
1694717689023 1.854401342833728 89
1694717689227 2.072099436453371 90
1694717689460 2.1455393593272407 91
1694717689709 1.1605879596224418 92
1694717689944 2.1337090826631413 93
1694717690137 1.7731448318254168 94
1694717690368 2.916558742783745 95
1694717690704 2.4959800982222133 96
1694717690910 1.3502775174803898 97
1694717691085 1.4966716327256289 98
1694717691315 1.18362425837133 99
1694717691570 2.3509684245845532 100
1694717691792 2.4080988999515407 101
1694717691990 2.6085592865642626 102
1694717692179 2.0365653394744148 103
1694717692450 2.643566348563138 104
1694717692695 2.204101711748099 105
1694717692957 1.3403877423705013 106
1694717693209 1.324297785374546 107
1694717693517 1.3277719319843861 108
1694717693831 2.0582145282862134 109
1694717694098 1.786726869610328 110
1694717694372 2.26756460133175 111
1694717694624 1.522927157452029 112
1694717694920 2.5260665683353074 113
1694717695160 2.044837320717511 114
1694717695411 2.1561951922111464 115
1694717695638 2.268465517492108 116
1694717695864 2.2316021105587565 117
1694717696066 2.1788273625790677 118
1694717696316 2.0551659412909196 119
1694717696569 1.6792492698380028 120
1694717696762 1.8063006082132291 121
1694717696960 1.9225596661917188 122
1694717697119 2.2559130702941963 123
1694717697398 1.8707605477793756 124
1694717697647 1.581541803006118 125
1694717697881 1.7974649396586682 126
1694717698138 2.4020771073087217 127
1694717698354 2.1543441505690857 128
1694717698573 2.8075622503323827 129
1694717698883 1.8744104904049992 130
1694717699055 1.9025984268105427 131
1694717699248 0.9166757212788446 132
1694717699544 2.3238214352437763 133
1694717699806 1.3832371554268492 134
1694717700025 1.8088553313856819 135
1694717700179 1.3351302298506684 136
1694717700383 2.04002897070853 137
1694717700563 2.8518165469741916 138
1694717700768 2.438779599559256 139
1694717701039 3.0507810872020173 140
1694717701299 2.594947951185986 141
1694717701562 2.931149551791284 142
1694717701878 1.7459397115906594 143
1694717702077 2.389309073358083 144
1694717702234 1.7641823028194514 145
1694717702453 2.6251772604733308 146
1694717702664 2.105159932162509 147
1694717702924 1.6688158745989263 148
1694717703104 2.112313726975646 149
1694717703346 1.6422126805169133 150
1694717703604 2.2254114586377916 151
1694717703897 1.6781591437227132 152
1694717704213 1.7479141186004385 153
1694717704467 1.3313724178376993 154
1694717704725 2.9654678140322215 155
1694717704918 1.2683479713033392 156
1694717705113 1.4834216086806957 157
1694717705313 1.0870052951792262 158
1694717705543 2.480978872542206 159
1694717705742 1.927668581398299 160
1694717705941 1.0144435760717538 161
1694717706123 1.4799915151507321 162
1694717706407 1.8155623481982504 163
1694717706620 1.8145441937243771 164
1694717706823 1.555343537061591 165
1694717707019 1.7042440196921653 166
1694717707231 2.2810421560153915 167
1694717707469 1.7824006045384284 168
1694717707679 1.3523271944818958 169
1694717707893 2.210842540694076 170
1694717708069 2.1580286102212534 171
1694717708219 2.1367500109514297 172
1694717708490 1.8123410288172979 173
1694717708753 1.6057508356970802 174
1694717709010 1.9484851449700271 175
1694717709163 1.6676565649216313 176
1694717709301 2.2188523574831147 177
1694717709495 1.4190394301768647 178
1694717709719 1.4991854389273886 179
1694717709948 1.894151851901643 180
1694717710141 1.150305957525574 181
1694717710360 1.8944872339280756 182
1694717710662 2.894468200642251 183
1694717710890 0.9774427499458923 184
1694717711145 1.3020924773808042 185
1694717711342 2.270563757132704 186
1694717711566 1.7693078649229161 187
1694717711761 1.730664025927777 188
1694717711971 1.8427677933967002 189
1694717712152 1.3452967759578174 190
1694717712294 2.08233039375187 191
1694717712452 0.9675996272768714 192
1694717712626 1.5078656618367203 193
1694717712837 2.3032667970753224 194
1694717713078 2.492375953909823 195
1694717713266 2.1847672366835402 196
1694717713482 2.4867016692102646 197
1694717713669 2.1280769398763444 198
1694717713809 1.5352577775076937 199
1694717713989 2.0972356034366544 200
1694717714151 1.1712270235458229 201
1694717714336 1.1018669059060577 202
1694717714532 2.048078833637808 203
1694717714769 1.4776181896075469 204
1694717714947 2.1499350794774332 205
1694717715110 2.9296777089452184 206
1694717715296 1.912025993473526 207
1694717715483 1.8236957233003113 208
1694717715642 1.1648469740641632 209
1694717715911 1.821420365678938 210
1694717716126 1.497855147217424 211
1694717716313 1.5426611283310991 212
1694717716466 1.6045609150376055 213
1694717716615 1.9373001948367112 214
1694717716833 0.771048461992801 215
1694717717063 0.9771915539397735 216
1694717717233 2.1351108476145857 217
1694717717495 1.2576845231514913 218
1694717717719 1.328143678952926 219
1694717717958 2.5073791533026237 220
1694717718156 1.1948273440273978 221
1694717718293 1.8812799985518616 222
1694717718482 1.5107377496674343 223
1694717718683 1.183474392927203 224
1694717718947 1.642772527290941 225
1694717719160 1.8701894099897514 226
1694717719300 2.189083172106473 227
1694717719464 1.4202280161841638 228
1694717719708 1.595500432062071 229
1694717719850 1.366770264585934 230
1694717720023 2.0236808983096526 231
1694717720216 1.591479411616727 232
1694717720359 1.1467264785695732 233
1694717720582 2.145517003448322 234
1694717720794 1.9247762669109658 235
1694717721008 1.9751314496918901 236
1694717721201 1.1443503208919041 237
1694717721412 1.5239085454278636 238
1694717721622 1.3112884025053841 239
1694717721835 1.2929645863291803 240
1694717722073 1.4169095681135173 241
1694717722308 1.583904116259174 242
1694717722539 1.8083948037687425 243
1694717722742 1.8056072758811215 244
1694717722899 1.3869529778306324 245
1694717723113 1.6080147145202754 246
1694717723304 1.5660302498458651 247
1694717723462 1.4544356508500753 248
1694717723607 1.6420741590615064 249
1694717723808 1.4451760943279266 250
1694717724008 2.3072453829336617 251
1694717724198 1.1034365061208855 252
1694717724402 2.4662143443286992 253
1694717724611 1.6242192604694585 254
1694717724829 1.8457293489408633 255
1694717725042 1.9133767759334752 256
1694717725223 1.9671960919235565 257
1694717725373 1.0877473368029549 258
1694717725586 1.2123547236122227 259
1694717725798 1.2582207742550735 260
1694717726006 2.4141296450721215 261
1694717726245 2.0211489050045275 262
1694717726481 2.4369558495283212 263
1694717726683 1.2506031816018766 264
1694717726874 1.2096971958679237 265
1694717727085 1.8253107838957563 266
1694717727256 2.6167792500856377 267
1694717727412 1.3956232833192614 268
1694717727662 1.3044421372075052 269
1694717727880 1.4839052873055427 270
1694717728083 1.548007497485467 271
1694717728257 2.119059439140311 272
1694717728407 1.599491678442164 273
1694717728634 1.999923332019284 274
1694717728931 1.2140723338432238 275
1694717729129 1.3961128914853078 276
1694717729296 1.8255643322518949 277
1694717729484 1.6907498727395933 278
1694717729682 1.4324574711587872 279
1694717729900 1.440921266919332 280
1694717730112 1.549897630019642 281
1694717730305 1.5307273226507003 282
1694717730564 1.7595579745040826 283
1694717730846 1.8276429553693885 284
1694717731055 1.2412999123674313 285
1694717731265 1.5476109248286112 286
1694717731493 1.5283865770660046 287
1694717731714 1.1619502024010466 288
1694717731929 1.9787236725365742 289
1694717732145 1.0468403247885592 290
1694717732306 1.6638610667242462 291
1694717732465 2.295187071347174 292
1694717732631 1.6998573271862398 293
1694717732877 1.807951447703576 294
1694717733129 1.2007137170021607 295
1694717733453 2.763944019065443 296
1694717733594 1.249990595912427 297
1694717733800 1.2635828376002727 298
1694717734009 1.2338598325749068 299
1694717734207 1.4376230782057264 300
1694717734423 1.4143162743629019 301
1694717734630 1.7793338742846665 302
1694717734821 1.3589105131929407 303
1694717735048 2.0701471369895943 304
1694717735287 1.6156161110400487 305
1694717735464 1.5478183290160985 306
1694717735645 1.023759939082306 307
1694717735845 1.5746904702595759 308
1694717736107 1.5271671677123304 309
1694717736289 1.5472394891952557 310
1694717736461 2.0324429055686024 311
1694717736656 1.5338756974826147 312
1694717736860 1.0137281233165014 313
1694717737011 0.8403601911534446 314
1694717737171 1.9850204220042311 315
1694717737364 1.5980216412926018 316
1694717737589 1.2860082195140161 317
1694717737789 1.7807611358829445 318
