1694738918157 169.3302270244576 0
1694738918562 8.609985534084469 1
1694738918883 2.6334934173506186 2
1694738919210 2.397051347363065 3
1694738919504 2.3908393333491986 4
1694738919863 2.3900454769036386 5
1694738920145 2.3900633866819634 6
1694738920407 2.38999382970859 7
1694738920709 2.3899437476369387 8
1694738921057 2.389890015849141 9
1694738921476 2.389837005416619 10
1694738921844 2.389783869174871 11
1694738922259 2.389730770512982 12
1694738922666 2.389677677884258 13
1694738923039 2.3896245973735644 14
1694738923529 2.3895715278022123 15
1694738923878 2.389518469393547 16
1694738924206 2.3894654221002924 17
1694738924539 2.389412385927411 18
1694738924866 2.389359360869783 19
1694738925126 2.389306346924236 20
1694738925529 2.3892533440872246 21
1694738925900 2.389200352355278 22
1694738926298 2.3891473717249108 23
1694738926579 2.3890944021926432 24
1694738926864 2.3890414437549965 25
1694738927289 2.3889884964084933 26
1694738927691 2.3889355601496565 27
1694738928020 2.388882634975013 28
1694738928332 2.3888297208810894 29
1694738928619 2.388776817864415 30
1694738928961 2.3887239259215174 31
1694738929244 2.3886710450489312 32
1694738929502 2.3886181752431885 33
1694738929792 2.3885653165008236 34
1694738930137 2.388512468818373 35
1694738930413 2.3884596321923737 36
1694738930687 2.3884068066193658 37
1694738930999 2.3883539920958894 38
1694738931312 2.3883011886184864 39
1694738931625 2.3882483961837018 40
1694738931910 2.388195614788079 41
1694738932248 2.388142844428166 42
1694738932592 2.3880900851005102 43
1694738932921 2.3880373368016623 44
1694738933215 2.3879845995281723 45
1694738933552 2.3879318732765933 46
1694738933903 2.3878791580434804 47
1694738934215 2.3878264538253875 48
1694738934589 2.3877737606188734 49
1694738934931 2.387721078420496 50
1694738935260 2.387668407226816 51
1694738935610 2.3876157470343946 52
1694738935927 2.387563097839795 53
1694738936183 2.387510459639582 54
1694738936518 2.387457832430322 55
1694738936899 2.3874052162085824 56
1694738937228 2.3873526109709324 57
1694738937568 2.3873000167139424 58
1694738937936 2.387247433434185 59
1694738938238 2.387194861128233 60
1694738938557 2.3871422997926635 61
1694738938889 2.387089749424051 62
1694738939259 2.3870372100189736 63
1694738939606 2.386984681574013 64
1694738939936 2.386932164085747 65
1694738940210 2.3868796575507614 66
1694738940523 2.386827161965638 67
1694738940824 2.386774677326964 68
1694738941137 2.3867222036313245 69
1694738941406 2.3866697408753095 70
1694738941813 2.386617289055508 71
1694738942139 2.386564848168513 72
1694738942453 2.386512418210916 73
1694738942777 2.386459999179311 74
1694738943102 2.386407591070295 75
1694738943399 2.3863551938804655 76
1694738943727 2.38630280760642 77
1694738944090 2.3862504322447604 78
1694738944392 2.3861980677920878 79
1694738944663 2.386145714245005 80
1694738944929 2.386093371600117 81
1694738945206 2.3860410398540304 82
1694738945586 2.3859887190033535 83
1694738945899 2.3859364090446933 84
1694738946223 2.3858841099746626 85
1694738946564 2.3858318217898726 86
1694738946936 2.3857795444869367 87
1694738947254 2.38572727806247 88
1694738947601 2.3856750225130896 89
1694738947917 2.3856227778354127 90
1694738948191 2.3855705440260597 91
1694738948458 2.3855183210816504 92
1694738948829 2.385466108998808 93
1694738949210 2.385413907774156 94
1694738949527 2.3853617174043196 95
1694738949882 2.385309537885926 96
1694738950198 2.385257369215603 97
1694738950494 2.3852052113899807 98
1694738950888 2.38515306440569 99
1694738951253 2.3851009282593636 100
1694738951591 2.385048802947635 101
1694738951959 2.3849966884671403 102
1694738952259 2.3849445848145168 103
1694738952532 2.384892491986403 104
1694738952821 2.384840409979438 105
1694738953193 2.3847883387902633 106
1694738953479 2.384736278415522 107
1694738953753 2.384684228851859 108
1694738954045 2.384632190095919 109
1694738954314 2.3845801621443496 110
1694738954574 2.3845281449937996 111
1694738954886 2.384476138640919 112
1694738955199 2.384424143082359 113
1694738955542 2.384372158314773 114
1694738955858 2.384320184334815 115
1694738956176 2.3842682211391413 116
1694738956431 2.3842162687244093 117
1694738956723 2.3841643270872774 118
1694738957089 2.3841123962244057 119
1694738957423 2.384060476132457 120
1694738957739 2.384008566808093 121
1694738958073 2.383956668247979 122
1694738958440 2.3839047804487814 123
1694738958845 2.383852903407166 124
1694738959178 2.383801037119804 125
1694738959435 2.383749181583364 126
1694738959772 2.3836973367945182 127
1694738960157 2.3836455027499404 128
1694738960449 2.383593679446305 129
1694738960730 2.3835418668802872 130
1694738961012 2.383490065048566 131
1694738961290 2.383438273947819 132
1694738961574 2.3833864935747275 133
1694738961835 2.383334723925973 134
1694738962122 2.383282964998239 135
1694738962522 2.38323121678821 136
1694738962830 2.383179479292572 137
1694738963151 2.3831277525080132 138
1694738963407 2.383076036431222 139
1694738963729 2.3830243310588894 140
1694738963988 2.382972636387706 141
1694738964248 2.3829209524143673 142
1694738964507 2.3828692791355657 143
1694738964869 2.382817616547999 144
1694738965235 2.3827659646483643 145
1694738965520 2.3827143234333605 146
1694738965897 2.3826626928996877 147
1694738966252 2.382611073044048 148
1694738966538 2.3825594638631453 149
1694738966850 2.382507865353684 150
1694738967196 2.3824562775123703 151
1694738967566 2.3824047003359112 152
1694738967924 2.3823531338210153 153
1694738968245 2.3823015779643955 154
1694738968522 2.382250032762761 155
1694738968830 2.3821984982128255 156
1694738969137 2.382146974311305 157
1694738969512 2.382095461054914 158
1694738969990 2.382043958440371 159
1694738970356 2.381992466464395 160
1694738970640 2.381940985123706 161
1694738970954 2.3818895144150254 162
1694738971330 2.3818380543350766 163
1694738971752 2.381786604880585 164
1694738972064 2.3817351660482764 165
1694738972398 2.3816837378348765 166
1694738972800 2.3816323202371157 167
1694738973076 2.3815809132517245 168
1694738973400 2.3815295168754336 169
1694738973629 2.3814781311049766 170
1694738973950 2.3814267559370874 171
1694738974207 2.3813753913685027 172
1694738974512 2.3813240373959594 173
1694738974769 2.381272694016196 174
1694738975079 2.381221361225953 175
1694738975391 2.3811700390219714 176
1694738975725 2.381118727400995 177
1694738975978 2.381067426359767 178
1694738976294 2.3810161358950337 179
1694738976598 2.3809648560035424 180
1694738976914 2.380913586682041 181
1694738977339 2.38086232792728 182
1694738977619 2.3808110797360107 183
1694738977946 2.380759842104986 184
1694738978275 2.380708615030959 185
1694738978577 2.3806573985106865 186
1694738978833 2.3806061925409243 187
1694738979131 2.3805549971184323 188
1694738979465 2.380503812239968 189
1694738979748 2.380452637902295 190
1694738980082 2.380401474102174 191
1694738980361 2.3803503208363694 192
1694738980737 2.380299178101647 193
1694738981117 2.380248045894773 194
1694738981448 2.380196924212515 195
1694738981711 2.380145813051644 196
1694738981988 2.3800947124089293 197
1694738982286 2.380043622281144 198
1694738982525 2.3799925426650614 199
1694738982774 2.379941473557457 200
1694738983136 2.3798904149551072 201
1694738983500 2.3798393668547884 202
1694738983764 2.3797883292532824 203
1694738984056 2.379737302147368 204
1694738984381 2.3796862855338268 205
1694738984665 2.3796352794094435 206
1694738984977 2.379584283771002 207
1694738985372 2.3795332986152893 208
1694738985752 2.379482323939092 209
1694738986007 2.3794313597391996 210
1694738986312 2.3793804060124017 211
1694738986636 2.37932946275549 212
1694738986977 2.379278529965259 213
1694738987317 2.379227607638501 214
1694738987637 2.3791766957720135 215
1694738988037 2.379125794362593 216
1694738988299 2.3790749034070378 217
1694738988533 2.3790240229021484 218
1694738988768 2.378973152844726 219
1694738989095 2.378922293231573 220
1694738989463 2.378871444059493 221
1694738989746 2.378820605325293 222
1694738990027 2.378769777025778 223
1694738990391 2.3787189591577578 224
1694738990668 2.37866815171804 225
1694738990962 2.378617354703438 226
1694738991243 2.3785665681107617 227
1694738991546 2.3785157919368274 228
1694738991818 2.3784650261784472 229
1694738992140 2.37841427083244 230
1694738992583 2.378363525895621 231
1694738992847 2.3783127913648117 232
1694738993192 2.378262067236832 233
1694738993539 2.3782113535085023 234
1694738993843 2.378160650176649 235
1694738994182 2.3781099572380935 236
1694738994549 2.378059274689663 237
1694738994870 2.3780086025281846 238
1694738995206 2.377957940750488 239
1694738995598 2.377907289353402 240
1694738995944 2.377856648333759 241
1694738996288 2.377806017688391 242
1694738996626 2.3777553974141323 243
1694738996932 2.377704787507819 244
1694738997362 2.3776541879662867 245
1694738997741 2.377603598786375 246
1694738998085 2.3775530199649224 247
1694738998405 2.3775024514987706 248
1694738998686 2.3774518933847615 249
1694738999009 2.377401345619739 250
1694738999349 2.3773508082005477 251
1694738999702 2.377300281124034 252
1694739000004 2.3772497643870456 253
1694739000353 2.3771992579864327 254
1694739000658 2.377148761919044 255
1694739000939 2.377098276181732 256
1694739001278 2.377047800771349 257
1694739001622 2.3769973356847514 258
1694739001953 2.3769468809187932 259
1694739002273 2.376896436470332 260
1694739002595 2.376846002336227 261
1694739002942 2.3767955785133372 262
1694739003288 2.376745164998524 263
1694739003645 2.3766947617886505 264
1694739003971 2.3766443688805796 265
1694739004326 2.3765939862711774 266
1694739004711 2.3765436139573097 267
1694739004944 2.3764932519358455 268
1694739005212 2.376442900203653 269
1694739005607 2.376392558757603 270
1694739005942 2.376342227594568 271
1694739006333 2.3762919067114203 272
1694739006669 2.376241596105036 273
1694739006951 2.3761912957722893 274
1694739007223 2.3761410057100587 275
1694739007562 2.3760907259152226 276
1694739007858 2.376040456384661 277
1694739008167 2.375990197115255 278
1694739008520 2.3759399481038876 279
1694739008833 2.3758897093474425 280
1694739009191 2.3758394808428043 281
1694739009516 2.375789262586861 282
1694739009826 2.3757390545764996 283
1694739010145 2.3756888568086105 284
1694739010463 2.375638669280083 285
1694739010799 2.3755884919878096 286
1694739011114 2.375538324928684 287
1694739011440 2.3754881680996007 288
1694739011758 2.375438021497455 289
1694739012060 2.375387885119145 290
1694739012402 2.3753377589615687 291
1694739012750 2.375287643021627 292
1694739013087 2.3752375372962202 293
1694739013428 2.375187441782251 294
1694739013728 2.375137356476624 295
1694739014112 2.375087281376244 296
1694739014423 2.375037216478017 297
1694739014767 2.3749871617788516 298
1694739015049 2.3749371172756573 299
1694739015416 2.3748870829653446 300
1694739015821 2.374837058844824 301
1694739016132 2.3747870449110104 302
1694739016470 2.374737041160817 303
1694739016822 2.37468704759116 304
1694739017128 2.374637064198957 305
1694739017529 2.374587090981127 306
1694739017898 2.3745371279345884 307
1694739018346 2.3744871750562626 308
1694739018735 2.3744372323430727 309
1694739019052 2.374387299791942 310
1694739019400 2.3743373773997956 311
1694739019762 2.3742874651635595 312
1694739020122 2.3742375630801615 313
1694739020499 2.3741876711465304 314
1694739020843 2.3741377893595974 315
1694739021156 2.3740879177162935 316
1694739021413 2.3740380562135517 317
1694739021761 2.373988204848306 318
1694739022084 2.373938363617492 319
1694739022456 2.373888532518046 320
1694739022780 2.3738387115469073 321
1694739023119 2.373788900701015 322
1694739023471 2.37373909997731 323
1694739023846 2.3736893093727334 324
1694739024149 2.3736395288842296 325
1694739024430 2.373589758508742 326
1694739024885 2.3735399982432184 327
1694739025160 2.3734902480846056 328
1694739025516 2.37344050802985 329
1694739025975 2.3733907780759047 330
1694739026333 2.373341058219719 331
1694739026626 2.373291348458246 332
1694739027021 2.3732416487884387 333
1694739027397 2.373191959207253 334
1694739027745 2.3731422797116455 335
1694739028063 2.373092610298573 336
1694739028382 2.3730429509649955 337
1694739028809 2.3729933017078726 338
1694739029174 2.3729436625241656 339
1694739029521 2.372894033410838 340
1694739029866 2.3728444143648537 341
1694739030141 2.372794805383178 342
1694739030502 2.372745206462779 343
1694739030861 2.372695617600623 344
1694739031164 2.37264603879368 345
1694739031557 2.37259647003892 346
1694739031917 2.372546911333316 347
1694739032243 2.3724973626738417 348
1694739032630 2.3724478240574696 349
1694739032985 2.372398295481177 350
1694739033297 2.3723487769419402 351
1694739033670 2.3722992684367386 352
1694739034007 2.3722497699625507 353
1694739034284 2.372200281516358 354
1694739034605 2.372150803095143 355
1694739034931 2.372101334695889 356
1694739035229 2.3720518763155805 357
1694739035508 2.3720024279512035 358
1694739035865 2.3719529895997464 359
1694739036179 2.3719035612581965 360
1694739036493 2.3718541429235445 361
1694739036881 2.3718047345927817 362
1694739037138 2.3717553362629 363
1694739037446 2.3717059479308937 364
1694739037775 2.371656569593758 365
1694739038089 2.3716072012484894 366
1694739038411 2.3715578428920847 367
1694739038706 2.371508494521543 368
1694739039076 2.371459156133865 369
1694739039454 2.3714098277260516 370
1694739039715 2.371360509295106 371
1694739039993 2.3713112008380315 372
1694739040290 2.371261902351834 373
1694739040617 2.3712126138335203 374
1694739040996 2.3711633352800976 375
1694739041342 2.371114066688575 376
1694739041692 2.3710648080559635 377
1694739042034 2.371015559379274 378
1694739042380 2.3709663206555196 379
1694739042722 2.370917091881714 380
1694739043079 2.3708678730548742 381
1694739043374 2.3708186641720164 382
1694739043654 2.370769465230157 383
1694739043983 2.370720276226317 384
1694739044283 2.3706710971575164 385
1694739044632 2.370621928020777 386
1694739044942 2.3705727688131217 387
1694739045302 2.370523619531575 388
1694739045679 2.3704744801731623 389
1694739046002 2.3704253507349105 390
1694739046291 2.3703762312138474 391
1694739046703 2.370327121607003 392
1694739047056 2.3702780219114077 393
1694739047364 2.370228932124094 394
1694739047815 2.370179852242093 395
1694739048123 2.3701307822624416 396
1694739048433 2.370081722182174 397
1694739048759 2.3700326719983273 398
1694739049093 2.3699836317079415 399
1694739049352 2.369934601308053 400
1694739049648 2.3698855807957044 401
1694739050060 2.3698365701679376 402
1694739050367 2.369787569421795 403
1694739050714 2.369738578554322 404
1694739051067 2.369689597562564 405
1694739051340 2.369640626443567 406
1694739051666 2.369591665194381 407
1694739051992 2.3695427138120544 408
1694739052359 2.3694937722936382 409
1694739052701 2.3694448406361843 410
1694739053053 2.3693959188367466 411
1694739053374 2.3693470068923776 412
1694739053692 2.3692981048001363 413
1694739054030 2.3692492125570768 414
1694739054314 2.3692003301602584 415
1694739054722 2.3691514576067405 416
1694739055052 2.3691025948935844 417
1694739055356 2.3690537420178517 418
1694739055741 2.369004898976605 419
1694739056116 2.3689560657669095 420
1694739056447 2.368907242385831 421
1694739056859 2.368858428830436 422
1694739057197 2.3688096250977937 423
1694739057531 2.368760831184972 424
1694739057886 2.368712047089042 425
1694739058233 2.3686632728070767 426
1694739058565 2.3686145083361487 427
1694739058889 2.368565753673331 428
1694739059257 2.368517008815702 429
1694739059598 2.3684682737603366 430
1694739059970 2.3684195485043134 431
1694739060256 2.368370833044712 432
1694739060510 2.368322127378613 433
1694739060760 2.368273431503098 434
1694739061081 2.36822474541525 435
1694739061422 2.368176069112154 436
1694739061690 2.3681274025908943 437
1694739061999 2.3680787458485586 438
1694739062310 2.368030098882235 439
1694739062618 2.3679814616890127 440
1694739062899 2.3679328342659813 441
1694739063252 2.367884216610234 442
1694739063627 2.367835608718863 443
1694739064022 2.3677870105889616 444
1694739064359 2.3677384222176268 445
1694739064636 2.367689843601954 446
1694739064896 2.367641274739041 447
1694739065214 2.367592715625989 448
1694739065555 2.3675441662598953 449
1694739065952 2.3674956266378633 450
1694739066234 2.367447096756996 451
1694739066564 2.3673985766143963 452
1694739066864 2.36735006620717 453
1694739067171 2.3673015655324234 454
1694739067494 2.367253074587264 455
1694739067836 2.367204593368801 456
1694739068186 2.3671561218741446 457
1694739068503 2.367107660100406 458
1694739068846 2.3670592080446973 459
1694739069155 2.367010765704133 460
1694739069437 2.366962333075828 461
1694739069734 2.3669139101568977 462
1694739070069 2.3668654969444605 463
1694739070371 2.3668170934356354 464
1694739070684 2.3667686996275408 465
1694739071023 2.366720315517299 466
1694739071354 2.3666719411020316 467
1694739071657 2.3666235763788626 468
1694739071978 2.3665752213449167 469
1694739072317 2.3665268759973195 470
1694739072597 2.366478540333199 471
1694739072947 2.3664302143496823 472
1694739073305 2.3663818980438998 473
1694739073604 2.3663335914129826 474
1694739073911 2.366285294454062 475
1694739074276 2.366237007164271 476
1694739074581 2.3661887295407458 477
1694739074898 2.36614046158062 478
1694739075289 2.366092203281032 479
1694739075599 2.3660439546391183 480
1694739075933 2.36599571565202 481
1694739076249 2.365947486316876 482
1694739076544 2.3658992666308287 483
1694739076863 2.365851056591021 484
1694739077214 2.365802856194597 485
1694739077622 2.365754665438702 486
1694739077977 2.3657064843204823 487
1694739078289 2.365658312837086 488
1694739078623 2.3656101509856615 489
1694739079066 2.36556199876336 490
1694739079516 2.3655138561673312 491
1694739079886 2.365465723194729 492
1694739080229 2.365417599842706 493
1694739080546 2.3653694861084182 494
1694739080880 2.365321381989021 495
1694739081208 2.3652732874816724 496
1694739081563 2.3652252025835305 497
1694739081851 2.365177127291755 498
1694739082273 2.3651290616035063 499
