1694714411345 169.33022702445763 0
1694714411634 8.609985534084482 1
1694714411952 2.6214987875499363 2
1694714412226 2.3979479841324487 3
1694714412475 2.389185067306385 4
1694714412764 2.388424769698486 5
1694714413051 2.387962765839562 6
1694714413367 2.387512010911839 7
1694714413668 2.3870618102681767 8
1694714413964 2.3866117654091004 9
1694714414309 2.386161861445038 10
1694714414607 2.385712097778815 11
1694714414949 2.3852624743457747 12
1694714415304 2.384812991101112 13
1694714415698 2.384363648000776 14
1694714415931 2.3839144450007574 15
1694714416236 2.3834653820570604 16
1694714417152 2.383016459125706 17
1694714417490 2.3825676761627257 18
1694714417782 2.3821190331241677 19
1694714418322 2.381670529966094 20
1694714418651 2.3812221666445783 21
1694714418965 2.380773943115711 22
1694714419305 2.3803258593355943 23
1694714419627 2.3798779152603458 24
1694714419885 2.379430110846097 25
1694714420162 2.3789824460489917 26
1694714420485 2.37853492082519 27
1694714420769 2.3780875351308635 28
1694714421105 2.3776402889222004 29
1694714421355 2.3771931821553998 30
1694714421647 2.3767462147866776 31
1694714421898 2.376299386772261 32
1694714422157 2.375852698068393 33
1694714422447 2.3754061486313303 34
1694714422779 2.374959738417343 35
1694714423028 2.3745134673827146 36
1694714423376 2.3740673354837436 37
1694714423723 2.3736213426767416 38
1694714423976 2.373175488918035 39
1694714424259 2.3727297741639624 40
1694714424561 2.372284198370877 41
1694714424869 2.371838761495148 42
1694714425185 2.3713934634931553 43
1694714425510 2.370948304321294 44
1694714425828 2.370503283935973 45
1694714426149 2.370058402293615 46
1694714426453 2.369613659350658 47
1694714426768 2.369169055063551 48
1694714427025 2.3687245893887576 49
1694714427304 2.3682802622827577 50
1694714427615 2.3678360737020423 51
1694714427905 2.367392023603118 52
1694714428258 2.366948111942503 53
1694714428516 2.3665043386767315 54
1694714428756 2.3660607037623507 55
1694714428979 2.3656172071559216 56
1694714429265 2.365173848814019 57
1694714429606 2.3647306286932315 58
1694714429861 2.364287546750161 59
1694714430197 2.363844602941424 60
1694714430579 2.3634017972236507 61
1694714430839 2.3629591295534853 62
1694714431093 2.362516599887585 63
1694714431421 2.362074208182619 64
1694714431751 2.3616319543952757 65
1694714431993 2.361189838482251 66
1694714432266 2.36074786040026 67
1694714432610 2.360306020106027 68
1694714432901 2.359864317556293 69
1694714433227 2.3594227527078115 70
1694714433543 2.3589813255173495 71
1694714433829 2.3585400359416897 72
1694714434086 2.3580988839376262 73
1694714434393 2.357657869461967 74
1694714434713 2.357216992471536 75
1694714435044 2.3567762529231677 76
1694714435358 2.3563356507737128 77
1694714435655 2.3558951859800357 78
1694714435949 2.355454858499012 79
1694714436343 2.3550146682875344 80
1694714436673 2.354574615302506 81
1694714436938 2.3541346995008454 82
1694714437255 2.353694920839485 83
1694714437569 2.353255279275371 84
1694714437827 2.352815774765462 85
1694714438152 2.3523764072667306 86
1694714438436 2.351937176736165 87
1694714438854 2.3514980831307644 88
1694714439136 2.351059126407543 89
1694714439446 2.350620306523529 90
1694714439778 2.3501816234357626 91
1694714440083 2.3497430771012997 92
1694714440431 2.3493046674772087 93
1694714440726 2.3488663945205714 94
1694714440995 2.3484282581884846 95
1694714441283 2.347990258438057 96
1694714441614 2.347552395226412 97
1694714441961 2.347114668510686 98
1694714442261 2.3466770782480295 99
1694714442591 2.3462396243956074 100
1694714442914 2.3458023069105955 101
1694714443154 2.3453651257501864 102
1694714443466 2.3449280808715844 103
1694714443807 2.3444911722320074 104
1694714444204 2.344054399788688 105
1694714444674 2.343617763498871 106
1694714445042 2.3431812633198157 107
1694714445372 2.342744899208796 108
1694714445701 2.3423086711230963 109
1694714446067 2.3418725790200168 110
1694714446515 2.3414366228568717 111
1694714446943 2.341000802590987 112
1694714447346 2.3405651181797036 113
1694714447740 2.3401295695803754 114
1694714448333 2.33969415675037 115
1694714448799 2.3392588796470686 116
1694714449128 2.338823738227866 117
1694714449573 2.33838873245017 118
1694714449949 2.337953862271402 119
1694714450249 2.3375191276489975 120
1694714450564 2.337084528540405 121
1694714451010 2.3366500649030866 122
1694714451700 2.3362157366945193 123
1694714452206 2.3357815438721907 124
1694714452600 2.3353474863936046 125
1694714453004 2.3349135642162766 126
1694714453297 2.3344797772977364 127
1694714453664 2.334046125595527 128
1694714454089 2.3336126090672065 129
1694714454481 2.333179227670344 130
1694714454893 2.3327459813625224 131
1694714455455 2.3323128701013394 132
1694714455837 2.3318798938444063 133
1694714456336 2.331447052549347 134
1694714456821 2.3310143461737973 135
1694714457233 2.33058177467541 136
1694714457565 2.3301493380118488 137
1694714457899 2.329717036140791 138
1694714458194 2.329284869019929 139
1694714458580 2.328852836606966 140
1694714459019 2.328420938859622 141
1694714459321 2.327989175735627 142
1694714459656 2.327557547192726 143
1694714459967 2.3271260531886786 144
1694714460250 2.3266946936812545 145
1694714460570 2.326263468628241 146
1694714460909 2.325832377987436 147
1694714461294 2.3254014217166503 148
1694714461757 2.3249705997737116 149
1694714462086 2.3245399121164563 150
1694714462420 2.3241093587027386 151
1694714462773 2.3236789394904225 152
1694714463107 2.323248654437388 153
1694714463421 2.322818503501526 154
1694714463729 2.322388486640744 155
1694714463979 2.321958603812959 156
1694714464252 2.3215288549761053 157
1694714464580 2.321099240088128 158
1694714464887 2.3206697591069854 159
1694714465165 2.3202404119906506 160
1694714465564 2.319811198697109 161
1694714465950 2.3193821191843607 162
1694714466263 2.3189531734104167 163
1694714466694 2.3185243613333038 164
1694714467062 2.31809568291106 165
1694714467430 2.31766713810174 166
1694714467782 2.317238726863407 167
1694714468167 2.3168104491541412 168
1694714468597 2.316382304932035 169
1694714469026 2.315954294155195 170
1694714469678 2.3155264167817373 171
1694714470349 2.315098672769797 172
1694714470766 2.3146710620775184 173
1694714471326 2.3142435846630605 174
1694714471869 2.3138162404845954 175
1694714472439 2.3133890295003083 176
1694714472868 2.312961951668399 177
1694714473404 2.312535006947078 178
1694714473996 2.3121081952945706 179
1694714474340 2.3116815166691156 180
1694714474729 2.311254971028965 181
1694714475318 2.310828558332384 182
1694714475780 2.3104022785376506 183
1694714476071 2.3099761316030554 184
1694714476417 2.3095501174869035 185
1694714476684 2.3091242361475133 186
1694714477022 2.308698487543216 187
1694714477320 2.308272871632356 188
1694714477657 2.30784738837329 189
1694714478055 2.3074220377243897 190
1694714478398 2.306996819644039 191
1694714478716 2.3065717340906344 192
1694714479034 2.306146781022588 193
1694714479354 2.305721960398322 194
1694714479636 2.3052972721762734 195
1694714479947 2.3048727163148928 196
1694714480307 2.3044482927726437 197
1694714480592 2.3040240015080014 198
1694714480929 2.303599842479456 199
1694714481180 2.303175815645511 200
1694714481457 2.3027519209646816 201
1694714481751 2.3023281583954964 202
1694714482073 2.3019045278964985 203
1694714482370 2.3014810294262436 204
1694714482646 2.301057662943299 205
1694714482956 2.300634428406248 206
1694714483237 2.3002113257736845 207
1694714483502 2.2997883550042166 208
1694714483783 2.299365516056466 209
1694714484090 2.2989428088890658 210
1694714484386 2.2985202334606645 211
1694714484666 2.298097789729923 212
1694714484953 2.2976754776555137 213
1694714485285 2.2972532971961237 214
1694714485559 2.296831248310453 215
1694714485872 2.2964093309572156 216
1694714486144 2.2959875450951364 217
1694714486494 2.2955658906829544 218
1694714486740 2.295144367679423 219
1694714487028 2.2947229760433068 220
1694714487378 2.2943017157333845 221
1694714487720 2.2938805867084477 222
1694714488112 2.2934595889273006 223
1694714488481 2.293038722348762 224
1694714488828 2.292617986931661 225
1694714489232 2.2921973826348427 226
1694714489624 2.2917769094171634 227
1694714489899 2.291356567237494 228
1694714490136 2.290936356054716 229
1694714490426 2.290516275827726 230
1694714490717 2.2900963265154335 231
1694714490989 2.2896765080767607 232
1694714491304 2.2892568204706425 233
1694714491704 2.288837263656027 234
1694714491994 2.2884178375918753 235
1694714492294 2.2879985422371627 236
1694714492619 2.2875793775508746 237
1694714492944 2.2871603434920127 238
1694714493245 2.2867414400195902 239
1694714493542 2.286322667092633 240
1694714493814 2.2859040246701796 241
1694714494151 2.285485512711284 242
1694714494541 2.2850671311750106 243
1694714494860 2.2846488800204376 244
1694714495185 2.2842307592066566 245
1694714495532 2.2838127686927714 246
1694714495770 2.283394908437899 247
1694714496024 2.282977178401171 248
1694714496369 2.282559578541729 249
1694714496635 2.2821421088187304 250
1694714496933 2.281724769191343 251
1694714497254 2.2813075596187495 252
1694714497575 2.280890480060145 253
1694714497891 2.280473530474737 254
1694714498259 2.2800567108217464 255
1694714498570 2.279640021060408 256
1694714498804 2.279223461149968 257
1694714499100 2.278807031049685 258
1694714499440 2.278390730718833 259
1694714499698 2.277974560116697 260
1694714499943 2.2775585192025756 261
1694714500234 2.2771426079357795 262
1694714500572 2.2767268262756337 263
1694714500934 2.276311174181475 264
1694714501246 2.275895651612654 265
1694714501614 2.2754802585285336 266
1694714501892 2.27506499488849 267
1694714502187 2.27464986065191 268
1694714502510 2.2742348557781966 269
1694714502819 2.2738199802267656 270
1694714503121 2.2734052339570416 271
1694714503470 2.272990616928467 272
1694714503822 2.2725761291004947 273
1694714504161 2.27216177043259 274
1694714504526 2.271747540884232 275
1694714504849 2.271333440414913 276
1694714505176 2.270919468984136 277
1694714505522 2.27050562655142 278
1694714505799 2.270091913076295 279
1694714506110 2.2696783285183035 280
1694714506491 2.269264872837002 281
1694714506814 2.2688515459919594 282
1694714507134 2.268438347942756 283
1694714507450 2.2680252786489876 284
1694714507737 2.2676123380702604 285
1694714508007 2.2671995261661957 286
1694714508335 2.2667868428964253 287
1694714508707 2.266374288220595 288
1694714508979 2.265961862098364 289
1694714509283 2.2655495644894024 290
1694714509651 2.265137395353395 291
1694714509877 2.2647253546500385 292
1694714510160 2.2643134423390427 293
1694714510549 2.2639016583801292 294
1694714510840 2.2634900027330342 295
1694714511126 2.263078475357505 296
1694714511477 2.2626670762133028 297
1694714511739 2.262255805260201 298
1694714512038 2.2618446624579853 299
1694714512381 2.2614336477664554 300
1694714512707 2.2610227611454223 301
1694714512951 2.260612002554711 302
1694714513322 2.260201371954159 303
1694714513669 2.259790869303616 304
1694714513943 2.259380494562944 305
1694714514304 2.2589702476920195 306
1694714514616 2.2585601286507306 307
1694714514895 2.258150137398978 308
1694714515243 2.2577402738966743 309
1694714515599 2.257330538103748 310
1694714515864 2.2569209299801356 311
1694714516271 2.256511449485791 312
1694714516589 2.256102096580678 313
1694714516823 2.255692871224773 314
1694714517146 2.255283773378067 315
1694714517480 2.2548748030005608 316
1694714517793 2.254465960052272 317
1694714518107 2.2540572444932265 318
1694714518403 2.2536486562834663 319
1694714518711 2.2532401953830434 320
1694714518957 2.252831861752025 321
1694714519269 2.2524236553504884 322
1694714519537 2.252015576138526 323
1694714519781 2.2516076240762413 324
1694714520042 2.2511997991237505 325
1694714520412 2.2507921012411827 326
1694714520674 2.250384530388681 327
1694714520950 2.2499770865263984 328
1694714521286 2.2495697696145034 329
1694714521635 2.249162579613175 330
1694714521890 2.248755516482605 331
1694714522187 2.2483485801829994 332
1694714522548 2.247941770674576 333
1694714522861 2.247535087917564 334
1694714523129 2.2471285318722076 335
1694714523435 2.246722102498761 336
1694714523742 2.246315799757493 337
1694714524039 2.2459096236086844 338
1694714524373 2.2455035740126283 339
1694714524660 2.2450976509296305 340
1694714525001 2.24469185432001 341
1694714525334 2.2442861841440966 342
1694714525556 2.2438806403622347 343
1694714525801 2.243475222934781 344
1694714526145 2.2430699318221032 345
1694714526490 2.2426647669845843 346
1694714526782 2.2422597283826162 347
1694714527017 2.2418548159766067 348
1694714527323 2.2414500297269746 349
1694714527644 2.241045369594151 350
1694714527865 2.24064083553858 351
1694714528124 2.240236427520719 352
1694714528434 2.2398321455010373 353
1694714528773 2.239427989440016 354
1694714529043 2.23902395929815 355
1694714529441 2.238620055035945 356
1694714530006 2.238216276613922 357
1694714530351 2.2378126239926104 358
1694714530687 2.237409097132556 359
1694714530984 2.237005695994317 360
1694714531280 2.2366024205384614 361
1694714531572 2.23619927072557 362
1694714531909 2.23579624651624 363
1694714532238 2.2353933478710757 364
1694714532545 2.234990574750697 365
1694714532849 2.234587927115737 366
1694714533107 2.2341854049268384 367
1694714533429 2.233783008144659 368
1694714533734 2.233380736729869 369
1694714533986 2.2329785906431483 370
1694714534352 2.2325765698451923 371
1694714534552 2.2321746742967066 372
1694714534831 2.2317729039584115 373
1694714535028 2.2313712587910386 374
1694714535262 2.230969738755331 375
1694714535673 2.2305683438120463 376
1694714535948 2.230167073921953 377
1694714536245 2.229765929045832 378
1694714536630 2.2293649091444774 379
1694714536922 2.228964014178696 380
1694714537206 2.228563244109306 381
1694714537517 2.2281625988971383 382
1694714537833 2.2277620785030368 383
1694714538130 2.2273616828878575 384
1694714538440 2.2269614120124688 385
1694714538771 2.226561265837751 386
1694714539092 2.2261612443245973 387
1694714539420 2.225761347433914 388
1694714539740 2.2253615751266183 389
1694714540016 2.224961927363641 390
1694714540303 2.2245624041059244 391
1694714540635 2.224163005314424 392
1694714540956 2.2237637309501066 393
1694714541276 2.2233645809739526 394
1694714541531 2.222965555346955 395
1694714541807 2.222566654030117 396
1694714542090 2.222167876984457 397
1694714542406 2.2217692241710023 398
1694714542731 2.2213706955507964 399
1694714543003 2.220972291084893 400
1694714543306 2.220574010734358 401
1694714543649 2.22017585446027 402
1694714543967 2.2197778222237208 403
1694714544244 2.2193799139858132 404
1694714544556 2.2189821297076633 405
1694714544855 2.218584469350399 406
1694714545121 2.21818693287516 407
1694714545446 2.2177895202431 408
1694714545774 2.217392231415384 409
1694714546144 2.216995066353189 410
1694714546498 2.2165980250177038 411
1694714546811 2.2162011073701318 412
1694714547087 2.2158043133716867 413
1694714547329 2.2154076429835943 414
1694714547674 2.215011096167095 415
1694714548013 2.214614672883438 416
1694714548327 2.2142183730938876 417
1694714548624 2.21382219675972 418
1694714548947 2.2134261438422222 419
1694714549222 2.213030214302695 420
1694714549491 2.21263440810245 421
1694714549813 2.2122387252028135 422
1694714550087 2.2118431655651216 423
1694714550423 2.2114477291507235 424
1694714550741 2.2110524159209803 425
1694714551037 2.210657225837267 426
1694714551345 2.210262158860968 427
1694714551682 2.2098672149534835 428
1694714552011 2.209472394076222 429
1694714552253 2.2090776961906076 430
1694714552503 2.208683121258075 431
1694714552773 2.2082886692400705 432
1694714553090 2.207894340098055 433
1694714553404 2.2075001337934985 434
1694714553712 2.2071060502878845 435
1694714554058 2.206712089542712 436
1694714554320 2.2063182515194857 437
1694714554581 2.205924536179728 438
1694714554865 2.205530943484971 439
1694714555190 2.20513747339676 440
1694714555505 2.204744125876651 441
1694714555791 2.2043509008862143 442
1694714556082 2.203957798387031 443
1694714556479 2.2035648183406935 444
1694714556800 2.203171960708809 445
1694714557104 2.202779225452995 446
1694714557441 2.2023866125348808 447
1694714557733 2.2019941219161088 448
1694714558048 2.2016017535583345 449
1694714558337 2.201209507423223 450
1694714558611 2.2008173834724545 451
1694714558954 2.200425381667718 452
1694714559298 2.2000335019707173 453
1694714559585 2.199641744343168 454
1694714559941 2.1992501087467966 455
1694714560199 2.1988585951433435 456
1694714560505 2.1984672034945585 457
1694714560810 2.1980759337622064 458
1694714561118 2.197684785908063 459
1694714561375 2.197293759893915 460
1694714561645 2.1969028556815635 461
1694714562006 2.1965120732328205 462
1694714562326 2.19612141250951 463
1694714562630 2.195730873473467 464
1694714562964 2.1953404560865417 465
1694714563234 2.194950160310594 466
1694714563501 2.1945599861074965 467
1694714563798 2.1941699334391322 468
1694714564178 2.1937800022674003 469
1694714564551 2.1933901925542076 470
1694714564904 2.193000504261476 471
1694714565219 2.192610937351138 472
1694714565478 2.1922214917851393 473
1694714565778 2.1918321675254355 474
1694714566099 2.1914429645339966 475
1694714566428 2.1910538827728043 476
1694714566761 2.1906649222038497 477
1694714567097 2.1902760827891408 478
1694714567365 2.1898873644906924 479
1694714567685 2.189498767270535 480
1694714568021 2.18911029109071 481
1694714568291 2.188721935913271 482
1694714568585 2.1883337017002824 483
1694714568867 2.1879455884138226 484
1694714569255 2.1875575960159805 485
1694714569543 2.187169724468857 486
1694714569845 2.1867819737345666 487
1694714570131 2.1863943437752336 488
1694714570413 2.186006834552997 489
1694714570733 2.1856194460300045 490
1694714571040 2.185232178168419 491
1694714571469 2.1848450309304135 492
1694714571953 2.184458004278173 493
1694714572313 2.1840710981738956 494
1694714572634 2.1836843125797896 495
1694714572950 2.1832976474580774 496
1694714573315 2.1829111027709915 497
1694714573761 2.182524678480778 498
1694714574072 2.1821383745496936 499
