1694714918535 168.8726089431785 0
1694714918803 131.55820634120764 1
1694714919089 102.60628329524073 2
1694714919404 80.14273384853075 3
1694714919707 62.71345583795775 4
1694714920076 49.1902243127511 5
1694714920407 38.69765955625435 6
1694714920709 30.55656222279619 7
1694714920967 24.239947573773794 8
1694714921322 19.338932832002257 9
1694714921721 15.536269482995788 10
1694714922027 12.58580722265891 11
1694714922356 10.296560216733313 12
1694714922689 8.520344253050796 13
1694714922945 7.142184517792395 14
1694714923268 6.072873074300856 15
1694714923599 5.243194277007276 16
1694714923929 4.599444321395599 17
1694714924257 4.099954902622433 18
1694714924558 3.712395953122379 19
1694714924828 3.4116828606773257 20
1694714925108 3.178352697507709 21
1694714925459 2.997304350849324 22
1694714925768 2.856821001459949 23
1694714926060 2.747811673376526 24
1694714926367 2.6632227591094773 25
1694714926751 2.5975814272687345 26
1694714927009 2.546641356596919 27
1694714927328 2.507107864152845 28
1694714927604 2.4764246347109298 29
1694714927898 2.452608245996797 30
1694714928228 2.4341197782875867 31
1694714928671 2.419765197441398 32
1694714928968 2.4086180629747886 33
1694714929286 2.3999595579467288 34
1694714929638 2.393231958678314 35
1694714929906 2.388002532321643 36
1694714930141 2.3839355253042216 37
1694714930410 2.3807704294118324 38
1694714930717 2.378305118635291 39
1694714930986 2.37638276519966 40
1694714931220 2.374881687827546 41
1694714931480 2.3737074750967704 42
1694714931780 2.372786874023567 43
1694714932053 2.372063048268568 44
1694714932357 2.3714918990209597 45
1694714932674 2.3710392104051756 46
1694714933042 2.370678434627313 47
1694714933399 2.3703889734899146 48
1694714933723 2.370154845034549 49
1694714934035 2.369963649001635 50
1694714934324 2.369805764139916 51
1694714934625 2.369673725406003 52
1694714934890 2.3695617407390377 53
1694714935187 2.369465316130445 54
1694714935518 2.369380964718886 55
1694714935805 2.369305981079615 56
1694714936110 2.369238266097597 57
1694714936440 2.3691761910881137 58
1694714936777 2.3691184923691533 59
1694714937065 2.3690641894610596 60
1694714937389 2.369012521618368 61
1694714937713 2.368962898585424 62
1694714937976 2.3689148623880976 63
1694714938274 2.3688680576883225 64
1694714938605 2.3688222087824395 65
1694714938897 2.3687771017544215 66
1694714939188 2.3687325706287146 67
1694714939536 2.36868848662635 68
1694714939855 2.368644749828864 69
1694714940172 2.368601282710397 70
1694714940475 2.3685580251193157 71
1694714940811 2.3685149303844937 72
1694714941061 2.3684719622942088 73
1694714941340 2.3684290927520992 74
1694714941656 2.3683862999584377 75
1694714941907 2.3683435669990036 76
1694714942163 2.368300880750192 77
1694714942520 2.3682582310295053 78
1694714942843 2.368215609936427 79
1694714943107 2.3681730113410064 80
1694714943415 2.3681304304870623 81
1694714943712 2.368087863684306 82
1694714943970 2.368045308069464 83
1694714944238 2.3680027614209442 84
1694714944543 2.36796022201502 85
1694714944907 2.36791768851426 86
1694714945255 2.3678751598809553 87
1694714945585 2.367832635309946 88
1694714945891 2.367790114176508 89
1694714946191 2.367747595995915 90
1694714946517 2.3677050803920623 91
1694714946900 2.367662567073126 92
1694714947258 2.3676200558126723 93
1694714947543 2.367577546435006 94
1694714947811 2.3675350388037972 95
1694714948077 2.3674925328132606 96
1694714948426 2.367450028381308 97
1694714948754 2.36740752544424 98
1694714949046 2.367365023952625 99
1694714949397 2.3673225238680993 100
1694714949720 2.3672800251608894 101
1694714950089 2.3672375278078834 102
1694714950684 2.3671950317911428 103
1694714950979 2.367152537096738 104
1694714951225 2.3671100437138546 105
1694714951519 2.367067551634092 106
1694714951913 2.367025060850923 107
1694714952209 2.366982571359275 108
1694714952550 2.3669400831552037 109
1694714952892 2.3668975962356393 110
1694714953190 2.366855110598191 111
1694714953494 2.366812626240997 112
1694714953797 2.3667701431626016 113
1694714954125 2.366727661361868 114
1694714954420 2.3666851808379046 115
1694714954731 2.3666427015900107 116
1694714955060 2.366600223617635 117
1694714955307 2.36655774692034 118
1694714955685 2.366515271497778 119
1694714956019 2.3664727973496698 120
1694714956355 2.36643032447579 121
1694714956727 2.366387852875957 122
1694714957033 2.366345382550018 123
1694714957321 2.366302913497848 124
1694714957626 2.3662604457193392 125
1694714957944 2.3662179792144014 126
1694714958225 2.3661755139829554 127
1694714958623 2.3661330500249282 128
1694714958946 2.3660905873402593 129
1694714959213 2.3660481259288884 130
1694714959523 2.3660056657907624 131
1694714959829 2.365963206925831 132
1694714960123 2.3659207493340464 133
1694714960386 2.3658782930153612 134
1694714960702 2.365835837969733 135
1694714961053 2.3657933841971164 136
1694714961299 2.3657509316974705 137
1694714961602 2.365708480470754 138
1694714961898 2.3656660305169246 139
1694714962165 2.3656235818359423 140
1694714962459 2.3655811344277673 141
1694714962765 2.3655386882923586 142
1694714963096 2.365496243429677 143
1694714963431 2.365453799839683 144
1694714963743 2.3654113575223366 145
1694714964025 2.3653689164775984 146
1694714964316 2.365326476705429 147
1694714964605 2.3652840382057896 148
1694714964905 2.365241600978641 149
1694714965178 2.365199165023943 150
1694714965458 2.3651567303416567 151
1694714965751 2.365114296931744 152
1694714966063 2.365071864794164 153
1694714966357 2.3650294339288793 154
1694714966757 2.3649870043358496 155
1694714967068 2.364944576015037 156
1694714967347 2.3649021489664004 157
1694714967646 2.3648597231899022 158
1694714967979 2.364817298685503 159
1694714968246 2.364774875453164 160
1694714968551 2.364732453492845 161
1694714968848 2.364690032804508 162
1694714969191 2.364647613388113 163
1694714969498 2.364605195243622 164
1694714969823 2.364562778370995 165
1694714970171 2.3645203627701936 166
1694714970509 2.3644779484411784 167
1694714970819 2.3644355353839095 168
1694714971121 2.3643931235983495 169
1694714971360 2.364350713084458 170
1694714971644 2.3643083038421966 171
1694714971942 2.3642658958715255 172
1694714972231 2.3642234891724065 173
1694714972521 2.3641810837447994 174
1694714972808 2.3641386795886667 175
1694714973099 2.3640962767039677 176
1694714973394 2.3640538750906646 177
1694714973706 2.3640114747487178 178
1694714973999 2.363969075678088 179
1694714974275 2.3639266778787356 180
1694714974526 2.3638842813506233 181
1694714974889 2.3638418860937107 182
1694714975203 2.3637994921079595 183
1694714975503 2.3637570993933297 184
1694714975804 2.3637147079497822 185
1694714976130 2.36367231777728 186
1694714976411 2.3636299288757807 187
1694714976764 2.363587541245248 188
1694714977138 2.3635451548856423 189
1694714977450 2.363502769796924 190
1694714977785 2.363460385979054 191
1694714978109 2.3634180034319927 192
1694714978472 2.3633756221557025 193
1694714978790 2.3633332421501434 194
1694714979094 2.3632908634152763 195
1694714979442 2.363248485951063 196
1694714979729 2.3632061097574635 197
1694714980048 2.363163734834439 198
1694714980345 2.3631213611819506 199
1694714980593 2.3630789887999595 200
1694714980867 2.3630366176884263 201
1694714981147 2.362994247847312 202
1694714981447 2.3629518792765776 203
1694714981784 2.3629095119761843 204
1694714982089 2.362867145946092 205
1694714982362 2.3628247811862635 206
1694714982676 2.3627824176966583 207
1694714983014 2.362740055477238 208
1694714983333 2.362697694527963 209
1694714983643 2.3626553348487946 210
1694714983958 2.362612976439695 211
1694714984296 2.3625706193006226 212
1694714984571 2.3625282634315403 213
1694714984818 2.3624859088324084 214
1694714985122 2.362443555503188 215
1694714985394 2.3624012034438406 216
1694714985693 2.3623588526543258 217
1694714986009 2.3623165031346063 218
1694714986299 2.3622741548846413 219
1694714986608 2.3622318079043936 220
1694714986979 2.362189462193823 221
1694714987300 2.3621471177528908 222
1694714987609 2.362104774581558 223
1694714987943 2.362062432679785 224
1694714988292 2.362020092047534 225
1694714988658 2.3619777526847643 226
1694714988994 2.3619354145914393 227
1694714989310 2.3618930777675176 228
1694714989595 2.3618507422129618 229
1694714989898 2.3618084079277315 230
1694714990253 2.361766074911789 231
1694714990574 2.361723743165095 232
1694714990865 2.36168141268761 233
1694714991213 2.3616390834792953 234
1694714991485 2.3615967555401114 235
1694714991763 2.36155442887002 236
1694714992039 2.3615121034689817 237
1694714992370 2.3614697793369586 238
1694714992623 2.3614274564739097 239
1694714992884 2.361385134879798 240
1694714993181 2.361342814554583 241
1694714993511 2.361300495498226 242
1694714993811 2.361258177710689 243
1694714994130 2.3612158611919316 244
1694714994440 2.361173545941916 245
1694714994729 2.3611312319606026 246
1694714994996 2.3610889192479525 247
1694714995246 2.361046607803927 248
1694714995499 2.3610042976284866 249
1694714995919 2.360961988721593 250
1694714996235 2.3609196810832063 251
1694714996529 2.360877374713288 252
1694714996829 2.3608350696117997 253
1694714997100 2.360792765778702 254
1694714997417 2.360750463213955 255
1694714997695 2.360708161917521 256
1694714998071 2.3606658618893603 257
1694714998402 2.3606235631294346 258
1694714998655 2.3605812656377037 259
1694714998972 2.3605389694141303 260
1694714999236 2.3604966744586746 261
1694714999529 2.360454380771297 262
1694714999800 2.3604120883519597 263
1694715000152 2.360369797200623 264
1694715000507 2.360327507317248 265
1694715000773 2.360285218701796 266
1694715001057 2.3602429313542275 267
1694715001369 2.3602006452745043 268
1694715001669 2.3601583604625866 269
1694715001998 2.360116076918437 270
1694715002340 2.3600737946420143 271
1694715002684 2.3600315136332815 272
1694715003002 2.359989233892198 273
1694715003288 2.3599469554187262 274
1694715003558 2.359904678212827 275
1694715003853 2.3598624022744605 276
1694715004170 2.3598201276035886 277
1694715004485 2.3597778542001726 278
1694715004739 2.359735582064172 279
1694715005127 2.3596933111955494 280
1694715005438 2.3596510415942658 281
1694715005719 2.3596087732602813 282
1694715006056 2.3595665061935573 283
1694715006361 2.3595242403940557 284
1694715006695 2.3594819758617365 285
1694715006953 2.359439712596561 286
1694715007336 2.3593974505984905 287
1694715007612 2.3593551898674865 288
1694715007878 2.3593129304035094 289
1694715008193 2.35927067220652 290
1694715008530 2.3592284152764806 291
1694715008746 2.3591861596133508 292
1694715008978 2.359143905217093 293
1694715009233 2.3591016520876664 294
1694715009600 2.3590594002250342 295
1694715009841 2.3590171496291563 296
1694715010188 2.358974900299994 297
1694715010521 2.3589326522375083 298
1694715010794 2.3588904054416604 299
1694715011063 2.358848159912412 300
1694715011362 2.358805915649723 301
1694715011728 2.358763672653555 302
1694715012050 2.3587214309238695 303
1694715012354 2.3586791904606272 304
1694715012650 2.3586369512637884 305
1694715012974 2.358594713333316 306
1694715013305 2.3585524766691695 307
1694715013630 2.3585102412713104 308
1694715013940 2.3584680071397 309
1694715014315 2.3584257742743 310
1694715014642 2.3583835426750706 311
1694715014921 2.3583413123419725 312
1694715015147 2.358299083274968 313
1694715015518 2.3582568554740173 314
1694715015812 2.358214628939082 315
1694715016137 2.3581724036701237 316
1694715016501 2.3581301796671017 317
1694715016853 2.3580879569299786 318
1694715017161 2.358045735458715 319
1694715017424 2.3580035152532726 320
1694715017704 2.357961296313612 321
1694715017952 2.3579190786396937 322
1694715018258 2.3578768622314805 323
1694715018551 2.3578346470889318 324
1694715018877 2.3577924332120093 325
1694715019153 2.357750220600674 326
1694715019496 2.3577080092548877 327
1694715019753 2.357665799174611 328
1694715019945 2.3576235903598053 329
1694715020226 2.35758138281043 330
1694715020555 2.357539176526449 331
1694715020810 2.3574969715078224 332
1694715021156 2.35745476775451 333
1694715021442 2.3574125652664746 334
1694715021705 2.3573703640436765 335
1694715021977 2.3573281640860766 336
1694715022293 2.3572859653936367 337
1694715022634 2.3572437679663176 338
1694715022893 2.357201571804081 339
1694715023190 2.357159376906887 340
1694715023536 2.357117183274697 341
1694715023843 2.3570749909074724 342
1694715024171 2.3570327998051743 343
1694715024497 2.3569906099677644 344
1694715024805 2.3569484213952023 345
1694715025140 2.3569062340874507 346
1694715025481 2.3568640480444705 347
1694715025845 2.356821863266222 348
1694715026169 2.3567796797526666 349
1694715026496 2.356737497503766 350
1694715026832 2.356695316519481 351
1694715027079 2.356653136799773 352
1694715027379 2.356610958344602 353
1694715027686 2.356568781153931 354
1694715028002 2.356526605227719 355
1694715028297 2.3564844305659296 356
1694715028623 2.356442257168522 357
1694715028918 2.356400085035458 358
1694715029209 2.3563579141667 359
1694715029487 2.356315744562206 360
1694715029757 2.3562735762219407 361
1694715029994 2.3562314091458627 362
1694715030357 2.3561892433339344 363
1694715030683 2.3561470787861167 364
1694715030943 2.356104915502371 365
1694715031235 2.3560627534826577 366
1694715031539 2.3560205927269395 367
1694715031804 2.355978433235175 368
1694715032075 2.3559362750073283 369
1694715032359 2.3558941180433584 370
1694715032711 2.355851962343227 371
1694715032975 2.355809807906896 372
1694715033268 2.355767654734326 373
1694715033608 2.3557255028254778 374
1694715033877 2.3556833521803133 375
1694715034169 2.3556412027987936 376
1694715034496 2.3555990546808796 377
1694715034838 2.3555569078265326 378
1694715035125 2.355514762235713 379
1694715035416 2.355472617908384 380
1694715035716 2.355430474844504 381
1694715035947 2.355388333044037 382
1694715036195 2.355346192506942 383
1694715036493 2.3553040532331813 384
1694715036864 2.3552619152227154 385
1694715037156 2.3552197784755067 386
1694715037530 2.355177642991515 387
1694715037840 2.355135508770702 388
1694715038172 2.3550933758130292 389
1694715038523 2.355051244118458 390
1694715038846 2.355009113686948 391
1694715039185 2.3549669845184624 392
1694715039540 2.3549248566129615 393
1694715039849 2.3548827299704063 394
1694715040166 2.354840604590758 395
1694715040465 2.354798480473978 396
1694715040775 2.3547563576200288 397
1694715041017 2.3547142360288693 398
1694715041287 2.354672115700462 399
1694715041562 2.3546299966347672 400
1694715041843 2.354587878831748 401
1694715042106 2.3545457622913633 402
1694715042377 2.3545036470135754 403
1694715042643 2.354461532998346 404
1694715042896 2.3544194202456357 405
1694715043228 2.354377308755405 406
1694715043541 2.354335198527617 407
1694715043845 2.354293089562231 408
1694715044124 2.3542509818592094 409
1694715044500 2.3542088754185135 410
1694715044839 2.354166770240103 411
1694715045080 2.354124666323941 412
1694715045375 2.3540825636699876 413
1694715045687 2.3540404622782045 414
1694715045968 2.3539983621485527 415
1694715046278 2.3539562632809936 416
1694715046655 2.353914165675488 417
1694715046951 2.3538720693319974 418
1694715047234 2.353829974250483 419
1694715047540 2.3537878804309065 420
1694715047880 2.3537457878732284 421
1694715048176 2.3537036965774103 422
1694715048539 2.3536616065434135 423
1694715048909 2.353619517771199 424
1694715049187 2.353577430260728 425
1694715049513 2.3535353440119624 426
1694715049861 2.3534932590248623 427
1694715050157 2.3534511752993894 428
1694715050471 2.353409092835506 429
1694715050811 2.3533670116331717 430
1694715051157 2.353324931692349 431
1694715051495 2.353282853012998 432
1694715051805 2.3532407755950806 433
1694715052078 2.353198699438559 434
1694715052407 2.3531566245433924 435
1694715052686 2.3531145509095435 436
1694715052964 2.353072478536973 437
1694715053328 2.3530304074256425 438
1694715053818 2.3529883375755127 439
1694715054159 2.352946268986546 440
1694715054463 2.3529042016587023 441
1694715054763 2.3528621355919435 442
1694715055025 2.352820070786231 443
1694715055327 2.3527780072415254 444
1694715055657 2.352735944957789 445
1694715055997 2.3526938839349816 446
1694715056245 2.3526518241730656 447
1694715056553 2.3526097656720024 448
1694715056965 2.352567708431753 449
1694715057214 2.352525652452278 450
1694715057475 2.3524835977335394 451
1694715057974 2.3524415442754982 452
1694715058256 2.352399492078116 453
1694715058614 2.3523574411413533 454
1694715058928 2.3523153914651718 455
1694715059178 2.3522733430495335 456
1694715059467 2.3522312958943985 457
1694715059793 2.352189249999729 458
1694715060082 2.3521472053654855 459
1694715060378 2.35210516199163 460
1694715060760 2.352063119878123 461
1694715061063 2.3520210790249263 462
1694715061368 2.3519790394320013 463
1694715061678 2.3519370010993086 464
1694715061985 2.351894964026811 465
1694715062349 2.351852928214467 466
1694715062692 2.3518108936622415 467
1694715063061 2.351768860370093 468
1694715063397 2.3517268283379837 469
1694715063746 2.3516847975658752 470
1694715064056 2.3516427680537277 471
1694715064380 2.3516007398015044 472
1694715064712 2.351558712809165 473
1694715064976 2.351516687076671 474
1694715065330 2.351474662603984 475
1694715065628 2.351432639391066 476
1694715065919 2.3513906174378767 477
1694715066216 2.351348596744378 478
1694715066488 2.351306577310533 479
1694715066770 2.3512645591362995 480
1694715067045 2.351222542221642 481
1694715067306 2.3511805265665204 482
1694715067601 2.351138512170896 483
1694715067856 2.35109649903473 484
1694715068110 2.351054487157985 485
1694715068479 2.3510124765406206 486
1694715068802 2.350970467182599 487
1694715069106 2.350928459083881 488
1694715069440 2.3508864522444286 489
1694715069788 2.350844446664203 490
1694715070098 2.3508024423431646 491
1694715070368 2.350760439281276 492
1694715070716 2.350718437478498 493
1694715071024 2.350676436934791 494
1694715071276 2.3506344376501183 495
1694715071540 2.3505924396244393 496
1694715071857 2.3505504428577164 497
1694715072158 2.35050844734991 498
1694715072495 2.3504664531009825 499
