1694743819706 169.33022702445763 0
1694743820023 131.87371248225446 1
1694743820373 118.888740454941 2
1694743820721 106.12724995695001 3
1694743821088 94.82818662988933 4
1694743821482 84.75657988844725 5
1694743821770 75.78309729886615 6
1694743822126 67.78773735365455 7
1694743822462 60.66386919127671 8
1694743822727 54.316472761143075 9
1694743823080 48.660890605503496 10
1694743823482 43.62169669945308 11
1694743823761 39.13168979134951 12
1694743824064 35.13099645997702 13
1694743824415 31.566271994598523 14
1694743824713 28.389988424994446 15
1694743825043 25.55980019713894 16
1694743825368 23.037979026452028 17
1694743825764 20.790910384122846 18
1694743826081 18.788644894813167 19
1694743826394 17.004498657126838 20
1694743826729 15.414697151357139 21
1694743827044 13.998057980918482 22
1694743827374 12.735708212300827 23
1694743827659 11.610832540276075 24
1694743828031 10.608448916601514 25
1694743828358 9.715208647100866 26
1694743828725 8.919218288652859 27
1694743829102 8.209880968641519 28
1694743829514 7.5777550087073315 29
1694743829737 7.014427965645277 30
1694743830053 6.512404408108324 31
1694743830415 6.0650059311419 32
1694743830757 5.666282073942922 33
1694743831105 5.310930951788567 34
1694743831493 4.994228542756798 35
1694743831797 4.711965685395626 36
1694743832108 4.460391946431895 37
1694743832470 4.236165609318867 38
1694743832775 4.036309116128068 39
1694743833066 3.85816936808638 40
1694743833372 3.6993823549156732 41
1694743833663 3.5578416409154845 42
1694743834008 3.431670287210461 43
1694743834353 3.31919583545104 44
1694743834687 3.2189280191203973 45
1694743835048 3.129538905008529 46
1694743835379 3.049845199851683 47
1694743835681 2.9787924860349335 48
1694743835941 2.91544117600369 49
1694743836282 2.858953997969785 50
1694743836596 2.80858484593594 51
1694743836858 2.7636688452715283 52
1694743837229 2.723613501295913 53
1694743837552 2.6878908127796777 54
1694743837830 2.6560302451518276 55
1694743838131 2.6276124696743293 56
1694743838488 2.602263785067486 57
1694743838789 2.579651147176977 58
1694743839065 2.559477740387443 59
1694743839507 2.541479031716834 60
1694743839826 2.5254192549664656 61
1694743840174 2.5110882780402957 62
1694743840554 2.4982988116595037 63
1694743840836 2.4868839222536154 64
1694743841188 2.476694815867738 65
1694743841566 2.467598863541288 66
1694743841912 2.4594778418350747 67
1694743842176 2.452226365053759 68
1694743842469 2.4457504882679473 69
1694743842775 2.439966462518458 70
1694743843164 2.4347996256152244 71
1694743843435 2.4301834137518177 72
1694743843768 2.4260584807678796 73
1694743844157 2.422371913327398 74
1694743844484 2.419076531559798 75
1694743844771 2.4161302658504407 76
1694743845086 2.413495601482447 77
1694743845442 2.4111390837363715 78
1694743845730 2.409030876860263 79
1694743846082 2.407144371040726 80
1694743846509 2.405455832145398 81
1694743846820 2.403944089577325 82
1694743847298 2.402590258089571 83
1694743847672 2.4013774898609395 84
1694743848072 2.4002907535368463 85
1694743848416 2.399316637298608 86
1694743848800 2.398443173344461 87
1694743849153 2.3976596814508007 88
1694743849596 2.396956629536183 89
1694743849866 2.3963255093770375 90
1694743850176 2.395758725825705 91
1694743850614 2.39524949806115 92
1694743850888 2.3947917715628027 93
1694743851310 2.394380139640661 94
1694743851665 2.394009773481892 95
1694743851962 2.3936763597874298 96
1694743852291 2.393376045173004 97
1694743852615 2.393105386598915 98
1694743852930 2.392861307173016 99
1694743853299 2.3926410567427414 100
1694743853646 2.3924421767556225 101
1694743853926 2.3922624689244048 102
1694743854247 2.3920999672833947 103
1694743854585 2.3919529132676467 104
1694743854896 2.3918197334866957 105
1694743855203 2.3916990199002854 106
1694743855579 2.391589512135343 107
1694743855876 2.391490081711861 108
1694743856175 2.3913997179705753 109
