1694713185261 2.2374116295605213 0
1694713185532 3.762313039361851 1
1694713185742 0.16552482377732142 2
1694713186012 0.6266374015376183 3
1694713186320 4.772141632017321 4
1694713186594 0.00011723075254861197 5
1694713186908 6.581318707745247 6
1694713187232 0.36523769407339296 7
1694713187542 5.7936321793128185 8
1694713187787 3.02994248664174 9
1694713188004 0.15973844377594573 10
1694713188281 2.7518605689393456 11
1694713188555 0.019225247045210107 12
1694713188784 0.4731157086881007 13
1694713189023 1.619611470431815 14
1694713189278 4.889174240396156 15
1694713189608 0.7933615608807723 16
1694713189871 0.8816988451154117 17
1694713190167 0.43406498816142713 18
1694713190438 5.7577308555447475 19
1694713190737 1.9581952169485959 20
1694713190939 2.628151045021079 21
1694713191144 8.327982229364192 22
1694713191399 0.20306525142525725 23
1694713191755 3.1278872029563414 24
1694713191985 0.8544286753116964 25
1694713192255 1.0168840804627213 26
1694713192532 12.522667145405872 27
1694713192831 0.2032340515537983 28
1694713193021 17.92172104647012 29
1694713193224 0.5036208655683723 30
1694713193435 4.345808180045199 31
1694713193656 3.5418080393013422 32
1694713193981 0.6486609192654742 33
1694713194244 9.916420249827326 34
1694713194514 0.8587454297963544 35
1694713194842 0.11071572314108888 36
1694713195052 2.0942552487448114 37
1694713195317 5.682661477009724 38
1694713195567 0.07555620098543753 39
1694713195858 0.29916507687896016 40
1694713196094 1.4868795675662032 41
1694713196391 1.201009258041121 42
1694713196707 1.1646770652446141 43
1694713196978 3.567550229177747 44
1694713197187 3.97890641396911 45
1694713197449 0.07030302017460413 46
1694713197736 0.47793178553233984 47
1694713198008 0.007996470953576874 48
1694713198306 10.994531415713725 49
1694713198583 3.7510391086404526 50
1694713198833 0.4155332405135365 51
1694713199062 0.015891126845082617 52
1694713199328 0.0021322239191647703 53
1694713199570 0.08766873624518574 54
1694713199842 0.02972453313512813 55
1694713200095 0.8471528329159504 56
1694713200299 0.1128265797486105 57
1694713200553 1.601714747867366 58
1694713200839 3.966800428795914 59
1694713201051 0.5800803328796065 60
1694713201325 0.12658221857823157 61
1694713201575 0.031019368356635296 62
1694713201841 4.039385846261399 63
1694713202064 0.21203110634415787 64
1694713202309 4.227325393856846 65
1694713202594 0.2996770935447031 66
1694713202915 0.1675426862427332 67
1694713203130 4.736043806317077 68
1694713203416 0.8375554576523337 69
1694713203712 0.6209307062240268 70
1694713203946 0.4101745647267381 71
1694713204155 3.5877251755105033 72
1694713204433 1.275230583859179 73
1694713204713 0.900177113116021 74
1694713204992 0.05024415972842024 75
1694713205331 3.4566178955267812 76
1694713205545 0.424701218734646 77
1694713205723 13.765958203117455 78
1694713205954 0.5072197991250875 79
1694713206208 5.29392620745342 80
1694713206517 1.9573161957889198 81
1694713206795 0.27906263002406034 82
1694713207121 15.404696063724948 83
1694713207464 0.9325806502077334 84
1694713207752 56.44147873913933 85
1694713208027 0.4083312843181613 86
1694713208237 0.8144760993638258 87
1694713208484 0.0428339594761646 88
1694713208740 3.4394470119700604 89
1694713209018 0.36433328121245684 90
1694713209242 4.9807319282864055 91
1694713209553 8.172593452771572 92
1694713209927 1.3237953513507712 93
1694713210177 0.009141159479775363 94
1694713210409 7.703664496948548 95
1694713210674 1.3244928700388612 96
1694713210914 0.2632180255967332 97
1694713211184 4.639325618548057 98
1694713211445 0.49505060224559355 99
1694713211778 0.08904423938510955 100
1694713212044 0.07981907450302855 101
1694713212332 3.8043787321537788 102
1694713212614 16.198859288470523 103
1694713212961 2.303268754370791 104
1694713213249 3.2513416830446666 105
1694713213503 0.24363086392548475 106
1694713213843 0.8541843119253498 107
1694713214210 0.046030414878157996 108
1694713214442 0.7422563219438529 109
1694713214693 0.8651356589221257 110
1694713214980 1.0021495684262935 111
1694713215374 1.715171775538524 112
1694713215661 6.825185584892316 113
1694713215908 1.307614388043837 114
1694713216132 14.490244340689822 115
1694713216422 2.2313803550684397 116
1694713216708 6.6761504458618255 117
1694713217045 4.531198643423029 118
1694713217302 0.218743506907962 119
1694713217573 0.24761174834513525 120
1694713217852 4.865702733712479 121
1694713218149 10.888984876902624 122
1694713218386 1.356882250924389 123
1694713218680 0.040416219207644925 124
1694713218953 0.24745482164156107 125
1694713219242 0.4437458186633104 126
1694713219473 1.617802351115375 127
1694713219737 1.3469409714266243 128
1694713220002 0.6782137703194105 129
1694713220296 0.22535242459974622 130
1694713220596 1.0656314878264659 131
1694713220878 4.1662214466076755 132
1694713221075 0.000980087174534939 133
1694713221289 0.5789636913078493 134
1694713221503 0.9856226884223804 135
1694713221744 7.8760194665756185 136
1694713221984 9.079234897743529 137
1694713222225 5.400050178805704 138
1694713222449 3.106201579923139 139
1694713222755 2.5488809313779264 140
1694713223099 1.63081221362142 141
1694713223328 1.2158105963457422 142
1694713223568 1.8674329545707051 143
1694713223856 0.12492713820396098 144
1694713224082 2.805579327549214 145
1694713224352 0.6685791566894316 146
1694713224573 4.1985524192976085 147
1694713224795 2.802420656835567 148
1694713225090 0.11564668478759045 149
1694713225432 3.3000380806079392 150
1694713225649 0.06292142603804841 151
1694713225939 0.13122409969383858 152
1694713226304 0.7195316021240901 153
1694713226535 0.42223008677055157 154
1694713226819 2.676963978821952 155
1694713227131 1.9627175309944682 156
1694713227427 0.3297846121937018 157
1694713227679 0.9348584826640861 158
1694713227915 0.8146707879301657 159
1694713228208 3.510882410735615 160
1694713228497 1.6323972246334897 161
1694713228741 0.33901838227811465 162
1694713229003 0.00041058716732511824 163
1694713229315 0.04076238830073495 164
1694713229580 4.7466229476072055 165
1694713229895 0.48808776416445604 166
1694713230130 0.3707679528206071 167
1694713230431 0.2090936834882276 168
1694713230646 0.40055516922890727 169
1694713230937 2.471476153766475 170
1694713231204 4.7163608388664535 171
1694713231488 0.013997131785677991 172
1694713231711 0.11892283091307487 173
1694713232042 0.5446987844130718 174
1694713232371 4.861537970883296 175
1694713232584 3.2844255777679963 176
1694713232801 0.0006375716195388275 177
1694713233028 0.6426965620379288 178
1694713233323 1.5265773251018382 179
1694713233553 2.9827190588175347 180
1694713233736 0.9124120129556355 181
1694713233923 0.13059536352774362 182
1694713234179 3.517531626787763 183
1694713234463 0.7379510342561765 184
1694713234664 3.333054896536571 185
1694713234893 1.7449861125402188 186
1694713235270 1.5033350796798113 187
1694713235536 2.2284076926079788 188
1694713235808 0.8546306657979666 189
1694713236123 1.165126849495718 190
1694713236494 7.667116523723072 191
1694713236958 0.5227555890727217 192
1694713237239 0.14353064316125155 193
1694713237501 0.6901245895492262 194
1694713237720 6.680973118043945 195
1694713237904 10.696252924454564 196
1694713238119 3.1268006846130745 197
1694713238365 2.7746844438404965 198
1694713238708 0.3029535063564725 199
1694713238965 2.1482211848076673 200
1694713239287 0.6300657286717646 201
1694713239570 0.6901763117014174 202
1694713239832 0.4177215176426275 203
1694713240141 1.3439786400658569 204
1694713240430 5.1627694460802305 205
1694713240669 0.0032304828322010145 206
1694713240951 0.43302923912736097 207
1694713241163 0.679866219536645 208
1694713241384 0.16086394908690138 209
1694713241640 2.299303955658905 210
1694713241871 0.000682949005900206 211
1694713242116 2.5027687634782207 212
1694713242362 2.2328160559296077 213
1694713242606 2.681977645935771 214
1694713242813 0.31147786445191106 215
1694713243058 0.5153793068720667 216
1694713243322 0.07598982587557702 217
1694713243607 2.103591879232435 218
1694713243803 4.071920818587787 219
1694713243985 0.14340584841445927 220
1694713244235 2.2063642810134274 221
1694713244434 0.04802399674649911 222
1694713244712 0.7164351247937792 223
1694713244975 2.317346413553781 224
1694713245381 0.2130062191611056 225
1694713245665 0.19711978299035118 226
1694713245933 1.5001076758046024 227
1694713246275 4.663865028399872 228
1694713246528 0.11134787007640218 229
1694713246803 0.06578462143219868 230
1694713247078 9.114986566520987 231
1694713247371 0.13086678828762502 232
1694713247737 0.3535616840041443 233
1694713247949 1.5686467024264328 234
1694713248203 5.97545035557443 235
1694713248487 0.1531102071934916 236
1694713248776 2.196692832799443 237
1694713248985 0.03820923689513531 238
1694713249209 0.2731405077653111 239
1694713249489 1.5026598993330107 240
1694713249778 0.7165968148413792 241
1694713250080 0.03249396982373712 242
1694713250362 0.02094310577704491 243
1694713250664 8.59623787859695 244
1694713250917 0.38388766147250386 245
1694713251145 0.08935918396199131 246
1694713251353 0.1349754053007402 247
1694713251631 0.16709161516866786 248
1694713251899 3.2038011174970644 249
1694713252166 2.5996349308586804 250
1694713252403 5.19256372063553 251
1694713252631 0.1245594924273433 252
1694713252880 0.030024642236180163 253
1694713253221 0.03226182919593578 254
1694713253747 6.504463618102268 255
1694713254123 1.6183214137408228 256
1694713254412 0.5423496897996009 257
1694713254672 1.0838346480566832 258
1694713254985 9.6228576097974 259
1694713255315 1.9944419792435728 260
1694713255574 2.0911735284330484 261
1694713255911 2.767460862661566 262
1694713256131 1.380030364891885 263
1694713256349 0.6064388549693572 264
1694713256688 9.027727013357707 265
1694713257007 9.77630933145152 266
1694713257223 0.42741110681480265 267
1694713257474 1.1136350790817562 268
1694713257748 0.09047149498150814 269
1694713258013 1.339853940582789 270
1694713258266 6.789997466352842 271
1694713258485 2.0300146030626487 272
1694713258803 0.421105319651888 273
1694713259057 1.6863099860883686 274
1694713259322 1.0271478604951403 275
1694713259581 4.838699086467453 276
1694713259867 0.4552186683106676 277
1694713260110 13.653116186528086 278
1694713260408 1.2476153329666415 279
1694713260675 5.393393775927431 280
1694713260979 3.375367756472681 281
1694713261316 5.39221950132607 282
1694713261592 2.202934371715927 283
1694713261875 1.2089343176889846 284
1694713262129 0.7890701553515045 285
1694713262443 3.5039869099177956 286
1694713262725 0.39387899752082156 287
1694713262970 0.5349743167345916 288
1694713263308 2.103817554003836 289
1694713263589 3.1940813092481575 290
1694713263877 0.02799488679934337 291
1694713264139 5.429457904807004 292
1694713264430 0.5758935236354942 293
1694713264653 0.16315929990973518 294
1694713264876 0.7069395739091815 295
1694713265154 5.376292260704609 296
1694713265518 0.020215525679574742 297
1694713265779 2.940247041900761 298
1694713266030 0.2790652318530095 299
1694713266265 0.3123187692830573 300
1694713266551 0.4641809582115309 301
1694713266796 0.08033709673270009 302
1694713267050 0.10499078228488147 303
1694713267255 0.6491649946137189 304
1694713267510 2.2207095872087765 305
1694713267871 0.010205588989596288 306
1694713268151 0.23966251110907633 307
1694713268377 3.6468691785994998 308
1694713268605 0.8594704687441928 309
1694713268820 0.0059171454451266425 310
1694713269078 1.133688175994701 311
1694713269281 0.19699613877774186 312
1694713269495 2.515141854465638 313
1694713269727 0.31298718103994594 314
1694713270075 1.5389704176697683 315
1694713270289 0.04214831356113392 316
1694713270480 5.667207500055001 317
1694713270749 5.943580440148397 318
1694713270971 1.562391285898556 319
1694713271296 0.027592196852702658 320
1694713271547 0.92355419369575 321
1694713271870 0.2718188533006597 322
1694713272254 1.684941520315859 323
1694713272503 0.8081303353462862 324
1694713272844 3.450551619610736 325
1694713273071 0.03876071687144525 326
1694713273326 0.4643716127712785 327
1694713273620 0.7004743663793149 328
1694713274062 9.164051535581248 329
1694713274419 2.0973388191879394 330
1694713274826 7.143438960488447 331
1694713275159 0.29779309265244425 332
1694713275367 8.412713676142655 333
1694713275683 0.17524658085608172 334
1694713275984 2.7176412660755793 335
1694713276323 0.9701016192814675 336
1694713276603 1.5046704550388703 337
1694713276912 10.62205566403553 338
1694713277188 1.0085502395308863 339
1694713277490 0.0831747775479024 340
1694713277755 1.46213535987307 341
1694713278056 0.3589745533779433 342
1694713278307 0.888104510932038 343
1694713278595 0.06688704588028765 344
1694713278886 0.057031599171638726 345
1694713279266 7.93738713866404 346
1694713279532 3.700975055286186 347
1694713279836 16.681911563205233 348
1694713280152 3.011742315422022 349
1694713280416 0.7459181509676777 350
1694713280641 2.8971966304614947 351
1694713280913 1.1249041501187782 352
1694713281251 0.4500720612590993 353
1694713281561 0.0071944622159384585 354
1694713281814 1.278788693485936 355
1694713282135 4.345367870594897 356
1694713282423 1.6249326997315328 357
1694713282660 0.013753798731049606 358
1694713282948 1.2215351549936653 359
1694713283258 2.2427179239783266 360
1694713283553 3.0526902078544715 361
1694713283804 0.5356607567712028 362
1694713284066 0.7190469349628007 363
1694713284356 2.0294814464153417 364
1694713284580 0.1401058674225968 365
1694713284821 0.4308415717739582 366
1694713285036 0.05770391422066293 367
1694713285380 1.4676389733537436 368
1694713285584 0.1124442509066386 369
1694713285881 1.2185166121364963 370
1694713286170 6.8592381450414655 371
1694713286452 1.8729377876833107 372
1694713286656 1.2616390686835086 373
1694713287031 1.050914771497898 374
1694713287316 0.0035400167009797976 375
1694713287603 4.496966090711786 376
1694713287890 0.614860092242065 377
1694713288243 0.2727928307876749 378
1694713288540 1.8341046340547613 379
1694713288826 0.4171542927039773 380
1694713289105 0.6946538774776564 381
1694713289335 0.023646131498879026 382
1694713289600 1.0100164374711404 383
1694713289803 2.1397397968189207 384
1694713290027 1.6693886030247485 385
1694713290365 0.3532384009333579 386
1694713290619 0.5472556165162304 387
1694713290825 2.71972677143668 388
1694713291045 2.609791704288692 389
1694713291291 9.569945103945207 390
1694713291573 1.4791180648943358 391
1694713291838 0.6016038015811425 392
1694713292115 4.310666310374599 393
1694713292380 1.9825227644427281 394
1694713292708 5.511392872602932 395
1694713292928 0.7081710823617439 396
1694713293166 0.16367936506050731 397
1694713293414 0.13558742941579072 398
1694713293641 1.08698829818527 399
1694713293884 0.11996082862290883 400
1694713294140 0.040012501678432004 401
1694713294413 0.10855922360914012 402
1694713294675 0.4354513607351886 403
1694713294959 1.2402264792226274 404
1694713295272 5.295429437106078 405
1694713295505 0.4589624275666484 406
1694713295701 0.007196177771043194 407
1694713295928 0.2502385436521844 408
1694713296204 1.1905470539543717 409
1694713296489 0.05537418806152407 410
1694713296747 10.118533422618018 411
1694713297088 0.009776556055651043 412
1694713297381 0.055069407906473175 413
1694713297661 0.3427335650983308 414
1694713297898 0.28861831283157874 415
1694713298175 0.44708586957434265 416
1694713298461 1.7662825084076543 417
1694713298700 0.09202268226099124 418
1694713298903 0.6025348922365896 419
1694713299225 5.209178419854987 420
1694713299496 1.3552144106804265 421
1694713299711 0.32884384020961854 422
1694713299932 0.6792017073100172 423
1694713300195 1.1668780832936316 424
1694713300482 1.076183711693338 425
1694713300719 1.40965402432166 426
1694713300940 0.03227837508149651 427
1694713301212 0.09347432548359985 428
1694713301525 8.867592112342383 429
1694713301760 2.630770190587 430
1694713301976 0.22878674327482032 431
1694713302259 1.8288015066460002 432
1694713302540 0.795478067593658 433
1694713302788 0.00481228951410349 434
1694713303035 3.3377027407263666 435
1694713303304 4.971466073320497 436
1694713303616 0.015071905231955045 437
1694713303904 0.21068719051757215 438
1694713304155 0.1016201816419602 439
1694713304434 5.747565792356171 440
1694713304630 0.8811263179727681 441
1694713304843 0.3214549456056069 442
1694713305098 2.49618029466709 443
1694713305497 7.560045912140842 444
1694713305808 0.01970035327773382 445
1694713306193 1.0819993146696567 446
1694713306587 0.8133754771203756 447
1694713306852 0.5871124152964325 448
1694713307154 0.024281456187307506 449
1694713307447 0.9907075224569362 450
1694713307670 1.6694277023675406 451
1694713307899 4.1681527214847875 452
1694713308162 0.9195686152605149 453
1694713308432 2.896570892869972 454
1694713308680 3.22962089377566 455
1694713308905 0.15014441971941442 456
1694713309151 2.369793613132447 457
1694713309428 5.459628852038038 458
1694713309703 6.23708371947139 459
1694713309932 0.00016075555346340697 460
1694713310143 0.9951755116345925 461
1694713310374 1.8262873060759612 462
1694713310617 0.2124076473589612 463
1694713310841 0.40259519949365186 464
1694713311063 0.0925354319203632 465
1694713311319 0.007409069443034214 466
1694713311571 1.2407985155032581 467
1694713311869 0.22397657335728943 468
1694713312134 0.042079292404990365 469
1694713312418 0.018277775989797008 470
1694713312734 1.0747818931414554 471
1694713312927 0.8317331502478402 472
1694713313119 1.6780177306910518 473
1694713313346 11.863256102482335 474
1694713313606 2.589556888266488 475
1694713313856 0.35190152204863134 476
1694713314091 0.031086125152202552 477
1694713314357 5.1512823088948325 478
1694713314646 0.3390597406630362 479
1694713314966 1.1746512864876018 480
1694713315341 3.1893364764386365 481
1694713315649 0.3354814714102794 482
1694713315895 2.6965747173247534 483
1694713316190 0.20050163598400572 484
1694713316476 1.1997234180068277 485
1694713316760 2.6779687762041715 486
1694713317039 0.20122638957705957 487
1694713317400 0.19227381972313853 488
1694713317681 0.042102791064402054 489
1694713317922 0.4032072076429023 490
1694713318209 5.958095910513786 491
1694713318501 0.932925119563413 492
1694713318799 0.4659770200470138 493
1694713319006 6.990922490853203 494
1694713319225 20.083497972939096 495
1694713319533 4.988072004254452 496
1694713319737 0.007040123954360569 497
1694713319945 0.0489412474696581 498
1694713320194 8.866173884016003 499
