1694746936150 12.047382280648462 0
1694746936406 29.12874649815153 1
1694746936654 37.46715047166654 2
1694746936968 41.10624076044365 3
1694746937278 56.849016413194725 4
1694746937538 1.9601097001304564 5
1694746937838 1.9023427121463508 6
1694746938110 26.36309177341876 7
1694746938363 20.211754632690994 8
1694746938638 84.68909714898133 9
1694746938861 7.508057888767401 10
1694746939098 15.115454059654217 11
1694746939373 0.10234794697595313 12
1694746939599 11.490105827495041 13
1694746939920 2.8080291555551717 14
1694746940277 4.999013730444162 15
1694746940503 43.18528565317627 16
1694746940730 2.4655696991080687 17
1694746940947 8.358629261108934 18
1694746941192 1.7688064562483363 19
1694746941416 0.6414969065358506 20
1694746941645 12.206246292494066 21
1694746941989 10.338690751215175 22
1694746942294 5.819614057103161 23
1694746942606 0.03533894244685827 24
1694746942906 3.957311551451058 25
1694746943165 0.43240914282425663 26
1694746943479 7.975939527726078 27
1694746943778 85.3854462289762 28
1694746944068 1.3628186954567987 29
1694746944392 3.0457554566432297 30
1694746944750 16.988178271462033 31
1694746945072 0.021071458736345007 32
1694746945535 0.2928478565696074 33
1694746945759 22.64603538597439 34
1694746946054 0.28704253652195705 35
1694746946324 14.703977089640786 36
1694746946573 0.0033560251220705567 37
1694746946863 0.8398846799221986 38
1694746947091 5.388889782057859 39
1694746947356 40.461929471436854 40
1694746947609 13.88089063332435 41
1694746947914 110.71205000461 42
1694746948351 6.612834806527071 43
1694746948688 0.5593328227093327 44
1694746949005 34.64160967041394 45
1694746949354 0.31289138585358356 46
1694746949612 6.94500319909006 47
1694746949877 0.2260803649579729 48
1694746950169 0.3555612435866655 49
1694746950419 1.8777309843287562 50
1694746950695 21.89673427893144 51
1694746950995 2.633252310173961 52
1694746951325 1.1466835591781783 53
1694746951613 3.5517489107162423 54
1694746951955 5.90262490860086 55
1694746952263 6.7927190257784895 56
1694746952564 0.450243531479692 57
1694746952792 45.73871483419882 58
1694746953018 16.809173312815 59
1694746953264 1.6387878188728173 60
1694746953556 0.026694945473229943 61
1694746953794 0.4670009365563784 62
1694746954014 27.45290244349101 63
1694746954223 1.271832119534894 64
1694746954449 0.2066345895036583 65
1694746954719 2.684984563496846 66
1694746954990 6.5762109052965085 67
1694746955260 1.790552441109192 68
1694746955500 20.95331089837783 69
1694746955804 6.768751816814938e-05 70
1694746956049 35.79857184983953 71
1694746956334 0.2569719594064967 72
1694746956598 10.624836726023814 73
1694746956887 130.82563401376507 74
1694746957172 3.9212993056207956 75
1694746957407 2.8040615414976897 76
1694746957728 36.635784774300255 77
1694746957999 0.6421034208711504 78
1694746958394 5.278902678422343 79
1694746958728 28.142481432578034 80
1694746958957 31.55410255396242 81
1694746959203 46.176522260932025 82
1694746959459 39.5468817067026 83
1694746959717 24.249552278881314 84
1694746959939 9.611962398731956 85
1694746960246 0.3869499725452719 86
1694746960550 38.58075456229097 87
1694746960852 8.271008146163622 88
1694746961073 10.01389633965599 89
1694746961325 10.44149499208581 90
1694746961629 34.43234156795165 91
1694746961951 0.05367009448677056 92
1694746962195 15.560869001001892 93
1694746962519 0.8170887870684557 94
1694746962795 17.147862085101643 95
1694746963031 33.05308316194299 96
1694746963275 0.521100203898563 97
1694746963556 8.41201844932007 98
1694746963865 10.83992437990294 99
1694746964177 17.443906678678832 100
1694746964491 0.18405018607650245 101
1694746964858 0.19916772684915862 102
1694746965121 0.23471809461443968 103
1694746965359 23.768439701566777 104
1694746965668 1.241011182336988 105
1694746965929 11.036474501779821 106
1694746966174 5.170457423753878 107
1694746966486 34.79854119533063 108
1694746966777 8.783574472832946 109
1694746967133 0.35387705408956777 110
1694746967448 0.5373751321158617 111
1694746967769 13.477457544056819 112
1694746968073 28.19402160932211 113
1694746968406 10.184999230657995 114
1694746968706 29.22055485058844 115
1694746968942 8.397528437832962 116
1694746969199 17.472134279725413 117
1694746969459 15.082449265832526 118
1694746969688 24.93986227270976 119
1694746969918 11.187145843082103 120
1694746970116 7.892147710832682 121
1694746970356 4.327168076301475 122
1694746970665 3.5966372190216944 123
1694746970951 10.345717446659341 124
1694746971192 1.0894655401605498 125
1694746971549 2.066664953227593 126
1694746971882 4.857842875319633 127
1694746972118 11.81798461377593 128
1694746972364 30.916924261167132 129
1694746972654 0.9473903844960693 130
1694746972951 0.46419700730680424 131
1694746973170 0.001020581817182028 132
1694746973393 0.6038087894837003 133
1694746973741 0.4868214695661896 134
1694746973994 33.734323468160035 135
1694746974248 19.888165054780583 136
1694746974564 0.07127915464402129 137
1694746974861 0.35868816402290926 138
1694746975090 1.632821912180673 139
1694746975328 8.625495190237862 140
1694746975547 3.894140239695297 141
1694746975818 1.3174967184410737 142
1694746976068 9.773219753768034 143
1694746976312 2.423673757293901 144
1694746976616 5.33353069836327 145
1694746976909 0.3031342462399792 146
1694746977185 5.433825599394712 147
1694746977411 27.086133034058086 148
1694746977643 14.73640842309563 149
1694746978003 28.93207851742896 150
1694746978277 40.88399744033967 151
1694746978504 6.7372570727393155 152
1694746978769 7.6604181227821915 153
1694746979071 0.16881829861218992 154
1694746979301 52.2885300062124 155
1694746979568 2.0239430987763725 156
1694746979846 8.045847897829757 157
1694746980162 5.422422329623027 158
1694746980471 27.73318022927148 159
1694746980726 12.231629186956825 160
1694746981023 0.0329536659324852 161
1694746981275 1.0325418213987765 162
1694746981512 27.027891978731233 163
1694746981842 0.1263446084563799 164
1694746982186 3.085261034865726 165
1694746982450 2.473049500840237 166
1694746982707 5.167650468446082 167
1694746982986 10.374721822468494 168
1694746983279 69.05049754176929 169
1694746983586 7.603326187891314 170
1694746983807 22.285974485536848 171
1694746984034 1.1000977833748975 172
1694746984299 47.11817358719266 173
1694746984579 1.608661407033099 174
1694746984910 19.870453814424003 175
1694746985203 7.719358767599475 176
1694746985449 10.315059880468624 177
1694746985746 81.14521564825947 178
1694746986045 23.58519927773742 179
1694746986332 0.8720260641653444 180
1694746986549 22.08971975881129 181
1694746986788 2.6138695592515195 182
1694746987122 2.968479374024006 183
1694746987430 1.1489333022130435 184
1694746987673 40.545804640928665 185
1694746987932 3.3482851044197837 186
1694746988210 1.4812954473574647 187
1694746988494 6.150349903219054 188
1694746988753 0.014723551319735208 189
1694746989027 3.719503953637546 190
1694746989322 19.70397546697805 191
1694746989558 0.020479899264681432 192
1694746989812 7.475169441202087 193
1694746990093 23.88747107276077 194
1694746990346 15.747692893320796 195
1694746990589 5.602351764950077 196
1694746990827 2.2831431584981527 197
1694746991055 4.038013654888113 198
1694746991362 4.549995670021104 199
1694746991710 26.701452505480628 200
1694746992020 6.403431248401756 201
1694746992298 5.337274123755843 202
1694746992516 0.005512432969640119 203
1694746992825 6.08502871164074 204
1694746993093 13.050012352737802 205
1694746993385 16.17210813750403 206
1694746993780 0.3357950661030936 207
1694746994071 7.5835737997564765 208
1694746994376 3.558123997085143 209
1694746994588 32.877438393331296 210
1694746994798 27.458449137450962 211
1694746995014 0.20991151263403537 212
1694746995244 2.906196043400772 213
1694746995478 8.13396117889466 214
1694746995782 27.84053503721196 215
1694746996143 5.647276638859113 216
1694746996408 1.777329517658942 217
1694746996653 1.2101921233594743 218
1694746996952 35.323433013452465 219
1694746997254 10.448903426712057 220
1694746997463 0.024180585951745465 221
1694746997720 0.7659229430194416 222
1694746997981 3.7649135428152647 223
1694746998287 9.123858150932744 224
1694746998510 33.31834935041811 225
1694746998714 0.4079959725761648 226
1694746998917 24.7812892718272 227
1694746999277 0.6924242188326515 228
1694746999534 20.368131324947313 229
1694746999757 1.8941648377688705 230
1694747000149 0.8498744430307535 231
1694747000466 4.688792731649439 232
1694747000702 3.444532596389738 233
1694747001022 0.5563276758615526 234
1694747001351 19.901719324944153 235
1694747001561 0.40165809776443073 236
1694747001844 40.864107714592926 237
1694747002129 1.4687954369233567 238
1694747002453 7.011660018047069 239
1694747002732 3.0143062347283975 240
1694747002980 4.505718995848173 241
1694747003216 44.64606543721708 242
1694747003477 1.5407905744515562 243
1694747003798 9.236388213372154 244
1694747004102 3.3506372439994525 245
1694747004435 2.7809070120375816 246
1694747004675 9.680299762638601 247
1694747004946 0.6653446647807958 248
1694747005207 2.4673800275929447 249
1694747005513 21.20357284388067 250
1694747005818 0.6189527084347384 251
1694747006131 50.013396403276204 252
1694747006409 13.307883072691245 253
1694747006684 0.0749315790807295 254
1694747006983 30.463376347527362 255
1694747007271 0.14396412096369055 256
1694747007573 22.83078957947191 257
1694747007811 2.0378637490758154 258
1694747008088 0.2041458253818836 259
1694747008374 11.330471754980849 260
1694747008604 32.44536500204833 261
1694747008931 0.2824641927309468 262
1694747009317 7.732134852604891 263
1694747009642 0.037069149783633126 264
1694747009943 8.048509207993828 265
1694747010240 2.9530991762358347 266
1694747010524 0.0006441398522529451 267
1694747010783 0.018929673339308117 268
1694747011082 15.320414080217839 269
1694747011437 2.0206717091854918 270
1694747011743 0.22529259562665746 271
1694747012115 3.0643202622076524 272
1694747012438 0.22759340294875782 273
1694747012672 0.11503157290712497 274
1694747012920 20.78745126027015 275
1694747013179 0.5120191473599153 276
1694747013433 1.4986700921979768 277
1694747013752 12.056018250451773 278
1694747014035 2.368813846097235 279
1694747014358 0.5250200430443039 280
1694747014621 0.007512607095133541 281
1694747014846 24.500187995362946 282
1694747015146 0.04008169661716638 283
1694747015476 66.33852526346512 284
1694747015743 7.178477750185498 285
1694747016056 13.593450293596076 286
1694747016292 0.08215294064668534 287
1694747016565 0.506521104262562 288
1694747016827 1.8056272770246835 289
1694747017076 5.132673669224338 290
1694747017376 7.189636355042267 291
1694747017680 7.176641048195038 292
1694747017983 0.28008218176472355 293
1694747018333 11.15321697214084 294
1694747018630 15.819931111642063 295
1694747018837 7.848834129435211 296
1694747019120 13.81093116839098 297
1694747019422 5.632017705430976 298
1694747019714 1.145687781628005 299
1694747019936 0.9596593488791644 300
1694747020215 19.71440394782522 301
1694747020593 7.892366234681906 302
1694747020860 40.10690137351879 303
1694747021142 11.35709026543257 304
1694747021451 2.6320930733874284 305
1694747021706 7.109063061843731 306
1694747022045 5.493897389631429 307
1694747022293 24.91087821494609 308
1694747022671 0.829873631870255 309
1694747022918 0.00010008686743500472 310
1694747023249 1.633735684583712 311
1694747023540 3.7887844265486184 312
1694747023789 64.47464309839825 313
1694747024057 16.38594085811682 314
1694747024344 26.14636857951248 315
1694747024616 0.5845620082784231 316
1694747024898 14.119996353768707 317
1694747025179 24.858906878844127 318
1694747025463 14.20662309321987 319
1694747025746 4.179702085577434 320
1694747025990 8.165407767427611 321
1694747026237 4.7067733504249425 322
1694747026525 0.3629963504113797 323
1694747026780 19.682041473486677 324
1694747027048 0.1333536358078773 325
1694747027290 12.94074677804644 326
1694747027507 0.1601595248004906 327
1694747027770 31.02385549932156 328
1694747028073 8.27404505275855 329
1694747028352 21.5477582884894 330
1694747028629 20.030514597616797 331
1694747028841 2.9895455296157194 332
1694747029033 15.696205162193674 333
1694747029306 26.5631616144607 334
1694747029554 2.40272552461068 335
1694747029820 10.654081156744782 336
1694747030117 2.8655143410688395 337
1694747030409 11.227809304886678 338
1694747030699 11.537505450849283 339
1694747030913 6.553803499904055 340
1694747031133 24.100966156965427 341
1694747031457 3.1020167645304104 342
1694747031732 21.091650506755645 343
1694747032029 13.279002076858271 344
1694747032338 2.625215711446928 345
1694747032672 1.0495060118788477 346
1694747032915 5.229876866752263 347
1694747033150 8.135710274026799 348
1694747033382 9.105959857461357 349
1694747033796 0.7250543767006508 350
1694747034011 9.061536645365301 351
1694747034238 8.273588147912967 352
1694747034560 0.34336157871725825 353
1694747034845 9.099217324165226 354
1694747035066 4.30683568141902 355
1694747035322 39.31843670068519 356
1694747035620 2.887631264382946 357
1694747035962 22.221100948405226 358
1694747036231 6.189772260391903 359
1694747036533 0.1856689904236767 360
1694747036847 1.2874666112776385 361
1694747037125 6.879668309636384 362
1694747037369 1.623071225467181 363
1694747037620 26.500014661553365 364
1694747037919 11.89814415303349 365
1694747038190 2.036020473919227 366
1694747038420 8.023920424963684 367
1694747038743 0.12720740249692442 368
1694747039018 7.7484748022702865 369
1694747039260 14.09144046532348 370
1694747039500 17.10938410003181 371
1694747039708 0.0001617325314752291 372
1694747039957 9.856133313047573 373
1694747040168 6.227687196682849 374
1694747040500 0.03234116818899717 375
1694747040744 0.018286116391834993 376
1694747041035 45.172607834202296 377
1694747041279 16.374673147802362 378
1694747041539 18.065386314998914 379
1694747041864 15.856765459901476 380
1694747042207 21.114913344145517 381
1694747042509 0.13348055134352857 382
1694747042849 11.918160332711512 383
1694747043118 0.6564795027080685 384
1694747043350 0.2898337860426788 385
1694747043629 3.340664093753344 386
1694747043934 2.0632346675235316 387
1694747044199 2.6267275357075732 388
1694747044430 0.13192364821485228 389
1694747044704 5.366903728227821 390
1694747045065 1.4828328747948079 391
1694747045337 6.01194429199759 392
1694747045646 0.29211850453670996 393
1694747045949 15.194473264597265 394
1694747046208 0.451924648974124 395
1694747046469 52.59376070153789 396
1694747046761 3.3823527791232695 397
1694747047125 6.043083690096681 398
1694747047412 25.628799194612164 399
1694747047729 0.17616397034252115 400
1694747047990 0.19046040171970433 401
1694747048261 7.474545296285327 402
1694747048545 13.658781459753161 403
1694747048823 24.110277949446377 404
1694747049092 5.40383903058528 405
1694747049363 1.1545997304684485 406
1694747049602 11.62835927979923 407
1694747049835 15.54644950108408 408
1694747050088 30.97943214799426 409
1694747050334 3.4569710198443246 410
1694747050577 44.27991255547751 411
1694747050775 1.222664826182689 412
1694747050988 1.1526888802279611 413
1694747051224 3.4183209325831183 414
1694747051515 0.40060710031968194 415
1694747051822 0.5448692507005094 416
1694747052165 14.62619788903372 417
1694747052365 104.58439504523736 418
1694747052686 0.18469500038752737 419
1694747052982 0.2558182435959456 420
1694747053265 31.216743305878996 421
1694747053618 48.25294767579377 422
1694747053934 25.759860188560207 423
1694747054230 7.852307206996429e-05 424
1694747054486 5.444882342224815 425
1694747054783 3.832620557113377 426
1694747055086 0.7102325935139259 427
1694747055364 8.18926770715978 428
1694747055557 0.3204371338945946 429
1694747055763 32.82270442750439 430
1694747056059 5.459081538729133 431
1694747056306 3.4111011855166278 432
1694747056527 2.743498175860383 433
1694747056754 1.7444497881917522 434
1694747057010 0.11368581570790466 435
1694747057255 19.88107859663869 436
1694747057477 3.7541880786311186 437
1694747057736 1.8625780300912105 438
1694747058016 0.8549557581231242 439
1694747058263 0.3656214771524008 440
1694747058468 51.69415802398114 441
1694747058666 0.027721578081991386 442
1694747058870 17.949999525868854 443
1694747059175 32.68243450690217 444
1694747059437 0.006521684342520256 445
1694747059681 0.27603532307167455 446
1694747060032 17.789286943057228 447
1694747060309 1.7215582656518296 448
1694747060626 10.099419264353708 449
1694747060908 6.233574688881264 450
1694747061217 0.5127522343710939 451
1694747061465 10.10655719875957 452
1694747061661 25.83140831509163 453
1694747061887 0.1493872690782769 454
1694747062143 3.213851804710555 455
1694747062419 12.729412349100025 456
1694747062710 1.7087301586595387 457
1694747063007 0.698805337457119 458
1694747063274 26.425193892142673 459
1694747063600 0.00043918281176258124 460
1694747063850 0.006770110347584877 461
1694747064154 13.951590503299672 462
1694747064453 40.802887349335165 463
1694747064675 0.40301744925508404 464
1694747064974 0.0019160095929181655 465
1694747065267 2.5073083880424236 466
1694747065560 0.02115559928056988 467
1694747065780 1.4073409726014243 468
1694747066027 5.759592554040569 469
1694747066321 4.03934067982935 470
1694747066578 0.18070870676844436 471
1694747066885 8.894953664121331 472
1694747067243 6.082733980719769 473
1694747067556 4.43526837814664 474
1694747067790 1.592698960053423 475
1694747068082 0.9877228761023913 476
1694747068385 8.685686172019038 477
1694747068650 2.438397509356788 478
1694747068870 0.014573268098537385 479
1694747069109 2.12823944951439 480
1694747069414 0.3930873244275987 481
1694747069673 11.497257107368226 482
1694747070061 6.587668689732689 483
1694747070325 1.9415310839333595 484
1694747070605 69.1206160895951 485
1694747070882 0.9798925506413865 486
1694747071221 7.893716103700469 487
1694747071485 0.03121677918675053 488
1694747071765 0.026152266961872145 489
1694747072072 8.053661567744296 490
1694747072298 16.962131109265858 491
1694747072547 21.822154495262332 492
1694747072772 10.986266051720282 493
1694747073097 16.820837009656767 494
1694747073383 6.127941194401386 495
1694747073670 13.22321336764979 496
1694747073926 14.781249861081475 497
1694747074157 0.03461484407900275 498
1694747074434 3.5298412476708745e-06 499
