1694741779708 3.514118688760645 0
1694741779967 2.9562253636287186 1
1694741780158 1.6577770683239095 2
1694741780373 1.931271552374256 3
1694741780612 2.882654394784186 4
1694741780820 2.8200446618238146 5
1694741781044 2.880906111946399 6
1694741781226 2.297220081628944 7
1694741781472 2.502212628843776 8
1694741781712 2.5504553727156223 9
1694741781982 2.4050365744069064 10
1694741782181 1.8566243062783938 11
1694741782368 2.017839317206129 12
1694741782585 2.266224253159658 13
1694741782795 3.4000215143930053 14
1694741782996 3.627174609510187 15
1694741783202 1.4136402554268734 16
1694741783454 2.410414891960776 17
1694741783681 2.307941157028131 18
1694741783935 2.4042068783856614 19
1694741784185 1.8008909161774274 20
1694741784395 2.8288097095777007 21
