1694721654639 168.8278829759285 0
1694721655161 131.50610157111512 1
1694721655543 118.53708314296141 2
1694721655893 105.80921615319603 3
1694721656276 94.53872041353546 4
1694721656615 84.49252744203753 5
1694721657037 75.54161231247393 6
1694721657453 67.56632643043498 7
1694721657826 60.46034228344079 8
1694721658224 54.128905361602456 9
1694721658594 48.48759035513653 10
1694721658989 43.461174223107534 11
1694721659378 38.98263321219734 12
1694721659812 34.9922491335994 13
1694721660197 31.436813059368305 14
1694721660618 28.268915815341312 15
1694721661028 25.44631581008746 16
1694721661491 22.931375770270083 17
1694721661925 20.69056087165015 18
1694721662406 18.69399157362743 19
1694721662913 16.915045194654017 20
1694721663325 15.330000915782815 21
1694721663893 13.917723478700017 22
1694721664299 12.659381360556942 23
1694721664782 11.538195667642679 24
1694721665227 10.539216399555 25
1694721665572 9.649123100495268 26
1694721665918 8.856047239499613 27
1694721666365 8.149413951160286 28
1694721666777 7.519801026550827 29
1694721667284 6.958813274089033 30
1694721667665 6.458970575020182 31
1694721668121 6.013608140811811 32
1694721668549 5.616787642456201 33
1694721668969 5.263218026646532 34
1694721669441 4.948184962961022 35
1694721669840 4.667487981278332 36
1694721670282 4.417384461191807 37
1694721670667 4.194539726557184 38
1694721671101 3.9959825797164474 39
1694721671531 3.819065682475096 40
1694721672051 3.6614302555384604 41
1694721672460 3.520974625696647 42
1694721672823 3.3958262013548457 43
1694721673224 3.2843165027206327 44
1694721673627 3.184958913691822 45
1694721674080 3.096428858780378 46
1694721674482 3.017546140744455 47
1694721674860 2.947259203412091 48
1694721675294 2.884631109851424 49
1694721675648 2.828827048915196 50
1694721675998 2.779103203567429 51
1694721676562 2.7347968325583834 52
1694721676986 2.6953174331933742 53
1694721677412 2.660138867356559 54
1694721677750 2.6287923457952527 55
1694721678117 2.6008601771147264 56
1694721678565 2.575970198130277 57
1694721678985 2.5537908113089065 58
1694721679443 2.5340265631280436 59
1694721679815 2.516414204391563 60
1694721680156 2.50071917996992 61
1694721680549 2.486732501157335 62
1694721680920 2.474267958940911 63
1694721681383 2.4631596410223913 64
1694721681808 2.453259719483654 65
1694721682263 2.4444364795958595 66
1694721682685 2.436572563487679 67
1694721683134 2.429563405253053 68
1694721683619 2.42331583663163 69
1694721684040 2.417746844669532 70
1694721684480 2.412782464794645 71
1694721684864 2.4083567945463016 72
1694721685291 2.404411114808061 73
1694721685650 2.4008931068258095 74
1694721686067 2.3977561545705908 75
1694721686474 2.394958723143641 76
1694721686858 2.392463804935047 77
1694721687249 2.390238426150908 78
1694721687623 2.3882532071288605 79
1694721687950 2.386481970579044 80
1694721688473 2.3849013925266678 81
1694721688986 2.3834906913017067 82
1694721689466 2.382231350428603 83
1694721689940 2.3811068717208976 84
1694721690416 2.38010255528845 85
1694721691121 2.3792053035237957 86
1694721691682 2.378403446453918 87
1694721692299 2.3776865861286107 88
1694721692726 2.3770454579704565 89
1694721693235 2.3764718072376034 90
1694721693667 2.375958278952058 91
1694721694056 2.375498319825751 92
1694721694502 2.3750860908766267 93
1694721694933 2.374716389569549 94
1694721695354 2.374384580443817 95
1694721695851 2.3740865333022603 96
1694721696288 2.373818568137694 97
1694721696603 2.373577406062379 98
1694721697106 2.373360125586145 99
1694721697578 2.3731641236601866 100
1694721698190 2.3729870809670697 101
1694721698632 2.3728269309941177 102
1694721698976 2.3726818324777823 103
1694721699445 2.372550144851571 104
1694721699774 2.372430406370141 105
1694721700214 2.3723213146178614 106
1694721700697 2.3722217091419275 107
1694721701099 2.3721305559784707 108
1694721701597 2.372046933865305 109
1694721702171 2.3719700219574875 110
1694721702671 2.3718990888818756 111
1694721703184 2.371833482984731 112
1694721703665 2.371772623642336 113
1694721704039 2.371715993518747 114
1694721704437 2.3716631316674484 115
1694721704832 2.3716136273849258 116
1694721705297 2.3715671147342 117
1694721705698 2.371523267665287 118
1694721706072 2.371481795667533 119
1694721706453 2.371442439895838 120
1694721706818 2.371404969719124 121
1694721707232 2.3713691796450163 122
1694721707687 2.3713348865797323 123
1694721708072 2.371301927386646 124
1694721708505 2.371270156710963 125
1694721708869 2.3712394450415077 126
1694721709264 2.3712096769837756 127
1694721709677 2.371180749721221 128
1694721710098 2.371152571644262 129
1694721710437 2.37112506112873 130
1694721710818 2.3710981454474562 131
1694721711218 2.371071759800511 132
1694721711716 2.3710458464511297 133
1694721712184 2.371020353955835 134
1694721712586 2.3709952364784685 135
1694721712985 2.3709704531789964 136
1694721713397 2.3709459676689315 137
1694721713856 2.370921747526121 138
1694721714266 2.3708977638624114 139
1694721714675 2.3708739909384486 140
1694721715148 2.3708504058204576 141
1694721715524 2.370826988074436 142
1694721715887 2.3708037194936797 143
1694721716298 2.370780583856008 144
1694721716724 2.370757566707451 145
1694721717162 2.3707346551695174 146
1694721717592 2.370711837767464 147
1694721717993 2.3706891042772913 148
1694721718354 2.3706664455894106 149
1694721718789 2.370643853587176 150
1694721719261 2.3706213210386498 151
1694721719717 2.370598841500175 152
1694721720135 2.3705764092304493 153
1694721720566 2.3705540191139693 154
1694721721002 2.370531666592819 155
1694721721380 2.370509347605894 156
1694721721884 2.370487058534747 157
1694721722366 2.370464796155341 158
1694721722812 2.370442557595055 159
1694721723195 2.3704203402943853 160
1694721723581 2.3703981419728093 161
1694721723999 2.3703759605983827 162
1694721724450 2.370353794360639 163
1694721724874 2.3703316416464553 164
1694721725246 2.3703095010185344 165
1694721725662 2.370287371196243 166
1694721725997 2.37026525103854 167
