1694714111975 0.7164862219789104 0
1694714112224 0.06262325080503535 1
1694714112472 30.34178654976146 2
1694714112741 0.438063655746521 3
1694714113011 1.6274954480072072 4
1694714113258 0.0025026569520591965 5
1694714113536 0.025356707950446374 6
1694714113768 0.6152746801178838 7
1694714114036 6.212744896732355 8
1694714114279 0.34569408629348697 9
1694714114518 5.118256368349825e-06 10
1694714114803 0.5786939506404924 11
1694714115080 0.3893476916053639 12
1694714115414 0.4637931152153801 13
1694714115791 0.08376307890892278 14
1694714116125 1.6565025168468548 15
1694714116353 1.7254810531951752 16
1694714116765 0.057776491160111534 17
1694714117168 13.153831610679843 18
1694714117390 1.3010021051614262 19
1694714117735 0.00020529709138414383 20
1694714118045 0.3161720765746746 21
1694714118298 0.019328536117026267 22
1694714118557 0.8113076961973196 23
1694714118858 27.676065255258173 24
1694714119130 0.17130726340074448 25
1694714119350 0.47334606995712125 26
1694714119587 2.5078699490418614 27
1694714119893 6.898620927913348 28
1694714120224 0.000817411552595024 29
1694714120470 2.626843685638515 30
1694714120745 3.224083728588038 31
1694714121036 1.368591380349269 32
1694714121311 0.05937813064639584 33
1694714121521 0.23436454085370664 34
1694714121765 0.6901921073459453 35
1694714122035 0.47252043781769315 36
1694714122283 0.18438997927179762 37
1694714122534 0.9781729912352705 38
1694714122770 0.0828168774503582 39
1694714123060 0.1857793049030134 40
1694714123354 3.0700253110514097 41
1694714123614 0.19190683974373046 42
1694714123871 8.678567267348585 43
1694714124164 0.5065023009089823 44
1694714124419 0.18494200377675513 45
1694714124738 3.163448372887983 46
1694714125019 0.5450845483517152 47
1694714125304 9.716542890663407 48
1694714125539 0.5764601076253021 49
1694714125742 1.0994271690947566 50
1694714126032 0.8886312540249746 51
1694714126282 0.06126846718610812 52
1694714126515 0.6576416278488483 53
1694714126748 0.003273838563815656 54
1694714127068 4.237435106151271 55
1694714127404 0.09011316667649565 56
1694714127720 0.014796471359920176 57
1694714127981 7.219224150534353 58
1694714128257 0.11587218943838694 59
1694714128511 0.003420286667056212 60
1694714128738 0.9639138844254781 61
1694714129062 0.3288202943588936 62
1694714129356 0.0043510743173322125 63
1694714129621 5.131058898883323 64
1694714129893 0.05376209909646748 65
1694714130123 0.7158251035636546 66
1694714130393 0.21639661373934382 67
1694714130617 0.7744660807645719 68
1694714130803 0.012126606710436116 69
1694714131039 0.08497030135870894 70
1694714131327 0.04534406390084092 71
1694714131557 0.0007902801472648896 72
1694714131779 3.6240123360566625 73
1694714132088 2.5871186661641477 74
1694714132379 0.13594209173276667 75
1694714132604 1.6918112055914165 76
1694714132850 0.83207898433438 77
1694714133180 0.9422897754703997 78
1694714133482 1.3115766797258468 79
1694714133707 0.11288716486617444 80
1694714133907 0.5781372299163576 81
1694714134126 0.7910398942845029 82
1694714134389 0.007921651412164782 83
1694714134615 4.01393074728528 84
1694714134799 1.7675664349231006 85
1694714135049 0.7135832066932943 86
1694714135327 3.5986958984550035 87
1694714135606 0.03177022608411433 88
1694714135901 0.1650234353369725 89
1694714136167 6.386089147181803 90
1694714136452 0.44589354840609485 91
1694714136685 0.7913831077743277 92
1694714136908 0.18852312350309194 93
1694714137178 1.9872112506098505 94
1694714137460 0.16395508741981304 95
1694714137740 1.911238344754425 96
1694714138050 0.867336636524674 97
1694714138352 0.19339228159198082 98
1694714138615 3.3243192891205275 99
1694714138872 6.02787130698114 100
1694714139189 0.06229702884991318 101
1694714139485 3.064793462089679 102
1694714139714 1.5477454256494805 103
1694714139922 9.370934659524938 104
1694714140233 0.25325710904099946 105
1694714140534 7.127585083845644 106
