1694752209077 nan 0
1694752209373 nan 1
1694752209596 nan 2
1694752209877 nan 3
1694752210114 nan 4
1694752210362 nan 5
1694752210609 nan 6
1694752210939 nan 7
1694752211179 nan 8
1694752211505 nan 9
1694752211904 nan 10
1694752212189 nan 11
1694752212444 nan 12
1694752212715 nan 13
1694752213037 nan 14
1694752213269 nan 15
1694752213560 nan 16
1694752213930 nan 17
1694752214256 nan 18
1694752214593 nan 19
1694752214933 nan 20
1694752215222 nan 21
1694752215538 nan 22
1694752215896 nan 23
1694752216272 nan 24
1694752216603 nan 25
1694752216895 nan 26
1694752217193 nan 27
1694752217470 nan 28
1694752217865 nan 29
1694752218331 nan 30
1694752218756 nan 31
1694752219038 nan 32
1694752219333 nan 33
1694752219728 nan 34
1694752220154 nan 35
1694752220606 nan 36
1694752221059 nan 37
1694752221305 nan 38
1694752221701 nan 39
1694752222044 nan 40
1694752222392 nan 41
1694752222903 nan 42
1694752223232 nan 43
1694752223528 nan 44
1694752223895 nan 45
1694752224257 nan 46
1694752224496 nan 47
1694752224782 nan 48
1694752225166 nan 49
1694752225408 nan 50
1694752225675 nan 51
1694752225989 nan 52
1694752226328 nan 53
1694752226605 nan 54
1694752226998 nan 55
1694752227411 nan 56
1694752227742 nan 57
1694752228096 nan 58
1694752228409 nan 59
1694752228764 nan 60
1694752229115 nan 61
1694752229382 nan 62
1694752229701 nan 63
1694752230005 nan 64
1694752230293 nan 65
1694752230571 nan 66
1694752230806 nan 67
1694752231060 nan 68
1694752231308 nan 69
1694752231647 nan 70
1694752232011 nan 71
1694752232334 nan 72
1694752232601 nan 73
1694752232906 nan 74
1694752233227 nan 75
1694752233541 nan 76
1694752233861 nan 77
1694752234180 nan 78
1694752234461 nan 79
1694752234724 nan 80
1694752235055 nan 81
1694752235371 nan 82
1694752235675 nan 83
1694752235948 nan 84
1694752236291 nan 85
1694752236639 nan 86
1694752236863 nan 87
1694752237122 nan 88
1694752237413 nan 89
1694752237779 nan 90
1694752238167 nan 91
1694752238491 nan 92
1694752238822 nan 93
1694752239148 nan 94
1694752239444 nan 95
1694752239749 nan 96
1694752240083 nan 97
1694752240348 nan 98
1694752240600 nan 99
1694752240943 nan 100
1694752241251 nan 101
1694752241512 nan 102
1694752241753 nan 103
1694752242053 nan 104
1694752242355 nan 105
1694752242609 nan 106
1694752242874 nan 107
1694752243191 nan 108
1694752243569 nan 109
1694752243842 nan 110
1694752244166 nan 111
1694752244491 nan 112
1694752244784 nan 113
1694752245076 nan 114
1694752245401 nan 115
1694752245708 nan 116
1694752246065 nan 117
1694752246424 nan 118
1694752246741 nan 119
1694752247032 nan 120
1694752247389 nan 121
1694752247727 nan 122
1694752248118 nan 123
1694752248461 nan 124
1694752248711 nan 125
1694752249043 nan 126
1694752249373 nan 127
1694752249633 nan 128
1694752249919 nan 129
1694752250288 nan 130
1694752250634 nan 131
1694752250945 nan 132
1694752251281 nan 133
1694752251619 nan 134
1694752251994 nan 135
1694752252370 nan 136
1694752252715 nan 137
1694752253036 nan 138
1694752253331 nan 139
1694752253610 nan 140
1694752253898 nan 141
1694752254187 nan 142
1694752254517 nan 143
1694752254860 nan 144
1694752255206 nan 145
1694752255641 nan 146
1694752256026 nan 147
1694752256413 nan 148
1694752256714 nan 149
1694752257034 nan 150
1694752257456 nan 151
1694752257816 nan 152
1694752258142 nan 153
1694752258407 nan 154
1694752258653 nan 155
1694752258904 nan 156
1694752259250 nan 157
1694752259540 nan 158
1694752259739 nan 159
1694752259963 nan 160
1694752260249 nan 161
1694752260509 nan 162
1694752260793 nan 163
1694752261058 nan 164
1694752261461 nan 165
1694752261713 nan 166
1694752262020 nan 167
1694752262351 nan 168
1694752262646 nan 169
1694752262857 nan 170
1694752263092 nan 171
1694752263325 nan 172
1694752263633 nan 173
1694752263848 nan 174
1694752264101 nan 175
1694752264413 nan 176
1694752264648 nan 177
1694752264853 nan 178
1694752265124 nan 179
1694752265389 nan 180
1694752265721 nan 181
1694752266010 nan 182
1694752266346 nan 183
1694752266707 nan 184
1694752266999 nan 185
1694752267305 nan 186
1694752267559 nan 187
1694752267950 nan 188
1694752268252 nan 189
1694752268531 nan 190
1694752268819 nan 191
1694752269067 nan 192
1694752269358 nan 193
1694752269636 nan 194
1694752269890 nan 195
1694752270239 nan 196
1694752270723 nan 197
1694752271051 nan 198
1694752271357 nan 199
1694752271654 nan 200
1694752271904 nan 201
1694752272157 nan 202
1694752272526 nan 203
1694752272839 nan 204
1694752273056 nan 205
1694752273308 nan 206
1694752273597 nan 207
1694752273849 nan 208
1694752274095 nan 209
1694752274354 nan 210
1694752274607 nan 211
1694752274860 nan 212
1694752275110 nan 213
1694752275416 nan 214
1694752275686 nan 215
1694752275961 nan 216
1694752276253 nan 217
1694752276561 nan 218
1694752276884 nan 219
1694752277103 nan 220
1694752277342 nan 221
1694752277619 nan 222
1694752277939 nan 223
1694752278165 nan 224
1694752278424 nan 225
1694752278728 nan 226
1694752279058 nan 227
1694752279309 nan 228
1694752279616 nan 229
1694752279889 nan 230
1694752280174 nan 231
1694752280407 nan 232
1694752280770 nan 233
1694752281027 nan 234
1694752281299 nan 235
1694752281610 nan 236
1694752281908 nan 237
1694752282173 nan 238
1694752282465 nan 239
1694752282783 nan 240
1694752283095 nan 241
1694752283337 nan 242
1694752283672 nan 243
1694752283955 nan 244
1694752284219 nan 245
1694752284462 nan 246
1694752284680 nan 247
1694752284902 nan 248
1694752285185 nan 249
1694752285386 nan 250
1694752285726 nan 251
1694752286050 nan 252
1694752286379 nan 253
1694752286625 nan 254
1694752286906 nan 255
1694752287208 nan 256
1694752287436 nan 257
1694752287744 nan 258
1694752288112 nan 259
1694752288366 nan 260
1694752288658 nan 261
1694752288914 nan 262
1694752289151 nan 263
1694752289411 nan 264
1694752289698 nan 265
1694752289983 nan 266
1694752290341 nan 267
1694752290541 nan 268
1694752290779 nan 269
1694752291064 nan 270
1694752291361 nan 271
1694752291644 nan 272
1694752291917 nan 273
1694752292212 nan 274
1694752292522 nan 275
1694752292816 nan 276
1694752293090 nan 277
1694752293348 nan 278
1694752293572 nan 279
1694752293852 nan 280
1694752294114 nan 281
1694752294359 nan 282
1694752294662 nan 283
1694752294958 nan 284
1694752295219 nan 285
1694752295470 nan 286
1694752295764 nan 287
1694752296034 nan 288
1694752296358 nan 289
1694752296627 nan 290
1694752296961 nan 291
1694752297261 nan 292
1694752297508 nan 293
1694752297875 nan 294
1694752298174 nan 295
1694752298447 nan 296
1694752298717 nan 297
1694752299096 nan 298
1694752299388 nan 299
1694752299611 nan 300
1694752299861 nan 301
1694752300104 nan 302
1694752300321 nan 303
1694752300546 nan 304
1694752300800 nan 305
1694752301122 nan 306
1694752301433 nan 307
1694752301648 nan 308
1694752301833 nan 309
1694752302070 nan 310
1694752302344 nan 311
1694752302603 nan 312
1694752302820 nan 313
1694752303030 nan 314
1694752303294 nan 315
1694752303592 nan 316
1694752303827 nan 317
1694752304129 nan 318
1694752304401 nan 319
1694752304607 nan 320
1694752304826 nan 321
1694752305078 nan 322
1694752305364 nan 323
1694752305665 nan 324
1694752305904 nan 325
1694752306235 nan 326
1694752306501 nan 327
1694752306692 nan 328
1694752306929 nan 329
1694752307225 nan 330
1694752307503 nan 331
1694752307757 nan 332
1694752308072 nan 333
1694752308321 nan 334
1694752308609 nan 335
1694752308812 nan 336
1694752309047 nan 337
1694752309295 nan 338
1694752309585 nan 339
1694752309832 nan 340
1694752310164 nan 341
1694752310455 nan 342
1694752310704 nan 343
1694752310931 nan 344
1694752311152 nan 345
1694752311407 nan 346
1694752311702 nan 347
1694752311931 nan 348
1694752312210 nan 349
1694752312529 nan 350
1694752312854 nan 351
1694752313162 nan 352
1694752313420 nan 353
1694752313678 nan 354
1694752313979 nan 355
1694752314290 nan 356
1694752314657 nan 357
1694752314951 nan 358
1694752315299 nan 359
1694752315667 nan 360
1694752315945 nan 361
1694752316258 nan 362
1694752316542 nan 363
1694752316817 nan 364
1694752317043 nan 365
1694752317286 nan 366
1694752317570 nan 367
1694752317859 nan 368
1694752318151 nan 369
1694752318491 nan 370
1694752318745 nan 371
1694752319093 nan 372
1694752319402 nan 373
1694752319691 nan 374
1694752319913 nan 375
1694752320212 nan 376
1694752320489 nan 377
1694752320743 nan 378
1694752321018 nan 379
1694752321324 nan 380
1694752321616 nan 381
1694752321828 nan 382
1694752322084 nan 383
1694752322374 nan 384
1694752322673 nan 385
1694752322874 nan 386
1694752323130 nan 387
1694752323475 nan 388
1694752323761 nan 389
1694752324016 nan 390
1694752324242 nan 391
1694752324512 nan 392
1694752324777 nan 393
1694752324999 nan 394
1694752325280 nan 395
1694752325650 nan 396
1694752325900 nan 397
1694752326214 nan 398
1694752326497 nan 399
1694752326780 nan 400
1694752327029 nan 401
1694752327250 nan 402
1694752327456 nan 403
1694752327677 nan 404
1694752327969 nan 405
1694752328195 nan 406
1694752328477 nan 407
1694752328731 nan 408
1694752328952 nan 409
1694752329284 nan 410
1694752329590 nan 411
1694752329835 nan 412
1694752330115 nan 413
1694752330342 nan 414
1694752330571 nan 415
1694752330857 nan 416
1694752331173 nan 417
1694752331385 nan 418
1694752331681 nan 419
1694752331938 nan 420
1694752332278 nan 421
1694752332584 nan 422
1694752332860 nan 423
1694752333107 nan 424
1694752333366 nan 425
1694752333647 nan 426
1694752333885 nan 427
1694752334151 nan 428
1694752334454 nan 429
1694752334779 nan 430
1694752334990 nan 431
1694752335218 nan 432
1694752335512 nan 433
1694752335808 nan 434
1694752336009 nan 435
1694752336309 nan 436
1694752336636 nan 437
1694752336915 nan 438
1694752337145 nan 439
1694752337431 nan 440
1694752337746 nan 441
1694752338001 nan 442
1694752338265 nan 443
1694752338563 nan 444
1694752338905 nan 445
1694752339188 nan 446
1694752339445 nan 447
1694752339657 nan 448
1694752339908 nan 449
1694752340110 nan 450
1694752340318 nan 451
1694752340658 nan 452
1694752340952 nan 453
1694752341235 nan 454
1694752341505 nan 455
1694752341785 nan 456
1694752342047 nan 457
1694752342268 nan 458
1694752342552 nan 459
1694752342816 nan 460
1694752343070 nan 461
1694752343409 nan 462
1694752343702 nan 463
1694752344013 nan 464
1694752344271 nan 465
1694752344594 nan 466
1694752344858 nan 467
1694752345150 nan 468
1694752345451 nan 469
1694752345767 nan 470
1694752346047 nan 471
1694752346398 nan 472
1694752346685 nan 473
1694752346975 nan 474
1694752347266 nan 475
1694752347550 nan 476
1694752347905 nan 477
1694752348154 nan 478
1694752348417 nan 479
1694752348704 nan 480
1694752348968 nan 481
1694752349182 nan 482
1694752349429 nan 483
1694752349696 nan 484
1694752350009 nan 485
1694752350221 nan 486
1694752350461 nan 487
1694752350729 nan 488
1694752350948 nan 489
1694752351194 nan 490
1694752351423 nan 491
1694752351640 nan 492
1694752351864 nan 493
1694752352167 nan 494
1694752352372 nan 495
1694752352650 nan 496
1694752352890 nan 497
1694752353158 nan 498
1694752353396 nan 499
