1694729184160 168.7844044323806 0
1694729184454 131.49017971012347 1
1694729184794 102.56006450036286 2
1694729185090 80.11747477007121 3
1694729185407 62.706947231329266 4
1694729185724 49.199625959692405 5
1694729186055 38.71996218017962 6
1694729186389 30.588865857414973 7
1694729186695 24.27961644752846 8
1694729187063 19.38366900651521 9
1694729187355 15.584134647212442 10
1694729187695 12.635212853305909 11
1694729188092 10.346239779128483 12
1694729188377 8.569316504553704 13
1694729188710 7.189713753541403 14
1694729189105 6.11842992923549 15
1694729189432 5.2864191835427805 16
1694729189777 4.640114710752632 17
1694729190068 4.1379565794855235 18
1694729190348 3.7476986599275244 19
1694729190699 3.4443198021250794 20
1694729191024 3.2084036629864183 21
1694729191329 3.0248820136924652 22
1694729191631 2.8820599624192798 23
1694729191993 2.7708598328293634 24
1694729192278 2.6842346357732785 25
1694729192540 2.616713082233263 26
1694729192871 2.564046624925152 27
1694729193202 2.52293563881466 28
1694729193475 2.4908169872631927 29
1694729193790 2.4656992042087533 30
1694729194153 2.446034612441274 31
1694729194475 2.4306200943077094 32
1694729194723 2.4185200897013335 33
1694729194970 2.4090068376440033 34
1694729195338 2.4015139957623304 35
1694729195679 2.3956006390830247 36
1694729196012 2.3909233121298694 37
1694729196394 2.387214329959453 38
1694729196685 2.384264928389447 39
1694729197057 2.381912177516007 40
1694729197357 2.380028816055474 41
1694729197666 2.378515352877936 42
1694729198009 2.37729392857909 43
1694729198431 2.3763035435651165 44
1694729198761 2.3754963472732076 45
1694729199149 2.3748347515344186 46
1694729199480 2.3742891841392435 47
1694729199718 2.3738363398284714 48
1694729199985 2.3734578178697134 49
1694729200313 2.3731390601621 50
1694729200586 2.372868523042805 51
1694729200931 2.37263703089368 52
1694729201246 2.37243727122995 53
1694729201552 2.3722633999443734 54
1694729201809 2.3721107323605035 55
1694729202130 2.371975501168213 56
1694729202452 2.371854666523121 57
1694729202746 2.3717457668601893 58
1694729203109 2.371646801510818 59
1694729203463 2.3715561381856785 60
1694729203725 2.37147243991879 61
1694729203974 2.3713946072603362 62
1694729204285 2.3713217324326545 63
1694729204584 2.371253062884973 64
1694729204875 2.371187972243612 65
1694729205197 2.3711259370913784 66
1694729205528 2.3710665183502355 67
1694729205841 2.37100934630665 68
1694729206160 2.3709541085259893 69
1694729206461 2.370900540063831 70
1694729206747 2.370848415508256 71
1694729207111 2.370797542485845 72
1694729207445 2.3707477563413284 73
1694729207763 2.3706989157613343 74
1694729208145 2.3706508991601893 75
1694729208474 2.3706036016829954 76
1694729208725 2.370556932710587 77
1694729209027 2.370510813774095 78
1694729209353 2.370465176805141 79
1694729209672 2.3704199626621283 80
1694729210024 2.370375119884587 81
1694729210452 2.37033060363664 82
1694729210727 2.370286374807946 83
1694729211010 2.370242399246275 84
1694729211365 2.3701986471005445 85
1694729211634 2.370155092256909 86
1694729211891 2.370111711853492 87
1694729212240 2.3700684858618466 88
1694729212583 2.3700253967251905 89
1694729212894 2.369982429045116 90
1694729213206 2.369939569309793 91
1694729213527 2.369896805657803 92
1694729213847 2.3698541276726237 93
1694729214165 2.3698115262035575 94
1694729214530 2.3697689932095254 95
1694729214853 2.3697265216226437 96
1694729215159 2.3696841052289894 97
1694729215473 2.3696417385642805 98
1694729215742 2.3695994168225503 99
1694729216030 2.369557135776133 100
1694729216347 2.369514891705527 101
1694729216666 2.3694726813378777 102
1694729217049 2.3694305017929973 103
1694729217371 2.369388350535978 104
1694729217663 2.3693462253355757 105
1694729217946 2.36930412422766 106
1694729218308 2.369262045483082 107
1694729218613 2.369219987579447 108
1694729218916 2.369177949176288 109
1694729219249 2.36913592909324 110
1694729219651 2.3690939262908435 111
1694729219986 2.3690519398536583 112
1694729220299 2.36900996897541 113
1694729220597 2.368968012945917 114
1694729220900 2.3689260711395947 115
1694729221208 2.368884143005329 116
1694729221559 2.36884222805757 117
1694729221842 2.3688003258684955 118
1694729222153 2.368758436061105 119
1694729222493 2.3687165583031478 120
1694729222785 2.3686746923017745 121
1694729223048 2.368632837798828 122
1694729223359 2.3685909945667016 123
1694729223661 2.368549162404686 124
1694729223974 2.3685073411357584 125
1694729224282 2.3684655306037548 126
1694729224593 2.368423730670877 127
1694729224963 2.368381941215499 128
1694729225262 2.3683401621302385 129
1694729225571 2.368298393320254 130
1694729225859 2.3682566347017495 131
1694729226241 2.3682148862006533 132
1694729226732 2.36817314775146 133
1694729227150 2.3681314192962053 134
1694729227477 2.368089700783567 135
1694729227762 2.3680479921680724 136
1694729228156 2.3680062934094006 137
1694729228518 2.3679646044717666 138
1694729228797 2.367922925323379 139
1694729229121 2.367881255935965 140
1694729229460 2.3678395962843513 141
1694729229797 2.3677979463460903 142
1694729230051 2.3677563061011404 143
1694729230434 2.3677146755315746 144
1694729230746 2.3676730546213287 145
1694729231024 2.36763144335598 146
1694729231310 2.367589841722553 147
1694729231633 2.367548249709344 148
1694729231892 2.367506667305769 149
1694729232165 2.367465094502234 150
1694729232480 2.367423531290012 151
1694729232783 2.3673819776611436 152
1694729233103 2.3673404336083443 153
1694729233381 2.367298899124921 154
1694729233721 2.3672573742047076 155
1694729234002 2.367215858841995 156
1694729234292 2.367174353031484 157
1694729234623 2.367132856768229 158
1694729234919 2.3670913700476026 159
1694729235334 2.367049892865254 160
1694729235644 2.367008425217074 161
1694729235955 2.3669669670991733 162
1694729236272 2.3669255185078497 163
1694729236579 2.366884079439567 164
1694729236844 2.3668426498909394 165
1694729237128 2.3668012298587087 166
1694729237528 2.3667598193397303 167
1694729237861 2.3667184183309624 168
1694729238206 2.366677026829451 169
1694729238553 2.3666356448323196 170
1694729238829 2.3665942723367634 171
1694729239191 2.3665529093400353 172
1694729239482 2.366511555839443 173
1694729239845 2.366470211832342 174
1694729240219 2.366428877316129 175
1694729240534 2.366387552288238 176
1694729240827 2.3663462367461356 177
1694729241073 2.366304930687316 178
1694729241390 2.3662636341092997 179
1694729241690 2.36622234700963 180
1694729241947 2.366181069385868 181
1694729242271 2.3661398012355948 182
1694729242615 2.366098542556406 183
1694729242898 2.36605729334591 184
1694729243185 2.366016053601728 185
1694729243511 2.365974823321494 186
1694729243832 2.3659336025028472 187
1694729244139 2.3658923911434386 188
1694729244479 2.365851189240927 189
1694729244831 2.3658099967929758 190
1694729245071 2.365768813797255 191
1694729245354 2.365727640251441 192
1694729245672 2.365686476153214 193
1694729245972 2.3656453215002586 194
1694729246295 2.3656041762902635 195
1694729246622 2.365563040520922 196
1694729247004 2.3655219141899275 197
1694729247314 2.3654807972949796 198
1694729247608 2.3654396898337766 199
1694729247932 2.3653985918040235 200
1694729248261 2.365357503203425 201
1694729248590 2.365316424029687 202
1694729248919 2.3652753542805196 203
1694729249306 2.365234293953632 204
1694729249580 2.3651932430467366 205
1694729249901 2.365152201557546 206
1694729250119 2.365111169483775 207
1694729250450 2.3650701468231397 208
1694729250758 2.3650291335733566 209
1694729251051 2.3649881297321445 210
1694729251428 2.3649471352972213 211
1694729251813 2.364906150266308 212
1694729252085 2.364865174637124 213
1694729252390 2.364824208407393 214
1694729252752 2.364783251574836 215
1694729253027 2.3647423041371782 216
1694729253348 2.364701366092142 217
1694729253671 2.364660437437454 218
1694729253988 2.364619518170839 219
1694729254272 2.3645786082900235 220
1694729254569 2.364537707792736 221
1694729254891 2.364496816676703 222
1694729255135 2.3644559349396537 223
1694729255435 2.3644150625793174 224
1694729255747 2.364374199593424 225
1694729256015 2.3643333459797047 226
1694729256351 2.3642925017358905 227
1694729256664 2.364251666859713 228
1694729256978 2.364210841348905 229
1694729257356 2.3641700252011995 230
1694729257680 2.3641292184143308 231
1694729258092 2.3640884209860333 232
1694729258452 2.364047632914042 233
1694729258863 2.364006854196092 234
1694729259244 2.363966084829921 235
1694729259600 2.363925324813265 236
1694729259929 2.3638845741438614 237
1694729260218 2.3638438328194487 238
1694729260516 2.3638031008377656 239
1694729260849 2.3637623781965518 240
1694729261122 2.363721664893547 241
1694729261434 2.3636809609264913 242
1694729261833 2.363640266293127 243
1694729262117 2.363599580991194 244
1694729262521 2.3635589050184374 245
1694729262899 2.363518238372598 246
1694729263274 2.363477581051421 247
1694729263641 2.3634369330526486 248
1694729263946 2.3633962943740268 249
1694729264303 2.3633556650133016 250
1694729264786 2.363315044968218 251
1694729265186 2.3632744342365224 252
1694729265580 2.3632338328159626 253
1694729265884 2.3631932407042857 254
1694729266141 2.363152657899241 255
1694729266471 2.3631120843985762 256
1694729266784 2.363071520200042 257
1694729267072 2.363030965301388 258
1694729267380 2.362990419700364 259
1694729267754 2.362949883394724 260
1694729268161 2.3629093563822168 261
1694729268468 2.3628688386605963 262
1694729268790 2.3628283302276163 263
1694729269085 2.3627878310810293 264
1694729269380 2.36274734121859 265
1694729269757 2.362706860638053 266
1694729270113 2.362666389337174 267
1694729270444 2.3626259273137094 268
1694729270722 2.362585474565415 269
1694729271052 2.3625450310900487 270
1694729271347 2.362504596885368 271
1694729271688 2.3624641719491315 272
1694729272028 2.3624237562790977 273
1694729272369 2.362383349873027 274
1694729272706 2.362342952728678 275
1694729273056 2.362302564843813 276
1694729273345 2.3622621862161934 277
1694729273605 2.3622218168435807 278
1694729273886 2.3621814567237363 279
1694729274201 2.362141105854425 280
1694729274532 2.3621007642334098 281
1694729274861 2.362060431858455 282
1694729275178 2.3620201087273256 283
1694729275492 2.361979794837786 284
1694729275804 2.3619394901876043 285
1694729276105 2.361899194774545 286
1694729276418 2.361858908596377 287
1694729276762 2.3618186316508667 288
1694729277146 2.3617783639357834 289
1694729277500 2.3617381054488957 290
1694729277834 2.3616978561879733 291
1694729278185 2.3616576161507865 292
1694729278517 2.3616173853351063 293
1694729278855 2.361577163738703 294
1694729279255 2.361536951359349 295
1694729279568 2.3614967481948175 296
1694729279987 2.361456554242881 297
1694729280258 2.361416369501312 298
1694729280519 2.3613761939678866 299
1694729280828 2.361336027640379 300
1694729281130 2.361295870516564 301
1694729281474 2.361255722594219 302
1694729281813 2.3612155838711186 303
1694729282141 2.3611754543450414 304
1694729282440 2.3611353340137646 305
1694729282753 2.3610952228750666 306
1694729283090 2.3610551209267263 307
1694729283398 2.361015028166524 308
1694729283740 2.3609749445922383 309
1694729284066 2.360934870201651 310
1694729284324 2.3608948049925425 311
1694729284568 2.3608547489626956 312
1694729284863 2.360814702109892 313
1694729285203 2.3607746644319145 314
1694729285595 2.3607346359265473 315
1694729285989 2.3606946165915748 316
1694729286293 2.3606546064247804 317
1694729286552 2.3606146054239505 318
1694729286854 2.360574613586871 319
1694729287148 2.360534630911328 320
1694729287476 2.3604946573951087 321
1694729287806 2.3604546930360004 322
1694729288291 2.3604147378317917 323
1694729288620 2.3603747917802713 324
1694729288952 2.360334854879229 325
1694729289256 2.360294927126454 326
1694729289520 2.360255008519737 327
1694729289820 2.3602150990568695 328
1694729290138 2.360175198735643 329
1694729290472 2.3601353075538496 330
1694729290808 2.3600954255092828 331
1694729291120 2.360055552599735 332
1694729291390 2.360015688823001 333
1694729291766 2.3599758341768755 334
1694729292076 2.3599359886591533 335
1694729292371 2.3598961522676296 336
1694729292757 2.3598563250001017 337
1694729293071 2.3598165068543664 338
1694729293348 2.3597766978282206 339
1694729293629 2.3597368979194626 340
1694729293966 2.359697107125891 341
1694729294265 2.3596573254453057 342
1694729294556 2.3596175528755055 343
1694729294842 2.359577789414291 344
1694729295206 2.3595380350594635 345
1694729295510 2.3594982898088244 346
1694729295804 2.359458553660176 347
1694729296143 2.3594188266113205 348
1694729296430 2.3593791086600615 349
1694729296708 2.359339399804202 350
1694729297046 2.359299700041548 351
1694729297422 2.3592600093699034 352
1694729297726 2.359220327787073 353
1694729298001 2.359180655290865 354
1694729298358 2.3591409918790847 355
1694729298618 2.359101337549539 356
1694729298890 2.359061692300037 357
1694729299217 2.359022056128386 358
1694729299614 2.358982429032396 359
1694729300064 2.3589428110098765 360
1694729300388 2.3589032020586362 361
1694729300690 2.3588636021764877 362
1694729301015 2.3588240113612406 363
1694729301328 2.3587844296107083 364
1694729301664 2.3587448569227027 365
1694729302049 2.3587052932950368 366
1694729302359 2.3586657387255237 367
1694729302665 2.3586261932119776 368
1694729302996 2.3585866567522142 369
1694729303301 2.358547129344048 370
1694729303603 2.3585076109852956 371
1694729303963 2.358468101673772 372
1694729304333 2.358428601407295 373
1694729304688 2.358389110183684 374
1694729305026 2.358349628000754 375
1694729305308 2.3583101548563254 376
1694729305618 2.358270690748218 377
1694729305927 2.358231235674251 378
1694729306250 2.3581917896322446 379
1694729306544 2.35815235262002 380
1694729306852 2.3581129246353996 381
1694729307201 2.358073505676204 382
1694729307503 2.358034095740257 383
1694729307819 2.3579946948253823 384
1694729308286 2.357955302929403 385
1694729308661 2.3579159200501434 386
1694729309127 2.3578765461854294 387
1694729309479 2.357837181333086 388
1694729309741 2.3577978254909393 389
1694729310081 2.357758478656816 390
1694729310428 2.357719140828544 391
1694729310701 2.35767981200395 392
1694729311042 2.3576404921808636 393
1694729311360 2.3576011813571136 394
1694729311679 2.3575618795305284 395
1694729311993 2.35752258669894 396
1694729312310 2.3574833028601776 397
1694729312620 2.357444028012073 398
1694729312910 2.3574047621524583 399
1694729313218 2.3573655052791653 400
1694729313552 2.357326257390028 401
1694729313873 2.357287018482879 402
1694729314173 2.3572477885555525 403
1694729314480 2.3572085676058836 404
1694729314790 2.357169355631707 405
1694729315116 2.3571301526308592 406
1694729315430 2.3570909586011757 407
1694729315771 2.3570517735404946 408
1694729316084 2.357012597446652 409
1694729316382 2.356973430317487 410
1694729316623 2.3569342721508377 411
1694729316954 2.3568951229445445 412
1694729317262 2.356855982696445 413
1694729317571 2.3568168514043815 414
1694729317880 2.356777729066194 415
1694729318275 2.3567386156797245 416
1694729318567 2.356699511242814 417
1694729318814 2.3566604157533058 418
1694729319080 2.3566213292090437 419
1694729319398 2.35658225160787 420
1694729319665 2.35654318294763 421
1694729319989 2.356504123226168 422
1694729320353 2.35646507244133 423
1694729320643 2.3564260305909612 424
1694729320924 2.3563869976729097 425
1694729321246 2.3563479736850206 426
1694729321718 2.3563089586251422 427
1694729322123 2.3562699524911244 428
1694729322660 2.356230955280813 429
1694729323125 2.3561919669920597 430
1694729323467 2.3561529876227145 431
1694729323747 2.356114017170626 432
1694729324056 2.356075055633646 433
1694729324378 2.356036103009627 434
1694729324716 2.355997159296421 435
1694729324998 2.3559582244918795 436
1694729325331 2.355919298593857 437
1694729325649 2.355880381600207 438
1694729326048 2.355841473508783 439
1694729326425 2.3558025743174418 440
1694729326662 2.355763684024038 441
1694729327023 2.355724802626427 442
1694729327549 2.3556859301224664 443
1694729327961 2.3556470665100133 444
1694729328381 2.3556082117869255 445
1694729328691 2.3555693659510606 446
1694729328964 2.3555305290002786 447
1694729329319 2.355491700932438 448
1694729329688 2.355452881745399 449
1694729329984 2.3554140714370226 450
1694729330274 2.3553752700051698 451
1694729330659 2.355336477447702 452
1694729330961 2.355297693762482 453
1694729331284 2.3552589189473725 454
1694729331589 2.355220153000236 455
1694729331942 2.3551813959189376 456
1694729332363 2.3551426477013404 457
1694729332710 2.355103908345311 458
1694729333039 2.355065177848714 459
1694729333419 2.355026456209416 460
1694729333791 2.3549877434252835 461
1694729334161 2.354949039494184 462
1694729334661 2.3549103444139847 463
1694729335011 2.3548716581825553 464
1694729335342 2.354832980797763 465
1694729335741 2.3547943122574786 466
1694729336012 2.3547556525595716 467
1694729336300 2.354717001701913 468
1694729336655 2.3546783596823735 469
1694729336996 2.3546397264988252 470
1694729337333 2.3546011021491404 471
1694729337693 2.3545624866311914 472
1694729338106 2.354523879942852 473
1694729338451 2.3544852820819964 474
1694729338751 2.3544466930464982 475
1694729339116 2.354408112834234 476
1694729339492 2.354369541443078 477
1694729339837 2.354330978870907 478
1694729340179 2.354292425115598 479
1694729340573 2.354253880175027 480
1694729340900 2.354215344047073 481
1694729341345 2.354176816729614 482
1694729341779 2.3541382982205294 483
1694729342157 2.3540997885176984 484
1694729342461 2.354061287619001 485
1694729342774 2.354022795522317 486
1694729343019 2.3539843122255286 487
1694729343290 2.353945837726518 488
1694729343700 2.3539073720231656 489
1694729344113 2.353868915113356 490
1694729344439 2.3538304669949714 491
1694729344795 2.3537920276658966 492
1694729345112 2.3537535971240153 493
1694729345430 2.353715175367213 494
1694729345749 2.3536767623933756 495
1694729346048 2.353638358200389 496
1694729346460 2.353599962786139 497
1694729346831 2.353561576148513 498
1694729347107 2.3535231982854 499
