1694721509121 168.8278829759285 0
1694721509599 8.526528704904832 1
1694721509986 69.08960740969786 2
1694721510456 11.670124708943002 3
1694721510898 32.1344747067535 4
1694721511291 10.589668412887432 5
1694721511780 16.8372838082811 6
1694721512180 8.32609695415622 7
1694721512626 9.859773156637049 8
1694721513039 6.294971193357418 9
1694721513446 6.419964194888573 10
1694721513826 4.8287671629228175 11
1694721514245 4.623712625936893 12
1694721514662 3.866841796697938 13
1694721515108 3.647329036339683 14
1694721515574 3.266104699677516 15
1694721515950 3.102205041880638 16
1694721516357 2.9010234296653126 17
1694721516730 2.7925167775399773 18
1694721517170 2.6825719744665477 19
1694721517661 2.614590916340017 20
1694721518156 2.5530011447442877 21
1694721518569 2.511599726467163 22
1694721518973 2.4765016442713175 23
1694721519309 2.4516594128767526 24
1694721519612 2.43141217647079 25
1694721520116 2.416609290776674 26
1694721520511 2.4048147037536256 27
1694721520826 2.3960059553871544 28
1694721521261 2.3890695105537194 29
1694721521731 2.3838079915400345 30
1694721522144 2.3796809423275156 31
1694721522626 2.3765076113095924 32
1694721522940 2.374011408029757 33
1694721523299 2.3720635020786767 34
1694721523722 2.370516236396692 35
1694721524046 2.3692861037063078 36
1694721524428 2.368291801691439 37
1694721524852 2.367481622909428 38
1694721525276 2.3668098384578413 39
1694721525686 2.3662452065964286 40
1694721526078 2.36576164406424 41
1694721526474 2.365340534414644 42
1694721526812 2.36496686617291 43
1694721527414 2.3646296353648015 44
1694721527841 2.3643201538555827 45
1694721528267 2.364031948407752 46
1694721528658 2.363759973056496 47
1694721529004 2.3635004307469965 48
1694721529512 2.3632503845437594 49
1694721529953 2.3630076110305236 50
1694721530327 2.3627703985521413 51
1694721530793 2.362537446519166 52
1694721531109 2.362307756570206 53
1694721531546 2.3620805684062782 54
1694721532040 2.361855299423941 55
1694721532455 2.36163150533783 56
1694721532866 2.3614088460614866 57
1694721533272 2.3611870620339754 58
1694721533729 2.360965954697612 59
