1694753757620 136.16901728347446 0
1694753758014 1.103351827648997e+81 1
1694753758345 2.1379053953052667e+80 2
1694753758722 9.214495695109234e+80 3
1694753759065 5.707775416663799e+80 4
1694753759473 1.0481538540367558e+81 5
1694753759900 9.894084380757375e+80 6
1694753760349 1.3808059323563281e+81 7
1694753760695 1.5215803230563686e+81 8
1694753761032 1.9297276247439117e+81 9
1694753761386 2.2492095531870487e+81 10
1694753761725 2.757193235326301e+81 11
1694753762067 3.279258055297208e+81 12
1694753762462 3.971344193399289e+81 13
1694753762826 4.757686654850558e+81 14
1694753763247 5.73679300867842e+81 15
1694753763648 6.8905999929994895e+81 16
1694753763989 8.295714717959414e+81 17
1694753764366 9.973476363011185e+81 18
1694753764762 1.2000542942184346e+82 19
1694753765135 1.4432406942368188e+82 20
1694753765455 1.7362258539648447e+82 21
1694753765801 2.088315430262909e+82 22
1694753766252 2.5120739236620423e+82 23
1694753766848 3.0216275562278144e+82 24
1694753767357 3.634679256182193e+82 25
1694753767707 4.372011434485372e+82 26
1694753768091 5.258991274894839e+82 27
1694753768459 6.325866768976816e+82 28
1694753769009 7.609213486220191e+82 29
1694753769706 9.152889460992432e+82 30
1694753770564 1.1009749352527763e+83 31
1694753770965 1.3243299105542568e+83 32
1694753771349 1.5929979552532534e+83 33
1694753771764 1.916170211760691e+83 34
1694753772226 2.3049051005476668e+83 35
1694753772634 2.7725025519382697e+83 36
1694753773096 3.3349620436603826e+83 37
1694753773373 4.0115278827537434e+83 38
1694753773778 4.8253491978759147e+83 39
1694753774198 5.804270880426298e+83 40
1694753774707 6.981787104543406e+83 41
1694753775179 8.398186761627044e+83 42
1694753775656 1.0101932369267943e+84 43
1694753776086 1.2151317928681697e+84 44
1694753776464 1.461646368281311e+84 45
1694753776845 1.7581715141815583e+84 46
1694753777361 2.114852909597968e+84 47
1694753777775 2.543894490311994e+84 48
1694753778091 3.0599760151560572e+84 49
1694753778605 3.680755333220545e+84 50
1694753779175 4.427472554282635e+84 51
1694753779684 5.325676781958523e+84 52
1694753779996 6.406100283802687e+84 53
1694753780316 7.705710001894331e+84 54
1694753780791 9.268972386195203e+84 55
1694753781257 1.114937482393206e+85 56
1694753781651 1.341125572345239e+85 57
1694753782039 1.6132005867580745e+85 58
1694753782420 1.9404716357532267e+85 59
1694753782871 2.3341363746510878e+85 60
1694753783159 2.8076641343724185e+85 61
1694753783523 3.3772567777312786e+85 62
1694753783895 4.06240304995841e+85 63
1694753784272 4.8865453906635775e+85 64
1694753784572 5.8778820223810664e+85 65
1694753784852 7.070331759332713e+85 66
1694753785164 8.504694547574376e+85 67
1694753785509 1.023004744467139e+86 68
1694753785890 1.2305423802678084e+86 69
1694753786187 1.480183310805552e+86 70
1694753786613 1.7804690587824088e+86 71
1694753786953 2.141673971149077e+86 72
1694753787253 2.576156758283779e+86 73
1694753787637 3.0987833501522383e+86 74
1694753787924 3.727435537571025e+86 75
1694753788209 4.4836228018537704e+86 76
1694753788563 5.393218266734417e+86 77
1694753788986 6.487343953334285e+86 78
1694753789309 7.803435627378327e+86 79
1694753789627 9.386523672656499e+86 80
1694753789924 1.1290773816114853e+87 81
1694753790198 1.3581340420844613e+87 82
1694753790526 1.6336595757821865e+87 83
1694753790893 1.965081153145012e+87 84
1694753791235 2.3637384407928737e+87 85
1694753791560 2.84327159086524e+87 86
1694753791903 3.420087942010058e+87 87
1694753792219 4.113923400304882e+87 88
1694753792577 4.948517707889482e+87 89
1694753792965 5.95242670378379e+87 90
1694753793242 7.159999368584587e+87 91
1694753793538 8.61255308285335e+87 92
1694753793887 1.0359787310935212e+88 93
1694753794189 1.2461484079730887e+88 94
1694753794512 1.4989553434699621e+88 95
1694753794862 1.8030493858847616e+88 96
1694753795185 2.1688351838512014e+88 97
1694753795509 2.608828183817431e+88 98
1694753795960 3.1380828489672344e+88 99
1694753796330 3.774707751191431e+88 100
1694753796707 4.54048516010147e+88 101
1694753796990 5.461616328467949e+88 102
1694753797300 6.569617974199285e+88 103
1694753797607 7.902400632200615e+88 104
1694753797978 9.505565772173523e+88 105
1694753798318 1.1433966063544789e+89 106
1694753798733 1.3753582172352943e+89 107
1694753799066 1.6543780305135898e+89 108
1694753799345 1.9900027742211044e+89 109
1694753799655 2.393715927295225e+89 110
1694753800005 2.879330629490978e+89 111
1694753800409 3.463462301181576e+89 112
1694753800795 4.1660971438443693e+89 113
1694753801134 5.011275972608971e+89 114
1694753801398 6.027916778357808e+89 115
1694753801730 7.250804163533303e+89 116
1694753802075 8.721779505428857e+89 117
1694753802412 1.0491172568678277e+90 118
1694753802839 1.26195235498992e+90 119
1694753803118 1.5179654474649806e+90 120
1694753803438 1.8259160820029272e+90 121
1694753803795 2.1963408614370504e+90 122
1694753804093 2.641913956049111e+90 123
1694753804396 3.1778807532635384e+90 124
1694753804743 3.8225794821362844e+90 125
1694753805148 4.598068660141937e+90 126
1694753805495 5.530881830497321e+90 127
1694753805877 6.652935413535369e+90 128
1694753806206 8.002620734475736e+90 129
1694753806544 9.62611759157739e+90 130
1694753806933 1.1578974308713897e+91 131
1694753807289 1.39280083342392e+91 132
1694753807599 1.675359241557759e+91 133
1694753808041 2.0152404571534938e+91 134
1694753808386 2.424073595327591e+91 135
1694753808757 2.9158469773202215e+91 136
1694753809108 3.507386744171221e+91 137
1694753809385 4.2189325670628355e+91 138
1694753809808 5.0748301523929305e+91 139
1694753810168 6.104364235801472e+91 140
1694753810453 7.342760566235185e+91 141
1694753810780 8.832391163169106e+91 142
1694753811174 1.0624224085142119e+92 143
1694753811487 1.2779567313775327e+92 144
1694753811832 1.5372166420671838e+92 145
1694753812210 1.849072778936068e+92 146
1694753812610 2.224195372491241e+92 147
1694753813022 2.6754193298210315e+92 148
1694753813364 3.218183383936614e+92 149
1694753813711 3.871058333625223e+92 150
1694753814058 4.656382447664906e+92 151
1694753814481 5.601025773904274e+92 152
1694753814863 6.737309504220867e+92 153
1694753815221 8.104111851644658e+92 154
1694753815625 9.748198277490682e+92 155
1694753816035 1.172582158253248e+93 156
1694753816459 1.4104646609709457e+93 157
1694753816938 1.696606541252031e+93 158
1694753817415 2.0407982103129597e+93 159
1694753817840 2.4548162664415227e+93 160
1694753818252 2.952826434055811e+93 161
1694753818647 3.551868247271311e+93 162
1694753819221 4.272438061537529e+93 163
1694753819588 5.139190341223325e+93 164
1694753819931 6.181781217869426e+93 165
1694753820293 7.4358831816504935e+93 166
1694753820600 8.944405623952084e+93 167
1694753820942 1.0758962992211513e+94 168
1694753821326 1.2941640790283222e+94 169
1694753821834 1.5567119848443274e+94 170
1694753822192 1.872523154542703e+94 171
1694753822563 2.2524031410018287e+94 172
1694753822933 2.7093496266185712e+94 173
1694753823236 3.2589971420450256e+94 174
1694753823529 3.920152005303706e+94 175
1694753823855 4.715435784347909e+94 176
1694753824189 5.6720592992888625e+94 177
1694753824535 6.822753646956581e+94 178
1694753824860 8.206890103016992e+94 179
1694753825201 9.871827219357748e+94 180
1694753825467 1.1874531207994017e+95 181
1694753825888 1.428352505330797e+95 182
1694753826267 1.7181233041951944e+95 183
1694753826554 2.0666800929053313e+95 184
1694753827035 2.4859488233365736e+95 185
1694753827404 2.9902748729537316e+95 186
1694753827722 3.596913875249084e+95 187
1694753828169 4.326622125269609e+95 188
1694753828495 5.2043667610963224e+95 189
1694753828923 6.26018002030081e+95 190
1694753829269 7.530186799962946e+95 191
1694753829639 9.057840678455684e+95 192
1694753829933 1.0895410689770697e+96 193
1694753830308 1.3105769720715492e+96 194
1694753830618 1.5764545721409422e+96 195
1694753830946 1.8962709333247788e+96 196
1694753831329 2.2809686470628887e+96 197
1694753831680 2.7437102354153996e+96 198
1694753832031 3.300328509827021e+96 199
1694753832314 3.9698682944658544e+96 200
1694753832659 4.775238049327173e+96 201
1694753832983 5.74399368853876e+96 202
1694753833298 6.909281412394056e+96 203
1694753833657 8.3109718123312075e+96 204
1694753834001 9.99702405252451e+96 205
1694753834305 1.2025126803879815e+97 206
1694753834666 1.4464672075373538e+97 207
1694753835026 1.739912947783514e+97 208
1694753835393 2.0928902156162704e+97 209
1694753835843 2.5174762106358647e+97 210
1694753836240 3.028198241755994e+97 211
1694753836560 3.6425307824688224e+97 212
1694753836934 4.381493364033873e+97 213
1694753837313 5.27036976364583e+97 214
1694753837615 6.339573094772228e+97 215
1694753838074 7.625686398928861e+97 216
1694753838426 9.17271434298336e+97 217
1694753838766 1.1033588849102317e+98 218
1694753839176 1.3271980172821978e+98 219
1694753839480 1.5964475395701443e+98 220
1694753839825 1.9203198870192837e+98 221
1694753840184 2.3098964275861372e+98 222
1694753840541 2.778506613529445e+98 223
1694753840973 3.342184051730164e+98 224
1694753841477 4.020215097292975e+98 225
1694753841936 4.83579874068744e+98 226
1694753842477 5.816840366621313e+98 227
1694753842922 6.996906543291179e+98 228
1694753843314 8.416373510347371e+98 229
1694753843742 1.0123808661357032e+99 230
1694753844216 1.217763228851015e+99 231
1694753844691 1.4648116446551553e+99 232
1694753845145 1.761978932753478e+99 233
1694753845510 2.1194327412641246e+99 234
1694753845952 2.549403435671408e+99 235
1694753846350 3.0666025636353107e+99 236
1694753846737 3.688726214028193e+99 237
1694753847104 4.437060492745653e+99 238
1694753847585 5.3372098317877025e+99 239
1694753847969 6.419973050875469e+99 240
1694753848293 7.722397146256082e+99 241
1694753848591 9.289044862325675e+99 242
1694753848902 1.1173519416329393e+100 243
1694753849330 1.3440298544949876e+100 244
1694753849760 1.616694062511633e+100 245
1694753850161 1.9446738351972482e+100 246
1694753850551 2.3391910770214536e+100 247
1694753850876 2.81374428748962e+100 248
1694753851252 3.3845704154538626e+100 249
1694753851624 4.071200410107559e+100 250
1694753851919 4.897127476970316e+100 251
1694753852262 5.8906109033979104e+100 252
1694753852611 7.085642956694615e+100 253
1694753852960 8.52311193747243e+100 254
1694753853343 1.0252201182399476e+101 255
1694753853720 1.2332071883542954e+101 256
1694753854097 1.483388730236341e+101 257
1694753854524 1.7843247637314347e+101 258
1694753854855 2.146311885461055e+101 259
1694753855207 2.581735569279332e+101 260
1694753855656 3.105493938151618e+101 261
1694753856114 3.7355075069088165e+101 262
1694753856648 4.493332336844786e+101 263
1694753857062 5.404897581384476e+101 264
1694753857478 6.501392658119973e+101 265
1694753857798 7.8203344020127e+101 266
1694753858166 9.406850712657704e+101 267
1694753858510 1.1315224615900635e+102 268
1694753858808 1.3610751570236236e+102 269
1694753859193 1.637197356616001e+102 270
1694753859544 1.9693366458703937e+102 271
1694753859975 2.3688572480866074e+102 272
1694753860365 2.849428853913567e+102 273
1694753860709 3.427494333005212e+102 274
1694753861069 4.122832330643339e+102 275
1694753861456 4.959233998702032e+102 276
1694753861773 5.965317015461654e+102 277
1694753862070 7.175504746150298e+102 278
1694753862425 8.631204046419118e+102 279
1694753862735 1.0382222007572385e+103 280
1694753863070 1.2488470117820932e+103 281
1694753863324 1.5022014147834055e+103 282
1694753863694 1.8069539897902356e+103 283
1694753864022 2.173531917282625e+103 284
1694753864319 2.6144777466053336e+103 285
1694753864645 3.144878542220954e+103 286
1694753864971 3.7828820911416875e+103 287
1694753865285 4.550317833697467e+103 288
1694753865648 5.473443762931631e+103 289
1694753866030 6.583844847961228e+103 290
1694753866395 7.91951372106699e+103 291
1694753866708 9.526150604473908e+103 292
1694753867004 1.1458726954120652e+104 293
1694753867481 1.3783366320854268e+104 294
1694753867828 1.657960678315499e+104 295
1694753868187 1.9943122361054846e+104 296
1694753868632 2.398899652506238e+104 297
1694753869153 2.885565980396547e+104 298
1694753869645 3.470962621768203e+104 299
1694753869944 4.175119059331424e+104 300
1694753870288 5.022128169940475e+104 301
1694753870670 6.04097056799824e+104 302
1694753871038 7.266506183941846e+104 303
1694753871563 8.740667004898492e+104 304
1694753871920 1.0513891787411516e+105 305
1694753872344 1.2646851831267422e+105 306
1694753872778 1.5212526862178176e+105 307
1694753873238 1.8298702050129145e+105 308
1694753873637 2.2010971599458318e+105 309
1694753873916 2.6476351679202336e+105 310
1694753874320 3.1847626310964486e+105 311
1694753874703 3.8308574909871994e+105 312
1694753875063 4.608026034015685e+105 313
1694753875547 5.542859263264952e+105 314
1694753876051 6.667342715854434e+105 315
1694753876520 8.019950855557615e+105 316
1694753876965 9.646963485559573e+105 317
1694753877474 1.1604049222724214e+106 318
1694753877940 1.3958170212312742e+106 319
1694753878321 1.6789873253412102e+106 320
1694753878669 2.019604572646451e+106 321
1694753879016 2.4293230617601888e+106 322
1694753879448 2.9221614064116212e+106 323
1694753879817 3.5149821855865127e+106 324
1694753880178 4.228068900602738e+106 325
1694753880540 5.085819979841847e+106 326
1694753880934 6.11758357667048e+106 327
1694753881288 7.358661723357376e+106 328
1694753881665 8.851518198346579e+106 329
1694753881993 1.0647231434347538e+107 330
1694753882383 1.2807242178831422e+107 331
1694753882780 1.5405455703545554e+107 332
1694753883067 1.853077049063493e+107 333
1694753883412 2.2290119914956864e+107 334
1694753883781 2.681213099445883e+107 335
1694753884016 3.225152539361795e+107 336
1694753884338 3.8794413261301376e+107 337
1694753884756 4.6664661032946125e+107 338
1694753885022 5.6131551072895664e+107 339
1694753885333 6.75189952333439e+107 340
1694753885725 8.12166175739554e+107 341
1694753886045 9.769308544000154e+107 342
1694753886411 1.17512145024961e+108 343
1694753886808 1.4135191007810232e+108 344
1694753887164 1.7002806372468004e+108 345
1694753887481 2.04521767254438e+108 346
1694753887815 2.4601323078412997e+108 347
1694753888045 2.959220944221149e+108 348
1694753888360 3.5595600158599327e+108 349
1694753888685 4.2816902642068733e+108 350
1694753889083 5.150319544247103e+108 351
1694753889506 6.195168209526531e+108 352
1694753889860 7.451986000984859e+108 353
1694753890187 8.963775232685475e+108 354
1694753890524 1.078226212602741e+109 355
1694753890871 1.296966663448292e+109 356
1694753891192 1.5600831313827031e+109 357
1694753891543 1.8765782077650848e+109 358
1694753891880 2.257280845500631e+109 359
1694753892173 2.7152168741916277e+109 360
1694753892540 3.266054681937402e+109 361
1694753892905 3.9286413128899825e+109 362
1694753893181 4.7256473232684645e+109 363
1694753893526 5.684342459731142e+109 364
1694753893979 6.8375287001218755e+109 365
1694753894384 8.22466258079772e+109 366
1694753894764 9.893205211229075e+109 367
1694753895049 1.1900246166937246e+110 368
1694753895383 1.4314456822644948e+110 369
1694753895763 1.7218439959389692e+110 370
1694753896072 2.0711556037955695e+110 371
1694753896433 2.491332284022922e+110 372
1694753896782 2.9967504798000195e+110 373
1694753897068 3.604703192654897e+110 374
1694753897393 4.3359916665479326e+110 375
1694753897771 5.215637107288756e+110 376
1694753898083 6.27373678893271e+110 377
1694753898405 7.54649383903707e+110 378
1694753898822 9.07745593711985e+110 379
1694753899159 1.0919005308678106e+111 380
1694753899439 1.313415099525881e+111 381
1694753899722 1.5798684723521037e+111 382
1694753900049 1.9003774136852684e+111 383
1694753900367 2.2859082117566503e+111 384
1694753900759 2.749651892801272e+111 385
1694753901170 3.3074755550991887e+111 386
1694753901547 3.9784652654463565e+111 387
1694753901925 4.7855790933845456e+111 388
1694753902241 5.756432626908927e+111 389
1694753902600 6.924243846256479e+111 390
1694753902914 8.328969684852572e+111 391
1694753903265 1.0018673165113654e+112 392
1694753903668 1.2051167885976657e+112 393
1694753903990 1.4495996128679735e+112 394
1694753904320 1.7436808262145331e+112 395
1694753904674 2.0974224859875907e+112 396
1694753904975 2.522927945636027e+112 397
1694753905242 3.0347559737704083e+112 398
1694753905592 3.6504188858288674e+112 399
1694753905945 4.390981732037018e+112 400
1694753906221 5.281783043017788e+112 401
1694753906552 6.353301793530458e+112 402
1694753906883 7.642200247705516e+112 403
1694753907215 9.192578366968503e+112 404
1694753907678 1.1057482700512653e+113 405
1694753908037 1.3300721385360093e+113 406
1694753908361 1.5999047356662235e+113 407
1694753908739 1.924478446728933e+113 408
1694753909061 2.314898637000387e+113 409
1694753909451 2.7845236244108732e+113 410
1694753909806 3.349421737510385e+113 411
1694753910099 4.0289210970801655e+113 412
1694753910450 4.846270932296205e+113 413
1694753910846 5.8294370585316557e+113 414
1694753911148 7.012058734256756e+113 415
1694753911466 8.43459963611843e+113 416
1694753911769 1.0145732333080621e+114 417
1694753912074 1.2204003629731066e+114 418
1694753912389 1.467983775886446e+114 419
1694753912730 1.7657945963043883e+114 420
1694753913095 2.1240224909535876e+114 421
1694753913394 2.55492431085625e+114 422
1694753913810 3.0732434623485e+114 423
1694753914230 3.6967143561691224e+114 424
1694753914675 4.4466691944620244e+114 425
1694753915033 5.348767857051311e+114 426
1694753915325 6.43387586021823e+114 427
1694753915631 7.73912042754444e+114 428
1694753916006 9.309160806531955e+114 429
1694753916436 1.1197716295179476e+115 430
1694753916766 1.3469404260300925e+115 431
1694753917124 1.620195103581206e+115 432
1694753917716 1.9488851347385935e+115 433
1694753918104 2.344256725631254e+115 434
1694753918457 2.819837607517329e+115 435
1694753918830 3.39189989126635e+115 436
1694753919126 4.08001682143037e+115 437
1694753919576 4.907732479374522e+115 438
1694753920199 5.903367349515877e+115 439
1694753920588 7.100987311307478e+115 440
1694753920880 8.541569211254496e+115 441
1694753921223 1.0274402895280934e+116 442
1694753921620 1.2358777672311726e+116 443
1694753922021 1.4866010911815053e+116 444
1694753922554 1.7881888184243602e+116 445
1694753922896 2.1509598434348897e+116 446
1694753923182 2.5873264615009413e+116 447
1694753923420 3.1122190583032243e+116 448
1694753923824 3.7435969565459756e+116 449
1694753924117 4.503062898374829e+116 450
1694753924379 5.416602188241171e+116 451
1694753924811 6.515471786158656e+116 452
1694753925175 7.837269771885153e+116 453
1694753925592 9.427221771996647e+116 454
1694753926040 1.1339728365255754e+117 455
1694753926471 1.3640226411110648e+117 456
1694753927108 1.6407427987113345e+117 457
1694753927656 1.9736013541023823e+117 458
1694753928058 2.3739871404427493e+117 459
1694753928486 2.8555994508580897e+117 460
1694753928949 3.4349167629527335e+117 461
1694753929519 4.131760553766831e+117 462
1694753929906 4.9699734962394225e+117 463
1694753930411 5.978235241827671e+117 464
1694753930750 7.191043701475039e+117 465
1694753931080 8.649895399685648e+117 466
1694753931404 1.0404705287795102e+118 467
1694753931849 1.2515514595680028e+118 468
1694753932158 1.5054545156451396e+118 469
1694753932499 1.8108670493330195e+118 470
1694753932848 2.1782388217519864e+118 471
1694753933173 2.620139543836229e+118 472
1694753933465 3.1516889519270495e+118 473
1694753933914 3.791074133080557e+118 474
1694753934347 4.560171800495996e+118 475
1694753934729 5.485296810363638e+118 476
1694753935079 6.59810253081098e+118 477
1694753935409 7.936663869280804e+118 478
1694753935684 9.546780014375592e+118 479
1694753936004 1.1483541465784698e+119 480
1694753936382 1.3813214968588703e+119 481
1694753936789 1.661551084540843e+119 482
1694753937102 1.9986310303696928e+119 483
1694753937421 2.4040946033630245e+119 484
1694753937880 2.8918148343019246e+119 485
1694753938371 3.478479184716968e+119 486
1694753939029 4.184160512279156e+119 487
1694753939613 5.033003868309965e+119 488
1694753940003 6.05405262634748e+119 489
1694753940395 7.28224220795047e+119 490
1694753940720 8.759595406300582e+119 491
1694753941152 1.0536660205878746e+120 492
1694753941539 1.2674239293551566e+120 493
1694753941887 1.5245470436693245e+120 494
1694753942242 1.8338328908965864e+120 495
1694753942544 2.2058637584840283e+120 496
1694753942877 2.653368769394418e+120 497
1694753943260 3.191659412019224e+120 498
1694753943756 3.839153426327471e+120 499
