1694729709149 166.28893875382607 0
1694729709421 162.4060589530983 1
1694729709765 158.61523494172891 2
1694729710170 154.9142833314878 3
1694729710535 151.3010725309014 4
1694729710890 147.77352151634224 5
1694729711238 144.32959863227612 6
1694729711520 140.96732041997637 7
1694729711850 137.6847504740285 8
1694729712204 134.4799983259665 9
1694729712531 131.35121835439725 10
1694729712878 128.29660872098373 11
1694729713164 125.31441033167445 12
1694729713482 122.40290582257909 13
1694729713840 119.56041856990622 14
1694729714180 116.78531172339233 15
1694729714487 114.07598726266379 16
1694729714881 111.43088507598874 17
1694729715214 108.84848206088694 18
1694729715499 106.32729124607926 19
1694729715830 103.86586093427033 20
1694729716245 101.46277386527005 21
1694729716520 99.1166463989715 22
1694729716832 96.82612771771392 23
1694729717246 94.58989904757102 24
1694729717720 92.40667289811525 25
1694729718099 90.27519232022 26
1694729718481 88.1942301814716 27
1694729718801 86.16258845877314 28
1694729719124 84.17909754773238 29
1694729719477 82.24261558843548 30
1694729719811 80.35202780721767 31
1694729720207 78.50624587405144 32
1694729720527 76.70420727518142 33
1694729720882 74.9448747006446 34
1694729721240 73.22723544632233 35
1694729721601 71.55030083017938 36
1694729722025 69.91310562235371 37
1694729722380 68.31470748876791 38
1694729722749 66.7541864479417 39
1694729723084 65.23064434069228 40
1694729723411 63.743204312416765 41
1694729723701 62.29101030765788 42
1694729724139 60.873226576661885 43
1694729724451 59.48903719364385 44
1694729724764 58.13764558648278 45
1694729725118 56.818274077575005 46
1694729725449 55.53016343558161 47
1694729725793 54.27257243781093 48
1694729726130 53.044777442984 49
1694729726464 51.846071974136656 50
1694729726739 50.675766311417576 51
1694729727031 49.53318709454777 52
1694729727319 48.41767693471177 53
1694729727613 47.32859403565741 54
1694729727925 46.2653118237851 55
1694729728276 45.22721858701354 56
1694729728663 44.21371712221388 57
1694729728960 43.224224391008484 58
1694729729247 42.258171183736295 59
1694729729596 41.31500179139086 60
1694729729947 40.394173685341826 61
1694729730358 39.49515720465519 62
1694729730648 38.61743525083225 63
1694729730994 37.76050298979085 64
1694729731333 36.923867560917486 65
1694729731707 36.10704779302216 66
1694729732062 35.309573927032424 67
1694729732408 34.53098734526664 68
1694729732700 33.77084030713035 69
1694729733014 33.028695691083286 70
1694729733376 32.30412674272846 71
1694729733662 31.59671682887777 72
1694729734014 30.906059197452596 73
1694729734362 30.231756743080762 74
1694729734677 29.57342177825476 75
1694729735071 28.930675809919325 76
1694729735484 28.303149321359506 77
1694729735835 27.69048155926344 78
1694729736179 27.092320325837143 79
1694729736496 26.50832177585127 80
1694729736840 25.93815021850313 81
1694729737182 25.381477923979325 82
1694729737540 24.837984934607846 83
1694729737863 24.30735888049044 84
1694729738275 23.78929479950919 85
1694729738689 23.28349496160327 86
1694729739084 22.78966869721485 87
1694729739441 22.307532229804963 88
1694729739715 21.836808512342927 89
1694729740051 21.377227067675005 90
1694729740468 20.928523832680263 91
1694729740764 20.490441006123714 92
1694729741138 20.062726900119163 93
1694729741493 19.645135795115923 94
1694729741833 19.237427798325967 95
1694729742179 18.839368705509763 96
1694729742564 18.45072986604122 97
1694729742922 18.071288051173735 98
1694729743278 17.700825325431705 99
1694729743586 17.33912892105305 100
1694729743876 16.98599111541052 101
1694729744226 16.64120911134109 102
1694729744575 16.304584920314408 103
1694729744883 15.97592524837296 104
1694729745184 15.655041384778203 105
1694729745516 15.341749093298413 106
1694729745856 15.035868506075646 107
1694729746216 14.737224020010538 108
1694729746602 14.445644195605318 109
1694729746926 14.16096165820653 110
1694729747326 13.883013001590747 111
1694729747694 13.611638693837513 112
1694729748032 13.346682985435336 113
1694729748328 13.087993819567718 114
1694729748713 12.835422744527511 115
1694729749079 12.588824828209129 116
1694729749368 12.34805857462921 117
1694729749770 12.11298584242779 118
1694729750102 11.883471765302783 119
1694729750481 11.659384674332069 120
1694729750798 11.440596022138346 121
1694729751076 11.22698030885296 122
1694729751396 11.018415009836156 123
1694729751707 10.81478050511198 124
1694729752123 10.615960010477192 125
1694729752467 10.42183951024447 126
1694729752779 10.232307691581118 127
1694729753093 10.047255880405435 128
1694729753480 9.86657797880379 129
1694729753881 9.690170403932314 130
1694729754336 9.517932028368019 131
1694729754689 9.34976412187486 132
1694729755019 9.185570294551333 133
1694729755394 9.025256441326647 134
1694729755727 8.86873068777366 135
1694729756034 8.715903337207127 136
1694729756435 8.56668681903701 137
1694729756760 8.420995638346847 138
1694729757196 8.27874632666826 139
1694729757515 8.139857393923196 140
1694729757810 8.004249281506114 141
1694729758107 7.871844316479209 142
1694729758503 7.742566666854166 143
1694729758835 7.616342297934674 144
1694729759210 7.4930989296945985 145
1694729759570 7.372765995167166 146
1694729759917 7.255274599821224 147
1694729760301 7.140557481901133 148
1694729760586 7.02854897370743 149
1694729760893 6.919184963795987 150
1694729761309 6.812402860073783 151
1694729761585 6.708141553770131 152
1694729761896 6.606341384262476 153
1694729762136 6.5069441047365935 154
1694729762433 6.409892848661316 155
1694729762756 6.315132097058504 156
1694729763094 6.222607646549386 157
1694729763445 6.132266578158844 158
1694729763803 6.044057226859639 159
1694729764135 5.957929151839109 160
1694729764497 5.87383310747108 161
1694729764820 5.791721014976347 162
1694729765154 5.711545934755346 163
1694729765500 5.633262039377096 164
1694729765845 5.556824587208844 165
1694729766259 5.482189896671159 166
1694729766613 5.409315321103715 167
1694729766893 5.338159224227226 168
1694729767213 5.2686809561873815 169
1694729767558 5.200840830167043 170
1694729767879 5.134600099553116 171
1694729768187 5.069920935645029 172
1694729768594 5.006766405891954 173
1694729768886 4.945100452646152 174
1694729769149 4.884887872420318 175
1694729769470 4.826094295636857 176
1694729769828 4.768686166857507 177
1694729770159 4.712630725481846 178
1694729770560 4.657895986903622 179
1694729770873 4.604450724113976 180
1694729771130 4.55226444974104 181
1694729771422 4.501307398515473 182
1694729771674 4.451550510151876 183
1694729771985 4.402965412636249 184
1694729772339 4.355524405909767 185
1694729772814 4.309200445939564 186
1694729773124 4.263967129167319 187
1694729773443 4.219798677326622 188
1694729773765 4.176669922620478 189
1694729774090 4.134556293250308 190
1694729774421 4.093433799288179 191
1694729774757 4.053279018884062 192
1694729775193 4.014069084800223 193
1694729775512 3.975781671264941 194
1694729775850 3.938394981138034 195
1694729776121 3.9018877333807307 196
1694729776454 3.866239150822707 197
1694729776715 3.8314289482192425 198
1694729777014 3.7974373205915932 199
1694729777462 3.764244931843877 200
1694729777904 3.7318329036499 201
1694729778237 3.700182804603552 202
1694729778586 3.669276639626459 203
1694729778890 3.639096839626855 204
1694729779179 3.6096262514036725 205
1694729779532 3.580848127790044 206
1694729779907 3.5527461180305644 207
1694729780178 3.5253042583866994 208
1694729780524 3.4985069629650267 209
1694729780874 3.4723390147629107 210
1694729781116 3.4467855569265735 211
1694729781411 3.4218320842164056 212
1694729781723 3.3974644346747076 213
1694729782137 3.373668781490971 214
1694729782486 3.350431625060085 215
1694729782822 3.3277397852288346 216
1694729783119 3.3055803937262636 217
1694729783462 3.283940886773531 218
1694729783883 3.262808997868989 219
1694729784223 3.242172750744349 220
1694729784607 3.2220204524878504 221
1694729784941 3.2023406868304938 222
1694729785247 3.183122307591473 223
1694729785576 3.1643544322790094 224
1694729785940 3.1460264358429044 225
1694729786218 3.1281279445752372 226
1694729786537 3.1106488301556707 227
1694729786859 3.0935792038379337 228
1694729787114 3.076909410774155 229
1694729787459 3.0606300244737445 230
1694729787831 3.044731841393667 231
1694729788118 3.0292058756569613 232
1694729788452 3.014043353896479 233
1694729788826 2.999235710220879 234
1694729789190 2.98477458129995 235
1694729789480 2.970651801566474 236
1694729789771 2.9568593985318135 237
1694729790018 2.9433895882125842 238
1694729790385 2.930234770665728 239
1694729790739 2.9173875256294384 240
1694729791049 2.904840608267426 241
1694729791420 2.8925869450140853 242
1694729791734 2.880619629518132 243
1694729792027 2.868931918682422 244
1694729792300 2.8575172287976294 245
1694729792611 2.8463691317675983 246
1694729792891 2.83548135142415 247
1694729793228 2.8248477599292654 248
1694729793584 2.814462374262541 249
1694729793921 2.8043193527919144 250
1694729794228 2.7944129919256673 251
1694729794553 2.7847377228438 252
1694729794915 2.775288108306866 253
1694729795223 2.7660588395404697 254
1694729795525 2.7570447331935912 255
1694729795894 2.74824072836901 256
1694729796221 2.739641883724123 257
1694729796562 2.7312433746404667 258
1694729796883 2.723040490460337 259
1694729797160 2.7150286317888845 260
1694729797500 2.707203307860181 261
1694729797855 2.6995601339656887 262
1694729798217 2.6920948289436795 263
1694729798631 2.6848032127281654 264
1694729798988 2.6776812039559066 265
1694729799269 2.670724817630131 266
1694729799628 2.6639301628396272 267
1694729799959 2.6572934405318933 268
1694729800269 2.6508109413390453 269
1694729800712 2.6444790434552607 270
1694729801055 2.638294210564506 271
1694729801355 2.6322529898173905 272
1694729801694 2.626352009855942 273
1694729802083 2.6205879788851965 274
1694729802391 2.61495768279049 275
1694729802704 2.609457983299341 276
1694729803038 2.604085816186917 277
1694729803307 2.5988381895239963 278
1694729803660 2.593712181966451 279
1694729803983 2.588704941085262 280
1694729804299 2.583813681736107 281
1694729804677 2.5790356844675553 282
1694729805053 2.574368293967002 283
1694729805436 2.569808917543414 284
1694729805770 2.5653550236460045 285
1694729806122 2.561004140418033 286
1694729806398 2.5567538542848385 287
1694729806768 2.5526018085753432 288
1694729807121 2.5485457021761992 289
1694729807452 2.5445832882178196 290
1694729807803 2.540712372791549 291
1694729808067 2.536930813697199 292
1694729808393 2.533236519220282 293
1694729808768 2.529627446938177 294
1694729809136 2.5261016025546 295
1694729809474 2.522657038761664 296
1694729809898 2.5192918541289075 297
1694729810223 2.5160041920186247 298
1694729810573 2.5127922395268882 299
1694729810951 2.5096542264496606 300
1694729811275 2.506588424273385 301
1694729811613 2.503593145189485 302
1694729811948 2.500666741132199 303
1694729812328 2.4978076028392144 304
1694729812698 2.4950141589345294 305
1694729813037 2.4922848750330506 306
1694729813416 2.489618252866379 307
1694729813757 2.487012829429314 308
1694729814100 2.484467176146551 309
1694729814468 2.4819798980591243 310
1694729814744 2.4795496330301057 311
1694729815023 2.477175050969113 312
1694729815326 2.474854853075179 313
1694729815620 2.4725877710975515 314
1694729815879 2.4703725666139844 315
1694729816186 2.4682080303261262 316
1694729816507 2.4660929813715855 317
1694729816880 2.464026266652278 318
1694729817187 2.4620067601786824 319
1694729817463 2.460033362429616 320
1694729817796 2.4581049997271607 321
1694729818127 2.456220623626395 322
1694729818471 2.4543792103195634 323
1694729818848 2.45257976005435 324
1694729819222 2.4508212965659295 325
1694729819567 2.4491028665224466 326
1694729819888 2.4474235389836334 327
1694729820172 2.4457824048722316 328
1694729820528 2.444178576457924 329
1694729820877 2.4426111868534877 330
1694729821187 2.4410793895228595 331
1694729821569 2.4395823578008473 332
1694729821906 2.438119284424213 333
1694729822254 2.436689381073839 334
1694729822604 2.4352918779277357 335
1694729822865 2.433926023224627 336
1694729823116 2.432591082837855 337
1694729823441 2.4312863398593696 338
1694729823831 2.4300110941935595 339
1694729824183 2.4287646621606958 340
1694729824494 2.4275463761097495 341
1694729824803 2.426355584040373 342
1694729825155 2.4251916492338266 343
1694729825479 2.424053949892627 344
1694729825801 2.4229418787887274 345
1694729826223 2.421854842920012 346
1694729826584 2.4207922631749237 347
1694729826878 2.4197535740050125 348
1694729827144 2.4187382231052372 349
1694729827474 2.4177456711018266 350
1694729827885 2.416775391247513 351
1694729828275 2.415826869123987 352
1694729828685 2.4148996023513742 353
1694729829047 2.4139931003045927 354
1694729829364 2.4131068838364063 355
1694729829698 2.412240485007035 356
1694729830066 2.4113934468201528 357
1694729830400 2.4105653229651285 358
1694729830741 2.4097556775653572 359
1694729831049 2.4089640849325473 360
1694729831349 2.4081901293268047 361
1694729831650 2.4074334047224024 362
1694729831919 2.4066935145790707 363
1694729832287 2.405970071618706 364
1694729832541 2.40526269760735 365
1694729832843 2.4045710231423194 366
1694729833180 2.403894687444372 367
1694729833476 2.4032333381547786 368
1694729833744 2.402586631137193 369
1694729834049 2.401954230284203 370
1694729834382 2.4013358073284494 371
1694729834644 2.40073104165821 372
1694729835004 2.4001396201373395 373
1694729835421 2.3995612369294603 374
1694729835738 2.3989955933263123 375
1694729836038 2.3984423975801503 376
1694729836348 2.397901364740102 377
1694729836721 2.397372216492396 378
1694729837062 2.3968546810043545 379
1694729837358 2.3963484927720757 380
1694729837842 2.3958533924717114 381
1694729838147 2.3953691268142565 382
1694729838498 2.394895448403767 383
1694729838818 2.394432115598922 384
1694729839131 2.393978892377862 385
1694729839437 2.393535548206211 386
1694729839733 2.3931018579082135 387
1694729840110 2.392677601540918 388
1694729840455 2.392262564271327 389
1694729840816 2.3918565362564457 390
1694729841152 2.391459312526165 391
1694729841445 2.3910706928689023 392
1694729841753 2.390690481719945 393
1694729842115 2.3903184880524284 394
1694729842499 2.3899545252708854 395
1694729842872 2.389598411107304 396
1694729843126 2.389249967519643 397
1694729843435 2.3889090205927355 398
1694729843715 2.3885754004415327 399
1694729844018 2.38824894111663 400
1694729844312 2.387929480512019 401
1694729844665 2.3876168602750156 402
1694729845072 2.387310925718317 403
1694729845463 2.3870115257341205 404
1694729845715 2.386718512710277 405
1694729846042 2.38643174244842 406
1694729846387 2.386151074084018 407
1694729846659 2.3858763700083214 408
1694729847102 2.3856074957921383 409
1694729847444 2.385344320111413 410
1694729847731 2.3850867146745576 411
1694729848035 2.3848345541514946 412
1694729848355 2.3845877161043734 413
1694729848705 2.3843460809199124 414
1694729849025 2.3841095317433454 415
1694729849477 2.383877954413914 416
1694729849766 2.3836512374018866 417
1694729850125 2.383429271747055 418
1694729850517 2.3832119509986844 419
1694729850888 2.3829991711568717 420
1694729851238 2.3827908306152885 421
1694729851576 2.382586830105274 422
1694729851934 2.3823870726412357 423
1694729852254 2.3821914634673442 424
1694729852564 2.3819999100054776 425
1694729852891 2.381812321804391 426
1694729853231 2.381628610490085 427
1694729853561 2.3814486897173373 428
1694729853876 2.3812724751223806 429
1694729854232 2.381099884276688 430
1694729854557 2.380930836641847 431
1694729854871 2.380765253525497 432
1694729855205 2.3806030580383024 433
1694729855544 2.3804441750519327 434
1694729855826 2.380288531158039 435
1694729856165 2.380136054628184 436
1694729856536 2.3799866753747265 437
1694729856825 2.3798403249126134 438
1694729857128 2.3796969363220777 439
1694729857443 2.37955644421221 440
1694729857767 2.3794187846853845 441
1694729858106 2.379283895302523 442
1694729858461 2.3791517150491748 443
1694729858880 2.379022184302391 444
1694729859216 2.3788952447983798 445
1694729859573 2.3787708396009166 446
1694729859896 2.378648913070504 447
1694729860231 2.378529410834245 448
1694729860603 2.3784122797564327 449
1694729861020 2.378297467909824 450
1694729861366 2.378184924547591 451
1694729861684 2.378074600075929 452
1694729861964 2.377966446027308 453
1694729862305 2.377860415034349 454
1694729862642 2.3777564608043176 455
1694729862932 2.3776545380942093 456
1694729863361 2.377554602686428 457
1694729863682 2.377456611365024 458
1694729864018 2.377360521892497 459
1694729864435 2.377266292987141 460
1694729864924 2.377173884300915 461
1694729865285 2.3770832563978437 462
1694729865618 2.3769943707329086 463
1694729865860 2.3769071896314458 464
1694729866180 2.376821676269024 465
1694729866548 2.376737794651787 466
1694729866825 2.376655509597266 467
1694729867112 2.3765747867156333 468
1694729867443 2.3764955923913984 469
1694729867818 2.376417893765532 470
1694729868178 2.3763416587180077 471
1694729868618 2.376266855850754 472
1694729869014 2.376193454471 473
1694729869331 2.3761214245750177 474
1694729869692 2.376050736832238 475
1694729870104 2.375981362569741 476
1694729870479 2.3759132737571087 477
1694729870814 2.3758464429916333 478
1694729871147 2.375780843483866 479
1694729871473 2.3757164490435083 480
1694729871797 2.375653234065631 481
1694729872134 2.3755911735172157 482
1694729872513 2.3755302429240075 483
1694729872845 2.375470418357679 484
1694729873206 2.3754116764232918 485
1694729873582 2.3753539942470496 486
1694729873921 2.375297349464339 487
1694729874270 2.375241720208048 488
1694729874664 2.3751870850971537 489
1694729875029 2.375133423225587 490
1694729875359 2.375080714151342 491
1694729875693 2.37502893788585 492
1694729875949 2.3749780748835967 493
1694729876318 2.374928106031984 494
1694729876644 2.3748790126414208 495
1694729876982 2.3748307764356578 496
1694729877329 2.3747833795423317 497
1694729877661 2.374736804483742 498
1694729877952 2.374691034167835 499
