1694751545656 nan 0
1694751545915 nan 1
1694751546197 nan 2
1694751546502 nan 3
1694751546790 nan 4
1694751547063 nan 5
1694751547436 nan 6
1694751547758 nan 7
1694751548029 nan 8
1694751548303 nan 9
1694751548631 nan 10
1694751548925 nan 11
1694751549159 nan 12
1694751549425 nan 13
1694751549751 nan 14
1694751550035 nan 15
1694751550246 nan 16
1694751550481 nan 17
1694751550740 nan 18
1694751551035 nan 19
1694751551324 nan 20
1694751551635 nan 21
1694751551945 nan 22
1694751552215 nan 23
1694751552533 nan 24
1694751552883 nan 25
1694751553137 nan 26
1694751553364 nan 27
1694751553624 nan 28
1694751553925 nan 29
1694751554193 nan 30
1694751554502 nan 31
1694751554990 nan 32
1694751555288 nan 33
1694751555644 nan 34
1694751555943 nan 35
1694751556215 nan 36
1694751556561 nan 37
1694751556875 nan 38
1694751557225 nan 39
1694751557641 nan 40
1694751557951 nan 41
1694751558290 nan 42
1694751558606 nan 43
1694751558842 nan 44
1694751559082 nan 45
1694751559301 nan 46
1694751559598 nan 47
1694751559913 nan 48
1694751560210 nan 49
1694751560584 nan 50
1694751560862 nan 51
1694751561175 nan 52
1694751561452 nan 53
1694751561827 nan 54
1694751562149 nan 55
1694751562381 nan 56
1694751562669 nan 57
1694751562984 nan 58
1694751563273 nan 59
1694751563591 nan 60
1694751563946 nan 61
1694751564298 nan 62
1694751564694 nan 63
1694751565013 nan 64
1694751565312 nan 65
1694751565655 nan 66
1694751565975 nan 67
1694751566399 nan 68
1694751566663 nan 69
1694751566958 nan 70
1694751567392 nan 71
1694751567780 nan 72
1694751568209 nan 73
1694751568563 nan 74
1694751568848 nan 75
1694751569174 nan 76
1694751569463 nan 77
1694751569747 nan 78
1694751570042 nan 79
1694751570348 nan 80
1694751570706 nan 81
1694751571093 nan 82
1694751571384 nan 83
1694751571669 nan 84
1694751571977 nan 85
1694751572347 nan 86
1694751572666 nan 87
1694751573000 nan 88
1694751573355 nan 89
1694751573660 nan 90
1694751574041 nan 91
1694751574398 nan 92
1694751574697 nan 93
1694751575148 nan 94
1694751575587 nan 95
1694751575963 nan 96
1694751576357 nan 97
1694751576740 nan 98
1694751577245 nan 99
1694751577650 nan 100
1694751577965 nan 101
1694751578261 nan 102
1694751578547 nan 103
1694751578835 nan 104
1694751579128 nan 105
1694751579419 nan 106
1694751579748 nan 107
1694751582274 nan 108
1694751582526 nan 109
1694751582789 nan 110
1694751583029 nan 111
1694751583271 nan 112
1694751583565 nan 113
1694751583878 nan 114
1694751584403 nan 115
1694751584768 nan 116
1694751585109 nan 117
1694751585523 nan 118
1694751585948 nan 119
1694751586483 nan 120
1694751586772 nan 121
1694751587087 nan 122
1694751587434 nan 123
1694751587874 nan 124
1694751588206 nan 125
1694751588627 nan 126
1694751588932 nan 127
1694751589284 nan 128
1694751589646 nan 129
1694751589934 nan 130
1694751590245 nan 131
1694751590634 nan 132
1694751590987 nan 133
1694751591353 nan 134
1694751591652 nan 135
1694751591908 nan 136
1694751592280 nan 137
1694751592552 nan 138
1694751592929 nan 139
1694751593388 nan 140
1694751593696 nan 141
1694751593979 nan 142
1694751594421 nan 143
1694751594701 nan 144
1694751594964 nan 145
1694751595328 nan 146
1694751595771 nan 147
1694751595985 nan 148
1694751596212 nan 149
1694751596482 nan 150
1694751596747 nan 151
1694751596952 nan 152
1694751597173 nan 153
1694751597509 nan 154
1694751597795 nan 155
1694751598116 nan 156
1694751598433 nan 157
1694751598739 nan 158
1694751599046 nan 159
1694751599411 nan 160
1694751599646 nan 161
1694751599908 nan 162
1694751600225 nan 163
1694751600540 nan 164
1694751600788 nan 165
1694751601024 nan 166
1694751601249 nan 167
1694751601571 nan 168
1694751601875 nan 169
1694751602239 nan 170
1694751602593 nan 171
1694751602910 nan 172
1694751603206 nan 173
1694751603501 nan 174
1694751603791 nan 175
1694751604080 nan 176
1694751604449 nan 177
1694751604797 nan 178
1694751605124 nan 179
1694751605488 nan 180
1694751605906 nan 181
1694751606205 nan 182
1694751606499 nan 183
1694751606857 nan 184
1694751607208 nan 185
1694751607541 nan 186
1694751607870 nan 187
1694751608144 nan 188
1694751608440 nan 189
1694751608767 nan 190
1694751609108 nan 191
1694751609378 nan 192
1694751609600 nan 193
1694751609839 nan 194
1694751610135 nan 195
1694751610451 nan 196
1694751610708 nan 197
1694751611028 nan 198
1694751611359 nan 199
1694751611687 nan 200
1694751611982 nan 201
1694751612259 nan 202
1694751612562 nan 203
1694751612858 nan 204
1694751613133 nan 205
1694751613409 nan 206
1694751613736 nan 207
1694751614011 nan 208
1694751614253 nan 209
1694751614523 nan 210
1694751614782 nan 211
1694751615081 nan 212
1694751615307 nan 213
1694751615735 nan 214
1694751616032 nan 215
1694751616352 nan 216
1694751616682 nan 217
1694751616973 nan 218
1694751617360 nan 219
1694751617723 nan 220
1694751618119 nan 221
1694751618384 nan 222
1694751618703 nan 223
1694751619067 nan 224
1694751619472 nan 225
1694751619851 nan 226
1694751620326 nan 227
1694751620936 nan 228
1694751621292 nan 229
1694751621709 nan 230
1694751621998 nan 231
1694751622285 nan 232
1694751622773 nan 233
1694751623138 nan 234
1694751623386 nan 235
1694751623615 nan 236
1694751623893 nan 237
1694751624194 nan 238
1694751624457 nan 239
1694751624805 nan 240
1694751625150 nan 241
1694751625641 nan 242
1694751626105 nan 243
1694751626451 nan 244
1694751627006 nan 245
1694751627459 nan 246
1694751627792 nan 247
1694751628254 nan 248
1694751628573 nan 249
1694751628959 nan 250
1694751629469 nan 251
1694751629768 nan 252
1694751630091 nan 253
1694751630410 nan 254
1694751630640 nan 255
1694751630966 nan 256
1694751631339 nan 257
1694751631750 nan 258
1694751632071 nan 259
1694751632361 nan 260
1694751632619 nan 261
1694751633037 nan 262
1694751633384 nan 263
1694751633684 nan 264
1694751634019 nan 265
1694751634315 nan 266
1694751634549 nan 267
1694751634799 nan 268
1694751635087 nan 269
1694751635401 nan 270
1694751635774 nan 271
1694751636275 nan 272
1694751636568 nan 273
1694751636865 nan 274
1694751637328 nan 275
1694751637662 nan 276
1694751638030 nan 277
1694751638465 nan 278
1694751638801 nan 279
1694751639318 nan 280
1694751639697 nan 281
1694751640071 nan 282
1694751640555 nan 283
1694751640897 nan 284
1694751641236 nan 285
1694751641674 nan 286
1694751641989 nan 287
1694751642393 nan 288
1694751642788 nan 289
1694751643165 nan 290
1694751643588 nan 291
1694751643885 nan 292
1694751644239 nan 293
1694751644579 nan 294
1694751644924 nan 295
1694751645304 nan 296
1694751645815 nan 297
1694751646100 nan 298
1694751646518 nan 299
1694751646897 nan 300
1694751647136 nan 301
1694751647565 nan 302
1694751647989 nan 303
1694751648421 nan 304
1694751648768 nan 305
1694751649069 nan 306
1694751649538 nan 307
1694751649997 nan 308
1694751650386 nan 309
1694751650753 nan 310
1694751651098 nan 311
1694751651537 nan 312
1694751651886 nan 313
1694751652322 nan 314
1694751652746 nan 315
1694751653111 nan 316
1694751653504 nan 317
1694751653855 nan 318
1694751654150 nan 319
1694751654599 nan 320
1694751654932 nan 321
1694751655204 nan 322
1694751655571 nan 323
1694751655989 nan 324
1694751656319 nan 325
1694751656821 nan 326
1694751657162 nan 327
1694751657651 nan 328
1694751658035 nan 329
1694751658328 nan 330
1694751658694 nan 331
1694751659152 nan 332
1694751659514 nan 333
1694751659965 nan 334
1694751660351 nan 335
1694751660687 nan 336
1694751661100 nan 337
1694751661594 nan 338
1694751661969 nan 339
1694751662258 nan 340
1694751662670 nan 341
1694751663102 nan 342
1694751663408 nan 343
1694751663803 nan 344
1694751664178 nan 345
1694751664596 nan 346
1694751665019 nan 347
1694751665378 nan 348
1694751665916 nan 349
1694751666302 nan 350
1694751666670 nan 351
1694751667103 nan 352
1694751667586 nan 353
1694751668010 nan 354
1694751668479 nan 355
1694751668789 nan 356
1694751669098 nan 357
1694751669358 nan 358
1694751669695 nan 359
1694751670127 nan 360
1694751670458 nan 361
1694751670887 nan 362
1694751671253 nan 363
1694751671651 nan 364
1694751671999 nan 365
1694751672364 nan 366
1694751672794 nan 367
1694751673091 nan 368
1694751673343 nan 369
1694751673636 nan 370
1694751673984 nan 371
1694751674273 nan 372
1694751674576 nan 373
1694751675060 nan 374
1694751675387 nan 375
1694751675844 nan 376
1694751676178 nan 377
1694751676527 nan 378
1694751676973 nan 379
1694751677493 nan 380
1694751677971 nan 381
1694751678362 nan 382
1694751678822 nan 383
1694751679285 nan 384
1694751679654 nan 385
1694751680043 nan 386
1694751680414 nan 387
1694751680833 nan 388
1694751681315 nan 389
1694751681733 nan 390
1694751682229 nan 391
1694751682640 nan 392
1694751682934 nan 393
1694751683280 nan 394
1694751683574 nan 395
1694751683829 nan 396
1694751684210 nan 397
1694751684508 nan 398
1694751684871 nan 399
1694751685261 nan 400
1694751685563 nan 401
1694751685925 nan 402
1694751686314 nan 403
1694751686679 nan 404
1694751687073 nan 405
1694751687463 nan 406
1694751687810 nan 407
1694751688137 nan 408
1694751688462 nan 409
1694751688855 nan 410
1694751689169 nan 411
1694751689512 nan 412
1694751689911 nan 413
1694751690231 nan 414
1694751690602 nan 415
1694751690962 nan 416
1694751691283 nan 417
1694751691624 nan 418
1694751691973 nan 419
1694751692291 nan 420
1694751692544 nan 421
1694751692859 nan 422
1694751693156 nan 423
1694751693416 nan 424
1694751693683 nan 425
1694751693945 nan 426
1694751694232 nan 427
1694751694537 nan 428
1694751694792 nan 429
1694751695111 nan 430
1694751695550 nan 431
1694751695925 nan 432
1694751696408 nan 433
1694751696818 nan 434
1694751697276 nan 435
1694751697677 nan 436
1694751698063 nan 437
1694751698422 nan 438
1694751698719 nan 439
1694751699109 nan 440
1694751699524 nan 441
1694751699799 nan 442
1694751700224 nan 443
1694751700605 nan 444
1694751700907 nan 445
1694751701245 nan 446
1694751701630 nan 447
1694751701940 nan 448
1694751702395 nan 449
1694751702698 nan 450
1694751702948 nan 451
1694751703319 nan 452
1694751703668 nan 453
1694751703926 nan 454
1694751704155 nan 455
1694751704555 nan 456
1694751704852 nan 457
1694751705140 nan 458
1694751705510 nan 459
1694751705937 nan 460
1694751706294 nan 461
1694751706743 nan 462
1694751707074 nan 463
1694751707442 nan 464
1694751707822 nan 465
1694751708074 nan 466
1694751708409 nan 467
1694751708741 nan 468
1694751709088 nan 469
1694751709397 nan 470
1694751709827 nan 471
1694751710132 nan 472
1694751710456 nan 473
1694751710773 nan 474
1694751711154 nan 475
1694751711509 nan 476
1694751711861 nan 477
1694751712111 nan 478
1694751712388 nan 479
1694751712725 nan 480
1694751713014 nan 481
1694751713442 nan 482
1694751713806 nan 483
1694751714107 nan 484
1694751714434 nan 485
1694751714764 nan 486
1694751715047 nan 487
1694751715352 nan 488
1694751715800 nan 489
1694751716071 nan 490
1694751716439 nan 491
1694751716746 nan 492
1694751717070 nan 493
1694751717481 nan 494
1694751717798 nan 495
1694751718235 nan 496
1694751718700 nan 497
1694751719094 nan 498
1694751719430 nan 499
