1694727399918 168.8726089431785 0
1694727400261 131.5582063412076 1
1694727400529 102.61244059946031 2
1694727400853 80.15771169682256 3
1694727401200 62.737768380230676 4
1694727401486 49.223143603954526 5
1694727401815 38.7378146238372 6
1694727402223 30.602323804605717 7
1694727402531 24.289665498194207 8
1694727402863 19.39107363695484 9
1694727403227 15.589487831187627 10
1694727403543 12.638974546634866 11
1694727403867 10.348766767303408 12
1694727404264 8.570885551890086 13
1694727404584 7.190539557266435 14
1694727404885 6.118679044482836 15
1694727405179 5.286220823521125 16
1694727405442 4.639569123395331 17
1694727405738 4.137141544483821 18
1694727406103 3.7466745279746667 19
1694727406494 3.4431334035236296 20
1694727406825 3.2070913393458156 21
1694727407161 3.0234719694988073 22
1694727407523 2.8805740890953557 23
1694727407821 2.769315123651454 24
1694727408208 2.682644283447192 25
1694727408464 2.615087330330077 26
1694727408828 2.562393428398988 27
1694727409188 2.5212611764327435 28
1694727409516 2.4891260591675066 29
1694727409813 2.4639955403746097 30
1694727410167 2.4443211120169828 31
1694727410491 2.4288990113357616 32
1694727410781 2.4167931772439637 33
1694727411117 2.407275459638801 34
1694727411490 2.3997792138416214 35
1694727411813 2.3938632799682127 36
1694727412148 2.389184019953445 37
1694727412526 2.385473606891244 38
1694727412832 2.3825231661865613 39
1694727413175 2.3801696820286606 40
1694727413493 2.378285826265338 41
1694727413878 2.376772055692279 42
1694727414223 2.3755504703299115 43
1694727414536 2.374560038949787 44
1694727414838 2.3737528863082105 45
1694727415109 2.373091404965791 46
1694727415404 2.372546007654035 47
1694727415754 2.3720933773345068 48
1694727416159 2.3717151040511504 49
1694727416565 2.371396622471926 50
1694727416870 2.3711263832573826 51
1694727417178 2.370895206326546 52
1694727417520 2.3706957756803684 53
1694727417841 2.370522244439326 54
1694727418118 2.37036992573572 55
1694727418563 2.3702350505237018 56
1694727418849 2.370114577580795 57
1694727419167 2.3700060442450277 58
1694727419510 2.3699074489722833 59
1694727419847 2.3698171587723964 60
1694727420170 2.3697338361166267 61
1694727420484 2.3696563811017755 62
1694727420801 2.3695838855836535 63
1694727421119 2.3695155967140957 64
1694727421440 2.369450887877217 65
1694727421737 2.3693892354578003 66
1694727422083 2.369330200215264 67
1694727422473 2.3692734123021166 68
1694727422750 2.3692185591728827 69
1694727423099 2.36916537579105 70
1694727423411 2.3691136366678918 71
1694727423711 2.3690631493656706 72
1694727424041 2.369013749175055 73
1694727424375 2.3689652947370643 74
1694727424681 2.368917664427415 75
1694727425052 2.368870753358409 76
1694727425466 2.36882447088293 77
1694727425756 2.3687787385082224 78
1694727426082 2.3687334881454336 79
1694727426450 2.368688660635375 80
1694727426731 2.3686442045024223 81
1694727426994 2.36860007489762 82
1694727427303 2.3685562326993135 83
1694727427690 2.3685126437454675 84
1694727428008 2.368469278176493 85
1694727428382 2.368426109871148 86
1694727428711 2.36838311596112 87
1694727428994 2.368340276412353 88
1694727429369 2.3682975736631713 89
1694727429796 2.368254992310894 90
1694727430290 2.3682125188399614 91
1694727430684 2.368170141385689 92
1694727431007 2.3681278495286993 93
1694727431354 2.3680856341157956 94
1694727431730 2.368043487103708 95
1694727432095 2.368001401422637 96
1694727432517 2.3679593708569775 97
1694727432824 2.3679173899409762 98
1694727433116 2.367875453867375 99
1694727433408 2.367833558407377 100
1694727433716 2.3677916998404895 101
1694727434003 2.3677498748929886 102
1694727434326 2.3677080806839257 103
1694727434684 2.367666314677725 104
1694727434995 2.3676245746425617 105
1694727435315 2.367582858613791 106
1694727435624 2.3675411648618208 107
1694727435940 2.3674994918638634 108
1694727436289 2.3674578382791127 109
1694727436685 2.3674162029269055 110
1694727437028 2.367374584767524 111
1694727437508 2.367332982885303 112
1694727437816 2.3672913964737723 113
1694727438133 2.367249824822582 114
1694727438567 2.367208267305999 115
1694727438997 2.3671667233727836 116
1694727439397 2.3671251925372787 117
1694727439753 2.3670836743715684 118
1694727440062 2.367042168498573 119
1694727440378 2.3670006745859755 120
1694727440749 2.366959192340869 121
1694727441042 2.366917721505051 122
1694727441347 2.366876261850876 123
1694727441690 2.3668348131776025 124
1694727441966 2.366793375308184 125
1694727442299 2.3667519480864367 126
1694727442669 2.366710531374548 127
1694727442969 2.366669125050882 128
1694727443210 2.36662772900805 129
1694727443457 2.36658634315121 130
1694727443805 2.3665449673965635 131
1694727444155 2.3665036016700443 132
1694727444498 2.36646224590615 133
1694727444850 2.3664209000469247 134
1694727445178 2.3663795640410554 135
1694727445506 2.3663382378430806 136
1694727445815 2.3662969214126908 137
1694727446180 2.3662556147141136 138
1694727446562 2.366214317715573 139
1694727446912 2.3661730303888113 140
1694727447183 2.366131752708671 141
1694727447528 2.366090484652723 142
1694727447855 2.3660492262009414 143
1694727448193 2.3660079773354172 144
1694727448603 2.3659667380401057 145
1694727448936 2.3659255083006037 146
1694727449249 2.365884288103954 147
1694727449602 2.365843077438473 148
1694727449945 2.3658018762935975 149
1694727450268 2.3657606846597514 150
1694727450662 2.365719502528232 151
1694727450977 2.365678329891098 152
1694727451290 2.3656371667410863 153
1694727451625 2.3655960130715252 154
1694727451960 2.3655548688762695 155
1694727452244 2.365513734149632 156
1694727452628 2.3654726088863343 157
1694727453015 2.365431493081453 158
1694727453371 2.3653903867303825 159
1694727453683 2.365349289828791 160
1694727454017 2.3653082023725958 161
1694727454298 2.365267124357925 162
1694727454594 2.3652260557811005 163
1694727454933 2.365184996638608 164
1694727455265 2.3651439469270814 165
1694727455683 2.365102906643287 166
1694727456019 2.3650618757841015 167
1694727456352 2.365020854346505 168
1694727456717 2.3649798423275645 169
1694727457016 2.3649388397244273 170
1694727457371 2.3648978465343085 171
1694727457786 2.364856862754485 172
1694727458171 2.3648158883822856 173
1694727458526 2.3647749234150877 174
1694727458921 2.364733967850311 175
1694727459256 2.3646930216854107 176
1694727459643 2.3646520849178754 177
1694727460114 2.3646111575452218 178
1694727460491 2.3645702395649923 179
1694727460837 2.364529330974752 180
1694727461175 2.364488431772085 181
1694727461512 2.3644475419545934 182
1694727461863 2.364406661519895 183
1694727462235 2.3643657904656212 184
1694727462554 2.3643249287894146 185
1694727462917 2.36428407648893 186
1694727463242 2.364243233561831 187
1694727463575 2.3642024000057895 188
1694727463913 2.364161575818486 189
1694727464266 2.3641207609976056 190
1694727464814 2.364079955540842 191
1694727465234 2.364039159445892 192
1694727465567 2.3639983727104585 193
1694727465904 2.3639575953322494 194
1694727466194 2.363916827308973 195
1694727466535 2.363876068638345 196
1694727466971 2.363835319318083 197
1694727467264 2.363794579345906 198
1694727467580 2.363753848719536 199
1694727467982 2.3637131274367 200
1694727468339 2.363672415495123 201
1694727468698 2.3636317128925346 202
1694727469091 2.363591019626665 203
1694727469385 2.363550335695247 204
1694727469661 2.363509661096015 205
1694727470022 2.3634689958267026 206
1694727470267 2.3634283398850475 207
1694727470540 2.3633876932687876 208
1694727470865 2.3633470559756597 209
1694727471212 2.363306428003406 210
1694727471583 2.3632658093497674 211
1694727471908 2.3632252000124843 212
1694727472240 2.3631845999893 213
1694727472555 2.3631440092779585 214
1694727472894 2.363103427876205 215
1694727473214 2.363062855781783 216
1694727473577 2.36302229299244 217
1694727473946 2.3629817395059236 218
1694727474215 2.36294119531998 219
1694727474533 2.3629006604323584 220
1694727474854 2.362860134840807 221
1694727475181 2.362819618543077 222
1694727475470 2.362779111536918 223
1694727475814 2.3627386138200817 224
1694727476205 2.3626981253903194 225
1694727476561 2.3626576462453834 226
1694727476932 2.3626171763830275 227
1694727477253 2.362576715801005 228
1694727477521 2.3625362644970704 229
1694727477853 2.362495822468979 230
1694727478201 2.362455389714486 231
1694727478581 2.362414966231348 232
1694727478918 2.3623745520173216 233
1694727479244 2.362334147070165 234
1694727479530 2.3622937513876354 235
1694727479858 2.362253364967492 236
1694727480210 2.362212987807494 237
1694727480505 2.3621726199054014 238
1694727480860 2.362132261258975 239
1694727481254 2.3620919118659756 240
1694727481607 2.362051571724164 241
1694727481927 2.362011240831304 242
1694727482274 2.3619709191851586 243
1694727482604 2.3619306067834898 244
1694727483000 2.361890303624063 245
1694727483394 2.361850009704642 246
1694727483716 2.3618097250229932 247
1694727484039 2.3617694495768813 248
1694727484350 2.361729183364074 249
1694727484627 2.361688926382337 250
1694727484910 2.361648678629439 251
1694727485241 2.3616084401031476 252
1694727485676 2.3615682108012312 253
1694727486103 2.361527990721461 254
1694727486425 2.3614877798616054 255
1694727486820 2.361447578219436 256
1694727487185 2.3614073857927225 257
1694727487528 2.3613672025792383 258
1694727487968 2.361327028576755 259
1694727488352 2.3612868637830453 260
1694727488681 2.3612467081958832 261
1694727489034 2.3612065618130424 262
1694727489354 2.3611664246322976 263
1694727489657 2.3611262966514253 264
1694727490076 2.3610861778682 265
1694727490500 2.361046068280398 266
1694727490868 2.3610059678857973 267
1694727491334 2.360965876682175 268
1694727491709 2.360925794667309 269
1694727492072 2.360885721838979 270
1694727492408 2.3608456581949633 271
1694727492754 2.3608056037330427 272
1694727493105 2.3607655584509977 273
1694727493459 2.3607255223466077 274
1694727493754 2.3606854954176573 275
1694727494127 2.360645477661927 276
1694727494450 2.3606054690771994 277
1694727494830 2.360565469661259 278
1694727495197 2.3605254794118893 279
1694727495603 2.360485498326875 280
1694727495957 2.3604455264040007 281
1694727496274 2.3604055636410535 282
1694727496658 2.3603656100358186 283
1694727497081 2.3603256655860836 284
1694727497496 2.360285730289635 285
1694727497829 2.360245804144262 286
1694727498173 2.3602058871477536 287
1694727498494 2.3601659792978977 288
1694727498847 2.360126080592485 289
1694727499183 2.3600861910293056 290
1694727499561 2.3600463106061507 291
1694727499962 2.3600064393208116 292
1694727500290 2.359966577171081 293
1694727500555 2.3599267241547506 294
1694727500805 2.3598868802696154 295
1694727501110 2.3598470455134684 296
1694727501411 2.359807219884104 297
1694727501780 2.359767403379317 298
1694727502132 2.3597275959969033 299
1694727502387 2.359687797734659 300
1694727502724 2.359648008590381 301
1694727503087 2.359608228561867 302
1694727503422 2.3595684576469145 303
1694727503689 2.359528695843322 304
1694727504072 2.3594889431488895 305
1694727504419 2.359449199561415 306
1694727504759 2.3594094650787008 307
1694727505154 2.3593697396985456 308
1694727505479 2.359330023418752 309
1694727505814 2.3592903162371224 310
1694727506168 2.3592506181514588 311
1694727506538 2.3592109291595644 312
1694727506886 2.359171249259243 313
1694727507238 2.3591315784482982 314
1694727507571 2.359091916724536 315
1694727507938 2.359052264085761 316
1694727508321 2.3590126205297803 317
1694727508682 2.358972986054399 318
1694727508958 2.358933360657425 319
1694727509238 2.3588937443366667 320
1694727509529 2.358854137089931 321
1694727509868 2.3588145389150275 322
1694727510222 2.3587749498097668 323
1694727510511 2.3587353697719573 324
1694727510884 2.35869579879941 325
1694727511217 2.358656236889937 326
1694727511526 2.3586166840413485 327
1694727511818 2.358577140251459 328
1694727512243 2.358537605518079 329
1694727512542 2.358498079839024 330
1694727512853 2.3584585632121065 331
1694727513181 2.358419055635142 332
1694727513485 2.358379557105946 333
1694727513778 2.3583400676223336 334
1694727514099 2.3583005871821214 335
1694727514451 2.358261115783127 336
1694727514744 2.358221653423166 337
1694727515058 2.3581822001000585 338
1694727515432 2.3581427558116226 339
1694727515818 2.3581033205556765 340
1694727516164 2.358063894330042 341
1694727516563 2.3580244771325365 342
1694727516895 2.3579850689609843 343
1694727517249 2.3579456698132044 344
1694727517573 2.35790627968702 345
1694727517994 2.3578668985802533 346
1694727518364 2.357827526490728 347
1694727518716 2.3577881634162674 348
1694727519086 2.3577488093546957 349
1694727519426 2.357709464303839 350
1694727519728 2.357670128261521 351
1694727520167 2.3576308012255693 352
1694727520488 2.35759148319381 353
1694727520778 2.35755217416407 354
1694727521077 2.3575128741341778 355
1694727521383 2.3574735831019606 356
1694727521668 2.3574343010652488 357
1694727521951 2.35739502802187 358
1694727522298 2.3573557639696565 359
1694727522629 2.3573165089064374 360
1694727522954 2.357277262830044 361
1694727523312 2.3572380257383085 362
1694727523624 2.357198797629063 363
1694727523913 2.35715957850014 364
1694727524257 2.3571203683493738 365
1694727524583 2.3570811671745977 366
1694727524932 2.357041974973647 367
1694727525281 2.357002791744356 368
1694727525594 2.356963617484561 369
1694727525861 2.3569244521920982 370
1694727526236 2.3568852958648043 371
1694727526731 2.3568461485005168 372
1694727527272 2.356807010097074 373
1694727527630 2.356767880652314 374
1694727527880 2.356728760164076 375
1694727528183 2.3566896486302 376
1694727528551 2.3566505460485256 377
1694727528849 2.3566114524168946 378
1694727529187 2.356572367733148 379
1694727529592 2.3565332919951274 380
1694727529893 2.356494225200675 381
1694727530216 2.3564551673476353 382
1694727530552 2.35641611843385 383
1694727530859 2.356377078457166 384
1694727531192 2.356338047415425 385
1694727531544 2.3562990253064746 386
1694727531891 2.3562600121281596 387
1694727532215 2.3562210078783266 388
1694727532593 2.356182012554823 389
1694727532954 2.3561430261554963 390
1694727533288 2.356104048678194 391
1694727533662 2.356065080120765 392
1694727534013 2.35602612048106 393
1694727534353 2.355987169756928 394
1694727534656 2.355948227946218 395
1694727534964 2.3559092950467835 396
1694727535292 2.355870371056474 397
1694727535621 2.355831455973142 398
1694727535932 2.3557925497946406 399
1694727536264 2.355753652518823 400
1694727536636 2.3557147641435434 401
1694727536918 2.3556758846666552 402
1694727537245 2.355637014086014 403
1694727537624 2.3555981523994745 404
1694727537923 2.3555592996048933 405
1694727538261 2.3555204557001264 406
1694727538612 2.3554816206830322 407
1694727538924 2.3554427945514673 408
1694727539232 2.3554039773032907 409
1694727539565 2.3553651689363604 410
1694727539840 2.3553263694485356 411
1694727540187 2.355287578837678 412
1694727540546 2.355248797101647 413
1694727540846 2.355210024238303 414
1694727541231 2.355171260245508 415
1694727541565 2.3551325051211256 416
1694727541840 2.355093758863017 417
1694727542114 2.3550550214690453 418
1694727542406 2.355016292937076 419
1694727542766 2.354977573264972 420
1694727543204 2.354938862450599 421
1694727543570 2.354900160491822 422
1694727543878 2.3548614673865074 423
1694727544234 2.354822783132522 424
1694727544555 2.3547841077277325 425
1694727544866 2.3547454411700075 426
1694727545202 2.354706783457215 427
1694727545548 2.354668134587224 428
1694727545982 2.3546294945579027 429
1694727546346 2.354590863367123 430
1694727546768 2.354552241012754 431
1694727547133 2.3545136274926683 432
1694727547490 2.354475022804736 433
1694727547808 2.3544364269468296 434
1694727548122 2.3543978399168233 435
1694727548504 2.354359261712588 436
1694727548850 2.3543206923320006 437
1694727549223 2.3542821317729326 438
1694727549570 2.354243580033261 439
1694727549883 2.3542050371108605 440
1694727550186 2.3541665030036074 441
1694727550575 2.354127977709379 442
1694727550865 2.3540894612260512 443
1694727551196 2.3540509535515026 444
1694727551572 2.3540124546836116 445
1694727551877 2.353973964620257 446
1694727552177 2.353935483359318 447
1694727552514 2.3538970108986748 448
1694727552900 2.3538585472362077 449
1694727553262 2.353820092369798 450
1694727553602 2.353781646297328 451
1694727553892 2.3537432090166783 452
1694727554222 2.3537047805257334 453
1694727554522 2.353666360822375 454
1694727554879 2.3536279499044883 455
1694727555242 2.3535895477699573 456
1694727555610 2.353551154416667 457
1694727555924 2.3535127698425025 458
1694727556245 2.353474394045351 459
1694727556660 2.3534360270230983 460
1694727557003 2.353397668773631 461
1694727557553 2.3533593192948374 462
1694727557905 2.3533209785846063 463
1694727558304 2.3532826466408263 464
1694727558630 2.3532443234613862 465
1694727558913 2.353206009044176 466
1694727559273 2.3531677033870873 467
1694727559611 2.35312940648801 468
1694727559946 2.353091118344836 469
1694727560262 2.353052838955458 470
1694727560569 2.353014568317768 471
1694727560944 2.352976306429659 472
1694727561317 2.3529380532890256 473
1694727561626 2.3528998088937616 474
1694727561978 2.3528615732417624 475
1694727562376 2.352823346330923 476
1694727562724 2.352785128159139 477
1694727563042 2.3527469187243084 478
1694727563352 2.352708718024327 479
1694727563713 2.352670526057092 480
1694727564037 2.352632342820503 481
1694727564389 2.3525941683124585 482
1694727564777 2.352556002530857 483
1694727565051 2.352517845473599 484
1694727565350 2.352479697138584 485
1694727565718 2.3524415575237145 486
1694727566001 2.3524034266268905 487
1694727566327 2.352365304446015 488
1694727566712 2.352327190978989 489
1694727567026 2.3522890862237182 490
1694727567347 2.3522509901781037 491
1694727567664 2.3522129028400514 492
1694727568007 2.3521748242074656 493
1694727568363 2.3521367542782503 494
1694727568680 2.3520986930503143 495
1694727569041 2.3520606405215614 496
1694727569401 2.352022596689899 497
1694727569742 2.3519845615532358 498
1694727570060 2.3519465351094793 499
