1694745998225 2.532932223350069 0
1694745998456 3.05536533728055 1
1694745998673 3.310644653746825 2
1694745998910 1.7704658372429731 3
1694745999160 3.4719838714171445 4
1694745999401 2.565977228698488 5
1694745999594 1.674093366005934 6
1694745999824 2.9409094906791893 7
1694746000069 2.510920983540304 8
1694746000365 1.585869844435396 9
1694746000579 2.2842955859284784 10
1694746000729 1.8220617033020141 11
1694746000938 2.0762609863007406 12
1694746001239 3.621291951986467 13
1694746001503 1.942398292865628 14
1694746001675 2.871698932651304 15
1694746001924 3.0676273255530986 16
1694746002153 2.337960023041024 17
1694746002381 2.252320950895797 18
1694746002594 1.9116456621709657 19
1694746002879 2.0128526932377984 20
1694746003125 2.6886355761253116 21
1694746003354 2.0046713370048304 22
1694746003572 2.2414494444782402 23
1694746003805 2.188859626023796 24
1694746004025 2.26605145074347 25
1694746004258 2.573762965874432 26
1694746004523 3.654641022821918 27
1694746004706 2.2346805368275744 28
1694746004945 2.216712739317351 29
1694746005185 2.594677095854564 30
1694746005424 3.6174871227708802 31
1694746005649 3.3381413331892222 32
1694746005859 1.9885449418284813 33
1694746006087 2.4112344905738006 34
1694746006318 3.712445706708581 35
1694746006549 2.0137476277904693 36
1694746006738 2.216253839544383 37
1694746007041 3.023090547327121 38
1694746007355 3.2436201726364424 39
1694746007568 1.7278579331997883 40
1694746007770 2.4433571741996913 41
1694746007997 2.600491935144813 42
1694746008230 2.3318259970336306 43
