1694749056471 141.3417793767388 0
1694749056858 24444.577418298304 1
1694749057188 4403467.694422422 2
1694749057583 793427762.7602168 3
1694749057957 142961971192.03497 4
1694749058309 25759276788358.977 5
1694749058662 4641376550370733.0 6
1694749059065 8.362958502030368e+17 7
1694749059358 1.5068606080042294e+20 8
1694749059663 2.7151024262569387e+22 9
1694749059938 4.892145395472196e+24 10
1694749060260 8.814800627405477e+26 11
1694749060564 1.5882747510493434e+29 12
1694749060875 2.8617966434521107e+31 13
1694749061243 5.1564630257220024e+33 14
1694749061600 9.29105532235316e+35 15
1694749061937 1.6740876172759908e+38 16
1694749062251 3.016416599709786e+40 17
1694749062600 5.435061468174475e+42 18
1694749062930 9.793041573129178e+44 19
1694749063251 1.764536865215037e+47 20
1694749063593 3.179390514634592e+49 21
1694749063947 5.7287123005596884e+51 22
1694749064277 1.0322149629472512e+54 23
1694749064638 1.8598729938455814e+56 24
1694749064968 3.351169744099996e+58 25
1694749065282 6.038228788166194e+60 26
1694749065684 1.0879844854898825e+63 27
1694749066139 1.9603600363512835e+65 28
1694749066395 3.532230030277338e+67 29
1694749066662 6.36446813617727e+69 30
1694749066980 1.1467671785021134e+72 31
1694749067312 2.0662762913596423e+74 32
1694749067587 3.7230728192026694e+76 33
1694749067937 6.7083338636987444e+78 34
1694749068294 1.2087258405137712e+81 35
1694749068628 2.1779150936894e+83 36
1694749069000 3.924226649530347e+85 37
1694749069309 7.0707783060529005e+87 38
1694749069626 1.2740320658933366e+90 39
1694749069944 2.2955856267406188e+92 40
1694749070293 4.136248616319603e+94 41
1694749070617 7.452805252269047e+96 42
1694749070944 1.342866720078156e+99 43
1694749071279 2.4196137787773827e+101 44
1694749071578 4.359725913907992e+103 45
1694749071893 7.855472725074788e+105 46
1694749072253 1.4154204404808428e+108 47
1694749072559 2.5503430454745937e+110 48
1694749072947 4.595277462144759e+112 49
1694749073304 8.279895911087511e+114 50
1694749073646 1.4918941644591393e+117 51
1694749073917 2.688135481228408e+119 52
1694749074206 4.843555620487841e+121 53
1694749074542 8.727250249321046e+123 54
1694749074888 1.5724996858114528e+126 55
1694749075303 2.8333727018650463e+128 56
1694749075614 5.105247994711913e+130 57
1694749075933 9.198774686561314e+132 58
1694749076267 1.6574602413392876e+135 59
1694749076612 2.9864569415249345e+137 60
1694749076952 5.381079341230925e+139 61
1694749077312 9.695775108626483e+141 62
1694749077607 1.7470111291010356e+144 63
1694749077859 3.1478121666491817e+146 64
1694749078113 5.671813574309263e+148 65
1694749078398 1.0219627957014662e+151 66
1694749078697 1.841400360069395e+153 67
1694749079014 3.317885250153666e+155 68
1694749079338 5.978255881720577e+157 69
1694749079605 1.077178404095543e+160 70
1694749079964 1.9408893449971826e+162 71
1694749080249 3.497147209042512e+164 72
1694749080610 6.301254954713345e+166 73
1694749080969 1.1353772555422559e+169 74
1694749081277 2.0457536183937942e+171 75
1694749081596 3.6860945088885845e+173 76
1694749081928 6.641705338459342e+175 77
1694749082288 1.196720531623587e+178 78
1694749082623 2.1562836016173635e+180 79
1694749082938 3.88525043879369e+182 80
1694749083267 7.000549909494339e+184 81
1694749083699 1.2613781223981356e+187 82
1694749084059 2.2727854071960647e+189 83
1694749084441 4.095166560636564e+191 84
1694749084722 7.378782487012502e+193 85
1694749085093 1.3295290969112394e+196 86
1694749085480 2.3955816866059936e+198 87
1694749085805 4.316424236622134e+200 88
1694749086153 7.777450585246254e+202 89
1694749086473 1.401362199126271e+205 90
1694749086754 2.5250125238537135e+207 91
1694749087062 4.549636239362845e+209 92
1694749087427 8.19765831455453e+211 93
1694749087761 1.477076370650595e+214 94
1694749088078 2.6614363773380742e+216 95
1694749088492 4.795448448950895e+218 96
1694749088775 8.640569439253735e+220 97
1694749089165 1.5568813017038885e+223 98
1694749089493 2.8052310725999338e+225 99
1694749089775 5.054541641721684e+227 100
1694749090051 9.107410600660384e+229 101
1694749090390 1.6409980118547072e+232 102
1694749090765 2.956794848709075e+234 103
1694749091115 5.327633375662242e+236 104
1694749091476 9.599474714271251e+238 105
1694749091808 1.7296594621336656e+241 106
1694749092140 3.1165474611864084e+243 107
1694749092509 5.615479977686409e+245 108
1694749092826 1.0118124550489834e+248 109
1694749093118 1.8231112002184444e+250 110
1694749093463 3.2849313445158473e+252 111
1694749093808 5.918878638280395e+254 112
1694749094124 1.0664796508815734e+257 113
1694749094441 1.921612040477528e+259 114
1694749094746 3.4624128374656175e+261 115
1694749095103 6.238669619320018e+263 116
1694749095510 1.1241004595949794e+266 117
1694749095793 2.0254347807559785e+268 118
1694749096235 3.6494834746123485e+270 119
1694749096608 6.575738581173914e+272 120
1694749096963 1.1848344618831882e+275 121
1694749097297 2.1348669578884175e+277 122
1694749097616 3.8466613476449335e+279 123
1694749097925 6.931019035537908e+281 124
1694749098289 1.2488498604224708e+284 125
1694749098621 2.2502116440316252e+286 126
1694749098907 4.054492540218248e+288 127
1694749099256 7.305494930793445e+290 128
1694749099590 1.3163239457082796e+293 129
1694749099865 2.3717882860221573e+295 130
1694749100191 4.273552640330535e+297 131
1694749100569 7.700203377050271e+299 132
1694749100883 1.3874435870608664e+302 133
1694749101219 2.4999335900836123e+304 134
1694749101572 inf 135
