1694746025481 62.06703980153517 0
1694746025706 20.722437974565526 1
1694746025934 12.78627167545857 2
1694746026143 4.633853332998211 3
1694746026322 2.943907920530123 4
1694746026558 2.9497443006223003 5
1694746026769 2.0700869062890677 6
1694746027014 2.617041571907644 7
1694746027259 2.4719396272466065 8
1694746027466 2.4653257402959348 9
1694746027692 1.2988901058953144 10
1694746027902 2.2657875248568984 11
1694746028117 3.0840781589732438 12
1694746028270 2.616196290239738 13
1694746028505 3.9616759928186145 14
1694746028720 2.644605173258989 15
