1694720995104 0.2418120202777041 0
1694720995449 0.08269124731596322 1
1694720995875 0.10471945592798008 2
1694720996196 7.814391543046856 3
1694720996468 0.07028730094319958 4
1694720996741 0.23107544153890874 5
1694720997076 0.031371863651407816 6
1694720997408 0.18617843571293094 7
1694720997757 0.9459986914091396 8
1694720998148 1.6651236795734548 9
1694720998522 0.31366122254900836 10
1694720999000 4.131857080461915 11
1694720999390 0.3022216850618783 12
1694720999766 0.022380275356550364 13
1694721000112 0.27607394686315845 14
1694721000607 0.7930165211280134 15
1694721000973 2.071106694196722 16
1694721001412 4.007205294179637 17
1694721001732 2.335623075517403 18
1694721002122 2.0461666235219553 19
1694721002420 0.04507618596156572 20
1694721002767 0.017979131947942914 21
1694721003111 0.005824478161142166 22
1694721003395 0.2052980959753714 23
1694721003954 0.3964115498484597 24
1694721004268 0.7202952790384066 25
1694721004607 0.5987735765638523 26
1694721004958 0.13120128698897274 27
1694721005258 0.1996252768078771 28
1694721005533 1.6595851165179143 29
1694721005856 3.415820031218363 30
1694721006155 0.16189003716387376 31
1694721006462 0.218153513042243 32
1694721006774 1.1263797399913027 33
1694721007120 0.10546591729509046 34
1694721007444 0.21635787676471796 35
1694721007777 0.45873930683104014 36
1694721008076 2.0618388845918374 37
1694721008393 0.017499894534806607 38
1694721008666 1.2394063250645106 39
1694721008959 0.25637007289947056 40
1694721009293 2.523184970602178 41
1694721009629 0.01224045245572683 42
1694721009900 0.21508214669254624 43
1694721010199 0.004173520793422882 44
1694721010539 0.2924201840367102 45
1694721010777 7.755047698750485 46
1694721011044 2.0296522906493477 47
1694721011507 1.154885990614737 48
1694721011760 0.8904241314151806 49
1694721012026 0.3847843949512017 50
1694721012348 4.3469854396532055 51
1694721012627 0.005790110363944086 52
1694721012933 0.5297022842277314 53
1694721013274 0.6202919413248381 54
1694721013571 0.9291587382125479 55
1694721013888 0.018582803892696786 56
1694721014177 0.5072955756518633 57
1694721014463 0.4316160593753805 58
1694721014733 1.406344472936241 59
1694721015028 0.5870220301384961 60
1694721015324 3.787218773786613 61
1694721015624 0.7571825838068407 62
1694721015950 25.80547656900155 63
1694721016288 0.035840001897766864 64
1694721016754 2.014640943680039 65
1694721017052 0.4588550276503784 66
1694721017361 1.169644384554506 67
1694721017673 0.13348655744560733 68
1694721017933 0.14552904439550834 69
1694721018243 0.005328016061474366 70
1694721018547 0.46317287807258545 71
1694721018803 12.239411497908751 72
1694721019072 5.391771560603473 73
1694721019364 0.4177737527833833 74
1694721019668 4.617214056685626 75
1694721019952 0.48123210888492174 76
1694721020238 0.8510125507255542 77
1694721020608 0.452506444859732 78
1694721020821 0.0012741635064349938 79
1694721021063 0.0031399664422111367 80
1694721021433 1.805620684894764 81
1694721021724 5.06048160394502 82
1694721022038 2.574885439390096 83
1694721022345 0.40326784233354823 84
1694721022699 1.8987242561203306 85
1694721023040 0.12863943258381833 86
1694721023339 3.7873320863954403 87
1694721023651 0.17323073128920632 88
1694721023922 0.2749880374984785 89
1694721024247 7.126636555110131 90
1694721024573 0.3863600113882901 91
1694721024875 0.34120031171763937 92
1694721025180 0.07124878055783497 93
1694721025493 3.984215190465923 94
1694721025791 0.1320471700074372 95
1694721026019 11.811672555381456 96
1694721026254 2.4673516855018014 97
1694721026505 0.0027596948616890452 98
1694721026722 0.10550585364631289 99
1694721026997 7.389664130391377e-05 100
1694721027351 0.2848427981957852 101
1694721027682 0.565534426837385 102
1694721027946 11.989920153201599 103
1694721028240 0.002101755425088875 104
1694721028580 0.795657460271317 105
1694721028875 1.8300085788483054 106
1694721029106 0.106314710389745 107
1694721029506 1.0967036305479108 108
1694721029832 3.8357750859210236 109
1694721030089 0.581152082973182 110
1694721030381 2.1627708517798063 111
1694721030723 0.016253986272336023 112
1694721031006 0.5169321237995028 113
1694721031294 7.201202824101043 114
1694721031692 0.55247292232455 115
1694721032037 1.7742949764517384 116
1694721032287 0.009185096542757766 117
1694721032752 0.546778591833769 118
1694721033154 0.46742535654751455 119
1694721033458 0.013224848564691269 120
1694721033806 0.3165548806581023 121
1694721034088 2.870269413051459 122
1694721034322 1.4861403648001696 123
1694721034569 0.11225181249700249 124
1694721034848 0.0038482321235450046 125
1694721035103 1.327058867830414 126
1694721035398 1.3682159408019343 127
1694721035675 0.18568991410752606 128
1694721036042 14.036389488907492 129
1694721036372 0.3345414614362728 130
1694721036685 0.19110172752217275 131
1694721036974 0.5879438875981394 132
1694721037234 0.16330014170809007 133
1694721037557 0.4281083633769701 134
1694721037936 1.5931949459114954 135
1694721038217 1.2543913725719873 136
1694721038544 0.4511395545727464 137
1694721038806 0.6271682159398557 138
1694721039182 4.055015175356682 139
1694721039654 0.13473007116994135 140
1694721040018 0.08003349043382088 141
1694721040303 4.843815059545792 142
1694721040669 0.8913320582458523 143
1694721040999 0.08413546785990188 144
1694721041393 0.38597059561058344 145
1694721041730 0.8835579587817939 146
1694721042052 0.8778335019096388 147
1694721042354 1.0658086642553586 148
1694721042654 1.016822592229489 149
1694721043081 0.7295292878786173 150
1694721043316 0.3105388833198293 151
1694721043647 7.172861336888238 152
1694721043948 0.009369005756282403 153
1694721044241 0.20416554108193122 154
1694721044582 2.4358155339378205 155
1694721044858 0.4384554744689122 156
1694721045210 2.0569985382130627 157
1694721045496 1.8703999203590498 158
1694721045824 1.2936330834647614 159
1694721046138 2.838693333699544 160
1694721046389 0.5796682909447788 161
1694721046685 6.120485031058249 162
1694721046995 0.01597366460981005 163
1694721047345 0.29936797270631466 164
1694721047584 0.06762518032070379 165
1694721047850 0.0007793407548580489 166
1694721048145 1.7563883665066158 167
1694721048422 0.00012937803290313007 168
1694721048700 0.7576086572824464 169
1694721049029 2.4707861884679865 170
1694721049335 0.007576364984079756 171
1694721049650 1.1579561129311728 172
1694721049982 0.35256890506849126 173
1694721050335 0.45934464589390656 174
1694721050682 0.05429296292541027 175
1694721051029 0.1537282530513711 176
1694721051452 0.09278296404022471 177
1694721051830 1.6694630327048339 178
1694721052165 0.509736164021435 179
1694721052570 0.5449147338873778 180
1694721052805 3.2692789024036494e-06 181
1694721053228 1.0069534268971632 182
1694721053569 1.620069761243447 183
1694721053874 0.4049951765215334 184
1694721054255 1.959266191637155 185
1694721054613 1.9495801405715314 186
1694721054885 0.35689175726399597 187
1694721055201 1.6365420766698022 188
1694721055526 0.02461672606031023 189
1694721055797 0.005831734239092926 190
1694721056125 0.00013126340738883207 191
1694721056483 0.02999837119196186 192
1694721056712 1.7236147899991348 193
1694721056958 0.00029315096363544504 194
1694721057203 0.4262057126751478 195
1694721057510 2.0360552367523077 196
1694721057769 1.8240100949279967 197
1694721058136 0.840090301252851 198
1694721058651 0.02837978770676769 199
1694721058896 1.154666718811934 200
1694721059184 0.14489291867507922 201
1694721059486 0.42065191976602695 202
1694721059779 0.5168874807212311 203
1694721060011 0.23550618982451837 204
1694721060263 0.09276556122296015 205
1694721060597 8.987570604483917 206
1694721061004 0.6012803048326666 207
1694721061563 1.9698788597822818 208
1694721061999 1.6853235118280445 209
1694721062437 1.4795409329681528 210
1694721063066 0.9246837510881147 211
1694721063547 0.6169525923507986 212
1694721064175 0.09286305698684946 213
1694721064669 6.651767210965396 214
1694721065055 0.3676644229967461 215
1694721065730 0.08464629040426919 216
1694721066120 0.1969629151373146 217
1694721066555 4.053012817657542 218
1694721066894 0.000669966192216596 219
1694721067237 0.5283681079453436 220
1694721067579 0.559072286209102 221
1694721067968 1.0532520941602757 222
1694721068254 0.009173369194431295 223
1694721068572 0.5809779957935719 224
1694721068913 1.2540810643609064 225
1694721069273 0.7974060628928809 226
1694721069626 0.026097169742319924 227
1694721069971 6.964939069224585e-06 228
1694721070344 1.5212356950684405 229
1694721070790 2.114836857691085 230
1694721071085 0.13415792594740353 231
1694721071552 0.18466683459128283 232
1694721071964 0.43269970314801476 233
1694721072478 0.34707828760394793 234
1694721072808 0.5630037920994209 235
1694721073260 0.1460617800136424 236
1694721073646 1.3994662537925282 237
1694721073950 2.373632714104058 238
1694721074288 0.09642852055981097 239
1694721074773 3.639406553011893 240
1694721075082 0.13796980374583026 241
1694721075422 1.4865234556567437 242
1694721075746 0.2634761197992471 243
1694721076029 1.0960887251171025 244
1694721076540 0.0013295203098440617 245
1694721077000 2.058934364993213 246
1694721077361 0.010345266154575617 247
1694721077731 0.8414915301145676 248
1694721078013 0.18079314400074434 249
1694721078269 0.7320604431758961 250
1694721078632 0.25468595300683616 251
1694721078952 0.6311476161786783 252
1694721079277 0.3490714401398574 253
1694721079578 0.0024121064844375385 254
1694721079926 3.5047722150192815 255
1694721080191 0.2953780438721372 256
1694721080491 1.284395456328261 257
1694721080873 0.20337812792031584 258
1694721081298 1.1478964207854738 259
1694721081718 0.403234683073384 260
1694721082069 0.3901005118021115 261
1694721082643 6.464986401461172 262
1694721083310 0.20504258633569472 263
1694721083806 0.32444639398335257 264
1694721084150 0.3932980437088384 265
1694721084545 4.720073643066344 266
1694721084853 1.7929792930586883 267
1694721085149 3.8548628808622074 268
1694721085514 1.246934843389518 269
1694721085865 0.10491887336104974 270
1694721086207 0.004241674275929854 271
1694721086478 0.6340121011270063 272
1694721086782 0.25233866009059946 273
1694721087081 0.14399624315153883 274
1694721087342 1.1976699691498816 275
1694721087628 2.1581589197805067 276
1694721087927 1.022715205012091 277
1694721088351 0.36637334404338057 278
1694721088944 0.47304578352811855 279
1694721089414 0.021472515536760023 280
1694721089745 0.2880161356715169 281
1694721090103 0.05715018872475228 282
1694721090506 0.022794149590120744 283
1694721090955 1.0868661381167177 284
1694721091291 0.2832009263119272 285
1694721091698 0.08012705579332073 286
1694721092106 1.5984640699190504 287
1694721092500 6.047722399422439 288
1694721093099 0.047176677911951924 289
1694721093515 0.16333058733363934 290
1694721093943 0.30283307797396464 291
1694721094332 0.1166530126190456 292
1694721094779 0.49543971734424597 293
1694721095326 2.022338718569693 294
1694721095911 1.7843147332987084 295
1694721096359 1.100031215151707 296
1694721096810 0.11646115143269972 297
1694721097190 1.664330816260543 298
1694721097505 0.6067791379430745 299
1694721097866 0.744513743606227 300
1694721098229 0.626478428928887 301
1694721098623 0.4929573446002075 302
1694721099083 0.01206917518818274 303
1694721099437 0.0022220300307640075 304
1694721099867 0.4558534565823018 305
1694721100290 0.03402641813938961 306
1694721100631 0.838962661950133 307
1694721100961 0.12640376208904258 308
1694721101336 0.12784827484053937 309
1694721101667 1.5008810568639013 310
1694721102074 0.2562593389712384 311
1694721102387 0.3463559910530882 312
1694721102715 0.7367015187383481 313
1694721103048 0.09790333856300779 314
1694721103426 0.05439865019234422 315
1694721103774 0.21265623694856725 316
1694721104089 0.1484273857486117 317
1694721104455 1.3956421200381597 318
1694721104731 1.5552421891016095 319
1694721105072 0.3289019711596734 320
1694721105404 0.19494528258544952 321
1694721105742 3.7231966797363736 322
1694721106074 0.00909050429076655 323
1694721106448 1.9700174078623012 324
1694721106747 1.056767460740741 325
1694721107145 0.07659523914367844 326
1694721107513 0.7903637953688863 327
1694721107940 0.7019459724260726 328
1694721108256 2.15498523204795 329
1694721108650 0.46659935350763665 330
1694721108960 0.15363171616431406 331
1694721109274 0.36721878918597584 332
1694721109633 0.22218040662341318 333
1694721109949 0.07688104285446998 334
1694721110279 2.5713865099724993 335
1694721110656 4.365470758432872 336
1694721111135 0.6471431593922271 337
1694721111592 2.152849944126052 338
1694721111787 0.1751731681307529 339
1694721112273 1.3499473080417421 340
1694721112732 1.2545927126090082 341
1694721113345 5.1170154778744 342
1694721113810 1.8819312775643282 343
1694721114278 1.8059589117918562 344
1694721114728 0.11893456397462944 345
1694721115140 0.2572399243113142 346
1694721115713 0.5126253615793034 347
1694721116128 1.6187738220182266 348
1694721116710 0.0024827796288819926 349
1694721117059 0.4449774161652553 350
1694721117424 1.4770568075656247 351
1694721117909 0.6979422184456173 352
1694721118364 0.7999849983463889 353
1694721118956 0.7952142639513351 354
1694721119257 1.5430630854261198 355
1694721119648 2.7553030410259702 356
1694721120052 1.3749096158403415 357
1694721120559 0.17336130130130556 358
1694721120941 8.514235296054148e-05 359
1694721121420 0.7073170977948543 360
1694721121819 1.2816117456771428 361
1694721122241 0.0009740652133142886 362
1694721122756 0.818939598568473 363
1694721123187 0.12712055004781123 364
1694721123625 0.07939573922103746 365
1694721123959 0.3294561222061007 366
1694721124308 0.41904200661292684 367
1694721124738 0.8475153234385029 368
1694721125124 10.778468016629363 369
1694721125513 0.3539304602484044 370
1694721125963 0.07529870438406218 371
1694721126426 0.663257663292261 372
1694721126875 0.5633617501128602 373
1694721127405 0.5031830079940341 374
1694721127910 4.688394911598148 375
1694721128276 6.634796402169742 376
1694721128592 0.025166805092151828 377
1694721128992 0.23933289316368034 378
1694721129378 2.2668880277579047 379
1694721130338 0.3497545712396505 380
1694721130844 0.32945905149967425 381
1694721131171 0.037109930838223754 382
1694721131737 2.2950311563898413 383
1694721132191 0.044490458946881764 384
1694721132555 1.1416118799644752 385
1694721132975 0.006896583445294066 386
1694721133324 0.1541374400561224 387
1694721133762 0.007790615991175528 388
1694721134212 0.15482799065643 389
1694721134639 15.16394260996513 390
1694721135090 0.0030425007314158832 391
1694721135344 0.172791568669385 392
1694721135633 0.621552830552251 393
1694721135975 0.578999771920844 394
1694721136348 0.5673122921871243 395
1694721136823 0.9601261864023388 396
1694721137162 2.010423291655985 397
1694721137456 0.28140413509967593 398
1694721137774 0.6490799703495221 399
1694721138093 0.05849440053939129 400
1694721138406 0.031867750805167294 401
1694721138764 11.110203632871203 402
1694721139194 0.8239057947806132 403
1694721139564 0.19209289172505162 404
1694721139941 1.7150872773720407 405
1694721140266 1.055973206372974 406
1694721140635 5.057208069079072 407
1694721140927 0.21207784339922187 408
1694721141324 0.6396864534698598 409
1694721141718 0.005239514190095562 410
1694721142030 0.005371264197994796 411
1694721142301 0.04758414527510022 412
1694721142662 0.1723384634772132 413
1694721143017 0.3132027410238348 414
1694721143392 0.09988483278537864 415
1694721143773 2.4456584381963395 416
1694721144093 0.06764156621260382 417
1694721144418 1.0538576400226929 418
1694721144785 0.6620758691986063 419
1694721145131 0.12336827286582203 420
1694721145389 0.1916676732518248 421
1694721145811 2.050773673987777 422
1694721146244 0.5380776184545351 423
1694721146647 3.5762284051602182 424
1694721146938 0.1743247088955476 425
1694721147253 0.00448279283458543 426
1694721147525 0.19700624867115116 427
1694721147880 0.7151902619021098 428
1694721148265 0.24200624449681266 429
1694721148511 0.15978860820806756 430
1694721148845 10.415128924921966 431
1694721149182 0.005664369138977675 432
1694721149434 0.004393119499547603 433
1694721149763 0.1798390267009781 434
1694721150099 2.0070660415575654 435
1694721150504 0.37504076611236964 436
1694721150840 3.0858046918660116 437
1694721151336 0.007833140447296343 438
1694721151706 0.22535202839813898 439
1694721152022 0.8821031655443943 440
1694721152364 0.25511620784402156 441
1694721152749 0.13223190354768274 442
1694721153118 0.19512421641856784 443
1694721153471 0.22541970185169993 444
1694721153938 0.020317318592798207 445
1694721154361 0.5930605358097163 446
1694721154618 0.0005625126829794588 447
1694721154995 0.16202378389946565 448
1694721155405 0.8424871797679968 449
1694721155738 0.1233188505524937 450
1694721156067 0.08501440543588751 451
1694721156385 0.3716809529572427 452
1694721156719 0.03490294201875005 453
1694721157056 1.3782856088084956 454
1694721157417 1.3996217668964042 455
1694721157788 0.008614408586523185 456
1694721158124 1.2643411820568433 457
1694721158424 1.001047529218528 458
1694721158771 0.19498980612664954 459
1694721159213 0.0014988206951894424 460
1694721159617 1.3356867702047404 461
1694721159936 0.008498774143699483 462
1694721160313 0.013760349230829529 463
1694721160580 0.45450487283302576 464
1694721161034 3.857396258201703 465
1694721161540 0.006375919253187597 466
1694721161997 6.898689839391607 467
1694721162518 4.4072316859881395 468
1694721162951 1.6482632661710968 469
1694721163435 1.994456843192225 470
1694721163835 0.08741002245342946 471
1694721164333 3.705183783361848 472
1694721164715 0.0018345383904159877 473
1694721165167 0.1812965595384205 474
1694721165618 1.1757623081188677 475
1694721166004 4.873579346797424 476
1694721166535 0.16912761893887532 477
1694721166872 0.33765013497371843 478
1694721167280 0.18773584737275759 479
1694721167737 1.7371259806753663 480
1694721168158 0.28814905713966105 481
1694721168630 0.058244708685549866 482
1694721168999 1.1385876389145806 483
1694721169384 0.8614547100765348 484
1694721169839 4.111523649682312 485
1694721170198 1.200839190656937 486
1694721170619 0.3140313810558739 487
1694721171008 0.024679699113980328 488
1694721171460 2.7107306724198748 489
1694721171831 0.5850395877304698 490
1694721172254 1.4867735002395361 491
1694721172671 0.544794667614251 492
1694721172963 0.4509952836241515 493
1694721173466 0.10255756843100053 494
1694721173805 1.0617644573928808 495
1694721174120 0.0018954233709271688 496
1694721174532 0.11412765868663806 497
1694721174858 1.3987831382951976 498
1694721175173 0.8094463478131766 499
