1694721930888 168.8726089431785 0
1694721931273 165.028831450422 1
1694721931706 163.11912103119013 2
1694721932235 161.22074267319636 3
1694721932564 159.34484958323793 4
1694721932850 157.49110898148655 5
1694721933193 155.65925966404635 6
1694721933534 153.8490431086345 7
1694721933872 152.06020384832635 8
1694721934161 150.2924894330586 9
1694721934514 148.54565039401672 10
1694721934808 146.81944020842874 11
1694721935150 145.11361526477435 12
1694721935530 143.42793482840548 13
1694721935833 141.76216100757233 14
1694721936256 140.116058719851 15
1694721936612 138.48939565896723 16
1694721936909 136.88194226201233 17
1694721937261 135.29347167704603 18
1694721937608 133.7237597310818 19
1694721937953 132.17258489845054 20
1694721938289 130.63972826953758 21
1694721938697 129.12497351988915 22
1694721939047 127.62810687968351 23
1694721939473 126.14891710356254 24
1694721939942 124.6871954408197 25
1694721940321 123.24273560594021 26
1694721940705 121.81533374948874 27
1694721941042 120.4047884293412 28
1694721941349 119.01090058225623 29
1694721941716 117.6334734957823 30
1694721942144 116.27231278049649 31
1694721942506 114.9272263425716 32
1694721942813 113.59802435666634 33
1694721943239 112.28451923913671 34
1694721943595 110.98652562156288 35
1694721943924 109.70386032458909 36
1694721944257 108.4363423320725 37
1694721944638 107.18379276553718 38
1694721944918 105.94603485892985 39
1694721945254 104.72289393367377 40
1694721945652 103.51419737401713 41
1694721945980 102.31977460267264 42
1694721946341 101.13945705674472 43
1694721946720 99.97307816394112 44
1694721947006 98.82047331906531 45
1694721947351 97.68147986078652 46
1694721947760 96.55593704868414 47
1694721948102 95.44368604056312 48
1694721948452 94.3445698700375 49
1694721948793 93.25843342437832 50
1694721949106 92.18512342262339 51
1694721949467 91.12448839394541 52
1694721949794 90.0763786562757 53
1694721950228 89.0406462951802 54
1694721950579 88.01714514298511 55
1694721950881 87.0057307581488 56
1694721951247 86.00626040487761 57
1694721951538 85.01859303298212 58
1694721951816 84.04258925797146 59
1694721952221 83.07811134138265 60
1694721952655 82.12502317134216 61
1694721953003 81.1831902433572 62
1694721953455 80.25247964133365 63
1694721954049 79.33276001881822 64
1694721954489 78.4239015804623 65
1694721954898 77.52577606370443 66
1694721955187 76.63825672066922 67
1694721955614 75.76121830028005 68
1694721955942 74.89453703058307 69
1694721956405 74.03809060127968 70
1694721956877 73.19175814646556 71
1694721957331 72.35542022757353 72
1694721957774 71.52895881651756 73
1694721958147 70.71225727903614 74
1694721958544 69.90520035823226 75
1694721958906 69.10767415830769 76
1694721959320 68.31956612848947 77
1694721959830 67.54076504714608 78
1694721960188 66.77116100609138 79
1694721960577 66.01064539507362 80
1694721960931 65.25911088644797 81
1694721961329 64.51645142002978 82
1694721961700 63.782562188126796 83
1694721962220 63.05733962074824 84
1694721962614 62.34068137098834 85
1694721962983 61.63248630058277 86
1694721963550 60.932654465635345 87
1694721963940 60.24108710251343 88
1694721964540 59.557686613909986 89
1694721964916 58.88235655507003 90
1694721965250 58.21500162017996 91
1694721965651 57.55552762891735 92
1694721966001 56.90384151315982 93
1694721966364 56.25985130385079 94
1694721966799 55.6234661180203 95
1694721967088 54.99459614595913 96
1694721967433 54.373152638544354 97
1694721967816 53.759047894714634 98
1694721968203 53.15219524909342 99
1694721968630 52.55250905975815 100
1694721969023 51.95990469615419 101
1694721969347 51.37429852715119 102
1694721969681 50.795607909240715 103
1694721970019 50.22375117487306 104
1694721970392 49.65864762093197 105
1694721970736 49.1002174973454 106
1694721971078 48.54838199583069 107
1694721971523 48.00306323877282 108
1694721971883 47.46418426823388 109
1694721972333 46.93166903509235 110
1694721972717 46.40544238831063 111
1694721973047 45.885430064329384 112
1694721973435 45.37155867658707 113
1694721973893 44.863755705163165 114
1694721974184 44.361949486543864 115
1694721974519 43.86606920350855 116
1694721974836 43.376044875135634 117
1694721975108 42.89180734692653 118
1694721975413 42.41328828104618 119
1694721975769 41.94042014667887 120
1694721976107 41.47313621049798 121
1694721976404 41.011370527248125 122
1694721976877 40.555057930438686 123
1694721977164 40.10413402314717 124
1694721977485 39.65853516893117 125
1694721977909 39.21819848284763 126
1694721978285 38.78306182257826 127
1694721978649 38.353063779659585 128
1694721979025 37.928143670816766 129
1694721979308 37.50824152939959 130
1694721979643 37.093298096919696 131
1694721979997 36.68325481468769 132
1694721980308 36.27805381554903 133
1694721980726 35.877637915717536 134
1694721981094 35.481950606705276 135
1694721981371 35.09093604734786 136
1694721981657 34.70453905592376 137
1694721982017 34.32270510236683 138
1694721982413 33.94538030057073 139
1694721982797 33.57251140078421 140
1694721983184 33.204045782096266 141
1694721983560 32.83993144500996 142
1694721983972 32.48011700410401 143
1694721984328 32.124551680781 144
1694721984677 31.77318529610123 145
1694721985028 31.425968263701243 146
1694721985378 31.08285158279586 147
1694721985692 30.743786831262984 148
1694721986004 30.408726158810037 149
1694721986327 30.077622280221025 150
1694721986678 29.750428468683427 151
1694721987031 29.427098549193875 152
1694721987331 29.107586892041667 153
1694721987774 28.791848406369258 154
1694721988143 28.479838533808852 155
1694721988401 28.17151324219406 156
1694721988697 27.86682901934583 157
1694721989096 27.565742866931803 158
1694721989411 27.268212294398182 159
1694721989744 26.9741953129732 160
1694721990181 26.683650429741483 161
1694721990434 26.396536641788323 162
1694721990763 26.112813430413155 163
1694721991120 25.832440755411326 164
1694721991473 25.555379049423426 165
1694721991852 25.28158921235131 166
1694721992294 25.01103260584015 167
1694721992641 24.743671047825536 168
1694721992978 24.479466807145002 169
1694721993325 24.21838259821325 170
1694721993664 23.960381575760202 171
1694721994012 23.705427329631235 172
1694721994420 23.453483879648694 173
1694721994828 23.204515670534295 174
1694721995179 22.958487566891293 175
1694721995517 22.71536484824604 176
1694721995888 22.475113204148016 177
1694721996258 22.237698729327796 178
1694721996657 22.003087918912126 179
1694721997191 21.771247663695583 180
1694721997469 21.54214524546795 181
1694721997817 21.315748332396936 182
1694721998140 21.092024974465307 183
1694721998437 20.87094359896193 184
1694721998837 20.652473006026053 185
1694721999248 20.43658236424423 186
1694721999534 20.223241206299246 187
1694721999852 20.01241942467039 188
1694722000219 19.804087267384528 189
1694722000499 19.598215333817357 190
1694722000796 19.39477457054422 191
1694722001144 19.19373626723995 192
1694722001532 18.9950720526271 193
1694722001900 18.798753890472067 194
1694722002303 18.60475407562843 195
1694722002637 18.413045230127103 196
1694722002967 18.22360029931259 197
1694722003310 18.03639254802488 198
1694722003621 17.85139555682647 199
1694722004027 17.668583218273874 200
1694722004348 17.48792973323324 201
1694722004712 17.30940960723942 202
1694722005066 17.132997646898072 203
1694722005406 16.958668956330236 204
1694722005669 16.786398933658884 205
1694722005990 16.616163267536983 206
1694722006376 16.447937933716545 207
1694722006746 16.281699191658223 208
1694722007109 16.11742358118087 209
1694722007444 15.95508791915077 210
1694722007813 15.794669296209891 211
1694722008177 15.636145073542778 212
1694722008546 15.47949287968168 213
1694722008972 15.324690607349341 214
1694722009332 15.171716410339133 215
1694722009641 15.020548700431979 216
1694722010000 14.87116614434973 217
1694722010358 14.723547660744478 218
1694722010681 14.577672417223479 219
1694722011071 14.433519827409151 220
1694722011412 14.291069548033807 221
1694722011742 14.15030147606875 222
1694722012128 14.011195745887177 223
1694722012474 13.87373272646068 224
1694722012824 13.73789301858879 225
1694722013227 13.603657452161261 226
1694722013552 13.471007083452697 227
1694722013864 13.339923192449088 228
1694722014207 13.210387280205978 229
1694722014477 13.08238106623777 230
1694722014779 12.955886485937901 231
1694722015186 12.830885688029467 232
1694722015581 12.707361032045943 233
1694722015923 12.585295085841707 234
1694722016256 12.464670623131882 235
1694722016611 12.345470621061299 236
1694722016929 12.227678257802125 237
1694722017253 12.11127691017989 238
1694722017607 11.996250151327551 239
1694722018059 11.882581748367201 240
1694722018372 11.770255660119245 241
1694722018706 11.659256034838561 242
1694722019024 11.549567207977443 243
1694722019348 11.4411736999749 244
1694722019639 11.334060214072148 245
1694722020083 11.228211634153798 246
1694722020499 11.12361302261463 247
1694722020843 11.020249618251512 248
1694722021190 10.918106834180202 249
1694722021502 10.817170255776785 250
1694722021821 10.717425638643428 251
1694722022270 10.6188589065981 252
1694722022709 10.521456149688076 253
1694722023023 10.425203622226896 254
1694722023331 10.330087740854514 255
1694722023676 10.236095082620327 256
1694722024117 10.143212383088862 257
1694722024460 10.05142653446783 258
1694722024787 9.960724583758282 259
1694722025108 9.871093730926633 260
1694722025459 9.782521327098216 261
1694722025702 9.694994872772252 262
1694722026027 9.608502016057816 263
1694722026347 9.5230305509307 264
1694722026691 9.438568415510824 265
1694722027048 9.35510369035999 266
1694722027436 9.272624596799778 267
1694722027723 9.191119495249243 268
1694722028067 9.110576883582306 269
1694722028437 9.030985395504493 270
1694722028871 8.95233379894887 271
1694722029423 8.874610994490917 272
1694722030000 8.797806013782116 273
1694722030452 8.721908018002056 274
1694722030793 8.64690629632877 275
1694722031117 8.57279026442719 276
1694722031478 8.499549462955441 277
1694722031808 8.427173556088727 278
1694722032224 8.355652330060714 279
1694722032568 8.284975691722126 280
1694722032888 8.215133667116291 281
1694722033221 8.14611640007162 282
1694722033559 8.077914150810617 283
1694722033921 8.010517294575369 284
1694722034272 7.943916320269241 285
1694722034676 7.878101829114628 286
1694722035039 7.813064533326538 287
1694722035409 7.74879525480187 288
1694722035759 7.685284923824123 289
1694722036110 7.622524577783465 290
1694722036521 7.560505359911863 291
1694722036982 7.499218518033155 292
1694722037294 7.438655403327939 293
1694722037618 7.37880746911296 294
1694722037900 7.319666269634987 295
1694722038261 7.2612234588788995 296
1694722038590 7.203470789389838 297
1694722038880 7.146400111109305 298
1694722039223 7.090003370224968 299
1694722039576 7.034272608034073 300
1694722039903 6.979199959820264 301
1694722040273 6.92477765374367 302
1694722040571 6.870998009744109 303
1694722040876 6.817853438457244 304
1694722041199 6.765336440143513 305
1694722041596 6.713439603629749 306
1694722041906 6.662155605263253 307
1694722042329 6.6114772078782735 308
1694722042680 6.561397259774622 309
1694722043005 6.511908693708411 310
1694722043349 6.46300452589468 311
1694722043703 6.414677855021824 312
1694722044048 6.366921861277613 313
1694722044382 6.319729805386771 314
1694722044730 6.273095027659887 315
1694722045023 6.227010947053544 316
1694722045378 6.181471060241608 317
1694722045688 6.136468940697416 318
1694722046067 6.09199823778683 319
1694722046431 6.048052675872015 320
1694722046734 6.004626053425783 321
1694722047072 5.961712242156403 322
1694722047409 5.919305186142739 323
1694722047698 5.87739890097961 324
1694722048014 5.835987472933239 325
1694722048475 5.795065058106677 326
1694722048775 5.754625881615085 327
1694722049136 5.714664236770738 328
1694722049480 5.675174484277697 329
1694722049818 5.636151051435914 330
1694722050162 5.597588431354841 331
1694722050533 5.559481182176209 332
1694722050934 5.5218239263061 333
1694722051318 5.484611349656004 334
1694722051684 5.447838200892852 335
1694722052013 5.411499290697963 336
1694722052426 5.375589491034661 337
1694722052732 5.3401037344246 338
1694722053068 5.305037013232616 339
1694722053433 5.270384378960011 340
1694722053746 5.236140941546191 341
1694722054100 5.202301868678586 342
1694722054468 5.168862385110643 343
1694722054782 5.135817771987963 344
1694722055098 5.103163366182329 345
1694722055457 5.07089455963362 346
1694722055800 5.039006798699498 347
1694722056176 5.007495583512776 348
1694722056527 4.976356467346388 349
1694722056836 4.945585055985811 350
1694722057118 4.915177007108962 351
1694722057419 4.885128029673371 352
1694722057783 4.8554338833106065 353
1694722058071 4.826090377727863 354
1694722058404 4.797093372116584 355
1694722058748 4.768438774568121 356
1694722059073 4.74012254149623 357
1694722059411 4.712140677066441 358
1694722059734 4.68448923263213 359
1694722060114 4.6571643061772825 360
1694722060504 4.630162041765801 361
1694722060812 4.60347862899735 362
1694722061143 4.577110302469615 363
1694722061480 4.551053341246886 364
1694722061870 4.525304068334964 365
1694722062366 4.499858850162229 366
1694722062855 4.474714096066855 367
1694722063192 4.4498662577901005 368
1694722063566 4.425311828975513 369
1694722063865 4.401047344674133 370
1694722064236 4.377069380855489 371
1694722064718 4.353374553924371 372
1694722065155 4.32995952024334 373
1694722065521 4.306820975660837 374
1694722065848 4.283955655044908 375
1694722066181 4.2613603318223685 376
1694722066513 4.239031817523493 377
1694722066871 4.216966961332043 378
1694722067208 4.195162649640563 379
1694722067571 4.173615805611025 380
1694722067928 4.152323388740571 381
1694722068307 4.131282394432444 382
1694722068681 4.110489853571953 383
1694722069002 4.089942832107457 384
1694722069373 4.0696384306362985 385
1694722069748 4.049573783995625 386
1694722070110 4.02974606085804 387
1694722070462 4.010152463332022 388
1694722070781 3.990790226567095 389
1694722071126 3.9716566183636233 390
1694722071512 3.952748938787219 391
1694722071909 3.934064519787739 392
1694722072229 3.915600724822738 393
1694722072549 3.897354948485382 394
1694722072892 3.879324616136776 395
1694722073189 3.8615071835425963 396
1694722073565 3.8439001365140575 397
1694722073974 3.826500990553091 398
1694722074318 3.8093072905016987 399
1694722074651 3.7923166101955004 400
1694722074985 3.7755265521213155 401
1694722075317 3.7589347470788295 402
1694722075683 3.742538853846231 403
1694722075993 3.726336558849804 404
1694722076389 3.7103255758374294 405
1694722076760 3.6945036455559452 406
1694722077065 3.6788685354322954 407
1694722077418 3.6634180392584583 408
1694722077800 3.648149976880103 409
1694722078067 3.6330621938889136 410
1694722078397 3.61815256131854 411
1694722078797 3.6034189753441574 412
1694722079071 3.5888593569855542 413
1694722079393 3.5744716518137425 414
1694722079739 3.5602538296610127 415
1694722080051 3.5462038843344414 416
1694722080301 3.5323198333327737 417
1694722080582 3.518599717566616 418
1694722080956 3.5050416010819796 419
1694722081284 3.4916435707870552 420
1694722081531 3.4784037361822486 421
1694722081839 3.4653202290933485 422
1694722082231 3.452391203407922 423
1694722082606 3.4396148348147424 424
1694722082945 3.4269893205463693 425
1694722083266 3.414512879124695 426
1694722083602 3.4021837501095695 427
1694722083962 3.3900001938503284 428
1694722084249 3.377960491240295 429
1694722084564 3.3660629434741827 430
1694722084860 3.354305871808338 431
1694722085126 3.3426876173238256 432
1694722085525 3.3312065406923184 433
1694722085949 3.3198610219447486 434
1694722086252 3.308649460242683 435
1694722086645 3.297570273652412 436
1694722087165 3.2866218989216858 437
1694722087627 3.275802791259122 438
1694722088162 3.2651114241161667 439
1694722088548 3.2545462889716905 440
1694722088917 3.2441058951190853 441
1694722089254 3.2337887694558756 442
1694722089659 3.2235934562758426 443
1694722090019 3.2135185170635836 444
1694722090390 3.203562530291502 445
1694722090760 3.1937240912191918 446
1694722091117 3.1840018116951914 447
1694722091453 3.174394319961079 448
1694722091806 3.1649002604578933 449
1694722092152 3.1555182936348203 450
1694722092559 3.146247095760147 451
1694722092880 3.137085358734456 452
1694722093178 3.1280317899060273 453
1694722093502 3.1190851118883924 454
1694722093889 3.110244062380078 455
1694722094184 3.1015073939864535 456
1694722094632 3.092873874043701 457
1694722095164 3.084342284444853 458
1694722095532 3.0759114214678895 459
1694722095955 3.067580095605846 460
1694722096382 3.0593471313989626 461
1694722096871 3.0512113672687944 462
1694722097231 3.0431716553542763 463
1694722097530 3.035226861349737 464
1694722097834 3.027375864344817 465
1694722098161 3.0196175566662746 466
1694722098449 3.0119508437216767 467
1694722098729 3.0043746438449173 468
1694722099015 2.9968878881435663 469
1694722099346 2.989489520348026 470
1694722099722 2.982178496662456 471
1694722100016 2.9749537856174784 472
1694722100329 2.9678143679246105 473
1694722100720 2.9607592363324087 474
1694722101071 2.9537873954843263 475
1694722101377 2.946897861778241 476
1694722101725 2.9400896632276443 477
1694722102120 2.9333618393244776 478
1694722102458 2.926713440903561 479
1694722102842 2.920143530008661 480
1694722103190 2.913651179760116 481
1694722103552 2.907235474224026 482
1694722103913 2.9008955082829893 483
1694722104304 2.894630387508382 484
1694722104629 2.8884392280341165 485
1694722104957 2.8823211564319093 486
1694722105314 2.8762753095880162 487
1694722105675 2.8703008345814407 488
1694722105986 2.8643968885635447 489
1694722106304 2.8585626386391056 490
1694722106701 2.8527972617487873 491
1694722107049 2.8470999445529714 492
1694722107328 2.8414698833169814 493
1694722107704 2.8359062837976516 494
1694722108053 2.8304083611312456 495
1694722108426 2.8249753397226853 496
1694722108742 2.8196064531360956 497
1694722109109 2.8143009439866455 498
1694722109445 2.8090580638336564 499
