1694744488097 166.48646243422374 0
1694744488449 8.334417793486848 1
1694744488838 68.0815190511765 2
1694744489144 11.380367980198423 3
1694744489481 31.641828401341765 4
1694744489783 10.315213619119902 5
1694744490121 16.576765699179834 6
1694744490472 8.107889126619556 7
1694744490835 9.716206223710929 8
1694744491164 6.135203447875267 9
1694744491571 6.340000137136378 10
1694744492001 4.716679017595204 11
1694744492344 4.57992193787668 12
1694744492690 3.7900291279344582 13
1694744493040 3.624545324980755 14
1694744493350 3.2142063913137053 15
1694744493715 3.0916723382230327 16
1694744494035 2.8663395163681726 17
1694744494391 2.789077806954646 18
1694744494716 2.6596868851978033 19
1694744494980 2.6151984993524815 20
1694744495336 2.5382122331624615 21
1694744495686 2.5144706949985447 22
1694744496084 2.4673135154791086 23
1694744496500 2.4557721167528315 24
1694744496870 2.4261534832890113 25
1694744497219 2.421398471045319 26
1694744497554 2.402367108725976 27
1694744497852 2.4011761474782922 28
1694744498164 2.388682707977067 29
1694744498490 2.3892197393823436 30
1694744498832 2.380848855227731 31
1694744499180 2.382108754285349 32
1694744499495 2.3763901885690926 33
1694744499850 2.3778483182517984 34
1694744500226 2.3738702103604283 35
1694744500632 2.375271539113423 36
1694744500961 2.3724578617155117 37
1694744501262 2.3736938770645635 38
1694744501604 2.371673937889931 39
1694744501993 2.372712496060415 40
1694744502327 2.371243207958482 41
1694744502686 2.372089465945862 42
1694744503092 2.371008385058186 43
1694744503382 2.3716836294928285 44
1694744503712 2.3708801804473945 45
1694744503996 2.371410781611143 46
1694744504323 2.370808364649151 47
1694744504663 2.371220350171495 48
1694744505010 2.370765037579238 49
1694744505386 2.3710817099219734 50
1694744505718 2.3707349830346804 51
1694744506005 2.3709761286730147 52
1694744506348 2.3707101269069977 53
1694744506698 2.370892012238264 54
1694744507018 2.3706863677252015 55
1694744507308 2.370822085382219 56
1694744507700 2.370661775129167 57
1694744507997 2.3707617118686133 58
1694744508243 2.370635574502213 59
1694744508513 2.3707078868613647 60
1694744508848 2.370607581424029 61
1694744509163 2.3706586277744472 62
1694744509489 2.370577891968729 63
1694744509944 2.370612602443915 64
1694744510299 2.370546717334647 65
1694744510630 2.3705688995453986 66
1694744510982 2.3705142989717594 67
