1694747220382 40.969604818397904 0
1694747220744 3.9730529560968426 1
1694747221047 13.766618160576295 2
1694747221298 37.392644916196936 3
1694747221563 5.681018618732898 4
1694747221791 14.868206363088591 5
1694747222076 8.859586483682067 6
1694747222338 10.32615768435658 7
1694747222612 1.6857535686436296 8
1694747222976 0.058215292996972874 9
1694747223231 21.421640429053916 10
1694747223503 8.945653308427248 11
1694747223795 8.473656866053261 12
1694747224110 24.80880923260417 13
1694747224297 10.875997194114776 14
1694747224586 3.9626747735271843 15
1694747224883 1.319250060896632 16
1694747225233 7.776667015460709 17
1694747225530 60.35536645759096 18
1694747225809 1.4270327194653485 19
1694747226121 8.02535781827522 20
1694747226340 21.938031653149874 21
1694747226618 175.6630778709438 22
1694747226913 1.902666091503186 23
1694747227257 3.7053694706211915 24
1694747227552 0.035400563129308935 25
1694747227765 1.7436696171952917 26
1694747228000 7.048863067481709 27
1694747228243 31.972360665109854 28
1694747228457 38.90839662328182 29
1694747228694 31.41309120482839 30
1694747228986 1.4547683307552048 31
1694747229289 3.405503796774537 32
1694747229703 3.6118451090075685 33
1694747229954 21.79716079275575 34
1694747230205 1.0038138416698494 35
1694747230423 146.009781042027 36
1694747230768 0.04001659927197625 37
1694747231064 15.984091292114481 38
1694747231352 6.46841065830299 39
1694747231620 3.8462549502448344 40
1694747231972 8.699179630427802 41
1694747232317 11.033281552989541 42
1694747232545 0.7292235504166208 43
1694747232853 8.076270412095061 44
1694747233162 14.219669274071462 45
1694747233455 33.144149402314646 46
1694747233826 12.668247776820193 47
1694747234201 0.9441083351171763 48
1694747234424 3.888584545894451 49
1694747234648 5.686451887673807 50
1694747234924 0.35178386249518406 51
1694747235236 3.0314427838426665 52
1694747235470 19.969717725354347 53
1694747235697 0.3295334045484636 54
1694747235944 3.1753122881143656 55
1694747236287 0.21785897933825255 56
1694747236504 0.3573629575443118 57
1694747236715 4.84313380018244 58
1694747236944 2.117364014563751 59
1694747237259 44.5091450142477 60
1694747237486 8.476906033496881 61
1694747237719 1.1908842786121465 62
1694747237990 1.9273500271269697 63
1694747238295 19.391670403888753 64
1694747238555 4.692518673254948 65
1694747238769 0.02956627849617833 66
1694747239047 15.882952987510645 67
1694747239365 7.74546246517753 68
1694747239613 2.3439088901586227 69
1694747240058 9.129028574344845 70
1694747240384 60.41181260270695 71
1694747240694 0.0030866029127435478 72
1694747240994 3.6206126330533333 73
1694747241297 2.8303817077993316 74
1694747241609 2.1294210158504256 75
1694747241850 18.48892843315262 76
1694747242197 1.4891714412088535 77
1694747242515 21.010243827104755 78
1694747242799 1.498009224145834 79
1694747243157 1.9481127004052194 80
1694747243458 4.693289830114876 81
1694747243799 17.570736938241936 82
1694747244093 1.091778538989237 83
1694747244386 9.869581008862509 84
1694747244691 0.45073570499623244 85
1694747244981 15.500412912071193 86
1694747245309 17.462878198089307 87
1694747245571 45.84253769975929 88
1694747245828 4.327103082469321 89
1694747246093 1.783944364548866 90
1694747246368 8.862232433613181 91
1694747246635 0.16938562541434765 92
1694747246961 12.628604201375795 93
1694747247247 8.161004615836708 94
1694747247561 0.15734532222606723 95
1694747247818 2.679324745102328 96
1694747248084 30.98536596729954 97
1694747248378 0.44775179207806276 98
1694747248637 19.003320587599784 99
1694747248878 0.554722941859104 100
1694747249114 3.395034826571392 101
1694747249381 23.09843144734973 102
1694747249642 1.6942107759788934 103
1694747249840 10.15379730449276 104
1694747250151 12.677930499687442 105
1694747250422 17.77736227803802 106
1694747250694 0.009280302334785303 107
1694747250998 10.53285620607006 108
1694747251271 14.639204629156627 109
1694747251549 0.05948825126112672 110
1694747251883 6.772031502606431 111
1694747252264 4.872381481330937 112
1694747252568 1.0513444849633182 113
1694747252834 2.4953966614077063 114
1694747253104 18.937789526062048 115
1694747253455 2.9514503037841164 116
1694747253706 0.22358429558010226 117
1694747254091 21.96611567315933 118
1694747254420 0.7542270597788621 119
1694747254706 1.9052015024845046 120
1694747254933 1.226716761813756 121
1694747255189 17.227969349832488 122
1694747255510 0.4395512440812713 123
1694747255801 11.69920434763294 124
1694747256034 1.98538011263778 125
1694747256417 27.16382325998108 126
1694747256736 2.079928774479307 127
1694747257043 2.4725551747834276 128
1694747257336 3.218332792275152 129
1694747257639 9.716738035950579 130
1694747257864 29.043307851288603 131
1694747258071 31.24148328523974 132
1694747258285 0.325517362149928 133
1694747258578 6.574232362874037 134
1694747258802 6.291701222945623 135
1694747259045 1.6039781185525621 136
1694747259343 1.0815675196786017 137
1694747259660 4.780812590806802 138
1694747259872 4.78735066433079 139
1694747260197 1.0682962925669588 140
1694747260460 0.15146019018359339 141
1694747260750 0.1504113907791705 142
1694747260965 7.096449190837754 143
1694747261198 1.1100432081275833 144
1694747261508 0.44729700709431064 145
1694747261811 8.399276134328733 146
1694747262129 9.279221334451645 147
1694747262452 0.8703155776410911 148
1694747262764 4.990654505957369 149
1694747263141 1.4184068125517548 150
1694747263476 2.825989021129792 151
1694747263862 6.577744396015797 152
1694747264137 3.9122889278198256 153
1694747264515 0.4376724286770509 154
1694747264827 1.0869253285904479 155
1694747265208 24.739301835340576 156
1694747265517 13.601347489884393 157
1694747265828 5.131405867312606 158
1694747266224 27.86786199074951 159
1694747266567 21.3241805622696 160
1694747266872 24.265373742849178 161
1694747267113 0.8986523604568092 162
1694747267483 3.2151430726986954 163
1694747267780 3.813126535853774 164
1694747268033 0.3567701634814329 165
1694747268256 7.5662018407330045 166
1694747268499 3.5075800733121207 167
1694747268760 26.62095077767862 168
1694747269036 20.642328536254364 169
1694747269312 11.614677367989243 170
1694747269606 0.46945173048684896 171
1694747269927 2.9184667805025812 172
1694747270160 1.9513984317637147 173
1694747270415 12.990514147603234 174
1694747270728 1.0375192838919727 175
1694747271023 1.8758844358974849 176
1694747271217 1.6495478081707455 177
1694747271418 5.379881457419823 178
1694747271670 27.20690071279729 179
1694747272060 1.0046241508916667 180
1694747272329 27.99886393379824 181
1694747272652 2.7657420074492385 182
1694747272979 4.552310587909692 183
1694747273267 1.6388828696088815 184
1694747273548 0.7007005317234577 185
1694747273925 29.949533654946823 186
1694747274223 6.202308373683117 187
1694747274510 1.6465130821900553 188
1694747274811 49.7595390381269 189
1694747275111 3.3560837165878117 190
1694747275359 20.451510847993596 191
1694747275738 0.019090529179958533 192
1694747276049 1.4974577986899646 193
1694747276359 53.67192619663472 194
1694747276591 2.604269767111961 195
1694747276856 0.35060836821303804 196
1694747277153 21.711291376707614 197
1694747277420 12.615197058739168 198
1694747277725 1.1722818983828451 199
1694747278027 0.20604092206853916 200
1694747278282 2.5570497237580243 201
1694747278612 14.678075419099379 202
1694747278918 36.26234331043958 203
1694747279201 0.8575171456083128 204
1694747279423 18.28547891571208 205
1694747279694 6.172182730609193 206
1694747280002 14.960453399078341 207
1694747280285 9.037081240524605 208
1694747280612 4.67312391319837 209
1694747280956 7.695547659309268 210
1694747281217 7.535155841116244 211
1694747281460 14.960517407693892 212
1694747281746 5.4732255953123925 213
1694747282091 4.880251739603492 214
1694747282371 2.850219537428505 215
1694747282646 30.559817937284784 216
1694747283090 254.54838149157183 217
1694747283321 53.168936593644055 218
1694747283589 0.5486142689299167 219
1694747283929 12.525200774291832 220
1694747284218 0.14616592254790212 221
1694747284503 0.6405595614837405 222
1694747284726 11.670541848035473 223
1694747284947 0.8680258550336795 224
1694747285239 32.44273878193033 225
1694747285460 2.3033154038337393 226
1694747285718 0.19687738602608176 227
1694747286021 30.128843425178765 228
1694747286331 3.5618825988584932 229
1694747286570 0.9823751782778295 230
1694747286857 21.613512316060007 231
1694747287170 12.680210181866773 232
1694747287416 18.219624145144362 233
1694747287714 18.36144519226926 234
1694747288018 4.1579808828765765 235
1694747288301 4.225205751478456 236
1694747288532 25.325413284422858 237
1694747288853 17.634749271414005 238
1694747289155 19.278561562778492 239
1694747289449 1.407157819718589 240
1694747289799 0.008168522549228912 241
1694747290145 62.307897199341625 242
1694747290413 0.26467939465586376 243
1694747290696 17.19653656307898 244
1694747290976 3.1106199959021814 245
1694747291204 4.71706140278316 246
1694747291454 1.5276801750103124 247
1694747291739 5.935124250629922 248
1694747292174 7.453361456138162 249
1694747292398 55.92279659057513 250
1694747292665 16.298535512660735 251
1694747292929 13.502591142127446 252
1694747293223 7.983565931694941 253
1694747293454 47.61260676858535 254
1694747293776 37.9648445990242 255
1694747294178 6.6343994998556575 256
1694747294403 9.594709238536444 257
1694747294631 4.513437477176647 258
1694747294932 0.8503663720955784 259
1694747295256 2.6012929694986093 260
1694747295500 17.6800618267782 261
1694747295748 1.2169791366951601 262
1694747296008 1.9955057142251187 263
1694747296369 0.932629921022687 264
1694747296650 3.2496470869881744 265
1694747296960 9.012961893518604 266
1694747297278 3.4929672484534877 267
1694747297561 24.142721743081708 268
1694747297833 23.34050220500824 269
1694747298128 2.1435147113987894 270
1694747298427 1.85307765163755 271
1694747298687 40.26129126510701 272
1694747298986 4.414003419570238 273
1694747299325 6.9847028239451 274
1694747299586 8.009540763013696 275
1694747299872 1.5815674362974725 276
1694747300163 8.729266787797512 277
1694747300427 6.564530988548627 278
1694747300772 46.32894425985187 279
1694747301042 4.8875754414060655 280
1694747301324 23.549461031962974 281
1694747301555 7.33296243201641 282
1694747301804 3.851470213208405 283
1694747302077 0.019057215606714827 284
1694747302366 0.4424580250797006 285
1694747302641 4.410319811788795 286
1694747302895 40.57534253319714 287
1694747303198 10.856628419899096 288
1694747303493 0.1537440299980633 289
1694747303848 1.171743269805815 290
1694747304159 0.6353692514840691 291
1694747304452 0.3385561029289115 292
1694747304706 0.6612703245993282 293
1694747304971 0.5604151791727643 294
1694747305305 16.999324291656162 295
1694747305525 0.4809567517753113 296
1694747305766 14.146598655455417 297
1694747306040 11.380530883386179 298
1694747306334 48.04945760872817 299
1694747306592 3.4006335248206434 300
1694747306907 0.4459443307670751 301
1694747307188 3.594849045483696 302
1694747307537 56.839304017686466 303
1694747307815 36.185820289729804 304
1694747308129 7.049502955944606 305
1694747308423 3.718930563457961 306
1694747308696 2.159521557933381 307
1694747309024 0.024289243217783803 308
1694747309323 9.64915498458217 309
1694747309613 18.22951341386519 310
1694747309824 10.279512020165091 311
1694747310067 3.4903158921302317 312
1694747310343 7.331036155488182 313
1694747310630 9.643037803860846 314
1694747310828 0.1548532948324782 315
1694747311068 3.0413516486333196 316
1694747311366 7.653860345139181 317
1694747311690 5.247032843977702 318
1694747311979 0.8906843355884162 319
1694747312339 3.694477455881226 320
1694747312716 0.5175836597000308 321
1694747312953 0.32683449071832255 322
1694747313197 10.619381439708299 323
1694747313533 1.6917555421355446 324
1694747313867 3.59616216946939 325
1694747314224 9.97714588671916 326
1694747314553 7.953941293201007 327
1694747314855 10.424141180033445 328
1694747315150 6.77201318671244 329
1694747315467 0.27033139717123716 330
1694747315796 31.45896851677158 331
1694747316069 1.1782262947390323 332
1694747316423 2.4569640645823934 333
1694747316740 9.220181351473848 334
1694747316990 0.047669448360282723 335
1694747317288 31.683887801251842 336
1694747317573 27.15207115344964 337
1694747317832 1.5017310406937163 338
1694747318039 0.1159940022444675 339
1694747318272 1.9294107707479657 340
1694747318533 1.1675544718470647 341
1694747318849 9.29076210374443 342
1694747319071 19.083181625449956 343
1694747319324 14.539573516301626 344
1694747319608 9.711663311501159 345
1694747319940 6.200083608171895 346
1694747320169 0.2467005317345737 347
1694747320419 0.49471942414865483 348
1694747320799 10.624518096493782 349
1694747321099 4.484710951637617 350
1694747321408 5.2867061724196835 351
1694747321703 1.7636032061010591 352
1694747321994 1.383675091913303 353
1694747322370 0.07469894748438925 354
1694747322696 4.004137608529603 355
1694747323008 2.2069392362197298 356
1694747323311 0.02693722006875389 357
1694747323622 16.88647852131166 358
1694747323970 0.03217287181514019 359
1694747324185 29.82796923814544 360
1694747324416 0.8680116109094845 361
1694747324729 0.8951437621964756 362
1694747325036 0.44346444715897965 363
1694747325323 30.0451998726796 364
1694747325570 17.353795566362574 365
1694747325869 4.0305976108623085 366
1694747326170 2.4633056966592597 367
1694747326476 3.832764944445536 368
1694747326785 0.00036797166457620443 369
1694747327039 16.189013694667487 370
1694747327298 5.392423563255208 371
1694747327666 8.465192617022293 372
1694747327975 17.63545149282964 373
1694747328219 0.04917165800447611 374
1694747328529 46.915951258097415 375
1694747328861 8.502614677227879 376
1694747329138 3.3172583175363584 377
1694747329426 12.442963805707794 378
1694747329785 23.31722521817899 379
1694747330079 20.457942988814427 380
1694747330399 9.763090805592027 381
1694747330757 0.8533633475736387 382
1694747331074 27.332546420160615 383
1694747331305 0.8063853560352116 384
1694747331567 3.7603008103920135 385
1694747331942 1.8781190564982793 386
1694747332258 3.9573475089657264 387
1694747332485 0.1611994924320025 388
1694747332806 3.5053419528402676 389
1694747333118 13.032798658882514 390
1694747333380 25.85616461322606 391
1694747333671 0.7819910295208484 392
1694747334081 9.360119485508037 393
1694747334385 1.4867213124518068 394
1694747334685 44.43654830253696 395
1694747335000 2.264624723937516 396
1694747335318 9.95959011378255 397
1694747335668 0.1370056813415707 398
1694747335936 0.059079183211541396 399
1694747336213 4.584091322051832 400
1694747336545 28.208901413037434 401
1694747336795 17.30155138920064 402
1694747337035 7.003177977205644 403
1694747337288 0.2617132193408496 404
1694747337526 6.92820053167049 405
1694747337751 0.005715506056774404 406
1694747337960 9.012867008334924 407
1694747338194 18.83520664138183 408
1694747338451 8.815995061870131 409
1694747338741 0.21880173724248003 410
1694747339031 5.63862103622443 411
1694747339295 0.2655409557444725 412
1694747339606 3.0490116194251433 413
1694747339910 7.854978630583371 414
1694747340276 15.775428015986908 415
1694747340589 2.1731159241438114 416
1694747341024 8.071337151151907 417
1694747341302 13.1229397475641 418
1694747341560 16.787579281169155 419
1694747341848 8.159550214319413 420
1694747342218 25.17845103303661 421
1694747342443 17.4149302070944 422
1694747342735 30.760934518600102 423
1694747343087 0.8573548872831975 424
1694747343365 0.3671768175758449 425
1694747343657 17.68318837674969 426
1694747343985 114.92927001413868 427
1694747344257 4.319812139073896 428
1694747344464 16.453786628988805 429
1694747344778 8.748307657102638 430
1694747345112 26.176307358328707 431
1694747345383 0.3473374447194125 432
1694747345595 14.628267116518026 433
1694747345892 4.090011709374393 434
1694747346131 1.8224331035994745 435
1694747346388 2.2749592596763617 436
1694747346667 6.623106410718337 437
1694747346978 4.657733792678278 438
1694747347271 15.267621647666655 439
1694747347569 20.812662135245958 440
1694747347878 28.61835630722702 441
1694747348162 2.1224900110058083 442
1694747348397 5.448876680558903 443
1694747348654 1.8628315573994492 444
1694747348991 0.17445400748741885 445
1694747349293 0.06606916560520959 446
1694747349536 4.100776985656627 447
1694747349841 0.016792791620285463 448
1694747350150 61.742141273321735 449
1694747350412 0.260058838931681 450
1694747350631 0.22740793021385047 451
1694747350903 2.4031900628547627 452
1694747351229 11.69066831294351 453
1694747351508 1.3920463777266074 454
1694747351872 0.3655193487633429 455
1694747352259 2.567837612834044 456
1694747352540 12.93867225941187 457
1694747352784 2.4535536310025297 458
1694747353070 0.7028125855646662 459
1694747353361 24.128506136864253 460
1694747353597 14.110742784214832 461
1694747353939 0.5504333709894446 462
1694747354331 1.428357463459693 463
1694747354581 2.5905617366692018 464
1694747354849 0.5348226455512423 465
1694747355082 53.12613079256389 466
1694747355390 44.33092038787113 467
1694747355635 4.7018841583111834 468
1694747355908 15.049301074365927 469
1694747356240 14.858903032455522 470
1694747356580 15.082172980519285 471
1694747356851 3.749465151312158 472
1694747357113 5.2648167319506465 473
1694747357428 26.256733947876594 474
1694747357787 5.1975227345604695 475
1694747358108 18.936650946931927 476
1694747358402 1.8431849287418876 477
1694747358716 0.042050652593297835 478
1694747358998 23.415837546667646 479
1694747359309 48.2351057193257 480
1694747359574 77.607606079186 481
1694747359848 0.8418341737997013 482
1694747360174 38.58145174558696 483
1694747360490 48.41445273513962 484
1694747360787 0.4304452315261969 485
1694747361080 0.9974125118438926 486
1694747361402 38.92568660341963 487
1694747361656 1.730145473257388 488
1694747361909 0.3450809494619181 489
1694747362293 3.3315804988776927 490
1694747362583 8.985584509779583 491
1694747362806 1.6846706010267998 492
1694747363152 3.7849863770350467 493
1694747363466 3.2483183980850754 494
1694747363719 3.245380121256539 495
1694747364069 1.0926961981237067 496
1694747364330 4.035542614685186 497
1694747364634 9.208991722521205 498
1694747364867 1.4581182587992756 499
