1694738324524 2.818511011326436 0
1694738324862 0.9310505406459342 1
1694738325211 0.0026714994515298976 2
1694738325537 1.5217102892384282 3
1694738325874 0.36517124969809756 4
1694738326160 0.2684043011012419 5
1694738326476 2.5099916285672714 6
1694738326901 0.9703510462200851 7
1694738327123 0.5002269210940639 8
1694738327405 0.8985206140030377 9
1694738327726 15.047207915947277 10
1694738328033 0.933889136723795 11
1694738328326 0.42384845774618374 12
1694738328645 0.014634625824917985 13
1694738329022 0.7246375097246641 14
1694738329307 3.9976457440685174 15
1694738329627 2.453913043464976 16
1694738329970 6.004843915803143 17
1694738330238 1.2320343695780174 18
1694738330522 2.9144546455553297 19
1694738330843 4.408956529276009 20
1694738331143 7.134835181643567e-05 21
1694738331413 2.1843434744447134 22
1694738331655 8.602331253068789 23
1694738331933 0.37126907924683533 24
1694738332219 0.12811636441064575 25
1694738332470 0.706997286542732 26
1694738332795 0.2197478740119583 27
1694738333111 0.09825987660307356 28
1694738333600 0.0020412263473557368 29
1694738333824 0.5930712793206953 30
1694738334117 3.0952457826482744 31
1694738334389 4.4552981970684895 32
1694738334665 4.652491107735011 33
1694738334963 10.797776735461591 34
1694738335284 0.6485329166285164 35
1694738335524 1.3495976150879663 36
1694738335840 0.0025843260600527202 37
1694738336124 1.7447358402026745 38
1694738336494 10.519143696354224 39
1694738336887 2.7279981729932494 40
1694738337166 0.19147933334444092 41
1694738337489 0.48349505122438335 42
1694738337808 21.594567050979336 43
1694738338123 5.522727159132358 44
1694738338354 0.13846185768995245 45
1694738338658 0.5774767286523754 46
1694738338959 6.054036914574392 47
1694738339195 4.194528443040194 48
1694738339418 0.5950584901167326 49
1694738339740 0.12454494038708747 50
1694738340076 0.0005075068418839865 51
1694738340347 4.50099799598699 52
1694738340749 0.8994264437970437 53
1694738341006 1.068460395816789 54
1694738341304 0.0813990830208945 55
1694738341618 1.4628834354996787 56
1694738341955 0.3397030750187171 57
1694738342209 0.6181088104821691 58
1694738342513 0.13692249759775743 59
1694738342885 2.9143488477726063 60
1694738343166 4.5325576199852193e-07 61
1694738343403 0.38635675410176057 62
1694738343685 0.22055495759109103 63
1694738343984 6.959407624094252 64
1694738344251 0.0007339790008579941 65
1694738344592 0.527281459517396 66
1694738344942 1.97659312908211 67
1694738345238 2.9193900381395843 68
1694738345549 0.4324837366565101 69
1694738345866 0.2549733359526206 70
1694738346205 1.7920798493689765 71
1694738346491 0.030470370267297497 72
1694738346894 26.57088913999516 73
1694738347216 0.7955079774665808 74
1694738347528 0.007503579694095759 75
1694738347906 7.710924123321169 76
1694738348239 3.3027795402399356 77
1694738348568 5.447265231753557 78
1694738348889 0.9625230825438061 79
1694738349257 0.17094246793151363 80
1694738349522 14.772434358185908 81
1694738349831 0.4675235820020395 82
1694738350156 2.007415508893495 83
1694738350413 2.173758748591221 84
1694738350697 0.0476100771223025 85
1694738350984 4.454378669993865 86
1694738351335 0.37321936102866937 87
1694738351656 0.846258058284333 88
1694738351969 2.1603906656394827 89
1694738352273 1.2823257418802878 90
1694738352516 2.9827857557846745e-06 91
1694738352775 3.1901971938003393 92
1694738353069 0.00017300041886809673 93
1694738353336 0.48926795475400303 94
1694738353726 4.29488153293276 95
1694738354025 1.6661672753825734 96
1694738354288 1.4810573355707148 97
1694738354607 0.14066233649901574 98
1694738354895 0.2037156481337005 99
1694738355246 0.12167053285020392 100
1694738355536 0.13755754745162888 101
1694738355903 1.5695177827274258 102
1694738356221 1.2145068527480123 103
1694738356475 0.4616269638037968 104
1694738356732 0.41215719284630276 105
1694738357048 1.3473897045923788 106
1694738357304 0.002254439474233773 107
1694738357549 12.371058388059938 108
1694738357802 0.18647778244377972 109
1694738358089 0.05307287691264279 110
1694738358399 4.505830062690456 111
1694738358739 0.10846065700797823 112
1694738359043 1.7010128913330373 113
1694738359328 13.911061682739138 114
1694738359591 1.4777726190345761 115
1694738359912 0.808936358745359 116
1694738360242 1.0668426420384582 117
1694738360475 1.4137869789618198 118
1694738360728 1.25330010599595 119
1694738361051 0.18248452766629186 120
1694738361292 0.16193950681999367 121
1694738361514 2.844877148688005 122
1694738361740 0.9282209415205865 123
1694738362022 3.7749196072597035 124
1694738362360 0.018942398421823336 125
1694738362681 0.8414867480945731 126
1694738363068 0.26373692397811066 127
1694738363378 0.7680576941256807 128
1694738363647 8.505452545929607 129
1694738363946 2.33575573263493 130
1694738364296 0.06714294005866467 131
1694738364676 1.7048772028393124 132
1694738365002 1.022434985483017 133
1694738365380 1.6340260743359998 134
1694738365674 4.301505822842812 135
1694738365994 0.19764617883397423 136
1694738366348 0.3078490291039231 137
1694738366607 0.8997211687239001 138
1694738367054 0.7365143210638689 139
1694738367387 0.062205444469758016 140
1694738367655 1.2884178915277438 141
1694738367910 0.6250521441623721 142
1694738368228 0.03218375315897487 143
1694738368601 1.9692776146377502 144
1694738368900 0.8548487119090936 145
1694738369259 0.4675505748661454 146
1694738369548 0.07256013626094165 147
1694738369853 1.0178935462883123 148
1694738370154 0.4288617050929715 149
1694738370478 1.0301368162910398 150
1694738370745 0.41169070886310727 151
1694738371088 0.008576224970428335 152
1694738371459 1.3610912342072181 153
1694738371710 5.355307745149849 154
1694738372103 0.028068645468208676 155
1694738372444 1.4822686382903716 156
1694738372731 0.5653026863633381 157
1694738373045 2.8248745034942426 158
1694738373367 1.8616895933058148 159
1694738373687 0.44873155514811575 160
1694738373960 2.3551157818201505 161
1694738374257 0.0770459655516088 162
1694738374579 0.8179264166592835 163
1694738374873 0.5218483296409059 164
1694738375289 0.17006233347058186 165
1694738375553 0.446983221301102 166
1694738375908 0.5710186504083454 167
1694738376222 0.08997104312426242 168
1694738376543 0.632102919892997 169
1694738376859 2.6676523313572753 170
1694738377172 0.588720070600552 171
1694738377487 0.9589127148621291 172
1694738377764 6.214767695701102 173
1694738378118 3.869940551695769 174
1694738378396 0.38533524230427285 175
1694738378733 1.8879048149337108 176
1694738378974 0.012759359459300307 177
1694738379207 26.682051269757874 178
1694738379453 1.4712786783149812 179
1694738379746 1.7928640366534443 180
1694738380052 0.022564888565542555 181
1694738380355 1.5097149742327023 182
1694738380594 0.5138065040184385 183
1694738380813 2.8492715547964647 184
1694738381077 0.8820532395052675 185
1694738381378 0.33990070720201027 186
1694738381701 0.7629250727362816 187
1694738381924 0.742617729051824 188
1694738382244 0.9111771132586926 189
1694738382638 0.35485595789961594 190
1694738382913 0.34769119278547045 191
1694738383283 0.8570234212054354 192
1694738383563 0.1152081776115534 193
1694738383833 9.810918042378091 194
1694738384130 0.0002799503907124155 195
1694738384445 0.4186858753409931 196
1694738384822 0.4509098436506613 197
1694738385289 5.692070571329348 198
1694738385621 0.14804218339116051 199
1694738385890 2.2567937007634824 200
1694738386140 15.050222296989023 201
1694738386491 9.484422655028808 202
1694738386880 0.09959860452564674 203
1694738387155 0.6717336702733175 204
1694738387447 1.555153387947807 205
1694738387793 0.06255508213167633 206
1694738388070 0.023653446159889 207
1694738388368 0.4598428791078127 208
1694738388689 0.18134990312843904 209
1694738388965 8.572104081373364 210
1694738389342 9.70478316664473 211
1694738389643 27.337594883932745 212
1694738389915 0.050333812752856526 213
1694738390149 0.02774245311918731 214
1694738390399 0.23505652220992762 215
1694738390692 0.38372648966652656 216
1694738390965 0.7262976611707711 217
1694738391315 0.005532436157723966 218
1694738391655 0.9561693901120876 219
1694738391951 26.630991103500588 220
1694738392254 0.42380655080163393 221
1694738392559 0.0583878297892873 222
1694738392864 1.9755643595938603 223
1694738393106 0.7724414342761952 224
1694738393415 0.3324081932826784 225
1694738393773 1.3978702009625992 226
1694738394041 1.788429911627779 227
1694738394328 16.124312748739737 228
1694738394633 2.5710413352269623 229
1694738394952 0.9290161021397032 230
1694738395257 4.1476934727400225 231
1694738395508 0.14521923190400887 232
1694738395772 2.2831487926362737 233
1694738396054 0.12165414502695152 234
1694738396382 2.621078461313179 235
1694738396651 0.2011112810740085 236
1694738396977 1.4917021684153233 237
1694738397193 0.3731930251708731 238
1694738397396 0.002640411395396142 239
1694738397658 4.48727981759827 240
1694738397997 0.39969879540111225 241
1694738398315 1.289141751328166 242
1694738398647 1.0582381628793638 243
1694738398965 0.6619820085833283 244
1694738399200 1.6199230713457653 245
1694738399407 11.562490958574944 246
1694738399667 8.295942206175575 247
1694738399999 3.590202381175197 248
1694738400293 0.31266623601812243 249
1694738400566 3.5915268960509033 250
1694738400893 2.1147982025241294 251
1694738401158 1.2530134367762809 252
1694738401396 0.00011743751958138612 253
1694738401688 0.7188695808932812 254
1694738402052 0.0018900771180556301 255
1694738402311 10.858418939499503 256
1694738402678 3.7927648607789153 257
1694738402999 0.0005127974429861774 258
1694738403275 0.033344288887533324 259
1694738403613 0.569960008449722 260
1694738403900 1.2735962444690674 261
1694738404220 0.0002376213953881364 262
1694738404503 0.040359442746043576 263
1694738404821 0.018092352035333117 264
1694738405228 4.219204091409197 265
1694738405465 5.525610887833788 266
1694738405765 0.06543494107575361 267
1694738406107 0.15903797400828154 268
1694738406363 3.3890586668495066 269
1694738406695 7.103057974216111 270
1694738407073 5.13323710176631 271
1694738407347 0.5676018265963121 272
1694738407578 0.6798680542247866 273
1694738407814 6.260081528665722 274
1694738408064 0.657008398306018 275
1694738408311 0.621771458873061 276
1694738408568 0.5141643813768443 277
1694738408813 0.04328839485541137 278
1694738409162 1.0669939450166466 279
1694738409442 0.009587439219571395 280
1694738409759 2.3659900463242582 281
1694738410062 3.919892533257904 282
1694738410338 3.9556964832326127 283
1694738410615 0.41972672667802435 284
1694738410920 0.045041812612497 285
1694738411290 0.2800869161482423 286
1694738411599 1.5461932282979516 287
1694738411903 0.0011531094923469024 288
1694738412217 0.8729455729923693 289
1694738412477 0.04619228688651369 290
1694738412815 7.290384351231052 291
1694738413124 0.8956783693540878 292
1694738413405 1.2904688409974836 293
1694738413810 5.093171674677472 294
1694738414133 0.1986359651887921 295
1694738414397 0.12889574181201588 296
1694738414706 0.0016170919249663693 297
1694738415003 3.569095404869747 298
1694738415343 0.015531011075985396 299
1694738415636 1.2085076214029127 300
1694738415998 10.530170723601158 301
1694738416311 1.268886851314947 302
1694738416578 0.027059482724452147 303
1694738416965 0.04305142647335984 304
1694738417269 0.7330921737705903 305
1694738417553 0.8013972014983146 306
1694738417847 0.07928454311886494 307
1694738418321 2.2140233975944117 308
1694738418600 2.015962478792602 309
1694738418976 0.9735273592200533 310
1694738419337 0.18283194503192746 311
1694738419697 0.7887364960197923 312
1694738420088 0.5742322383571797 313
1694738420508 0.2886444602805477 314
1694738420747 1.6510958813352512 315
1694738421022 2.486542469671318 316
1694738421308 1.0132808146528243 317
1694738421598 0.025938459407235857 318
1694738421886 0.44739669231138157 319
1694738422239 1.0669902252858257 320
1694738422559 4.091695603750594 321
1694738422901 0.526279045610895 322
1694738423198 0.0793073315916095 323
1694738423483 9.376869918503697 324
1694738423713 6.875507557726348 325
1694738424017 0.12018825426289748 326
1694738424279 0.11892142218794563 327
1694738424575 4.641963731419148 328
1694738424906 5.099620566136829 329
1694738425357 0.010332918111161497 330
1694738425649 0.8700866524076643 331
1694738425965 0.0530992975498824 332
1694738426274 0.010110973045376918 333
1694738426591 6.577027350529654 334
1694738426968 0.09176098383004475 335
1694738427290 1.2565861943917187 336
1694738427578 3.576869778962424 337
1694738427822 0.19221808192100046 338
1694738428112 0.4608270321950032 339
1694738428401 1.7381452256960488 340
1694738428671 1.041033469970394 341
1694738428976 0.7959384202691617 342
1694738429370 0.5321850797029254 343
1694738429641 1.3292312297320878 344
1694738429884 0.8514941215215679 345
1694738430175 5.103018710309486 346
1694738430462 0.18250915254652958 347
1694738430663 0.08720502710346675 348
1694738430929 10.302566704140895 349
1694738431210 1.3421898191732993 350
1694738431524 3.2279185211783776 351
1694738431815 0.41702836636374424 352
1694738432111 0.12716546260826259 353
1694738432408 2.035561587529518 354
1694738432707 0.023323158531509968 355
1694738433048 2.8444487836677395 356
1694738433401 0.0017784680138344497 357
1694738433739 2.6554952233448055 358
1694738434030 7.713233740819799 359
1694738434369 1.1249493260482653 360
1694738434721 6.669986999079038 361
1694738435035 30.43495374811367 362
1694738435400 2.140236430762514 363
1694738435683 0.027797348499679023 364
1694738436048 0.32712633961999094 365
1694738436425 2.8809289495174006 366
1694738436731 1.0195753151655929 367
1694738437063 3.199288374081718 368
1694738437361 1.5901257155976503 369
1694738437690 1.9348848605473672 370
1694738437896 0.051705681337874496 371
1694738438249 0.09991176691246194 372
1694738438518 0.2664425031847797 373
1694738438786 5.432243579406902 374
1694738439063 0.2726454983256916 375
1694738439339 0.17491766707575032 376
1694738439645 0.25119985974619996 377
1694738439962 0.6644254361795258 378
1694738440309 1.358362605372722 379
1694738440654 0.8350096221706431 380
1694738441010 5.055590389165439 381
1694738441318 0.7206893569984548 382
1694738441623 0.26679437882787027 383
1694738441889 0.457739140822475 384
1694738442209 9.691936241411922 385
1694738442543 0.004374658860783804 386
1694738442814 2.3854033388190685 387
1694738443086 0.16146644296811968 388
1694738443346 5.1121998227501875 389
1694738443599 8.421400730005935 390
1694738443866 3.650422760201641 391
1694738444204 1.3529881850330285 392
1694738444526 0.23612315466288988 393
1694738444898 1.494855055047127 394
1694738445298 0.03235327995037881 395
1694738445621 3.7915080735325315 396
1694738445884 0.4267867066673105 397
1694738446174 2.020274908937726 398
1694738446492 0.8818801792750499 399
1694738446815 1.5741377563033556 400
1694738447206 0.32155406742581233 401
1694738447519 0.36414832369612565 402
1694738447799 0.0795262382251938 403
1694738448043 1.4843075922560196 404
1694738448316 0.04063562907339599 405
1694738448618 0.7368552620744426 406
1694738448910 1.0949304429168656 407
1694738449260 0.641377410904346 408
1694738449570 1.4849692913833092 409
1694738449848 0.5860650019553719 410
1694738450144 0.009220106370488718 411
1694738450460 0.5963646828229038 412
1694738450771 6.558358459095079 413
1694738451026 5.020665017542534 414
1694738451291 0.7114711884083853 415
1694738451663 0.07789024474848875 416
1694738451938 1.4663323076847845 417
1694738452211 0.8521661498597922 418
1694738452587 0.46179013167176597 419
1694738452876 0.9590733507208771 420
1694738453142 9.765827655446705 421
1694738453443 0.0002819890770026138 422
1694738453829 0.09189748536891505 423
1694738454120 4.129792104365596 424
1694738454404 0.10701519821268055 425
1694738454737 0.5892453063667259 426
1694738454985 28.65572495379711 427
1694738455344 0.45413662068032923 428
1694738455658 4.885058096787571 429
1694738456036 2.4302381123143513 430
1694738456307 1.3147018199731693 431
1694738456584 0.47272757879028154 432
1694738456957 5.91151410139255 433
1694738457248 1.36604061332425 434
1694738457569 0.011733337811188002 435
1694738457838 5.363100799924533 436
1694738458151 0.0925314923349064 437
1694738458457 0.31102761037170246 438
1694738458772 0.6170347560606589 439
1694738459088 0.6185323981751042 440
1694738459347 0.1260446271743346 441
1694738459662 1.22007261913853 442
1694738459928 0.44780195406378837 443
1694738460242 6.462880400229988 444
1694738460613 0.12594504482490776 445
1694738460879 0.050116228550505834 446
1694738461178 1.3876459683069133 447
1694738461516 11.721879679076343 448
1694738461837 1.0593154557293436 449
1694738462147 9.015538714478334 450
1694738462417 1.0331733230510352 451
1694738462786 3.0048459040849336 452
1694738463086 13.668970792356856 453
1694738463341 1.3393652962695952 454
1694738463658 0.2836790208318369 455
1694738463955 0.19840068072032996 456
1694738464249 0.017526082485380106 457
1694738464599 4.645013102393147 458
1694738464962 0.4215096674556927 459
1694738465335 0.5106046548141983 460
1694738465654 0.27376496784805826 461
1694738465966 0.9002206664022259 462
1694738466243 0.014338158188711637 463
1694738466502 1.5080079427101138 464
1694738466808 3.121103873923772 465
1694738467202 0.4681448553197918 466
1694738467468 0.14743210436775678 467
1694738467790 1.0013404946488014 468
1694738468108 0.3976854689200005 469
1694738468406 4.245141627120987 470
1694738468735 7.246079271413578 471
1694738469047 1.1708424601039944 472
1694738469377 0.05939967432916491 473
1694738469650 1.8495606473549995 474
1694738469908 0.5158964774633672 475
1694738470203 1.1566246442117192 476
1694738470486 0.529711595728506 477
1694738470822 1.0236158115427716 478
1694738471147 0.44749949487492924 479
1694738471468 0.2992746552206926 480
1694738471788 0.0418192561167469 481
1694738472116 1.014173678977961 482
1694738472396 0.04314904372125933 483
1694738472715 0.1296885562599048 484
1694738473032 1.929569022274139 485
1694738473330 1.1614896723285648 486
1694738473582 0.47984479002524616 487
1694738473884 4.8881766112441545 488
1694738474185 0.2666032650636502 489
1694738474454 3.9229838272334727 490
1694738474766 0.4615391127319969 491
1694738475115 0.12658359207636616 492
1694738475415 0.5221572327753518 493
1694738475698 0.012896989886668734 494
1694738476076 1.4524750866698921 495
1694738476379 0.15459942986750239 496
1694738476664 9.900452395057874 497
1694738477035 1.267644481172979 498
1694738477356 0.6662232555355173 499
