1694731098842 1.8925275797474663 0
1694731099002 1.884970177435043 1
1694731099157 3.6240150177098123 2
1694731099334 2.8295072784855444 3
1694731099559 2.4098818391788677 4
1694731099820 2.0434760806338357 5
1694731099978 2.9724014263573055 6
1694731100156 3.201610566496877 7
1694731100464 2.607579828349813 8
1694731100710 1.8207846014477538 9
1694731100926 1.730477074661579 10
1694731101106 2.779644927356051 11
1694731101418 1.808035396811793 12
1694731101699 2.6137108483790406 13
1694731101929 2.8231169381201653 14
1694731102165 2.463114928983704 15
1694731102382 1.8114004194444409 16
1694731102693 3.032744528876329 17
1694731102935 2.496279374511691 18
1694731103164 1.7765045845820853 19
1694731103384 2.533346010379898 20
1694731103652 3.3442039900329408 21
1694731103903 1.6604635211346486 22
1694731104066 1.6643734581321665 23
1694731104272 2.882381229306001 24
1694731104527 1.827321628232474 25
1694731104782 2.7443568133306484 26
1694731105037 2.0303249396249887 27
1694731105273 1.4254516221167668 28
1694731105525 1.1001732462195342 29
1694731105776 2.6692706078033646 30
1694731105981 2.1459693310259493 31
1694731106137 2.8898480422800046 32
1694731106328 1.8755736968931196 33
1694731106576 3.0855889802219187 34
1694731106816 2.7661968700846633 35
1694731107052 2.231931042786241 36
1694731107246 1.7135721199755505 37
1694731107444 2.8540900179600763 38
1694731107843 2.5723488963689713 39
1694731108043 2.5309132533665086 40
1694731108214 3.987823216546068 41
1694731108458 1.9757381000083472 42
1694731108704 2.4202073626993257 43
1694731108939 2.691240114296951 44
1694731109140 2.789448065766087 45
1694731109333 2.3375420266944538 46
1694731109666 2.4942039187065173 47
1694731109908 2.329390542507789 48
1694731110108 2.13274186233157 49
1694731110341 2.5901030911873404 50
1694731110602 2.03744233694255 51
1694731110843 2.838582782015967 52
1694731111039 3.4804711249544376 53
1694731111297 2.7790155434349124 54
1694731111544 2.1772675731213584 55
1694731111815 2.465622176783932 56
1694731112031 2.1276029907005483 57
1694731112272 1.230907563940853 58
1694731112542 2.0427818528839623 59
1694731112772 1.9938082511400428 60
1694731112999 2.225511576426018 61
1694731113173 2.4837385365218587 62
1694731113392 2.4863942845921962 63
1694731113640 1.7434741315691666 64
1694731113931 2.6242104258118806 65
1694731114113 1.9536739127431646 66
1694731114341 2.4734484286338496 67
1694731114619 2.0086002392742692 68
1694731114842 2.050434523051287 69
1694731115057 2.1259486665825555 70
1694731115268 1.7857158953819234 71
1694731115531 1.625784251186105 72
1694731115792 2.349946315381904 73
1694731116038 1.6342727306120006 74
1694731116230 1.0669620531239292 75
1694731116452 1.5915454898827475 76
1694731116682 2.0028619605558418 77
1694731116910 2.8109113178886007 78
1694731117111 1.4718932523867263 79
1694731117354 2.813661115364969 80
1694731117630 2.854864248824723 81
1694731117856 1.199145360008505 82
1694731118054 2.1365508691415362 83
1694731118294 1.6374206778549651 84
1694731118562 1.9075678262699975 85
1694731118810 3.2505304338721746 86
1694731119042 1.8656608328974784 87
1694731119192 2.304819642587826 88
1694731119332 1.7206244969815414 89
1694731119542 2.923437743939203 90
1694731119822 2.7248803056039 91
1694731120082 2.2175251478265374 92
1694731120267 2.2887475926853647 93
1694731120521 1.3614222153292206 94
1694731120789 1.6899856997459866 95
1694731121006 1.2817854327070135 96
1694731121251 2.7377700537406424 97
1694731121541 1.4837568411290052 98
1694731121783 1.4218495468487047 99
1694731122045 2.882874097185432 100
1694731122255 2.8307246458454154 101
1694731122508 2.3011838253633123 102
1694731122773 1.2937562940800862 103
1694731123055 1.6351512314492547 104
1694731123227 2.506627909416562 105
1694731123390 1.6293668948399689 106
1694731123565 2.1588576433342546 107
1694731123773 3.1666421361523613 108
1694731124021 1.6186185478598973 109
1694731124215 1.3624323968992416 110
1694731124449 2.4509878978139374 111
1694731124689 2.9666703831735832 112
1694731124955 2.8085658337384913 113
1694731125206 2.452855656188073 114
1694731125423 2.3847676274130536 115
1694731125645 1.9591147995443774 116
1694731125850 1.862985123451015 117
1694731126062 2.613440531396935 118
1694731126303 3.2887370247791656 119
1694731126558 2.122405174688873 120
1694731126787 2.9272220059835714 121
1694731127028 2.3730007131513875 122
1694731127303 2.005262735426537 123
1694731127513 1.6033408804388225 124
1694731127732 2.1683022969746193 125
1694731127961 2.3804880525532597 126
1694731128179 1.861955583880522 127
1694731128431 1.8011616917461413 128
1694731128612 2.60553988933509 129
1694731128853 1.7741829491130308 130
1694731129089 2.365609171244916 131
1694731129352 1.5626229112303367 132
1694731129765 2.5777282469542717 133
1694731129969 3.5441816274524784 134
1694731130196 1.9768488279700172 135
1694731130371 3.1151222390998883 136
1694731130605 2.919186117099196 137
1694731130852 1.6709888264570478 138
1694731131086 3.0913063844458617 139
1694731131368 1.9725470511685603 140
1694731131653 2.178351341309623 141
1694731131886 1.6085008510376768 142
1694731132066 1.8343618579882788 143
1694731132260 2.559130698727942 144
1694731132438 2.404183597063701 145
1694731132640 1.939435657233729 146
1694731132891 2.094755527521677 147
1694731133133 1.9455098238424458 148
1694731133319 2.9832418360066 149
1694731133568 2.4291638079941205 150
1694731133864 2.257495014846215 151
1694731134129 3.144572928662799 152
1694731134348 1.4691745358832033 153
1694731134600 1.842319636930935 154
1694731134859 1.3082270226317916 155
1694731135087 1.486433393783374 156
1694731135302 1.932289808024193 157
1694731135561 1.641253964334167 158
1694731135804 1.6556651596248353 159
1694731136041 2.3187763270719164 160
1694731136303 1.4066944286437668 161
1694731136517 2.169194769557043 162
1694731136648 2.348671971633143 163
1694731136864 3.2454722460262886 164
1694731137117 2.6018328417767544 165
1694731137317 2.044521820895504 166
1694731137566 2.305537381148571 167
