1694737234053 0.06036806352643829 0
1694737234380 3.168622061354175 1
1694737234647 0.024758907035201116 2
1694737234956 2.838704402405553 3
1694737235264 15.588924485895545 4
1694737235600 1.1636180346827034 5
1694737235939 0.4886733847233242 6
1694737236276 0.054279234116284734 7
1694737236577 0.7331067404775993 8
1694737236893 0.05020108260144654 9
1694737237211 0.00792808049881398 10
1694737237555 0.25311806217785215 11
1694737237944 9.595791758249945 12
1694737238257 0.5453904675654567 13
1694737238614 1.4918991572487825 14
1694737238883 0.11556585863484867 15
1694737239217 0.21038481169049278 16
1694737239546 2.433215831539814 17
1694737239843 9.739391836147192 18
1694737240193 0.7330426982880636 19
1694737240504 3.8516555518118865 20
1694737240819 1.3869182505174826 21
1694737241153 0.0057503515248253385 22
1694737241480 1.3461666244230357 23
1694737241785 8.0164248089772e-05 24
1694737242155 2.362185461097924 25
1694737242479 0.4401728737178295 26
1694737242784 7.072825136671063 27
1694737243153 0.00018299373979403457 28
1694737243523 0.7088966192254954 29
1694737243758 5.281536547517483 30
1694737244061 0.7535170139658923 31
1694737244457 0.10745743187125939 32
1694737244718 1.3831438247235077 33
1694737244928 0.5238698321720395 34
1694737245184 18.550601463240284 35
1694737245406 2.5218410142662187 36
1694737245653 1.203905101038783 37
1694737245924 9.070646859947388 38
1694737246183 0.5468426753676762 39
1694737246475 0.05370019912401351 40
1694737246826 0.49301308600295907 41
1694737247084 0.3795068338374902 42
1694737247381 0.21165608419028192 43
1694737247698 2.21539560436993 44
1694737247942 0.1372691767700775 45
1694737248267 0.16302936510726648 46
1694737248595 1.1449971616079357 47
1694737248922 0.08850605287926291 48
1694737249214 10.307662969656395 49
1694737249490 1.449317729619058 50
1694737249800 2.258991195583773 51
1694737250012 0.0002615599112514385 52
1694737250273 0.1448096201268061 53
1694737250580 0.05347581450142749 54
1694737250925 0.8999693945642719 55
1694737251200 1.0980099706192352 56
1694737251485 0.8460880418899978 57
1694737251777 0.22261771692084084 58
1694737252033 2.47710298334674 59
1694737252291 0.1771239234543868 60
1694737252602 1.112782722476287 61
1694737252919 0.5634075685409773 62
1694737253168 0.24205252061841978 63
1694737253525 0.6127519317868786 64
1694737253827 5.949474915910891 65
1694737254078 3.626822421398927 66
1694737254387 2.140871437815169 67
1694737254695 11.212483199235777 68
1694737255008 0.0807626189316782 69
1694737255243 0.14120647069008746 70
1694737255537 0.39900325950316023 71
1694737255829 1.386004400343865 72
1694737256133 2.5756709573581102 73
1694737256405 0.2310283695884824 74
1694737256716 0.44778656622334384 75
1694737257017 0.10989772452995007 76
1694737257259 4.134974979284966 77
1694737257552 0.25674945294253365 78
1694737257978 0.004846651890977613 79
1694737258215 10.11771441923385 80
1694737258511 4.2665234944718895 81
1694737258748 0.13005687267294722 82
1694737259068 0.48041396336291314 83
1694737259299 0.8999417677158561 84
1694737259550 2.9350215111697397 85
1694737259901 0.5839279346694741 86
1694737260186 0.04837274503663706 87
1694737260416 0.006060582324241965 88
1694737260625 0.5688398927480709 89
1694737260889 0.578317510510175 90
1694737261230 3.8573692479617216 91
1694737261467 5.5218874122138 92
1694737261743 0.008853351272539365 93
1694737262005 1.0711834409993999 94
1694737262313 0.9295835476954443 95
1694737262592 10.815972749837586 96
1694737262915 0.4498185218237072 97
1694737263209 0.778915483526296 98
1694737263480 9.715292122328764 99
1694737263786 1.1606439116558138 100
1694737264094 0.0016630311653324109 101
1694737264460 0.06878786553436257 102
1694737264775 0.04247805908156462 103
1694737265091 7.518081338244197 104
1694737265372 2.444567100217226 105
1694737265685 3.584949370824147 106
1694737266042 10.575031620904754 107
1694737266330 2.0910643323289975 108
1694737266682 1.812988348819289 109
1694737266990 0.4965977646664613 110
1694737267274 0.08263310146524645 111
1694737267539 5.018747857236924 112
1694737267789 16.55397040040026 113
1694737268063 2.684527588436521 114
1694737268285 0.1425048643329089 115
1694737268552 0.07839154325185838 116
1694737268884 1.5827121197038851 117
1694737269200 3.8648068536385836 118
1694737269408 0.07401959512338385 119
1694737269673 0.10741389520502748 120
1694737269988 1.2484801641442695 121
1694737270295 0.021528448170947238 122
1694737270543 1.036670491231718 123
1694737270825 4.591034410066035 124
1694737271211 0.006746620236800705 125
1694737271442 0.5853831650954593 126
1694737271730 0.06494252426277351 127
1694737272071 0.4533166806036993 128
1694737272360 0.06364125039962304 129
1694737272702 0.10532597657193833 130
1694737273038 0.2490370468408896 131
1694737273377 0.20709564818495477 132
1694737273588 2.5021171800390465 133
1694737273856 0.6186079371834208 134
1694737274197 0.43744280110761585 135
1694737274524 0.00867503395200995 136
1694737274838 1.21771970932283 137
1694737275204 0.07900140894139114 138
1694737275553 0.010087652578732374 139
1694737275884 2.942546278720616 140
1694737276162 0.35290682177758903 141
1694737276436 1.7125395967080086 142
1694737276705 2.3854259607386554 143
1694737277008 0.03556288021504317 144
1694737277256 0.0030847955817079687 145
1694737277586 3.0018265416918046 146
1694737277907 1.0146417277232613 147
1694737278213 0.20832850889973453 148
1694737278554 0.30709772075984276 149
1694737278960 0.07420584873889526 150
1694737279302 0.8683467334528203 151
1694737279555 0.5973018051770731 152
1694737279849 1.356156245698998 153
1694737280198 1.7196197161085789 154
1694737280491 1.0170082426177895 155
1694737280801 0.3582837080699632 156
1694737281125 0.4783195414621913 157
1694737281421 0.20607174752882879 158
1694737281714 0.3816778351748329 159
1694737282040 5.078697884568399 160
1694737282376 0.6068299025351468 161
1694737282597 0.19533400161877337 162
1694737282844 0.02628902630205943 163
1694737283114 5.802017925695686 164
1694737283428 1.6144751447784677e-06 165
1694737283733 0.3870909856484007 166
1694737284045 0.01152564403135114 167
1694737284469 0.5854376753215247 168
1694737284704 1.3450351629598185 169
1694737284954 0.3683078905955772 170
1694737285191 0.9370568862727757 171
1694737285459 1.930912262082145 172
1694737285703 6.241028430395031 173
1694737286054 0.4216035748449955 174
1694737286360 2.5468492872022823 175
1694737286684 0.14716916912105737 176
1694737286982 0.6706322819766182 177
1694737287283 0.019094978968282533 178
1694737287532 0.7893799220137813 179
1694737287799 0.4975586140304312 180
1694737288144 0.010598888774462292 181
1694737288458 1.0216472821476117 182
1694737288768 0.7259148986098878 183
1694737289076 6.3542206858806 184
1694737289339 0.776790143765903 185
1694737289614 2.841451234750754 186
1694737289875 0.6517357010528131 187
1694737290210 5.224863900110377 188
1694737290533 2.7674393886766095 189
1694737290794 1.7528201152754064 190
1694737291167 0.40372633065833075 191
1694737291499 1.4468593261640195 192
1694737291786 0.20268047659146832 193
1694737292013 1.0620625773662378 194
1694737292281 0.9197650772251138 195
1694737292601 1.0061365292669606 196
1694737292854 0.00391565622544794 197
1694737293166 0.2062801467630911 198
1694737293531 11.823517481056081 199
1694737293823 0.393600538144119 200
1694737294127 14.930491956289867 201
1694737294512 0.13032387079257646 202
1694737294780 8.70384598788754 203
1694737295034 0.9552268081483785 204
1694737295251 1.8097534596437412 205
1694737295595 0.7371484985805601 206
1694737295949 3.1669913877981037 207
1694737296227 0.014155922026080962 208
1694737296548 1.0450434019817576 209
1694737296825 4.429957950869474 210
1694737297085 0.05862419127892727 211
1694737297399 0.1298064880849235 212
1694737297789 0.029654841613107788 213
1694737298032 0.04492958984189549 214
1694737298310 12.070659307875747 215
1694737298637 0.18631390133595993 216
1694737299002 1.0657283626398844 217
1694737299278 3.471939505534518 218
1694737299614 14.415896048242145 219
1694737300002 0.4749658053374694 220
1694737300279 0.5427900879028117 221
1694737300496 0.22107725947529921 222
1694737300798 1.0124973364222867 223
1694737301096 0.00014818911809062957 224
1694737301358 2.044448939425928 225
1694737301668 0.00024522971649239484 226
1694737301974 9.115270878980533 227
1694737302264 0.06719020833149471 228
1694737302519 5.9758025308643195 229
1694737302811 1.3879927953683155 230
1694737303086 0.6300279795621301 231
1694737303326 2.1013760408097593 232
1694737303664 0.03870542279250249 233
1694737303968 1.054128751598147 234
1694737304199 0.31407836485204554 235
1694737304558 0.14307014572668525 236
1694737304879 0.025628913818814436 237
1694737305158 5.420658412627272 238
1694737305483 18.467082054060786 239
1694737305759 1.574747129145685 240
1694737306103 9.413339052536442 241
1694737306385 0.11667582019651765 242
1694737306729 0.05470764621657957 243
1694737307007 0.7922418100908873 244
1694737307265 0.17643911565215628 245
1694737307526 3.225141507576803 246
1694737307874 1.0641588260483388 247
1694737308155 11.84335034770992 248
1694737308480 1.479247745031103 249
1694737308844 1.8349948994220122 250
1694737309178 0.8815916957957909 251
1694737309532 0.6859768193530523 252
1694737309829 4.718985703258044 253
1694737310098 0.11397103744469766 254
1694737310339 12.127382634756772 255
1694737310643 5.2272165399170145 256
1694737310938 2.533450878926251 257
1694737311235 0.09743421735226454 258
1694737311526 11.989959817250421 259
1694737311790 6.238915624612627 260
1694737312082 0.22994673844889524 261
1694737312401 0.11817942597508695 262
1694737312732 6.586828917439394 263
1694737313001 0.030100671021817495 264
1694737313342 1.004214970900463 265
1694737313637 0.008769952799842664 266
1694737313899 0.8792040244807168 267
1694737314175 2.383521087960896 268
1694737314458 10.366128432349413 269
1694737314750 0.4216149162166083 270
1694737315067 0.13890470669115668 271
1694737315318 0.7593306203890592 272
1694737315723 0.12642563847513125 273
1694737316091 0.008854349727950503 274
1694737316353 0.5038199363798799 275
1694737316675 0.3073671944098374 276
1694737316964 0.14508358840548688 277
1694737317250 1.4811784556904457 278
1694737317473 0.1274065026868306 279
1694737317825 0.02709144798565386 280
1694737318063 1.7929812777710183 281
1694737318335 0.4731994660708694 282
1694737318620 0.32674254893123833 283
1694737318928 2.3937005046217132 284
1694737319240 2.789199563289684 285
1694737319575 0.04657150414251521 286
1694737319968 17.915411946440788 287
1694737320254 3.2096344570008957 288
1694737320470 1.6256755758178016 289
1694737320770 0.6058206093507493 290
1694737321112 0.3221169023989844 291
1694737321363 0.0378875898115029 292
1694737321652 4.330462904587861 293
1694737321952 0.07185857290998303 294
1694737322374 0.4183917513164924 295
1694737322688 7.5559534270964415 296
1694737323004 0.02614644585369115 297
1694737323273 1.232588192250148 298
1694737323569 0.07081910837121642 299
1694737323883 9.251022972675766 300
1694737324224 0.7719023393639736 301
1694737324568 0.6841988067577958 302
1694737324879 0.6639818612700648 303
1694737325180 0.0011379651051569525 304
1694737325454 7.903120707305911 305
1694737325745 0.3713850300957943 306
1694737326110 0.4986170190945822 307
1694737326396 0.027547399714288625 308
1694737326729 0.0030156248982851313 309
1694737327050 3.266958587524775 310
1694737327348 0.010710356918445366 311
1694737327683 1.0100143574373672 312
1694737328003 1.304221396757401 313
1694737328328 5.175986397834037 314
1694737328591 0.0008938674264424348 315
1694737328867 0.11712516935123364 316
1694737329204 0.22286224181754508 317
1694737329471 3.0308968547801296 318
1694737329752 7.3528232283078125 319
1694737330015 2.001720994360509 320
1694737330316 0.000692322043336732 321
1694737330635 0.22613502495836035 322
1694737330874 0.06277854442933134 323
1694737331234 2.883462951120231 324
1694737331499 3.04343010856311 325
1694737331777 6.172882144241798 326
1694737331988 2.047374161710323 327
1694737332289 2.6852207967464174 328
1694737332545 0.8427583811536602 329
1694737332825 0.019916132573954703 330
1694737333154 0.13457921426374483 331
1694737333532 10.730557659070488 332
1694737333843 0.22935121012110105 333
1694737334161 0.13865390511332262 334
1694737334506 0.020673554459907095 335
1694737334792 4.606757066967785 336
1694737335107 0.10434502182078417 337
1694737335399 0.9247209413997625 338
1694737335729 0.10575091629041523 339
1694737336172 0.5929975492884958 340
1694737336506 1.1741517808644808 341
1694737336741 0.06394748187319833 342
1694737337001 10.508452052319546 343
1694737337317 0.11882553998326731 344
1694737337603 2.8378874949982027 345
1694737337942 3.479656077444437 346
1694737338258 3.172631677329109 347
1694737338648 5.591179386913836 348
1694737338975 0.6927883732094642 349
1694737339300 2.885445575039648 350
1694737339614 1.5669658753105176 351
1694737340008 0.34353913211938575 352
1694737340337 2.126595878613024 353
1694737340607 1.1220131143085816 354
1694737340885 0.005960795358946643 355
1694737341182 0.22002572578743548 356
1694737341512 1.8292743665410578 357
1694737341774 5.932139467930494 358
1694737342101 1.3199119247888185 359
1694737342464 2.6396705742976416 360
1694737342718 1.2077090995367386 361
1694737343058 0.001866597852588435 362
1694737343386 1.5011333703937002 363
1694737343663 24.794155809527762 364
1694737343941 0.8882250710447328 365
1694737344293 0.5711093103088193 366
1694737344658 6.86774971410924 367
1694737344915 5.348337051517333 368
1694737345250 1.3500615639957008 369
1694737345584 0.06477041590502491 370
1694737345868 6.542553150156616 371
1694737346230 0.012877623963482616 372
1694737346556 1.7114131824434649 373
1694737346850 1.234508225192406 374
1694737347192 1.1055476744500738 375
1694737347471 2.5193857410055194 376
1694737347732 1.4028810645012018 377
1694737347972 0.4269177471004332 378
1694737348284 0.2505214758723826 379
1694737348608 0.1622912033814987 380
1694737348894 6.3069672980711315 381
1694737349312 0.26565965968224586 382
1694737349642 1.8245278985464974 383
1694737349869 2.7732681995212825 384
1694737350116 0.2360551486430728 385
1694737350409 0.5533341881202497 386
1694737350703 2.1697557646761203e-06 387
1694737350955 1.3829178536938456 388
1694737351287 27.23190568731568 389
1694737351596 1.1581978847064494 390
1694737351875 0.7912476980260167 391
1694737352153 4.401522188048731 392
1694737352435 3.8241057630821267 393
1694737352773 0.3523322911770523 394
1694737353025 0.991146407338372 395
1694737353378 0.9251828067334936 396
1694737353689 1.216878771960331 397
1694737353940 0.10124840980287476 398
1694737354303 8.262920621051531 399
1694737354664 7.023868677219317 400
1694737354921 0.07367046099834622 401
1694737355154 0.03474094646910938 402
1694737355434 0.6670591874174966 403
1694737355789 1.2997990689530674 404
1694737356124 1.261707036330137 405
1694737356452 0.4416549502639835 406
1694737356711 0.030237051482656697 407
1694737356946 1.0388103738781558 408
1694737357235 1.197289123183942 409
1694737357533 3.8299791992000316e-05 410
1694737357949 1.0807071178554264 411
1694737358232 0.05290912445333413 412
1694737358515 4.488032273671292 413
1694737358818 2.6941393843978614 414
1694737359122 0.7439249951753356 415
1694737359368 5.931220932130876 416
1694737359635 2.2874158227757215 417
1694737359862 0.12306843548960524 418
1694737360199 1.2345461790822556 419
1694737360488 1.1649939670400553 420
1694737360732 0.20798990468952275 421
1694737361067 0.27514914242217076 422
1694737361386 2.1467708163106516 423
1694737361722 8.938672175581027 424
1694737362001 0.01601473869719514 425
1694737362378 0.7337349564313768 426
1694737362688 0.559510788258226 427
1694737363034 0.4187990540139963 428
1694737363279 4.667263573608779 429
1694737363589 1.400291085788532 430
1694737363896 0.32978136565758825 431
1694737364165 0.191101340057158 432
1694737364561 0.27406732762532166 433
1694737364858 3.174455987666373 434
1694737365128 2.9613190173314465 435
1694737365447 0.6569801252131888 436
1694737365725 0.8236919366183515 437
1694737366083 2.045388742753331 438
1694737366391 4.367946278345925 439
1694737366754 0.8312708096579224 440
1694737367063 15.285730788447173 441
1694737367318 0.07403387445931608 442
1694737367654 3.546291900529623 443
1694737367967 0.820294959805854 444
1694737368259 2.4151593596446537 445
1694737368690 0.00017086307978405596 446
1694737369063 1.7329702035103494 447
1694737369306 8.669731708899308 448
1694737369668 3.99649829833152 449
1694737369954 0.07866176499541462 450
1694737370273 1.4609698796909438 451
1694737370614 1.737577206653127 452
1694737370931 0.7892045854831113 453
1694737371312 0.08047528518112873 454
1694737371616 0.13511279103419913 455
1694737371882 0.032704818821955604 456
1694737372175 4.810447993890091 457
1694737372497 0.0768448735702205 458
1694737372833 2.8871799996320044 459
1694737373125 0.10971053097750283 460
1694737373419 0.5348635857166971 461
1694737373736 0.5261421610336292 462
1694737374015 0.15875492257510312 463
1694737374428 2.0194007932651283 464
1694737374717 1.665998877698548 465
1694737375052 0.05254711373961786 466
1694737375335 3.8839715763216276 467
1694737375714 1.1391682349911079 468
1694737376107 12.06904676098277 469
1694737376397 0.3490817462283104 470
1694737376719 0.14913328600080017 471
1694737376990 0.01129542418035361 472
1694737377258 0.37120341173955035 473
1694737377475 0.02398606876427298 474
1694737377845 0.04427385278097359 475
1694737378182 1.6676733724485413 476
1694737378437 1.6176356435677153 477
1694737378713 1.452732350465191 478
1694737379001 0.296062991577109 479
1694737379322 0.0008858219967018772 480
1694737379617 2.4958573391885834 481
1694737379967 0.0028716018564570816 482
1694737380332 2.0731822675350497 483
1694737380626 3.5287234505194593 484
1694737380904 3.444270111424588 485
1694737381210 2.9296408651130936 486
1694737381503 7.431791365558835 487
1694737381762 18.642277042540645 488
1694737382015 0.44010479018221493 489
1694737382393 0.39645285709280037 490
1694737382625 0.18360870517666456 491
1694737382870 0.006315275091082187 492
1694737383157 0.05173446132983933 493
1694737383489 0.44342910053342804 494
1694737383772 10.885887383114692 495
1694737384099 0.00337486650200908 496
1694737384557 2.327151172982821 497
1694737384801 1.3406199999183512 498
1694737385112 0.5057544029861927 499
