1694716658193 173.29938077459792 0
1694716658595 169.2457940967374 1
1694716658974 165.28835075079434 2
1694716659405 161.42477039806906 3
1694716659835 157.65282678519964 4
1694716660164 153.97034646135972 5
1694716660539 150.37520752588182 6
1694716660890 146.86533840558457 7
1694716661196 143.43871666109973 8
1694716661622 140.09336782151055 9
1694716661983 136.8273642466305 10
1694716662295 133.63882401626682 11
1694716662666 130.52590984582793 12
1694716662988 127.4868280276515 13
1694716663300 124.51982739744169 14
1694716663676 121.62319832522039 15
1694716664026 118.79527173021181 16
1694716664320 116.03441811909151 17
1694716664656 113.33904664704686 18
1694716665031 110.70760420110696 19
1694716665310 108.13857450521459 20
1694716665579 105.63047724652395 21
1694716665894 103.18186722242105 22
1694716666281 100.79133350777511 23
1694716666547 98.45749864194134 24
1694716666834 96.17901783504631 25
1694716667183 93.9545781930988 26
1694716667577 91.7828979614796 27
1694716668049 89.66272578637424 28
1694716668406 87.5928399937232 29
1694716668766 85.57204788527403 30
1694716669126 83.5991850513298 31
1694716669447 81.67311469979785 32
1694716669800 79.79272700115224 33
1694716670124 77.9569384489325 34
1694716670446 76.16469123541012 35
1694716670848 74.41495264206291 36
1694716671148 72.7067144445065 37
1694716671486 71.03899233153936 38
1694716671829 69.41082533796727 39
1694716672134 67.82127529087997 40
1694716672413 66.26942626906107 41
1694716672764 64.75438407521992 42
1694716673149 63.275275720740886 43
1694716673448 61.831248922653636 44
1694716673802 60.42147161253418 45
1694716674080 59.04513145705393 46
1694716674394 57.70143538990047 47
1694716674768 56.3896091548001 48
1694716675110 55.10889685937934 49
1694716675459 53.858560539607666 50
1694716675767 52.63787973457103 51
1694716676111 51.44615107133094 52
1694716676379 50.282687859629846 53
1694716676693 49.14681969620943 54
1694716677049 48.03789207851356 55
1694716677341 46.955266027553726 56
1694716677694 45.898317719719145 57
1694716678121 44.86643812731985 58
1694716678482 43.85903266765524 59
1694716678937 42.8755208604062 60
1694716679275 41.91533599315316 61
1694716679718 40.97792479482748 62
1694716680098 40.062747116907886 63
1694716680406 39.16927562217841 64
1694716680729 38.29699548086835 65
1694716681051 37.4454040739992 66
1694716681319 36.61401070376776 67
1694716681656 35.802336310798175 68
1694716681956 35.00991319810049 69
1694716682295 34.236284761576236 70
1694716682647 33.48100522691584 71
1694716682931 32.743639392736604 72
1694716683245 32.02376237981267 73
1694716683579 31.32095938625297 74
1694716684034 30.634825448485767 75
1694716684425 29.964965207912357 76
1694716684745 29.310992683095105 77
1694716685052 28.672531047348897 78
1694716685395 28.049212411607673 79
1694716685774 27.4406776124409 80
1694716686091 26.84657600509797 81
1694716686460 26.26656526146113 82
1694716686757 25.700311172790656 83
1694716687102 25.147487457148472 84
1694716687430 24.60777557138937 85
1694716687786 24.080864527611425 86
1694716688232 23.56645071395981 87
1694716688530 23.064237719680925 88
1694716688841 22.5739361643258 89
1694716689270 22.09526353100454 90
1694716689626 21.627944003595598 91
1694716690011 21.171708307816203 92
1694716690303 20.726293556062267 93
1694716690586 20.291443095928372 94
1694716690932 19.86690636232067 95
1694716691256 19.452438733077226 96
1694716691538 19.047801388012957 97
1694716691918 18.65276117130761 98
1694716692273 18.267090457157746 99
1694716692580 17.890567018615137 100
1694716692868 17.522973899536076 101
1694716693189 17.164099289567854 102
1694716693544 16.813736402100275 103
1694716693900 16.471683355111963 104
1694716694346 16.13774305484274 105
1694716694684 15.811723082225091 106
1694716695003 15.49343558200927 107
1694716695370 15.182697154518136 108
1694716695674 14.879328749969378 109
1694716695991 14.583155565304182 110
1694716696344 14.294006943462966 111
1694716696712 14.011716275050082 112
1694716696995 13.73612090233086 113
1694716697299 13.467062025505642 114
1694716697628 13.20438461120686 115
1694716697971 12.947937303166329 116
1694716698324 12.697572335001384 117
1694716698662 12.45314544506958 118
1694716699090 12.214515793342848 119
1694716699412 11.981545880253226 120
1694716699748 11.75410146746347 121
1694716700119 11.53205150051679 122
1694716700436 11.315268033321196 123
1694716700785 11.103626154424965 124
1694716701202 10.897003915040672 125
1694716701492 10.69528225877637 126
1694716701784 10.498344953033435 127
1694716702109 10.30607852203151 128
1694716702405 10.11837218142195 129
1694716702708 9.935117774452143 130
1694716703087 9.756209709643885 131
1694716703442 9.581544899949906 132
1694716703752 9.411022703353474 133
1694716704082 9.244544864876895 134
1694716704414 9.082015459965431 135
1694716704735 8.923340839214058 136
1694716705119 8.768429574405204 137
1694716705457 8.617192405826373 138
1694716705812 8.469542190837279 139
1694716706192 8.3253938536569 140
1694716706487 8.18466433634144 141
1694716706735 8.047272550925065 142
1694716707010 7.913139332695715 143
1694716707307 7.782187394579149 144
1694716707609 7.654341282604932 145
1694716707993 7.529527332428644 146
1694716708414 7.407673626885335 147
1694716708731 7.288709954549713 148
1694716709079 7.1725677692792225 149
1694716709447 7.059180150716661 150
1694716709769 6.948481765729632 151
1694716710122 6.840408830764541 152
1694716710496 6.734899075093523 153
1694716710847 6.6318917049330635 154
1694716711176 6.5313273684136535 155
1694716711540 6.433148121380314 156
1694716711879 6.337297394004252 157
1694716712246 6.243719958186436 158
1694716712592 6.152361895734303 159
1694716712979 6.063170567293221 160
1694716713332 5.97609458201489 161
1694716713629 5.89108376794511 162
1694716713925 5.808089143113906 163
1694716714264 5.727062887311364 164
1694716714583 5.647958314532832 165
1694716714915 5.57072984607775 166
1694716715244 5.495332984286468 167
1694716715569 5.421724286899971 168
1694716715926 5.349861342027802 169
1694716716275 5.279702743709635 170
1694716716590 5.211208068056513 171
1694716716886 5.144337849957973 172
1694716717286 5.07905356034161 173
1694716717750 5.0153175839720365 174
1694716718145 4.953093197776383 175
1694716718516 4.892344549683874 176
1694716718830 4.83303663796731 177
1694716719211 4.775135291074522 178
1694716719569 4.718607147938183 179
1694716720055 4.663419638752619 180
1694716720436 4.609540966206592 181
1694716720735 4.556940087161183 182
1694716721061 4.505586694762244 183
1694716721393 4.455451200977105 184
1694716721771 4.40650471954549 185
1694716722178 4.358719049334796 186
1694716722549 4.312066658090152 187
1694716722899 4.2665206665699 188
1694716723262 4.22205483305736 189
1694716723591 4.178643538239931 190
1694716723949 4.13626177044684 191
1694716724347 4.0948851112370175 192
1694716724734 4.054489721328819 193
1694716725069 4.015052326863449 194
1694716725405 3.976550205994185 195
1694716725708 3.938961175793706 196
1694716726019 3.902263579471945 197
1694716726424 3.866436273897078 198
1694716726959 3.831458617412545 199
1694716727421 3.7973104579429857 200
1694716727704 3.7639721213823 201
1694716728036 3.731424400257124 202
1694716728379 3.6996485426591756 203
1694716728687 3.668626241440107 204
1694716729080 3.6383396236626315 205
1694716729434 3.608771240301871 206
1694716729781 3.57990405619094 207
1694716730144 3.5517214402050232 208
1694716730539 3.524207155678246 209
1694716730874 3.497345351047863 210
1694716731185 3.4711205507203293 211
1694716731594 3.4455176461540264 212
1694716731911 3.4205218871534746 213
1694716732189 3.396118873370046 214
1694716732540 3.3722945460042495 215
1694716732847 3.3490351797048294 216
1694716733222 3.32632737466001 217
1694716733563 3.304158048876302 218
1694716733971 3.2825144306404552 219
1694716734303 3.2613840511601957 220
1694716734650 3.240754737379511 221
1694716734972 3.220614604964343 222
1694716735298 3.2009520514546486 223
1694716735640 3.18175574957888 224
1694716735981 3.163014640727025 225
1694716736401 3.1447179285784714 226
1694716736721 3.1268550728809896 227
1694716737039 3.1094157833772726 228
1694716737369 3.092390013875535 229
1694716737740 3.075767956460728 230
1694716738180 3.059540035843079 231
1694716738557 3.0436969038406385 232
1694716738847 3.028229433992729 233
1694716739176 3.013128716301118 234
1694716739564 2.9983860520959533 235
1694716739967 2.9839929490234365 236
1694716740298 2.9699411161524054 237
1694716740699 2.9562224591969666 238
1694716741051 2.9428290758524334 239
1694716741431 2.9297532512419058 240
1694716741746 2.91698745347082 241
1694716742071 2.9045243292869665 242
1694716742346 2.892356699843423 243
1694716742706 2.880477556561997 244
1694716743080 2.868880057094757 245
1694716743389 2.8575575213813798 246
1694716743699 2.8465034277999908 247
1694716744033 2.8357114094092926 248
1694716744366 2.8251752502798384 249
1694716744664 2.8148888819123274 250
1694716745016 2.8048463797408223 251
1694716745413 2.795041959718929 252
1694716745744 2.7854699749869365 253
1694716746050 2.7761249126180068 254
1694716746417 2.7670013904415445 255
1694716746779 2.758094153941894 256
1694716747069 2.7493980732306187 257
1694716747351 2.7409081400905646 258
1694716747768 2.732619465090058 259
1694716748177 2.7245272747655305 260
1694716748497 2.716626908870977 261
1694716748808 2.7089138176926486 262
1694716749142 2.701383559427434 263
1694716749472 2.694031797623423 264
1694716749842 2.6868542986811748 265
1694716750138 2.6798469294142513 266
1694716750477 2.67300565466761 267
1694716750870 2.6663265349924865 268
1694716751147 2.6598057243764135 269
1694716751470 2.6534394680270994 270
1694716751847 2.647224100208848 271
1694716752234 2.641156042130311 272
1694716752618 2.6352317998823245 273
1694716752937 2.6294479624246683 274
1694716753271 2.623801199620573 275
1694716753603 2.618288260317835 276
1694716753931 2.6129059704754605 277
1694716754295 2.607651231334726 278
1694716754679 2.6025210176336255 279
1694716754998 2.5975123758636682 280
1694716755345 2.592622422568024 281
1694716755765 2.587848342680024 282
1694716756095 2.5831873879010745 283
1694716756463 2.5786368751170503 284
1694716756807 2.574194184852237 285
1694716757217 2.5698567597599515 286
1694716757574 2.5656221031489537 287
1694716757944 2.5614877775448135 288
1694716758343 2.5574514032854054 289
1694716758732 2.553510657149707 290
1694716759036 2.549663271019119 291
1694716759366 2.545907030570545 292
1694716759797 2.5422397740004583 293
1694716760145 2.5386593907792387 294
1694716760504 2.5351638204350535 295
1694716760817 2.5317510513665815 296
1694716761244 2.528419119683891 297
1694716761638 2.5251661080768253 298
1694716762041 2.5219901447102067 299
1694716762381 2.5188894021452644 300
1694716762719 2.5158620962866314 301
1694716763018 2.512906485354322 302
1694716763278 2.5100208688800905 303
1694716763582 2.5072035867275932 304
1694716763907 2.504453018135795 305
1694716764248 2.5017675807850575 306
1694716764567 2.4991457298853827 307
1694716764920 2.496585957286281 308
1694716765259 2.494086790607753 309
1694716765647 2.491646792391875 310
1694716765984 2.4892645592745226 311
1694716766409 2.48693872117672 312
1694716766766 2.484667940515184 313
1694716767076 2.4824509114315894 314
1694716767466 2.4802863590401083 315
1694716767802 2.4781730386928023 316
1694716768197 2.4761097352624395 317
1694716768630 2.4740952624423147 318
1694716768984 2.472128462062684 319
1694716769267 2.470208203423406 320
1694716769586 2.468333382642418 321
1694716769952 2.466502922019659 322
1694716770228 2.464715769416085 323
1694716770511 2.4629708976474056 324
1694716770876 2.461267303892208 325
1694716771213 2.4596040091141145 326
1694716771523 2.4579800574976436 327
1694716771886 2.456394515897458 328
1694716772161 2.454846473300669 329
1694716772490 2.4533350403018988 330
1694716772833 2.451859348590787 331
1694716773144 2.4504185504516616 332
1694716773572 2.449011818275067 333
1694716773896 2.4476383440808864 334
1694716774226 2.4462973390527685 335
1694716774498 2.4449880330836 336
1694716774840 2.4437096743317555 337
1694716775162 2.44246152878788 338
1694716775477 2.4412428798519348 339
1694716775835 2.4400530279202863 340
1694716776112 2.4388912899825774 341
1694716776476 2.437756999228174 342
1694716776831 2.436649504661931 343
1694716777162 2.435568170729084 344
1694716777539 2.434512376949028 345
1694716777962 2.43348151755779 346
1694716778359 2.4324750011589784 347
1694716778767 2.4314922503830076 348
1694716779098 2.4305327015544127 349
1694716779387 2.4295958043670463 350
1694716779725 2.4286810215669896 351
1694716780020 2.427787828642972 352
1694716780419 2.426915713524142 353
1694716780768 2.4260641762850064 354
1694716781028 2.425232728857359 355
1694716781282 2.4244208947490558 356
1694716781564 2.4236282087694474 357
1694716781890 2.422854216761328 358
1694716782191 2.422098475339249 359
1694716782565 2.421360551634027 360
1694716782998 2.420640023043319 361
1694716783284 2.419936476988115 362
1694716783700 2.419249510675002 363
1694716784065 2.4185787308640685 364
1694716784321 2.41792375364231 365
1694716784629 2.4172842042024185 366
1694716784941 2.416659716626807 367
1694716785316 2.4160499336767653 368
1694716785612 2.4154545065866113 369
1694716785907 2.414873094862729 370
1694716786210 2.41430536608737 371
1694716786571 2.4137509957271064 372
1694716786925 2.4132096669458334 373
1694716787214 2.412681070422202 374
1694716787591 2.4121649041713815 375
1694716787965 2.4116608733710527 376
1694716788511 2.4111686901915275 377
1694716789023 2.4106880736298955 378
1694716789369 2.410218749348104 379
1694716789757 2.409760449514885 380
1694716790156 2.409312912651422 381
1694716790496 2.4088758834806825 382
1694716790836 2.408449112780326 383
1694716791125 2.4080323572390956 384
1694716791408 2.407625379316619 385
1694716791775 2.4072279471065334 386
1694716792157 2.40683983420286 387
1694716792453 2.4064608195695407 388
1694716792714 2.4060906874130783 389
1694716793044 2.40572922705819 390
1694716793330 2.405376232826414 391
1694716793629 2.4050315039175936 392
1694716794010 2.404694844294174 393
1694716794365 2.404366062568241 394
1694716794702 2.4040449718912438 395
1694716795102 2.4037313898463233 396
1694716795482 2.4034251383432075 397
1694716795826 2.403126043515589 398
1694716796209 2.402833935620942 399
1694716796509 2.402548648942714 400
1694716796924 2.402270021694836 401
1694716797258 2.4019978959284995 402
1694716797601 2.4017321174411452 403
1694716797944 2.401472535687609 404
1694716798310 2.401219003693371 405
1694716798581 2.4009713779698734 406
1694716798895 2.400729518431834 407
1694716799227 2.4004932883165337 408
1694716799577 2.4002625541050024 409
1694716800004 2.4000371854450906 410
1694716800303 2.399817055076358 411
1694716800630 2.3996020387567376 412
1694716800961 2.3993920151909567 413
1694716801262 2.3991868659606315 414
1694716801668 2.398986475456043 415
1694716801993 2.3987907308095155 416
1694716802268 2.398599521830383 417
1694716802551 2.398412740941493 418
1694716802943 2.3982302831172215 419
1694716803282 2.398052045822955 420
1694716803553 2.3978779289560053 421
1694716803943 2.397707834787935 422
1694716804272 2.397541667908237 423
1694716804610 2.3973793351693646 424
1694716804940 2.3972207456330556 425
1694716805283 2.397065810517931 426
1694716805660 2.3969144431483373 427
1694716806060 2.3967665589044076 428
1694716806362 2.3966220751732963 429
1694716806625 2.3964809113015795 430
1694716806951 2.3963429885487812 431
1694716807375 2.3962082300420007 432
1694716807762 2.3960765607316166 433
1694716808209 2.395947907348045 434
1694716808563 2.395822198359518 435
1694716808916 2.395699363930865 436
1694716809293 2.3955793358832755 437
1694716809648 2.395462047655012 438
1694716810023 2.395347434263056 439
1694716810324 2.395235432265662 440
1694716810784 2.395125979725805 441
1694716811120 2.3950190161754907 442
1694716811403 2.394914482580908 443
1694716811754 2.3948123213084207 444
1694716812147 2.39471247609135 445
1694716812476 2.394614891997559 446
1694716812854 2.394519515397798 447
1694716813284 2.3944262939348007 448
1694716813573 2.3943351764931173 449
1694716813902 2.3942461131696593 450
1694716814271 2.394159055244946 451
1694716814658 2.394073955155032 452
1694716815013 2.393990766464098 453
1694716815462 2.393909443837694 454
1694716815856 2.39382994301662 455
1694716816205 2.393752220791419 456
1694716816537 2.3936762349774803 457
1694716816907 2.3936019443907357 458
1694716817315 2.3935293088239225 459
1694716817705 2.3934582890234206 460
1694716818219 2.39338884666663 461
1694716818518 2.3933209443398917 462
1694716818821 2.393254545516928 463
1694716819136 2.3931896145377953 464
1694716819430 2.3931261165883386 465
1694716819744 2.393064017680126 466
1694716820110 2.3930032846308693 467
1694716820440 2.3929438850453004 468
1694716820779 2.3928857872965072 469
1694716821128 2.3928289605077073 470
1694716821432 2.392773374534458 471
1694716821742 2.3927189999472867 472
1694716822063 2.3926658080147303 473
1694716822459 2.392613770686783 474
1694716822803 2.392562860578734 475
1694716823133 2.3925130509553827 476
1694716823479 2.3924643157156407 477
