1694726146153 0.6754324810426084 0
1694726146461 10.918446383665245 1
1694726146794 3.155396223002589 2
1694726147079 0.9098355845025805 3
1694726147345 1.3092762830681606 4
1694726147735 0.23807450574551692 5
1694726148045 0.5090068092417205 6
1694726148304 0.23810094543077495 7
1694726148648 17.20800965014483 8
1694726148974 3.0294466023700624 9
1694726149189 1.675807448598426 10
1694726149510 2.7003835376866885 11
1694726149814 3.72404830371398e-05 12
1694726150111 1.895381298122132 13
1694726150382 1.212219523974742 14
1694726150654 4.7813918421924875 15
1694726151014 0.1071929906426816 16
1694726151261 8.107818564965338 17
1694726151584 2.799091135981088 18
1694726151905 4.9757142153944365 19
1694726152199 0.04306735367216337 20
1694726152468 0.020096959868438655 21
1694726152774 0.008080651721003083 22
1694726153181 0.9807455879806724 23
1694726153568 0.0009968209605419808 24
1694726154005 2.445477035614173 25
1694726154302 0.9546606859862119 26
1694726154613 1.6151132700314552 27
1694726155062 1.0619528746652105 28
1694726155405 1.1716264576296798 29
1694726155780 0.027328585619472188 30
1694726156106 0.3876155390668327 31
1694726156379 0.6913737944726307 32
1694726156684 1.2829099464290756 33
1694726157000 1.757584840135262 34
1694726157290 0.2936364135283103 35
1694726157599 0.40867590124623476 36
1694726157921 0.616273993293919 37
1694726158286 0.9187569084837885 38
1694726158621 2.167506361242466 39
1694726158946 4.517649234810528 40
1694726159243 0.04364439675880722 41
1694726159576 0.23473786858651186 42
1694726159924 0.28532863547129894 43
1694726160235 1.4713658108055254 44
1694726160525 14.593838347273275 45
1694726160855 4.330378641807022 46
1694726161175 2.9984602196047607 47
1694726161409 0.6233200749148988 48
1694726161719 2.544286070194972 49
1694726162086 0.955908690571437 50
1694726162395 1.5761703080519076 51
1694726162688 0.000722575216368003 52
1694726162993 2.38259542732293 53
1694726163292 5.087634025764066 54
1694726163519 0.04829602240494907 55
1694726163844 6.4224896126666735 56
1694726164206 0.7903162532314126 57
1694726164479 0.01906779744225301 58
1694726164791 0.005770761420473643 59
1694726165124 0.09049748707195014 60
1694726165451 0.141321765509947 61
1694726165769 0.4708827997203299 62
1694726166099 0.04134453533529141 63
1694726166430 0.44147713539333616 64
1694726166785 0.560462253358631 65
1694726167168 2.5739822049701333 66
1694726167455 0.33586849805675373 67
1694726167780 1.0670300404022446 68
1694726168127 5.047037258870579 69
1694726168382 0.44719291501040453 70
1694726168672 0.7733149050059768 71
1694726168914 0.20258369877040566 72
1694726169210 0.6980744911277685 73
1694726169448 4.390104863296227 74
1694726169725 3.529636536788991 75
1694726170030 3.890733476086549 76
1694726170355 6.238215006563394 77
1694726170599 0.5492573884305473 78
1694726170977 2.0409456840637343 79
1694726171321 3.808612130000048 80
1694726171548 0.023037885852724996 81
1694726171778 1.6322228385705877e-06 82
1694726172064 0.015191045871718867 83
1694726172383 0.10932088448943171 84
1694726172657 3.044694787617846 85
1694726173018 1.3752696827341941 86
1694726173280 7.195929247707575 87
1694726173555 2.2716169136433972 88
1694726173883 1.5747225758422345 89
1694726174208 4.533183506524307 90
1694726174524 5.188900115763062 91
1694726174790 0.0729302133330955 92
1694726175096 0.5823419018463843 93
1694726175542 3.9055895428658856 94
1694726175870 1.5696476181227839 95
1694726176202 0.0007089448187889674 96
1694726176513 0.24557928522533656 97
1694726176865 0.004467032684121636 98
1694726177474 1.287714622514038 99
1694726177797 1.5621229947618258 100
1694726178109 1.0205719663374493 101
1694726178426 0.18954989505147785 102
1694726178744 1.6913159864049176 103
1694726178979 0.15989335827140186 104
1694726179262 5.347650390286712 105
1694726179588 0.0013939881618682383 106
1694726179969 0.07360316443442105 107
1694726180230 4.419016725749009 108
1694726180540 1.0335489619000724 109
1694726180788 0.7553513784815987 110
1694726181132 0.5466561019923258 111
1694726181460 1.2417084966111946 112
1694726181736 4.324036219027985 113
1694726182127 0.5461010446164383 114
1694726182433 0.19542503446017662 115
1694726182721 1.4689438057343087 116
1694726182994 0.7063200117258762 117
1694726183321 0.27258723571926113 118
1694726183617 1.9772048974941345 119
1694726183825 0.26211189548282143 120
1694726184142 1.7719842703439341 121
1694726184479 0.7630009969146279 122
1694726184746 0.022567425391730154 123
1694726185063 2.4689569162774014 124
1694726185414 0.2036526626587677 125
1694726185735 2.5432825198931592 126
1694726185985 3.5907586910380087 127
1694726186360 0.18374230032525316 128
1694726186696 3.718636739848722 129
1694726186962 3.3573425949904157 130
1694726187337 0.352777465371606 131
1694726187661 1.3144910367008915 132
1694726187956 29.585074918271676 133
1694726188317 0.3351319249202388 134
1694726188713 3.291115446812783 135
1694726188963 1.1221895998763811 136
1694726189280 5.238536308145996e-06 137
1694726189610 4.69160279775677 138
1694726189881 15.89248262411725 139
1694726190167 8.564270696373377 140
1694726190430 1.4972284871381094 141
1694726190712 0.3959727348517188 142
1694726191010 1.004055078152166 143
1694726191316 0.028677616233733483 144
1694726191664 0.07547955158686752 145
1694726191939 0.6894550334316792 146
1694726192165 0.6333567584570579 147
1694726192419 0.48472937890803547 148
1694726192742 0.06354412376214355 149
1694726193041 0.21956771651220117 150
1694726193381 0.8695068074452913 151
1694726193699 4.319621593404125 152
1694726193976 0.2339007830628353 153
1694726194254 3.3208250440172744 154
1694726194563 4.144181530464121 155
1694726194888 0.000289662442143278 156
1694726195128 0.1980579739159147 157
1694726195571 0.0424323231374076 158
1694726195896 1.0525103686207384 159
1694726196144 8.918301703228389 160
1694726196398 0.7004115300447855 161
1694726196728 5.4466234961413535 162
1694726197018 0.058273815165593636 163
1694726197353 2.2485592205946126 164
1694726197724 0.21197047053008583 165
1694726197997 3.558854994047154 166
1694726198290 1.489300499782761 167
1694726198588 0.46282446539740046 168
1694726198873 3.1461555845615923 169
1694726199199 0.007745847448569094 170
1694726199524 0.6899789469918294 171
1694726199889 0.49426434613140063 172
1694726200176 0.41647227298323136 173
1694726200417 0.042400586967457 174
1694726200686 0.13845904441952933 175
1694726200998 2.6938466611447525 176
1694726201336 0.4023579100882875 177
1694726201643 4.191331717918391 178
1694726201952 0.02305539577343516 179
1694726202297 1.7529593970887998 180
1694726202678 0.3658399390906708 181
1694726202968 0.7842743277764795 182
1694726203195 5.5212073202472745 183
1694726203473 0.04606885599232955 184
1694726203793 3.594796042882869 185
1694726204094 2.4310008627325206 186
1694726204423 0.05250804036655439 187
1694726204743 16.484374166431937 188
1694726205050 0.21087429595601945 189
1694726205264 5.507590685834282 190
1694726205638 0.5943116423563937 191
1694726205950 0.9079034204539944 192
1694726206240 0.03242658004151808 193
1694726206581 1.2266892197733106 194
1694726206994 0.433638751013827 195
1694726207347 2.04471482836676 196
1694726207759 31.76133478950979 197
1694726208104 0.9497395030736463 198
1694726208395 9.530155244899955 199
1694726208821 0.014095234976521443 200
1694726209156 0.5471565630623739 201
1694726209448 0.24105786107965457 202
1694726209771 6.780296357072546 203
1694726210093 0.4115665234882029 204
1694726210399 0.16495119996036345 205
1694726210694 2.9662378027046463 206
1694726211057 0.8038172315542577 207
1694726211331 0.7533024439825182 208
1694726211594 1.9546760359261144 209
1694726211943 2.625368254244347 210
1694726212233 0.38603090695373593 211
1694726212565 4.329707781961723 212
1694726212893 12.13643377157335 213
1694726213262 2.537530143300617 214
1694726213550 0.01830039723717076 215
1694726213834 2.2878499951129005 216
1694726214106 1.7244732015384374 217
1694726214348 0.7225897199152271 218
1694726214671 0.013318248338726453 219
1694726214906 0.26789609723468694 220
1694726215125 2.149622571542723 221
1694726215507 0.06560159539896561 222
1694726215849 1.881309046583953 223
1694726216177 0.13916214136652355 224
1694726216408 0.00918102493125922 225
1694726216716 13.827354234792185 226
1694726217043 0.38966840515116496 227
1694726217340 0.052433417171385326 228
1694726217637 0.30779489980383684 229
1694726217956 4.318514792473645 230
1694726218199 1.0889527285061698 231
1694726218417 0.52424717410448 232
1694726218675 0.40101167858235803 233
1694726219051 5.994928912322657 234
1694726219344 3.3000555783654812 235
1694726219652 1.7960920617837708 236
1694726220041 1.32207624438484 237
1694726220394 0.3653245067921111 238
1694726220696 0.4708234789932852 239
1694726221028 0.6150714971266223 240
1694726221316 1.8929172230800069 241
1694726221559 0.2614636295008349 242
1694726221821 0.9064644466998194 243
1694726222183 0.22343855250461978 244
1694726222462 1.9672704970964296 245
1694726222735 11.800069337739325 246
1694726223047 5.2774561026490305 247
1694726223378 3.152892327008402 248
1694726223677 2.6928546811987673 249
1694726223969 0.9510948838462607 250
1694726224331 1.2452104791154128 251
1694726224652 3.907965683515522 252
1694726224964 0.2557465465774732 253
1694726225301 3.9238366599326313 254
1694726225627 2.457155449902338 255
1694726225955 13.816973499477875 256
1694726226276 0.35106938844400737 257
1694726226673 0.0009446832843351706 258
1694726226938 0.026736996933611017 259
1694726227279 12.189339451466136 260
1694726227560 0.3409167126999948 261
1694726227841 3.149054699040324 262
1694726228126 7.7672394580382305 263
1694726228465 0.0008796325977705086 264
1694726228787 0.13299586638289077 265
1694726229162 2.6047110194151077 266
1694726229706 4.648944400807572 267
1694726229990 0.15495980659175151 268
1694726230233 0.805622543293876 269
1694726230504 0.892038727146586 270
1694726230808 0.0700461127287196 271
1694726231193 7.831092056785618 272
1694726231514 1.4696831718368697 273
1694726231815 0.02786929948996381 274
1694726232133 0.476087257123164 275
1694726232443 0.17118047359478294 276
1694726232739 8.452770111114233 277
1694726233016 0.00937105961675807 278
1694726233386 1.1778155605841925 279
1694726233671 0.0060542335881824914 280
1694726233975 1.8742048086563725 281
1694726234311 0.8291051640422417 282
1694726234618 0.9743649591628493 283
1694726234904 8.028723202693158 284
1694726235214 4.342676109952367 285
1694726235638 0.6383111419953426 286
1694726235899 0.17386442002922384 287
1694726236208 28.67856090725371 288
1694726236490 2.146424805818487 289
1694726236762 1.1286780656460615 290
1694726237245 0.05515966277286446 291
1694726237605 1.205803892550682 292
1694726237903 0.13444660717754184 293
1694726238202 0.7696969222419884 294
1694726238512 3.510646944203146 295
1694726238933 0.772218354882824 296
1694726239189 1.7623547081360573 297
1694726239513 2.46955863058415 298
1694726239789 0.23923370406017458 299
1694726240120 4.7045623515153885 300
1694726240432 0.9693605017821353 301
1694726240734 2.179738154566024 302
1694726240976 0.011840206514215974 303
1694726241313 0.032777617244187096 304
1694726241614 15.53074541070513 305
1694726241908 0.8705326596990633 306
1694726242271 0.03553545715468954 307
1694726242575 1.4908613264118047 308
1694726242845 1.3426543075197743 309
1694726243112 0.9322856068402204 310
1694726243362 1.2979459021318607 311
1694726243608 1.4254334665361388 312
1694726243882 0.9972839409620164 313
1694726244159 0.703563441429852 314
1694726244492 0.7811631048758125 315
1694726244805 0.5946116145755779 316
1694726245039 0.671671178251538 317
1694726245283 0.8737072842965804 318
1694726245611 0.14156001046557457 319
1694726245861 0.09648143712001629 320
1694726246097 0.05038152450526562 321
1694726246372 0.5507793691924772 322
1694726246768 0.992703292671112 323
1694726247042 0.8367362458183123 324
1694726247337 2.9695676862486104 325
1694726247653 0.223524677750515 326
1694726248010 0.14096687838611086 327
1694726248293 0.7818772759287494 328
1694726248564 0.11812429646027187 329
1694726248919 5.044070346598042 330
1694726249154 0.7608904466161731 331
1694726249448 0.9031761524913103 332
1694726249742 0.032419697725762774 333
1694726250169 0.3804067930736776 334
1694726250482 4.799365368923222 335
1694726250803 0.13946604584815755 336
1694726251127 0.03449672161811638 337
1694726251448 0.021993717182184454 338
1694726251764 6.182308124573276 339
1694726252080 0.31468631795117524 340
1694726252369 1.1317347129546302 341
1694726252676 0.7141761499974107 342
1694726252996 1.0345591603639472 343
1694726253308 11.5515349226891 344
1694726253616 2.761655972299839 345
1694726253939 7.825187261907701 346
1694726254266 1.3847603744300234 347
1694726254584 0.02873477429929746 348
1694726254886 0.0025750219874206776 349
1694726255148 1.2528276971311647 350
1694726255576 4.61599061732921 351
1694726255909 0.2998355092131649 352
1694726256177 3.5865565883294392 353
1694726256479 0.5291302828226043 354
1694726256801 1.0830530408770729 355
1694726257116 0.4815475705836607 356
1694726257469 1.7176540066388557 357
1694726257768 1.2699023056773178 358
1694726258123 0.3363907996850357 359
1694726258365 1.2638551529738509 360
1694726258646 0.7733646102684285 361
1694726258924 0.21394528312875674 362
1694726259188 0.6202613822827028 363
1694726259470 2.486960665463798 364
1694726259844 1.7424675401358891 365
1694726260175 0.036272931141833414 366
1694726260512 0.20881494287109056 367
1694726260845 0.38584716631582866 368
1694726261156 1.5049545374096902 369
1694726261385 3.5548808413831314 370
1694726261667 18.61817420908671 371
1694726261989 0.22154540872140946 372
1694726262313 0.16178947728203413 373
1694726262605 2.862010398243646 374
1694726262903 0.13178389347207697 375
1694726263209 0.5819878301072203 376
1694726263460 0.29420885667874397 377
1694726263731 2.2079225522551083 378
1694726264045 0.2370438068436888 379
1694726264588 4.748255428601737 380
1694726265036 2.4993070685771688 381
1694726265292 0.2650290886997546 382
1694726265669 4.879017140834124 383
1694726265998 0.8479522093638227 384
1694726266247 3.1659583146070736 385
1694726266546 0.31368350624524427 386
1694726266932 0.06686612687456235 387
1694726267306 13.009930032723526 388
1694726267626 0.48911818002790974 389
1694726267987 0.2690524701400089 390
1694726268299 1.2809328300956921 391
1694726268615 9.507958220691172 392
1694726268985 2.367252855493945 393
1694726269370 0.14738587863257774 394
1694726269699 0.3397291883176229 395
1694726270002 3.591497275950982 396
1694726270308 8.4677273410617 397
1694726270592 3.7768349764901594 398
1694726270873 1.9991759097885269 399
1694726271221 1.3643132669800409 400
1694726271591 0.38121054960954787 401
1694726271853 1.0958436647146652 402
1694726272121 4.3957746661277515 403
1694726272403 0.057769492939075434 404
1694726272697 0.01987186590690955 405
1694726273032 8.278081434179201 406
1694726273329 1.9188746183644927 407
1694726273677 3.798593278236632 408
1694726273999 3.191313788262853 409
1694726274302 2.7863306966535135 410
1694726274562 0.013084796692009057 411
1694726274877 1.8050669437574982 412
1694726275217 1.6668863072585127 413
1694726275512 0.44830407583787285 414
1694726275854 0.1190671033542051 415
1694726276157 1.2018239752440623 416
1694726276465 4.375225722810799 417
1694726276735 2.039248194554063 418
1694726276967 0.5995851529252794 419
1694726277292 4.931619115972325 420
1694726277536 4.722426555458762 421
1694726277841 1.284676251685851 422
1694726278207 0.7748182903686264 423
1694726278444 0.6450401903740437 424
1694726278662 0.7106126336425163 425
1694726278969 0.09102490381730416 426
1694726279337 0.4224170338210703 427
1694726279642 0.33374668035867894 428
1694726279958 0.22937509625504357 429
1694726280318 0.13117619038234782 430
1694726280576 17.282769507851437 431
1694726280828 0.8557413384934027 432
1694726281103 0.10357209338855315 433
1694726281413 0.7569065585434159 434
1694726281689 0.03879735374227589 435
1694726281992 0.000606029187244304 436
1694726282319 0.1458677376887988 437
1694726282672 0.0435407289928944 438
1694726282985 0.4670276146744545 439
1694726283299 0.048409258345085686 440
1694726283613 0.13904229528153655 441
1694726283918 0.01009071583392606 442
1694726284228 0.9231980290175463 443
1694726284552 0.3741955449989898 444
1694726284910 0.5174124123606846 445
1694726285267 0.6864696635994585 446
1694726285722 1.087632614747635 447
1694726286039 0.3082072558247032 448
1694726286358 2.9126682786462075 449
1694726286620 0.14563403525633228 450
1694726286976 1.1288274393949949 451
1694726287345 1.0110095570733921 452
1694726287622 1.2236121581644375 453
1694726287887 1.1028547618479936 454
1694726288262 1.7431299672751184 455
1694726288568 0.0918579117419764 456
1694726288823 0.04265713880906939 457
1694726289207 0.0316212550994516 458
1694726289497 0.17767754275151257 459
1694726289761 5.572496447153656 460
1694726290159 9.350251036402652 461
1694726290494 0.9419252411619278 462
1694726290767 0.012988370246811204 463
1694726291093 6.052547978140247 464
1694726291463 1.0806554187964508 465
1694726291768 8.058914339519553 466
1694726292112 0.05685985542869787 467
1694726292398 0.11472451572415694 468
1694726292664 3.1833047560558865 469
1694726292978 1.6306027248012067 470
1694726293307 0.25276247791207473 471
1694726293665 0.8548126409457972 472
1694726294089 0.058129179980116116 473
1694726294407 3.353809617248357 474
1694726294688 1.3210644580638446 475
1694726295004 1.1368840801272702 476
1694726295345 2.732287628272767 477
1694726295734 15.17489674333278 478
1694726296039 0.15868558533608168 479
1694726296385 0.6431893641284648 480
1694726296684 2.3169387935445847 481
1694726297001 2.0478749430272982 482
1694726297517 1.4827844244628752 483
1694726297823 3.475470866114277 484
1694726298190 1.5996505154211738 485
1694726298543 2.0250780784418607 486
1694726298842 0.48762846238567953 487
1694726299152 0.9982295757489641 488
1694726299466 2.162786518013879 489
1694726299741 3.788763063365096 490
1694726299976 3.035946309674263 491
1694726300286 0.815180186358812 492
1694726300608 0.8280211479155416 493
1694726300861 0.039378669419441716 494
1694726301137 8.469314948520065 495
1694726301472 0.9169574593440063 496
1694726301758 6.147084804031783 497
1694726302050 0.08804701631240051 498
1694726302396 0.6466845476011588 499
