1694742743325 0.27287661424137616 0
1694742743617 12.713457970903015 1
1694742743984 0.2120307767472623 2
1694742744296 0.0934973333875897 3
1694742744631 1.340166808777023 4
1694742744881 8.641692544121346e-05 5
1694742745093 1.061063652651578 6
1694742745330 0.1257461465980273 7
1694742745561 1.5367557542102381 8
1694742745837 0.0007105507369590398 9
1694742746117 3.1330309144194586 10
1694742746398 0.015427400359392702 11
1694742746633 4.739198414727371 12
1694742746893 0.869460702303345 13
1694742747119 0.5742967892961882 14
1694742747360 0.12374677953563845 15
1694742747607 1.2242437300872007 16
1694742747940 0.4592410460489992 17
1694742748264 0.14156036933248506 18
1694742748628 2.182210744615808 19
1694742748885 0.3579017904001638 20
1694742749139 0.1196129280858239 21
1694742749357 1.029404474477524 22
1694742749629 0.026400068925892046 23
1694742750017 1.132555368821013 24
1694742750363 1.503319911764901 25
1694742750664 0.5152530633424924 26
1694742750866 4.68350322580288 27
1694742751125 0.13902064562263605 28
1694742751446 6.787049910821556 29
1694742751692 3.372940419871486 30
1694742751913 0.1016338619262748 31
1694742752209 1.1023670601113669 32
1694742752613 1.3236315596306125 33
1694742752962 6.38855580387241 34
1694742753273 0.34553350749149475 35
1694742753571 1.2966991519765845 36
1694742753817 0.7574209613878329 37
1694742754064 0.016237028231105424 38
1694742754398 3.4639523298420953 39
1694742754680 0.5367275260367609 40
1694742755054 0.9705174190670826 41
1694742755397 0.2308643087576589 42
1694742755655 0.06109230165189591 43
1694742755867 0.14426649498161861 44
1694742756105 0.2993268168501517 45
1694742756346 0.3211468352727067 46
1694742756577 1.58927096437981 47
1694742756806 1.2900351630305877 48
1694742757035 0.10445954345421307 49
1694742757299 4.980087662312529 50
1694742757545 2.807254491910776 51
1694742757771 1.841293146775101 52
1694742757999 0.8384303038532593 53
1694742758259 1.0225172888583747 54
1694742758627 0.009046616022409486 55
1694742758864 32.23588966665578 56
1694742759109 8.241699510964162 57
1694742759311 1.1832748179852297 58
1694742759680 3.912473002455627 59
1694742759898 0.008919270755834197 60
1694742760191 1.6690282674538928 61
1694742760461 1.9343780027127784 62
1694742760782 0.014994944599794216 63
1694742761082 1.1510626030462616 64
1694742761395 0.353912349528009 65
1694742761752 0.253604471027029 66
1694742761991 1.3239268132797675 67
1694742762266 0.3151325532364551 68
1694742762578 0.23145428274246177 69
1694742762884 1.242953939055847 70
1694742763167 1.8669304099675574 71
1694742763492 6.419047013425118 72
1694742763805 4.220245120535581 73
1694742764153 3.5520274991197707 74
1694742764372 1.0195012850336582 75
1694742764610 3.999295005876658 76
1694742764864 1.6231690540883055 77
