1694731248138 26.317454833494725 0
1694731248426 4.2248247779058365 1
1694731248666 2.8838689748158424 2
1694731248889 2.208895515376672 3
1694731249031 2.3932629733394437 4
1694731249246 1.7688909741472791 5
1694731249514 2.3511164254423336 6
1694731249786 1.593153930696359 7
1694731250019 3.118954506178771 8
1694731250270 2.097269393253625 9
1694731250582 2.6627679785883114 10
1694731250829 3.5313370328758804 11
1694731251137 2.029258656920693 12
1694731251458 3.1480831619593985 13
1694731251711 1.7109207605841317 14
1694731251940 2.0229475444002154 15
1694731252196 1.7227868413633467 16
1694731252447 3.634956825377348 17
1694731252722 3.0579632943529442 18
1694731252949 1.8375399102288363 19
1694731253126 2.7446168623548153 20
1694731253274 3.4906565886512384 21
1694731253519 2.13618772759346 22
1694731253773 1.9453500690086796 23
1694731253970 2.750098366522353 24
