1694734808981 168.83606040366948 0
1694734809299 164.99175371962028 1
1694734809605 163.08257045330356 2
1694734809929 161.18470643201437 3
1694734810246 159.3093400038673 4
1694734810606 157.4561376517602 5
1694734810949 155.62483771469377 6
1694734811226 153.81518122088445 7
1694734811569 152.02691226365457 8
1694734811906 150.2597779627461 9
1694734812185 148.51352842854016 10
1694734812483 146.78791672668447 11
1694734812812 145.08269884313992 12
1694734813089 143.39763364964034 13
1694734813348 141.73248286956056 14
1694734813636 140.08701104418876 15
1694734813918 138.46098549939703 16
1694734814240 136.85417631270698 17
1694734814532 135.26635628074425 18
1694734814845 133.69730088707803 19
1694734815212 132.1467882704416 20
1694734815495 130.6145991933279 21
1694734815747 129.1005170109573 22
1694734816062 127.60432764061181 23
1694734816328 126.12581953133261 24
1694734816599 124.66478363397543 25
1694734816911 123.22101337162057 26
1694734817180 121.79430461033265 27
1694734817554 120.38445563026636 28
1694734817978 118.99126709711393 29
1694734818400 117.61454203389012 30
1694734818708 116.25408579305152 31
1694734819030 114.90970602894485 32
1694734819409 113.58121267058179 33
1694734819817 112.26841789473552 34
1694734820285 110.97113609935555 35
1694734820670 109.68918387729693 36
1694734821067 108.42237999036034 37
1694734821356 107.17054534363918 38
1694734821619 105.93350296017 39
1694734821948 104.71107795588284 40
1694734822257 103.50309751484788 41
1694734822666 102.30939086481487 42
1694734823014 101.1297892530418 43
1694734823298 99.96412592240962 44
1694734823711 98.81223608781929 45
1694734824056 97.67395691286815 46
1694734824409 96.54912748680226 47
1694734824761 95.43758880174093 48
1694734825115 94.33918373017116 49
1694734825406 93.253757002708 50
1694734825765 92.18115518611798 51
1694734826137 91.12122666160238 52
1694734826422 90.07382160333769 53
1694734826793 89.03879195726967 54
1694734827178 88.01599142015813 55
1694734827456 87.0052754188698 56
1694734827809 86.00650108991599 57
1694734828133 85.01952725923235 58
1694734828427 84.04421442219778 59
1694734828726 83.08042472388956 60
1694734829038 82.1280219395722 61
1694734829306 81.18687145541702 62
1694734829581 80.25684024944964 63
1694734829885 79.33779687272303 64
1694734830173 78.4296114307131 65
1694734830493 77.5321555649344 66
1694734830801 76.6453024347733 67
1694734831152 75.76892669953595 68
1694734831491 74.90290450070864 69
1694734831800 74.04711344442804 70
1694734832124 73.2014325841586 71
1694734832444 72.36574240357508 72
1694734832923 71.5399247996474 73
1694734833248 70.72386306592554 74
1694734833611 69.91744187602224 75
1694734833948 69.12054726729096 76
1694734834304 68.33306662469703 77
1694734834631 67.55488866487946 78
1694734834952 66.78590342040125 79
1694734835246 66.02600222418617 80
1694734835556 65.27507769413936 81
1694734835905 64.53302371794996 82
1694734836257 63.799735438073654 83
1694734836522 63.07510923689251 84
1694734836861 62.35904272205061 85
1694734837187 61.651434711962985 86
1694734837515 60.952185221496094 87
1694734837896 60.26119544781743 88
1694734838182 59.57836775641284 89
1694734838516 58.90360566726886 90
1694734838882 58.236813841218755 91
1694734839268 57.577898066449926 92
1694734839527 56.92676524517098 93
1694734839802 56.28332338043639 94
1694734840145 55.647481563127144 95
1694734840486 55.01914995908523 96
1694734840856 54.398239796400446 97
1694734841208 53.78466335284735 98
1694734841498 53.17833394347112 99
1694734841795 52.57916590831997 100
1694734842141 51.98707460032279 101
1694734842480 51.40197637331019 102
1694734842811 50.82378857017708 103
1694734843145 50.252429511185525 104
1694734843508 49.687818482405646 105
1694734843811 49.12987572429348 106
1694734844211 48.57852242040374 107
1694734844521 48.03368068623632 108
1694734844865 47.49527355821447 109
1694734845171 46.96322498279346 110
1694734845434 46.43745980569814 111
1694734845760 45.917903761287576 112
1694734846042 45.40448346204572 113
1694734846433 44.89712638819616 114
1694734846751 44.395760877439926 115
1694734847061 43.900316114814444 116
1694734847404 43.410722122672645 117
1694734847708 42.92690975078046 118
1694734848026 42.44881066653149 119
1694734848380 41.9763573452774 120
1694734848637 41.50948306077268 121
1694734848957 41.048121875732456 122
1694734849277 40.59220863250193 123
1694734849578 40.141678943836226 124
1694734849893 39.69646918378922 125
1694734850220 39.256516478710246 126
1694734850500 38.821758698347125 127
1694734850813 38.39213444705462 128
1694734851146 37.967583055106715 129
1694734851467 37.54804457011171 130
1694734851763 37.13345974852887 131
1694734852144 36.723770047285406 132
1694734852504 36.31891761549255 133
1694734852745 35.91884528625968 134
1694734852987 35.52349656860524 135
1694734853245 35.13281563946331 136
1694734853534 34.746747335784775 137
1694734853861 34.36523714673186 138
1694734854245 33.98823120596496 139
1694734854632 33.61567628402086 140
1694734854918 33.247519780780856 141
1694734855261 32.883709718028165 142
1694734855581 32.52419473209326 143
1694734855896 32.168924066586214 144
1694734856209 31.817847565215047 145
1694734856516 31.470915664688896 146
1694734856873 31.128079387705277 147
1694734857185 30.789290336020173 148
1694734857501 30.454500683600074 149
1694734857794 30.123663169855174 150
1694734858118 29.796731092952378 151
1694734858471 29.473658303207575 152
1694734858781 29.15439919655599 153
1694734859148 28.838908708099684 154
1694734859448 28.52714230573161 155
1694734859727 28.219055983834824 156
1694734860076 27.914606257056324 157
1694734860409 27.613750154154527 158
1694734860723 27.316445211919564 159
1694734861008 27.022649469165366 160
1694734861422 26.732321460792907 161
1694734861677 26.445420211923626 162
1694734861966 26.161905232102182 163
1694734862365 25.881736509567908 164
1694734862713 25.604874505593884 165
1694734863054 25.33128014889303 166
1694734863398 25.06091483009034 167
1694734863728 24.793740396260546 168
1694734863986 24.529719145530255 169
1694734864328 24.268813821744107 170
1694734864622 24.010987609193865 171
1694734864877 23.756204127409905 172
1694734865181 23.504427426014356 173
1694734865540 23.25562197963502 174
1694734865875 23.00975268287949 175
1694734866261 22.76678484536874 176
1694734866598 22.52668418682941 177
1694734866893 22.289416832244136 178
1694734867225 22.054949307059275 179
1694734867581 21.823248532449284 180
1694734867901 21.59428182063708 181
1694734868262 21.368016870269813 182
1694734868582 21.144421761849244 183
1694734869041 20.923464953216286 184
1694734869359 20.705115275088804 185
1694734869636 20.489341926652333 186
1694734869941 20.276114471202835 187
1694734870278 20.06540283184104 188
1694734870711 19.857177287217734 189
1694734871063 19.651408467329293 190
1694734871414 19.448067349363 191
1694734871688 19.24712525359151 192
1694734872022 19.048553839315808 193
1694734872413 18.852325100856223 194
1694734872716 18.65841136359079 195
1694734873086 18.46678528004053 196
1694734873436 18.27741982600097 197
1694734873713 18.09028829671947 198
1694734874007 17.905364303117697 199
1694734874388 17.722621768058836 200
1694734874798 17.542034922658917 201
1694734875163 17.363578302641777 202
1694734875545 17.18722674473711 203
1694734875800 17.01295538312118 204
1694734876167 16.840739645899525 205
1694734876554 16.670555251631363 206
1694734876862 16.502378205895027 207
1694734877169 16.336184797894074 208
1694734877548 16.171951597103508 209
1694734877857 16.009655449955662 210
1694734878292 15.849273476565276 211
1694734878660 15.690783067493355 212
1694734878976 15.5341618805492 213
1694734879321 15.37938783763036 214
1694734879699 15.22643912159989 215
1694734880006 15.075294173200591 216
1694734880384 14.925931688005708 217
1694734880682 14.778330613405704 218
1694734880986 14.632470145630686 219
1694734881327 14.488329726807995 220
1694734881655 14.345889042054662 221
1694734882037 14.205128016604197 222
1694734882390 14.066026812967396 223
1694734882729 13.928565828126697 224
1694734882959 13.792725690763726 225
1694734883273 13.658487258519651 226
1694734883551 13.525831615287922 227
1694734883876 13.394740068539008 228
1694734884166 13.265194146676789 229
1694734884484 13.137175596426246 230
1694734884830 13.010666380251987 231
1694734885148 12.885648673807342 232
1694734885494 12.762104863413624 233
1694734885791 12.640017543569172 234
1694734886115 12.519369514487902 235
1694734886481 12.400143779666907 236
1694734886819 12.282323543482875 237
1694734887164 12.165892208816915 238
1694734887472 12.05083337470749 239
1694734887812 11.937130834031027 240
1694734888118 11.824768571210095 241
1694734888483 11.713730759948556 242
1694734888861 11.604001760993592 243
1694734889139 11.495566119924137 244
1694734889469 11.388408564965502 245
1694734889787 11.282514004829833 246
1694734890086 11.177867526582105 247
1694734890440 11.07445439353134 248
1694734890803 10.972260043146825 249
1694734891179 10.87127008499887 250
1694734891512 10.77147029872402 251
1694734891844 10.67284663201427 252
1694734892135 10.575385198630077 253
1694734892493 10.479072276436883 254
1694734892845 10.383894305464832 255
1694734893149 10.289837885991455 256
1694734893513 10.196889776647017 257
1694734893858 10.105036892542282 258
1694734894167 10.014266303418413 259
1694734894443 9.924565231818734 260
1694734894782 9.835921051282153 261
1694734895095 9.748321284557909 262
1694734895431 9.661753601841465 263
1694734895818 9.576205819031214 264
1694734896094 9.491665896005866 265
1694734896396 9.408121934922173 266
1694734896708 9.325562178532763 267
1694734897021 9.243975008523922 268
1694734897332 9.163348943872958 269
1694734897692 9.083672639225075 270
1694734898067 9.004934883289389 271
1694734898397 8.927124597253922 272
1694734898737 8.850230833219333 273
1694734899047 8.774242772651203 274
1694734899394 8.699149724850571 275
1694734899735 8.62494112544262 276
1694734900035 8.551606534883176 277
1694734900399 8.47913563698291 278
1694734900769 8.40751823744897 279
1694734901102 8.336744262443867 280
1694734901449 8.266803757161412 281
1694734901788 8.197686884419474 282
1694734902117 8.129383923269387 283
1694734902561 8.061885267621815 284
1694734902887 7.995181424888846 285
1694734903172 7.9292630146421725 286
1694734903513 7.8641207672870905 287
1694734903853 7.799745522752244 288
1694734904120 7.736128229194794 289
1694734904474 7.673259941720978 290
1694734904841 7.6111318211217185 291
1694734905283 7.549735132623244 292
1694734905605 7.489061244652457 293
1694734905951 7.4291016276169035 294
1694734906277 7.369847852699187 295
1694734906592 7.311291590665606 296
1694734906924 7.25342461068892 297
1694734907329 7.196238779184993 298
1694734907732 7.139726058663233 299
1694734908073 7.083878506590618 300
1694734908390 7.028688274269131 301
1694734908715 6.974147605726488 302
1694734909045 6.920248836619977 303
1694734909413 6.866984393153283 304
1694734909727 6.814346791006084 305
1694734910041 6.762328634276315 306
1694734910362 6.710922614434972 307
1694734910709 6.660121509293245 308
1694734911004 6.609918181981844 309
1694734911307 6.560305579942449 310
1694734911659 6.511276733931056 311
1694734912045 6.462824757033102 312
1694734912363 6.414942843690245 313
1694734912747 6.367624268738656 314
1694734913073 6.320862386458679 315
1694734913379 6.274650629635735 316
1694734913750 6.2289825086323125 317
1694734914078 6.183851610470951 318
1694734914413 6.139251597928052 319
1694734914684 6.095176208638435 320
1694734915028 6.051619254210441 321
1694734915285 6.008574619351518 322
1694734915557 5.9660362610041835 323
1694734915890 5.9239982074921205 324
1694734916233 5.8824545576764455 325
1694734916662 5.841399480121929 326
1694734916984 5.800827212273069 327
1694734917289 5.760732059639895 328
1694734917603 5.721108394993433 329
1694734917925 5.681950657570674 330
1694734918271 5.6432533522889265 331
1694734918658 5.605011048969437 332
1694734919019 5.567218381570279 333
1694734919323 5.529870047428225 334
1694734919675 5.49296080650961 335
1694734919992 5.456485480670054 336
1694734920283 5.4204389529229635 337
1694734920613 5.384816166716649 338
1694734920995 5.349612125219973 339
1694734921318 5.314821890616522 340
1694734921665 5.280440583407035 341
1694734921973 5.246463381720134 342
1694734922299 5.2128855206312 343
1694734922673 5.179702291489274 344
1694734923018 5.146909041251949 345
1694734923367 5.114501171828108 346
1694734923742 5.08247413942845 347
1694734924139 5.050823453923665 348
1694734924421 5.019544678210229 349
1694734924776 4.9886334275836886 350
1694734925122 4.958085369119345 351
1694734925468 4.927896221060284 352
1694734925843 4.898061752212611 353
1694734926183 4.868577781347859 354
1694734926499 4.839440176612458 355
1694734926815 4.810644854944186 356
1694734927182 4.782187781495502 357
1694734927453 4.754064969063744 358
1694734927814 4.726272477528026 359
1694734928184 4.698806413292774 360
1694734928438 4.671662928737902 361
1694734928748 4.644838221675435 362
1694734929108 4.618328534812596 363
1694734929405 4.592130155221199 364
1694734929719 4.566239413813355 365
1694734930035 4.540652684823374 366
1694734930412 4.515366385295746 367
1694734930732 4.490376974579238 368
1694734931065 4.465680953826932 369
1694734931394 4.441274865502194 370
1694734931730 4.417155292890471 371
1694734932075 4.393318859616859 372
1694734932488 4.369762229169407 373
1694734932880 4.346482104427999 374
1694734933186 4.323475227198865 375
1694734933473 4.30073837775455 376
1694734933803 4.2782683743793735 377
1694734934171 4.256062072920193 378
1694734934521 4.234116366342542 379
1694734934934 4.212428184291973 380
1694734935258 4.1909944926606375 381
1694734935533 4.169812293158903 382
1694734935878 4.148878622892148 383
1694734936241 4.1281905539424635 384
1694734936566 4.107745192955358 385
1694734936883 4.087539680731315 386
1694734937278 4.067571191822201 387
1694734937598 4.047836934132443 388
1694734937963 4.028334148524902 389
1694734938332 4.009060108431426 390
1694734938653 3.9900121194680205 391
1694734938989 3.9711875190545225 392
1694734939378 3.9525836760388002 393
1694734939727 3.934197990325411 394
1694734940078 3.916027892508618 395
1694734940357 3.8980708435097693 396
1694734940676 3.8803243342189373 397
1694734940990 3.86278588514084 398
1694734941370 3.8454530460448852 399
1694734941748 3.828323395619425 400
1694734942100 3.8113945411300216 401
1694734942419 3.794664118081817 402
1694734942766 3.778129789885852 403
1694734943092 3.761789247529376 404
1694734943403 3.7456402092499808 405
1694734943769 3.7296804202136737 406
1694734944193 3.7139076521966787 407
1694734944541 3.698319703271056 408
1694734944815 3.682914397494017 409
1694734945210 3.6676895846008937 410
1694734945494 3.652643139701784 411
1694734945781 3.6377729629817246 412
1694734946093 3.6230769794044524 413
1694734946422 3.6085531384196656 414
1694734946743 3.5941994136737185 415
1694734947065 3.5800138027237494 416
1694734947392 3.5659943267552094 417
1694734947726 3.5521390303026954 418
1694734948020 3.5384459809741102 419
1694734948319 3.5249132691780605 420
1694734948671 3.5115390078545032 421
1694734948959 3.4983213322085547 422
1694734949296 3.4852583994474644 423
1694734949627 3.4723483885206607 424
1694734949955 3.4595894998629304 425
1694734950275 3.446979955140591 426
1694734950553 3.4345179970006616 427
1694734950929 3.4222018888230163 428
1694734951244 3.4100299144754627 429
1694734951602 3.398000378071725 430
1694734951943 3.386111603732267 431
1694734952294 3.3743619353479444 432
1694734952680 3.362749736346481 433
1694734953018 3.3512733894616655 434
1694734953403 3.3399312965052963 435
1694734953703 3.328721878141843 436
1694734954048 3.3176435736657224 437
1694734954427 3.3066948407812387 438
1694734954709 3.2958741553851407 439
1694734955014 3.2851800113517053 440
1694734955369 3.274610920320395 441
1694734955738 3.264165411486022 442
1694734956061 3.253842031391372 443
1694734956407 3.243639343722296 444
1694734956699 3.2335559291052425 445
1694734957019 3.2235903849071343 446
1694734957369 3.2137413250376543 447
1694734957719 3.2040073797538446 448
1694734958135 3.1943871954670344 449
1694734958478 3.1848794345520246 450
1694734958743 3.1754827751585513 451
1694734959053 3.1661959110249693 452
1694734959403 3.157017551294132 453
1694734959807 3.1479464203314533 454
1694734960159 3.1389812575451264 455
1694734960501 3.13012081720845 456
1694734960761 3.12136386828427 457
1694734961078 3.1127091942515 458
1694734961389 3.1041555929336626 459
1694734961642 3.095701876329503 460
1694734962009 3.087346870445558 461
1694734962392 3.079089415130742 462
1694734962763 3.0709283639128646 463
1694734963066 3.0628625838370853 464
1694734963390 3.05489095530628 465
1694734963692 3.047012371923313 466
1694734964026 3.0392257403351244 467
1694734964399 3.031529980078708 468
1694734964786 3.023924023428891 469
1694734965142 3.016406815247911 470
1694734965466 3.0089773128367714 471
1694734965738 3.0016344857883603 472
1694734966042 2.9943773158422977 473
1694734966478 2.9872047967415054 474
1694734966811 2.9801159340904606 475
1694734967171 2.973109745215134 476
1694734967520 2.9661852590245847 477
1694734967815 2.959341515874195 478
1694734968129 2.9525775674304895 479
1694734968445 2.945892476537604 480
1694734968773 2.9392853170852846 481
1694734969121 2.9327551738784843 482
1694734969498 2.926301142508461 483
1694734969758 2.9199223292254413 484
1694734970077 2.9136178508127677 485
1694734970420 2.907386834462516 486
1694734970775 2.90122841765262 487
1694734971103 2.895141748025429 488
1694734971421 2.889125983267686 489
1694734971780 2.8831802909919544 490
1694734972128 2.8773038486194236 491
1694734972498 2.8714958432641065 492
1694734972783 2.8657554716184093 493
1694734973114 2.8600819398400477 494
1694734973437 2.8544744634403068 495
1694734973710 2.848932267173606 496
1694734974092 2.8434545849283905 497
1694734974478 2.838040659619286 498
1694734974780 2.832689743080566 499
