1694721270485 169.33022702445763 0
1694721270917 8.609985534084505 1
1694721271369 69.44341028774612 2
1694721271952 11.80393785334349 3
1694721272391 32.38533267371531 4
1694721272811 10.726389515387876 5
1694721273219 17.01458555529078 6
1694721273737 8.443154532849602 7
1694721274056 9.985253006659908 8
1694721274558 6.3874167989553845 9
1694721274904 6.509485800498303 10
1694721275307 4.899325288192388 11
1694721275694 4.688613766356191 12
1694721276069 3.9203952575732104 13
1694721276440 3.6955806238481617 14
1694721276883 3.3073542792776025 15
1694721277242 3.1393296553089023 16
1694721277670 2.9337445912237508 17
1694721278091 2.8222869672104207 18
1694721278524 2.709545974941485 19
1694721279225 2.6395488734252988 20
1694721279752 2.576177426679678 21
1694721280134 2.533436853872307 22
1694721280545 2.4972037631992055 23
1694721280903 2.471488102112136 24
1694721281588 2.450519237203931 25
1694721282050 2.4351536276537495 26
1694721282474 2.422901354720578 27
1694721282889 2.413733009717609 28
1694721283314 2.406506853391821 29
1694721283767 2.401016664105487 30
1694721284173 2.3967063524477363 31
1694721284588 2.3933878628240577 32
1694721285058 2.3907755531408093 33
1694721285472 2.3887353300697862 34
1694721285861 2.387114137948956 35
1694721286242 2.3858249095299655 36
1694721286669 2.384783063428322 37
1694721287067 2.3839345654810855 38
1694721287472 2.3832316748823126 39
1694721287851 2.3826416601062386 40
1694721288221 2.3821371974772343 41
1694721288639 2.3816987291170113 42
1694721289081 2.3813104775271188 43
1694721289581 2.380960849119189 44
1694721290058 2.3806406827886377 45
1694721290513 2.3803431383905025 46
1694721290890 2.3800628782810835 47
1694721291332 2.379795878189961 48
1694721291828 2.379539021609727 49
1694721292145 2.3792899449539986 50
1694721292502 2.3790468262255344 51
1694721292961 2.378808278635027 52
1694721293500 2.3785732361517757 53
1694721293935 2.378340885607877 54
1694721294339 2.378110602980216 55
1694721294797 2.377881911632285 56
1694721295232 2.377654446171701 57
1694721295648 2.3774279272819365 58
1694721296060 2.377202140971128 59
1694721296460 2.3769769235771308 60
