1694748773311 168.8278829759285 0
1694748773588 3337557.409678507 1
1694748773922 68267448799.09087 2
1694748774279 1396366231495413.5 3
1694748774610 2.8561762405396414e+19 4
1694748775032 5.842122598658665e+23 5
1694748775331 1.1949681526413691e+28 6
1694748775651 2.4442295787407503e+32 7
1694748776002 4.9995125145265356e+36 8
1694748776310 1.022617744270355e+41 9
1694748776614 2.0916980362746897e+45 10
1694748776950 4.2784321898082543e+49 11
1694748777285 8.751254571806443e+53 12
1694748777617 1.7900121629366163e+58 13
1694748777956 3.661353371873883e+62 14
1694748778315 7.489060013837977e+66 15
1694748778638 1.5318384814127363e+71 16
1694748778972 3.133275910195749e+75 17
1694748779263 6.408911937216058e+79 18
1694748779548 1.3109012227532943e+84 19
1694748779868 2.6813631278612288e+88 20
1694748780198 5.484553754823085e+92 21
1694748780477 1.1218297729609409e+97 22
1694748780774 2.2946297834985673e+101 23
1694748781056 4.693515870435018e+105 24
1694748781384 9.600281223770284e+109 25
1694748781724 1.9636750384937762e+114 26
1694748782031 4.0165694805439963e+118 27
1694748782447 8.215631443994953e+122 28
1694748782774 1.6804539383797005e+127 29
1694748783144 3.4372591544134283e+131 30
1694748783529 7.030689877754543e+135 31
1694748783826 1.4380818534933992e+140 32
1694748784192 2.9415028301710737e+144 33
1694748784524 6.016652584055538e+148 34
1694748784848 1.2306671251822935e+153 35
1694748785254 2.5172495035164072e+157 36
1694748785579 5.14887001797094e+161 37
1694748785873 1.0531678494692873e+166 38
1694748786269 2.1541862880291953e+170 39
1694748786559 4.4062478415681354e+174 40
1694748786931 9.01269316828032e+178 41
1694748787227 1.8434877262069383e+183 42
1694748787553 3.770734155952714e+187 43
1694748787853 7.712791288349675e+191 44
1694748788188 1.577601257403217e+196 45
1694748788594 3.226880689899691e+200 46
1694748788936 6.60037442159957e+204 47
1694748789263 1.3500636277525349e+209 48
1694748789625 2.7614672783042225e+213 49
1694748789943 5.648401580775505e+217 50
1694748790262 1.1553437793150049e+222 51
1694748790567 2.3631805021529897e+226 52
1694748790958 4.833731903647878e+230 53
1694748791292 9.88708399339642e+234 54
1694748791617 2.0223386782933334e+239 55
1694748791936 4.136562137484459e+243 56
1694748792286 8.461068613744862e+247 57
1694748792578 1.7306565139629162e+252 58
1694748792918 3.539945255208858e+256 59
1694748793354 7.240727613350218e+260 60
1694748793628 1.4810437052264258e+265 61
1694748793939 3.0293785016115426e+269 62
1694748794274 6.196396550379431e+273 63
1694748794621 1.2674325835853419e+278 64
1694748794938 2.592450855708146e+282 65
1694748795294 5.302689489211283e+286 66
1694748795620 1.0846306211390476e+291 67
1694748795883 2.2185413396466046e+295 68
1694748796213 4.53788191094226e+299 69
1694748796529 9.281942089452871e+303 70
1694748796820 inf 71
