1694743788149 168.82788297592853 0
1694743788484 8.52883213856494 1
1694743788840 69.2858423989735 2
1694743789171 11.650155632582713 3
1694743789557 32.271099783023665 4
1694743789841 10.558702389373735 5
1694743790139 16.93202277026845 6
1694743790457 8.293722995492333 7
1694743790824 9.926746207930844 8
1694743791157 6.265898509203756 9
1694743791530 6.468497367076234 10
1694743791847 4.804659321819357 11
1694743792162 4.659779488411355 12
1694743792475 3.84786738836256 13
1694743792743 3.6748035933077867 14
1694743793071 3.251805384305183 15
1694743793375 3.123663975218687 16
1694743793729 2.8907410056368925 17
1694743794174 2.8097207777592006 18
1694743794464 2.6756413742644534 19
1694743794772 2.628772737159323 20
1694743795091 2.548827934956524 21
1694743795368 2.523640160824909 22
1694743795667 2.474585153172889 23
1694743796061 2.462198016568003 24
1694743796326 2.4313444949156544 25
1694743796641 2.426116291027238 26
1694743797182 2.4062701588948348 27
1694743797458 2.4048303850233155 28
1694743797850 2.3917914499581103 29
1694743798231 2.3922107878201686 30
1694743798563 2.3834688578773124 31
1694743798859 2.384684900710712 32
1694743799181 2.378709586504867 33
1694743799535 2.3801632890644653 34
1694743799834 2.3760042561908086 35
1694743800167 2.3774204108144192 36
1694743800449 2.3744768093632134 37
1694743800820 2.375735425048881 38
1694743801213 2.373620388165645 39
1694743801478 2.3746830653187865 40
1694743801800 2.3731428438672695 41
1694743802128 2.3740115582414645 42
1694743802393 2.3728765860290584 43
1694743802668 2.3735712080231206 44
1694743803031 2.3727260804979644 45
1694743803378 2.373272542202225 46
1694743803723 2.3726373322229075 47
1694743804068 2.3730617360012185 48
1694743804372 2.372580184706261 49
1694743804649 2.3729061515696883 50
1694743804977 2.3725380797735287 51
1694743805355 2.372785807383054 52
1694743805643 2.3725021527529346 53
1694743805957 2.3726883301080517 54
1694743806274 2.3724678422427483 55
1694743806602 2.3726059555284147 56
1694743806946 2.372432954856752 57
1694743807307 2.3725337380226117 58
1694743807615 2.3723965692135542 59
1694743807950 2.372468475005464 60
1694743808325 2.372358422007516 61
1694743808572 2.3724080559427483 62
1694743808889 2.3723185694592703 63
1694743809238 2.372351064701433 64
1694743809619 2.372277204878367 65
1694743810048 2.372296533966561 66
1694743810374 2.3722345637945184 67
1694743810706 2.3722437916136996 68
1694743811065 2.3721908774764726 69
1694743811430 2.3721923631900714 70
1694743811766 2.372146352605583 71
1694743812150 2.372141909002426 72
1694743812448 2.3721011646159975 73
