1694736456227 1.0459605770446592 0
1694736456513 9.465084193461538 1
1694736456805 12.004150378102455 2
1694736457175 2.0087768336313094 3
1694736457427 4.058066412436956 4
1694736457732 0.18559018343857975 5
1694736458043 3.413589841875537 6
1694736458304 13.17368571217117 7
1694736458604 1.3733485104736731 8
1694736458920 5.486318617553458 9
1694736459272 0.7960184981766002 10
1694736459595 0.24874242598638688 11
1694736459892 19.941432649694747 12
1694736460179 2.5018766632830056 13
1694736460492 1.0559491228495033 14
1694736460816 2.855345955104643 15
1694736461109 0.015729615800116708 16
1694736461379 0.15372251064893164 17
1694736461736 10.195600694533741 18
1694736462038 2.0705817086353 19
1694736462286 2.4340741961981545 20
1694736462585 0.18110554732819356 21
1694736462874 6.377356661600582 22
1694736463156 2.3650079674695563 23
1694736463425 0.006348796675347737 24
1694736463812 12.080525864627242 25
1694736464097 0.09163444891923912 26
1694736464404 1.1422764160749004 27
1694736464739 2.043367158862058 28
1694736465072 2.4240088018999617 29
1694736465537 0.051385017584554465 30
1694736465823 0.14367617789518933 31
1694736466199 0.009270492355615815 32
1694736466495 4.16003530341811 33
1694736466819 11.090407578702504 34
1694736467150 0.6557708460220147 35
1694736467442 4.4822527404299155 36
1694736467810 0.11426910548788262 37
1694736468155 4.1891750308219295 38
1694736468419 3.3502710754828846 39
1694736468696 0.3964007166507513 40
1694736469008 2.051224345513847 41
1694736469283 0.2888158451555851 42
1694736469518 0.8267980568364481 43
1694736469834 0.33933375065997223 44
1694736470153 1.1331353954775434 45
1694736470539 0.029694422806252424 46
1694736470824 0.07640986065644677 47
1694736471125 27.508020422797102 48
1694736471412 2.7348863532200975 49
1694736471698 3.9519751745409144e-07 50
1694736472036 2.152033325743493 51
1694736472372 21.235190793765767 52
1694736472660 6.699021730075727 53
1694736472904 0.18514824646610653 54
1694736473240 36.01298922208736 55
1694736473483 4.487617212963935 56
1694736473815 6.9159415774961985 57
1694736474118 8.72646074529255 58
1694736474409 0.5400053105026932 59
1694736474675 0.8938299474058489 60
1694736474963 2.6145839229176784 61
1694736475210 3.318726735159302 62
1694736475553 3.0563339838554935 63
1694736475775 2.638928168840916 64
1694736475991 2.541743641033466 65
1694736476292 3.3776362378294102 66
1694736476534 3.4152047367794847 67
1694736476786 4.614616970489929 68
1694736477151 3.5306386286847906 69
1694736477472 1.4837599489505837 70
1694736477774 0.2681555402731627 71
1694736478094 0.028517701106047975 72
1694736478423 3.6650845136990635 73
1694736478702 0.09855232294836477 74
1694736479002 2.9977606896243123 75
1694736479367 2.0555664693051368 76
1694736479658 23.6786918992368 77
1694736479959 11.622230861577782 78
1694736480268 0.002562725915001002 79
1694736480567 7.8674746788906775 80
1694736480880 0.11761946306699435 81
1694736481199 0.3366429053991737 82
1694736481557 25.62182330267356 83
1694736481795 5.110851724266238 84
1694736482092 0.4291523149698697 85
1694736482354 1.9660313390204305 86
1694736482619 4.320317084550191 87
1694736482909 5.776352090619344 88
1694736483207 22.95524637009385 89
1694736483482 5.739969864068082 90
1694736483883 0.012270813406617502 91
1694736484195 0.03766482426127609 92
1694736484495 8.876279859524288 93
1694736484798 0.4969511204805168 94
1694736485111 3.1341570118146427 95
1694736485464 4.157727658370052 96
1694736485698 2.4432087081709426 97
1694736486061 0.2304288015651481 98
1694736486377 9.832620250341385 99
1694736486620 4.994126085198681 100
1694736486924 5.612337285632056 101
1694736487243 0.09453573961475399 102
1694736487575 23.14065803526006 103
1694736487914 0.9518602770340441 104
1694736488316 4.273888567175892 105
1694736488606 11.556912669799821 106
1694736488893 16.700452647639743 107
1694736489227 4.8950672731967115 108
1694736489542 21.754129651756244 109
1694736489774 7.589712801436927 110
1694736490091 5.382413692932463 111
1694736490461 2.907784074690009 112
1694736490729 2.468592711251406 113
1694736490998 0.22938987966551402 114
1694736491326 38.95323359347012 115
1694736491611 26.353544306281854 116
1694736491868 0.0844150886233003 117
1694736492104 0.0029667837570875122 118
1694736492446 0.2526566868999133 119
1694736492802 12.062264365552977 120
1694736493077 9.209293758953539 121
1694736493380 2.9754797734747953 122
1694736493753 3.4306354491594835 123
1694736493971 0.014651734111760331 124
1694736494328 1.4443435757187926 125
1694736494642 2.3839661485690398 126
1694736494923 6.409954394239465 127
1694736495175 7.793451431813628 128
1694736495562 7.890015735534587 129
1694736495805 3.691454636860431 130
1694736496062 29.842327254010865 131
1694736496420 3.2045767173810202 132
1694736496739 0.8694510373948301 133
1694736496937 2.093799729527678 134
1694736497271 2.813899591738136 135
1694736497612 3.8579354862954327 136
1694736497889 3.530863150768085 137
1694736498110 9.957156782138258 138
1694736498354 1.4020085857444915 139
1694736498745 33.468423743889886 140
1694736499079 8.633471297142105 141
1694736499435 12.116658647917308 142
1694736499749 0.05708650501995409 143
1694736499998 0.9730041689212894 144
1694736500301 5.074024418122162 145
1694736500633 1.0094226364276453 146
1694736500907 1.3649567705205414 147
1694736501174 1.9310054128805085 148
1694736501495 0.5019317190453718 149
1694736501843 4.361101477965077 150
1694736502134 2.4412724278600813 151
1694736502464 0.948229369393305 152
1694736502783 0.027807234041145205 153
1694736503044 0.7635385552080319 154
1694736503372 0.10821258835929302 155
1694736503796 13.111124228344865 156
1694736504068 0.023342001972566584 157
1694736504378 1.5991210122980088 158
1694736504695 0.32784013169284243 159
1694736505000 3.5175548016795024 160
1694736505230 1.1026864864709158 161
1694736505557 2.8144773484872374 162
1694736505813 0.22533349480457152 163
1694736506103 0.042868467494485654 164
1694736506389 17.030075160420935 165
1694736506706 3.2797930432710243 166
1694736507005 4.490930020933366 167
1694736507244 25.0732483895703 168
1694736507543 1.0939556866872266 169
1694736507849 22.62634682273674 170
1694736508201 0.060674654592815735 171
1694736508534 0.5091240621022038 172
1694736508828 0.9251392329152502 173
1694736509092 6.249035719110254 174
1694736509325 8.442119332108533 175
1694736509557 0.9966506313800967 176
1694736509860 4.0758919824948014 177
1694736510114 2.5827870549471164 178
1694736510458 48.6362241123768 179
1694736510791 0.8612426681844771 180
1694736511072 1.2994680394371645 181
1694736511306 0.005905612155225448 182
1694736511547 1.2059395888953697 183
1694736511851 2.6052189268149495 184
1694736512119 1.90865073111123 185
1694736512443 1.2137252905234872 186
1694736512812 2.0419123422654457 187
1694736513124 1.015349157927853 188
1694736513345 0.6740679695933497 189
1694736513619 3.7293768833579417 190
1694736513954 0.11847399591631376 191
1694736514199 0.6141409802572174 192
1694736514490 0.22586286876067163 193
1694736514905 0.20369592002150444 194
1694736515227 0.0012963760105310796 195
1694736515504 7.161843567363148 196
1694736515738 9.09548050248979 197
1694736516070 0.002863281188672636 198
1694736516303 0.06709366188119675 199
1694736516579 2.6322189524691617 200
1694736516888 11.596714725813273 201
1694736517257 9.046435571849159 202
1694736517585 0.35515215330943434 203
1694736517827 12.158189996213594 204
1694736518110 4.343280094766716 205
1694736518446 27.095603980199574 206
1694736518756 0.12204287050726981 207
1694736519065 1.3426343352009487 208
1694736519399 1.4441381089119516 209
1694736519668 0.921384430267637 210
1694736520012 0.9105410273884733 211
1694736520281 21.77566407075713 212
1694736520605 0.24462648226360262 213
1694736520895 3.3742663800524557 214
1694736521158 0.04692874377279889 215
1694736521542 19.946596490771164 216
1694736521880 6.583526426220757 217
1694736522198 2.0601093892229216 218
1694736522506 11.649549936481638 219
1694736522819 0.13083886101360565 220
1694736523121 1.2265016446529144 221
1694736523431 3.346738879051637 222
1694736523802 4.615427696712921 223
1694736524078 23.231517904080036 224
1694736524369 0.057166092104397 225
1694736524685 1.1327826529131868 226
1694736524985 5.5898648594261475 227
1694736525275 0.2521324843363676 228
1694736525597 2.580835798313974 229
1694736525971 3.2051767058213967 230
1694736526327 2.3651107565614913 231
1694736526575 7.9520242345605014 232
1694736526837 3.0235093814190934 233
1694736527174 0.0015334766800561557 234
1694736527445 3.7276201297925535 235
1694736527715 29.258418104008932 236
1694736528044 0.22661944367055686 237
1694736528399 0.5452415430511596 238
1694736528640 1.4870323161097239 239
1694736528945 8.614516539757945 240
1694736529259 0.5933533578377281 241
1694736529519 5.392598821190347 242
1694736529791 19.790626668948573 243
1694736530119 0.16760399408685125 244
1694736530454 0.02075552157973209 245
1694736530706 0.1676977072333273 246
1694736531001 5.850108042006291 247
1694736531282 28.82972600445473 248
1694736531536 6.371183316037904 249
1694736531814 0.557401510989759 250
1694736532154 0.0059124025813122915 251
1694736532450 7.991605519744908 252
1694736532751 16.52352755813405 253
1694736533005 1.1434130884294207 254
1694736533329 0.3693807626611117 255
1694736533553 1.3965694677211775 256
1694736533909 17.82687355608514 257
1694736534243 3.331690679130371 258
1694736534511 1.984512020430718 259
1694736534758 0.9827962737673659 260
1694736535098 5.520478439397642 261
1694736535460 7.3328199481570175 262
1694736535694 4.862585506842304 263
1694736535922 3.475441396738198 264
1694736536155 16.513820320901385 265
1694736536452 9.12414164934243 266
1694736536676 1.2053779852654574 267
1694736536940 0.6935321425241137 268
1694736537333 21.1287291531739 269
1694736537693 0.11575917487218462 270
1694736537960 0.08415478539068157 271
1694736538252 0.4486562855904306 272
1694736538555 2.834405158013771 273
1694736538878 0.020642574263309565 274
1694736539202 3.38767080940604 275
1694736539555 0.2991399257887807 276
1694736539803 0.16512407869462317 277
1694736540057 5.448952395159001 278
1694736540397 4.257090591402176 279
1694736540729 12.708948415241155 280
1694736541035 1.8130275433521295 281
1694736541343 0.05927341219385463 282
1694736541690 0.4187586953599284 283
1694736541997 21.243148084722844 284
1694736542310 9.381247583960935 285
1694736542589 0.12216362841126795 286
1694736542902 5.986572099637704 287
1694736543185 5.296881539783552 288
1694736543453 5.093819746567301 289
1694736543759 3.6909149720413006 290
1694736544043 0.10277485522286592 291
1694736544245 4.448645128288488 292
1694736544523 0.9890963188922974 293
1694736544765 0.45843019523518785 294
1694736545157 0.4727578136886197 295
1694736545530 0.02984288582701223 296
1694736545767 4.0629656604417175 297
1694736546122 2.4156667982069786 298
1694736546441 0.20960186743879067 299
1694736546720 9.910652248446626 300
1694736546959 17.74291121000817 301
1694736547277 4.9819783315801 302
1694736547551 1.4220378965128195 303
1694736547844 0.0831275207394483 304
1694736548218 8.257140604917193 305
1694736548536 3.536449959499014 306
1694736548827 1.491306058866841 307
1694736549154 0.014139453746457116 308
1694736549461 8.208228745483225 309
1694736549715 5.724638273592688 310
1694736550016 1.3845806469299893 311
1694736550313 11.551231589459627 312
1694736550669 0.19011534067139105 313
1694736550947 0.03508305605098271 314
1694736551275 2.115680272993026 315
1694736551607 13.892429168021362 316
1694736551888 0.42820512428234997 317
1694736552193 10.336649338664047 318
1694736552526 0.20516922473909807 319
1694736552839 0.0541222706766036 320
1694736553119 6.560615295034577 321
1694736553468 0.17107470893316273 322
1694736553819 2.9601970990770012 323
1694736554068 1.323472687342214 324
1694736554365 2.591294781622626 325
1694736554682 17.38742436962787 326
1694736555036 0.16080193134652807 327
1694736555374 4.899211790692679 328
1694736555721 0.07987915234281164 329
1694736555954 3.9101562932026517 330
1694736556265 8.634660041278243 331
1694736556547 0.5638299528493421 332
1694736556855 4.649125349484265 333
1694736557223 10.848014388529727 334
1694736557537 0.8660606239248143 335
1694736557878 2.0360254988357496 336
1694736558210 10.008335460833495 337
1694736558695 8.96821859566649 338
1694736559034 0.7359555649599656 339
1694736559403 1.5761348314805288 340
1694736559727 2.095236712908745e-06 341
1694736559999 8.149196512073708 342
1694736560293 0.06643013929511603 343
1694736560624 2.338088966676009 344
1694736560921 2.112773565389502 345
1694736561167 3.8529125907695083 346
1694736561426 7.799702745684856 347
1694736561755 4.417845178407085 348
1694736561993 3.844245699601148e-05 349
1694736562260 0.9326725511266003 350
1694736562572 1.353469648738354 351
1694736562861 4.982499761650491 352
1694736563195 2.347554729798158 353
1694736563542 0.011411216012796621 354
1694736563944 15.52950388579869 355
1694736564262 3.63611876640574 356
1694736564607 0.018313172088085427 357
1694736564902 3.662516779064713 358
1694736565187 0.03275614309160876 359
1694736565579 4.832191382006462 360
1694736565880 2.5526872703842014 361
1694736566206 6.03744498224559 362
1694736566471 2.8074507975679928 363
1694736566770 2.8884460978547137 364
1694736567060 10.338343161448417 365
1694736567401 3.0479125763034842 366
1694736567728 0.17319938773244928 367
1694736568047 8.25186471247964 368
1694736568418 5.444687903384566 369
1694736568753 0.16965373365645942 370
1694736568998 0.08372917765089198 371
1694736569224 10.097366403163422 372
1694736569504 2.8348467737638083 373
1694736569902 2.63888871020582 374
1694736570195 1.521772993597549 375
1694736570546 6.926196196050678 376
1694736571039 3.0270894610283423 377
1694736571371 14.644987145481066 378
1694736571685 13.825231003844415 379
1694736572010 7.708200019631839 380
1694736572237 0.044889507694709285 381
1694736572520 12.494140131431548 382
1694736572861 0.5506972363188919 383
1694736573138 17.91283858406088 384
1694736573442 0.00927655061209221 385
1694736573805 13.020585663786546 386
1694736574090 11.676391698758723 387
1694736574308 5.854071429793519 388
1694736574616 0.0036078963715833745 389
1694736574914 20.774115208359955 390
1694736575204 0.454395962719443 391
1694736575578 5.7090469208545045 392
1694736575908 0.27437448484897325 393
1694736576194 0.8420317038229522 394
1694736576507 0.28375051627951037 395
1694736576829 0.5721318592641066 396
1694736577159 0.6163739673668965 397
1694736577423 3.859192109215237 398
1694736577738 0.01744561077114525 399
1694736578056 2.3505377197548283 400
1694736578286 13.195597465950101 401
1694736578592 15.299455616507803 402
1694736578911 0.37832675698637935 403
1694736579220 0.004235450724081651 404
1694736579517 0.7663235890058337 405
1694736579795 5.874293534706162 406
1694736580212 0.18472541916455973 407
1694736580524 20.761097336570792 408
1694736580842 0.3134761642843949 409
1694736581154 0.45928237562764196 410
1694736581394 0.11147882903098977 411
1694736581729 10.922110719669806 412
1694736582200 5.339087792603089 413
1694736582470 13.328027961300087 414
1694736582761 4.860019191507666 415
1694736583079 15.076750840872364 416
1694736583362 0.5277534582756825 417
1694736583616 0.9840013488797923 418
1694736584051 10.3395289499158 419
1694736584356 0.30303820716730995 420
1694736584629 0.002910836841319014 421
1694736584937 2.5221952585008642 422
1694736585243 14.919964061573081 423
1694736585584 0.22380108110997715 424
1694736585926 20.679086934011192 425
1694736586266 6.279231551688414 426
1694736586523 3.606217662459477 427
1694736586833 0.046903565563426425 428
1694736587094 5.5853582763001945 429
1694736587369 0.028038309885114878 430
1694736587642 0.014407049638991688 431
1694736587984 15.329788858561795 432
1694736588305 1.5418608757003736 433
1694736588550 0.0027219346690119757 434
1694736588784 5.86318754448568 435
1694736589041 9.028161956932033 436
1694736589361 1.9395516696521509 437
1694736589611 9.855697543377838 438
1694736589903 0.3278478297411987 439
1694736590214 0.4347523372750491 440
1694736590525 0.4484566740981298 441
1694736590893 7.686208951636812 442
1694736591176 4.846379359944667 443
1694736591472 6.412046846214115 444
1694736591748 19.128267807523436 445
1694736592008 0.6910161350063121 446
1694736592349 11.98252549633707 447
1694736592589 0.14209875554380613 448
1694736592855 4.352144421813813 449
1694736593097 25.206357909087902 450
1694736593415 0.013820837826015455 451
1694736593668 38.23142871843733 452
1694736593983 0.10002536986219053 453
1694736594287 0.0011327711489521103 454
1694736594583 5.614459285726495 455
1694736594851 0.12263060114055747 456
1694736595186 2.408581113536777 457
1694736595532 31.607067245918785 458
1694736595789 10.22527838996255 459
1694736596037 9.073888653659798 460
1694736596322 6.135147197036783 461
1694736596650 20.803009565707896 462
1694736596948 0.2232120060121293 463
1694736597275 13.249044218311187 464
1694736597585 0.5502968671783979 465
1694736597892 3.7265894042109493 466
1694736598176 1.8112284461394936 467
1694736598473 4.800306845686941 468
1694736598743 3.9273050252116946 469
1694736599061 2.133178797076991 470
1694736599429 0.2575304789776725 471
1694736599678 2.364820912670537 472
1694736599931 0.533278231662186 473
1694736600190 0.005209161023564735 474
1694736600449 2.608882098084063 475
1694736600689 0.17326025087944583 476
1694736600950 4.963104122308402 477
1694736601207 1.2402204488972528 478
1694736601573 13.257969342212292 479
1694736601901 0.03361263633633924 480
1694736602321 0.2626333613500519 481
1694736602636 3.2748307449504637 482
1694736602928 0.16679057053928364 483
1694736603235 7.642675804796601 484
1694736603546 0.12557599628797814 485
1694736603890 0.8055801337519154 486
1694736604202 1.1042590198697937 487
1694736604477 3.418999346958397 488
1694736604710 8.550744300820677 489
1694736604977 17.106134601902337 490
1694736605239 4.983522024227074 491
1694736605657 4.8592593157346755 492
1694736605955 46.18351474223871 493
1694736606329 0.9660282921938171 494
1694736606652 5.104637948961541 495
1694736606912 0.41943579243484697 496
1694736607162 0.48596638846557705 497
1694736607475 0.0003762953340317499 498
1694736607804 2.346505281944212 499
