1694736062987 2.54781657959034 0
1694736063211 2.253307776781405 1
1694736063516 1.7867429914106245 2
1694736063756 1.8828903572170683 3
1694736063951 2.953664703781204 4
1694736064184 3.692426900372039 5
1694736064414 2.5595191664053507 6
1694736064697 1.919554306564192 7
1694736064951 3.5840800387240206 8
1694736065184 1.9835788802438064 9
1694736065394 2.4905096256291013 10
1694736065621 0.857094400556572 11
1694736065826 3.2067576857458393 12
1694736065980 2.679518224873482 13
1694736066151 1.5149522982618704 14
1694736066329 2.097872539533699 15
1694736066518 2.820952840921171 16
1694736066737 2.5640598958419893 17
1694736067002 2.033974742603522 18
1694736067241 2.6395501902230882 19
1694736067470 2.104320263019469 20
1694736067685 2.1193381437620262 21
1694736067906 2.8490770243600663 22
1694736068061 3.341833681293014 23
1694736068267 2.619184926740438 24
1694736068503 3.694023830667864 25
1694736068740 3.0274475743730918 26
1694736068954 1.3867663829827148 27
1694736069138 2.158639698246245 28
1694736069376 1.8446429427179374 29
1694736069605 1.7087329013383785 30
1694736069809 3.5653893366470304 31
1694736069996 2.089902552791374 32
1694736070196 2.379049836278654 33
1694736070433 2.995592539514037 34
1694736070669 2.136922029897693 35
1694736070912 2.830298009113983 36
1694736071128 2.4909022612220606 37
1694736071374 2.614086099949394 38
1694736071606 1.5934852976255258 39
1694736071953 1.9858842957586373 40
1694736072159 1.8813581308078802 41
1694736072384 2.0842902223614033 42
1694736072596 1.738189235453439 43
1694736072834 2.542340018543472 44
1694736073024 1.5008518712849537 45
1694736073227 2.5851947216285365 46
1694736073530 2.3111483626053158 47
1694736073816 1.9038962633618446 48
1694736074004 2.5309935303626667 49
1694736074216 1.9110272492974039 50
1694736074435 3.2391681673370543 51
1694736074662 2.8385357150243635 52
1694736074900 1.5960417374156406 53
1694736075091 1.9704002930231366 54
1694736075310 1.8698266585726524 55
1694736075561 3.165766849921825 56
1694736075777 2.1144159798439115 57
1694736075995 2.470445252470081 58
1694736076170 2.7455754766348583 59
1694736076415 2.6552098009086684 60
1694736076652 1.858797926808481 61
1694736076884 3.3102427062806665 62
1694736077134 3.1016377477659227 63
1694736077372 2.5989488227531834 64
1694736077596 2.997360239174865 65
1694736077833 2.5459280878262445 66
1694736078136 2.463725852543214 67
1694736078461 1.4226104159215531 68
1694736078712 3.17168390320171 69
1694736078926 1.7757853537274646 70
1694736079074 3.0136949093627736 71
1694736079307 2.846960623370902 72
