1694722111312 168.8278829759285 0
1694722111592 164.98304847408525 1
1694722111912 163.0727524233025 2
1694722112306 161.17379961029823 3
1694722112608 159.29735253307322 4
1694722112987 157.44307791127807 5
1694722113366 155.61071414739274 6
1694722113728 153.80000233119645 7
1694722114134 152.01068661426683 8
1694722114426 150.24251417137873 9
1694722114774 148.49523516479536 10
1694722115122 146.76860270896665 11
1694722115410 145.06237283564514 12
1694722115796 143.37630445941383 13
1694722116202 141.71015934362146 14
1694722116502 140.06370206672034 15
1694722116843 138.43669998900188 16
1694722117192 136.82892321972525 17
1694722117470 135.24014458463438 18
1694722117778 133.67013959385886 19
1694722118130 132.11868641019427 20
1694722118450 130.58556581775684 21
1694722118762 129.07056119100918 22
1694722119096 127.5734584641515 23
1694722119402 126.09404610087469 24
1694722119691 124.63211506447075 25
1694722119983 123.18745878829665 26
1694722120442 121.75987314658681 27
1694722120814 120.34915642561083 28
1694722121146 118.95510929517171 29
1694722121442 117.57753478044124 30
1694722121767 116.21623823412774 31
1694722122108 114.87102730897317 32
1694722122411 113.54171193057472 33
1694722122817 112.22810427052804 34
1694722123159 110.93001871988736 35
1694722123506 109.64727186293969 36
1694722123872 108.37968245128843 37
1694722124264 107.12707137824363 38
1694722124581 105.8892616535146 39
1694722124953 104.66607837820168 40
1694722125297 103.4573487200835 41
1694722125625 102.26290188919621 42
1694722125916 101.08256911370144 43
1694722126355 99.91618361603905 44
1694722126760 98.76358058936215 45
1694722127286 97.6245971742502 46
1694722127740 96.49907243569746 47
1694722128081 95.38684734037325 48
1694722128510 94.287764734151 49
1694722128834 93.2016693199028 50
1694722129184 92.12840763555636 51
1694722129508 91.06782803241111 52
1694722129880 90.01978065371075 53
1694722130210 88.98411741346892 54
1694722130511 87.96069197554489 55
1694722130847 86.9493597329668 56
1694722131188 85.94997778749901 57
1694722131479 84.96240492945103 58
1694722131809 83.98650161772484 59
1694722132234 83.02212996009824 60
1694722132519 82.069153693741 61
1694722132913 81.1274381659612 62
1694722133241 80.19685031517935 63
1694722133607 79.2772586521269 64
1694722134009 78.36853324126743 65
1694722134395 77.47054568243684 66
1694722134721 76.583169092701 67
1694722135060 75.70627808842727 68
1694722135512 74.83974876756838 69
1694722135792 73.98345869215521 70
1694722136138 73.13728687099673 71
1694722136472 72.30111374258426 72
1694722136863 71.4748211581977 73
1694722137228 70.65829236521147 74
1694722137525 69.85141199059767 75
1694722137866 69.05406602462418 76
1694722138229 68.26614180474539 77
1694722138509 67.48752799968325 78
1694722138767 66.7181145936965 79
1694722139116 65.95779287103574 80
1694722139446 65.20645540058216 81
1694722139718 64.46399602066782 82
1694722140079 63.730309824075256 83
1694722140502 63.00529314321444 84
1694722140736 62.2888435354748 85
1694722140992 61.58085976875028 86
1694722141365 60.88124180713564 87
1694722141729 60.18989079679155 88
1694722142126 59.506709051976834 89
1694722142528 58.831600041245764 90
1694722142894 58.16446837380838 91
1694722143257 57.50521978605204 92
1694722143616 56.85376112822229 93
1694722143979 56.21000035126092 94
1694722144294 55.573846493799785 95
1694722144582 54.94520966930816 96
1694722144894 54.32400105339204 97
1694722145211 53.71013287124347 98
1694722145528 53.103518385238154 99
1694722145856 52.50407188267979 100
1694722146195 51.91170866368898 101
1694722146527 51.32634502923539 102
1694722146822 50.74789826931129 103
1694722147150 50.176286651244915 104
1694722147493 49.61142940815177 105
1694722147796 49.053246727522534 106
1694722148146 48.50165973994577 107
1694722148521 47.95659050796385 108
1694722148786 47.417962015060645 109
1694722149091 46.88569815477925 110
1694722149460 46.359723719968414 111
1694722149789 45.839964392155885 112
1694722150145 45.326346731047444 113
1694722150509 44.81879816415001 114
1694722150803 44.31724697651735 115
1694722151103 43.82162230061687 116
1694722151466 43.3318541063163 117
1694722151781 42.84787319098857 118
1694722152125 42.369611169733744 119
1694722152489 41.89700046571631 120
1694722152828 41.42997430061681 121
1694722153184 40.96846668519627 122
1694722153524 40.51241240997201 123
1694722153803 40.061747036003844 124
1694722154235 39.616406885788884 125
1694722154573 39.1763290342642 126
1694722154834 38.74145129991561 127
1694722155129 38.311712235991585 128
1694722155461 37.88705112182109 129
1694722155730 37.46740795423377 130
1694722155987 37.05272343908179 131
1694722156256 36.64293898286164 132
1694722156662 36.23799668443507 133
1694722156962 35.83783932684782 134
1694722157263 35.44241036924498 135
1694722157631 35.05165393888199 136
1694722157921 34.66551482322989 137
1694722158236 34.28393846217397 138
1694722158560 33.906870940304564 139
1694722158863 33.53425897929899 140
1694722159166 33.16604993039338 141
1694722159578 32.80219176694365 142
1694722159970 32.4426330770742 143
1694722160338 32.087323056413545 144
1694722160686 31.73621150091588 145
1694722160986 31.389248799767287 146
1694722161325 31.046385928375926 147
1694722161612 30.70757444144495 148
1694722161919 30.37276646612733 149
1694722162344 30.041914695261518 150
1694722162699 29.71497238068714 151
1694722163002 29.391893326639565 152
1694722163278 29.072631883222556 153
1694722163660 28.757142939958047 154
1694722163983 28.445381919412238 155
1694722164318 28.13730477089681 156
1694722164666 27.83286796424477 157
1694722164928 27.53202848365968 158
1694722165192 27.234743821637718 159
1694722165489 26.940971972961417 160
1694722165768 26.650671428764458 161
1694722166078 26.363801170666612 162
1694722166397 26.080320664977904 163
1694722166761 25.80018985697133 164
1694722167073 25.523369165223237 165
1694722167444 25.249819476020583 166
1694722167778 24.979502137834224 167
1694722168112 24.712378955857623 168
1694722168475 24.448412186609968 169
1694722168790 24.187564532603176 170
1694722169186 23.929799137071793 171
1694722169554 23.67507957876529 172
1694722169901 23.423369866801774 173
1694722170225 23.17463443558266 174
1694722170541 22.92883813976727 175
1694722170832 22.685946249306927 176
1694722171179 22.445924444537678 177
1694722171621 22.208738811331006 178
1694722172005 21.974355836301882 179
1694722172431 21.742742402073414 180
1694722172782 21.513865782597424 181
1694722173105 21.287693638530335 182
1694722173475 21.06419401266376 183
1694722173831 20.843335325408987 184
1694722174192 20.625086370334902 185
1694722174549 20.409416309758576 186
1694722174853 20.19629467038797 187
1694722175178 19.985691339016206 188
1694722175521 19.77757655826658 189
1694722175848 19.571920922387946 190
1694722176267 19.368695373099776 191
1694722176652 19.167871195486303 192
1694722176963 18.969420013939153 193
1694722177289 18.77331378814799 194
1694722177664 18.579524809138427 195
1694722177981 18.388025695356916 196
1694722178344 18.198789388801725 197
1694722178704 18.01178915119976 198
1694722178993 17.82699856022849 199
1694722179259 17.644391505782572 200
1694722179524 17.46394218628454 201
1694722179813 17.28562510503913 202
1694722180043 17.109415066630635 203
1694722180320 16.935287173362894 204
1694722180678 16.76321682174129 205
1694722180986 16.59317969899635 206
1694722181302 16.42515177964844 207
1694722181673 16.259109322112973 208
1694722182000 16.095028865345846 209
1694722182376 15.932887225528415 210
1694722182743 15.772661492791698 211
1694722183085 15.614329027979275 212
1694722183459 15.457867459448439 213
1694722183794 15.303254679909125 214
1694722184216 15.150468843300224 215
1694722184575 14.99948836170279 216
1694722184884 14.850291902289719 217
1694722185263 14.702858384311495 218
1694722185629 14.557166976117506 219
1694722185932 14.413197092212611 220
1694722186260 14.270928390348463 221
1694722186613 14.130340768649177 222
1694722186920 13.991414362771055 223
1694722187260 13.854129543095713 224
1694722187761 13.718466911956547 225
1694722188067 13.584407300897857 226
1694722188414 13.451931767966405 227
1694722188786 13.321021595034969 228
1694722189169 13.191658285157512 229
1694722189623 13.063823559955619 230
1694722190173 12.937499357035813 231
1694722190539 12.812667827437382 232
1694722190903 12.689311333110382 233
1694722191209 12.567412444423413 234
1694722191543 12.446953937700862 235
1694722191976 12.327918792789228 236
1694722192452 12.210290190652263 237
1694722192873 12.094051510994449 238
1694722193234 11.97918632991261 239
1694722193581 11.86567841757525 240
1694722193954 11.75351173592931 241
1694722194342 11.642670436434075 242
1694722194775 11.533138857821786 243
1694722195067 11.424901523884733 244
1694722195395 11.317943141288554 245
1694722195776 11.21224859741127 246
1694722196084 11.107802958207953 247
1694722196402 11.004591466100583 248
1694722196713 10.902599537892812 249
1694722197086 10.80181276270943 250
1694722197424 10.702216899960131 251
1694722197780 10.603797877327358 252
1694722198059 10.506541788777925 253
1694722198392 10.410434892598127 254
1694722198753 10.315463609452072 255
1694722199088 10.221614520462966 256
1694722199470 10.128874365317046 257
1694722199822 10.03723004038995 258
1694722200206 9.946668596895199 259
1694722200527 9.857177239054575 260
1694722200857 9.768743322290103 261
1694722201200 9.681354351437408 262
1694722201618 9.594997978980187 263
1694722201970 9.509662003305536 264
1694722202363 9.425334366979897 265
1694722202684 9.34200315504537 266
1694722203032 9.259656593336159 267
1694722203400 9.178283046814926 268
1694722203744 9.09787101792877 269
1694722204116 9.018409144984668 270
1694722204482 8.939886200544112 271
1694722204808 8.86229108983666 272
1694722205102 8.785612849192328 273
1694722205421 8.70984064449241 274
1694722205769 8.634963769638665 275
1694722206067 8.560971645040572 276
1694722206393 8.487853816120454 277
1694722206813 8.41559995183628 278
1694722207123 8.344199843221936 279
1694722207489 8.273643401944677 280
1694722207892 8.203920658879724 281
1694722208153 8.135021762701623 282
1694722208458 8.066936978492285 283
1694722208887 7.999656686365471 284
1694722209190 7.933171380107526 285
1694722209609 7.867471665834182 286
1694722210031 7.802548260663215 287
1694722210510 7.738391991402809 288
1694722211041 7.674993793255402 289
1694722211515 7.612344708536865 290
1694722211938 7.550435885410791 291
1694722212420 7.489258576637764 292
1694722212783 7.42880413833939 293
1694722213144 7.369064028776946 294
1694722213683 7.310029807144456 295
1694722214174 7.251693132376029 296
1694722214523 7.194045761967268 297
1694722214893 7.137079550810664 298
1694722215176 7.080786450044677 299
1694722215444 7.0251585059164645 300
1694722215810 6.970187858658062 301
1694722216155 6.915866741375787 302
1694722216451 6.862187478952804 303
1694722216922 6.80914248696467 304
1694722217200 6.756724270607654 305
1694722217503 6.704925423639745 306
1694722217849 6.65373862733418 307
1694722218229 6.603156649445322 308
1694722218576 6.553172343186758 309
1694722218966 6.503778646221488 310
1694722219276 6.4549685796640155 311
1694722219537 6.4067352470942796 312
1694722219872 6.359071833583185 313
1694722220212 6.3119716047296786 314
1694722220627 6.265427905709193 315
1694722220986 6.21943416033335 316
1694722221381 6.173983870120735 317
1694722221799 6.129070613378729 318
1694722222202 6.084688044296083 319
1694722222541 6.040829892046301 320
1694722222932 5.99748995990161 321
1694722223237 5.954662124357321 322
1694722223575 5.912340334266652 323
1694722223950 5.870518609985676 324
1694722224298 5.8291910425284446 325
1694722224677 5.788351792732041 326
1694722225112 5.747995090431532 327
1694722225446 5.708115233644665 328
1694722225807 5.668706587766174 329
1694722226180 5.62976358477165 330
1694722226523 5.591280722430771 331
1694722226886 5.55325256352986 332
1694722227327 5.515673735103631 333
1694722227754 5.478538927675991 334
1694722228113 5.441842894509827 335
1694722228449 5.40558045086566 336
1694722228805 5.369746473269055 337
1694722229159 5.334335898786677 338
1694722229479 5.299343724310945 339
1694722229855 5.264765005853049 340
1694722230196 5.230594857844433 341
1694722230508 5.196828452446451 342
1694722230834 5.163461018868208 343
1694722231184 5.1304878426924665 344
1694722231470 5.097904265209496 345
1694722231798 5.0657056827588365 346
1694722232205 5.033887546078788 347
1694722232561 5.002445359663629 348
1694722232910 4.9713746811283945 349
1694722233248 4.940671120581205 350
1694722233583 4.910330340002981 351
1694722234005 4.880348052634463 352
1694722234396 4.850720022370531 353
1694722234740 4.8214420631616575 354
1694722235122 4.792510038422403 355
1694722235446 4.763919860446975 356
1694722235789 4.735667489831589 357
1694722236147 4.707748934903746 358
1694722236487 4.6801602511582105 359
1694722236874 4.652897540699684 360
1694722237241 4.625956951692001 361
1694722237557 4.5993346778139 362
1694722237890 4.573026957721204 363
1694722238248 4.5470300745153445 364
1694722238607 4.521340355218176 365
1694722239011 4.495954170252994 366
1694722239430 4.470867932931679 367
1694722239736 4.446078098947916 368
1694722240084 4.4215811658764 369
1694722240441 4.3973736726779284 370
1694722240700 4.373452199210386 371
1694722240983 4.349813365745485 372
1694722241347 4.326453832491208 373
1694722241652 4.303370299119923 374
1694722241971 4.280559504302033 375
1694722242420 4.258018225245179 376
1694722242766 4.235743277238857 377
1694722243142 4.213731513204425 378
1694722243490 4.1919798232504375 379
1694722243836 4.170485134233227 380
1694722244260 4.149244409322669 381
1694722244576 4.128254647573083 382
1694722244940 4.107512883499212 383
1694722245270 4.087016186657227 384
1694722245549 4.066761661230624 385
1694722245944 4.046746445621082 386
1694722246295 4.026967712044116 387
1694722246594 4.007422666129524 388
1694722246872 3.988108546526545 389
1694722247208 3.969022624513694 390
1694722247517 3.9501622036131883 391
1694722247850 3.931524619209956 392
1694722248237 3.9131072381751255 393
1694722248550 3.8949074584939694 394
1694722248941 3.876922708898258 395
1694722249349 3.8591504485029278 396
1694722249709 3.841588166447084 397
1694722250066 3.824233381539206 398
1694722250489 3.807083641906564 399
1694722250879 3.7901365246487777 400
1694722251304 3.773389635495473 401
1694722251612 3.756840608467968 402
1694722251898 3.7404871055449704 403
1694722252283 3.724326816332225 404
1694722252661 3.7083574577360494 405
1694722253050 3.6925767736407584 406
1694722253545 3.6769825345898637 407
1694722254150 3.6615725374710664 408
1694722254495 3.6463446052049613 409
1694722254785 3.631296586437413 410
1694722255199 3.616426355235599 411
1694722255546 3.601731810787585 412
1694722255786 3.5872108771055236 413
1694722256092 3.5728615027322936 414
1694722256456 3.55868166045165 415
1694722256727 3.54466934700178 416
1694722257005 3.530822582792243 417
1694722257394 3.517139411624276 418
1694722257720 3.503617900414358 419
1694722257987 3.4902561389211075 420
1694722258303 3.4770522394753387 421
1694722258626 3.464004336713351 422
1694722258915 3.4511105873133614 423
1694722259237 3.4383691697350525 424
1694722259634 3.4257782839621798 425
1694722259948 3.4133361512482288 426
1694722260249 3.4010410138651173 427
1694722260584 3.388891134854795 428
1694722260862 3.376884797783841 429
1694722261232 3.3650203065009276 430
1694722261638 3.3532959848971453 431
1694722261995 3.341710176669193 432
1694722262383 3.3302612450853477 433
1694722262767 3.3189475727541806 434
1694722263099 3.3077675613960347 435
1694722263440 3.2967196316172 436
1694722263812 3.285802222686729 437
1694722264247 3.275013792315925 438
1694722264593 3.264352816440422 439
1694722264947 3.253817789004833 440
1694722265285 3.243407221749947 441
1694722265621 3.2331196440024423 442
1694722265941 3.2229536024670833 443
1694722266270 3.212907661021386 444
1694722266682 3.202980400512681 445
1694722267060 3.1931704185575995 446
1694722267421 3.183476329343921 447
1694722267730 3.1738967634347612 448
1694722268005 3.1644303675750622 449
1694722268343 3.155075804500407 450
1694722268684 3.1458317527480415 451
1694722269066 3.1366969064701675 452
1694722269427 3.1276699752494372 453
1694722269710 3.118749683916595 454
1694722270040 3.1099347723703326 455
1694722270407 3.1012239953992218 456
1694722270707 3.0926161225057607 457
1694722271037 3.084109937732528 458
1694722271385 3.0757042394903626 459
1694722271733 3.067397840388575 460
1694722272058 3.0591895670671843 461
1694722272546 3.051078260031117 462
1694722272882 3.04306277348638 463
1694722273252 3.0351419751781554 464
1694722273686 3.027314746230823 465
1694722273961 3.019579980989858 466
1694722274312 3.0119365868656227 467
1694722274698 3.0043834841789643 468
1694722275019 2.9969196060086647 469
1694722275343 2.989543898040701 470
1694722275739 2.982255318419261 471
1694722276072 2.9750528375995287 472
1694722276392 2.967935438202231 473
1694722276811 2.960902114869861 474
1694722277127 2.953951874124642 475
1694722277489 2.9470837342281393 476
1694722277795 2.940296725042554 477
1694722278184 2.9335898878936337 478
1694722278546 2.926962275435228 479
1694722278936 2.920412951515416 480
1694722279302 2.9139409910442438 481
1694722279647 2.907545479863003 482
1694722279961 2.9012255146150663 483
1694722280316 2.8949802026182425 484
1694722280674 2.8888086617386475 485
1694722280971 2.8827100202660585 486
1694722281338 2.8766834167907454 487
1694722281709 2.8707280000817503 488
1694722282113 2.864842928966619 489
1694722282574 2.859027372212537 490
1694722282973 2.8532805084088873 491
1694722283332 2.847601525851185 492
1694722283706 2.8419896224263796 493
1694722283999 2.836444005499521 494
1694722284374 2.830963891801769 495
1694722284776 2.8255485073197093 496
1694722285065 2.8201970871859987 497
1694722285355 2.8149088755712794 498
1694722285637 2.809683125577391 499
