1694733363797 169.33022702445763 0
1694733364157 8.609985534084457 1
1694733364476 69.94925380435497 2
1694733364795 11.877493735145995 3
1694733365079 32.91340863557485 4
1694733365396 10.828400330157313 5
1694733365702 17.44827724777367 6
1694733366052 8.537594801255414 7
1694733366441 10.314119608315941 8
1694733366744 6.459684219767461 9
1694733367067 6.750244473973493 10
1694733367367 4.948022129412429 11
1694733367711 4.861743169027772 12
1694733368061 3.949670655227365 13
1694733368379 3.8189015135377993 14
1694733368749 3.322613412247688 15
1694733369087 3.2267821196695885 16
1694733369435 2.9397958321447026 17
1694733369729 2.8842512823491275 18
1694733370039 2.710051777948486 19
1694733370402 2.683542742177388 20
1694733370773 2.573680645528575 21
1694733371159 2.56481134054946 22
1694733371533 2.493350040535985 23
1694733371814 2.4940103512530474 24
1694733372073 2.446305010320983 25
1694733372395 2.451458351550178 26
1694733372749 2.418884109520702 27
1694733373202 2.4256571965568265 28
1694733373556 2.4029631003257816 29
1694733373914 2.409840760849526 30
1694733374259 2.3937420839556234 31
1694733374577 2.400006246360082 32
1694733374922 2.3883995727416627 33
1694733375289 2.3937752262037053 34
1694733375676 2.3852846441147113 35
1694733375976 2.3897286435773046 36
1694733376274 2.3834359729921237 37
1694733376593 2.3870161732614017 38
1694733376870 2.382296982002657 39
1694733377224 2.385125779353934 40
1694733377607 2.381547773580044 41
1694733378053 2.3837473366226645 42
1694733378459 2.3810062687290867 43
1694733378782 2.382691695388055 44
1694733379085 2.3805702231119783 45
1694733379454 2.3818425182125873 46
1694733379794 2.380183325617732 47
1694733380134 2.38112753255524 48
1694733380479 2.379815452136973 49
1694733380791 2.3805013119284513 50
1694733381049 2.379451219498531 51
1694733381429 2.3799349183300134 52
1694733381753 2.3790833927790445 53
1694733382038 2.3794096392868687 54
1694733382386 2.3787091206814654 55
1694733382804 2.378913176452321 56
1694733383145 2.378327811414686 57
1694733383496 2.378437307943733 58
1694733383842 2.3779399544936575 59
1694733384156 2.377976441049751 60
1694733384476 2.3775464835312317 61
1694733384848 2.3775267061881205 62
1694733385116 2.37714844495704 63
1694733385455 2.3770853823788776 64
1694733385814 2.3767468369798403 65
1694733386099 2.3766505276279575 66
1694733386386 2.376342541076834 67
1694733386751 2.3762207373416504 68
1694733387146 2.375936301968613 69
1694733387495 2.3757949837458114 70
1694733387816 2.3755287314963116 71
1694733388075 2.3753725072894625 72
1694733388338 2.375120322978551 73
1694733388678 2.3749527419347816 74
1694733388951 2.3747114689633 75
1694733389284 2.3745352629078575 76
1694733389650 2.3743024788375715 77
1694733389933 2.3741197495957733 78
1694733390253 2.3738935947032127 79
1694733390590 2.3737059588347322 80
1694733390903 2.373485004960804 81
1694733391176 2.3732937054461143 82
1694733391555 2.3730768555657047 83
1694733391902 2.372882847906951 84
1694733392215 2.3726692591606184 85
1694733392586 2.372473277708943 86
1694733392929 2.3722623023786973 87
1694733393232 2.3720649114001513 88
1694733393566 2.3718560516240967 89
1694733393926 2.3716576845985955 90
1694733394260 2.3714505576135485 91
1694733394570 2.3712515474682423 92
1694733394909 2.3710458589251378 93
1694733395167 2.370846461287528 94
1694733395433 2.3706419847600926 95
1694733395738 2.370442395838991 96
1694733396035 2.3702389570856166 97
1694733396410 2.370039327419011 98
1694733396701 2.3698367922936794 99
1694733396994 2.3696372373176233 100
1694733397245 2.3694355024828866 101
1694733397526 2.3692361106557924 102
1694733397861 2.369035096447773 103
1694733398180 2.3688359354951083 104
1694733398525 2.3686355804415378 105
1694733398836 2.368436702155539 106
1694733399163 2.368236958763647 107
1694733399543 2.368038402692254 108
1694733399861 2.367839234212256 109
1694733400215 2.3676410304942483 110
1694733400550 2.3674424084323946 111
1694733400922 2.3672445799762842 112
1694733401265 2.367046482183834 113
1694733401638 2.3668490463423852 114
1694733401972 2.3666514555471134 115
1694733402240 2.366454425404221 116
1694733402606 2.366257328081963 117
1694733403006 2.366060713441619 118
1694733403359 2.3658640989491095 119
1694733403712 2.365667907095418 120
1694733404028 2.365471767003916 121
1694733404298 2.3652760032851474 122
1694733404646 2.3650803308683517 123
1694733405054 2.364884999145784 124
1694733405406 2.3646897889863157 125
1694733405814 2.3644948919791573 126
1694733406103 2.3643001396661516 127
1694733406456 2.3641056792166046 128
1694733406839 2.3639113811133186 129
1694733407131 2.3637173583902746 130
1694733407438 2.363523511455501 131
1694733407838 2.363329927111072 132
1694733408129 2.363136528761899 133
1694733408405 2.362943383051711 134
1694733408757 2.362750431058051 135
1694733409069 2.3625577239336755 136
1694733409329 2.362365216337223 137
1694733409600 2.362172947517214 138
1694733409955 2.3619808825691515 139
1694733410337 2.3617890515936346 140
1694733410689 2.361597427706768 141
1694733411036 2.361406033979382 142
1694733411396 2.3612148496913545 143
1694733411707 2.361023892511487 144
1694733412055 2.3608331464565064 145
1694733412392 2.3606426250440604 146
1694733412696 2.360452315931173 147
1694733413018 2.3602622294456013 148
1694733413362 2.3600723560419925 149
1694733413666 2.359882703596915 150
1694733413956 2.3596932647150757 151
1694733414257 2.3595040453895244 152
1694733414564 2.3593150398773832 153
1694733414941 2.359126252724428 154
1694733415246 2.3589376794577723 155
1694733415597 2.358749323511157 156
1694733415922 2.358561181387803 157
1694733416202 2.358373255667037 158
1694733416523 2.3581855436023487 159
1694733416862 2.357998047116624 160
1694733417186 2.3578107640400656 161
1694733417437 2.35762369579126 162
1694733417774 2.3574368406437514 163
1694733418077 2.3572501996287367 164
1694733418338 2.357063771360611 165
1694733418609 2.3568775565730262 166
1694733418966 2.356691554142464 167
1694733419275 2.356505764574074 168
1694733419578 2.3563201869458967 169
1694733419947 2.3561348215876357 170
1694733420238 2.355949667732376 171
1694733420480 2.3557647255751477 172
1694733420773 2.3555799944683344 173
1694733421056 2.3553954745036254 174
1694733421406 2.3552111651252314 175
1694733421796 2.3550270663455786 176
1694733422204 2.354843177679597 177
1694733422506 2.3546594990789487 178
1694733422823 2.3544760301130596 179
1694733423178 2.354292770687049 180
1694733423471 2.35410972041237 181
1694733423802 2.3539268791585233 182
1694733424136 2.353744246569409 183
1694733424479 2.353561822487304 184
1694733424853 2.3533796065811945 185
1694733425194 2.3531975986725833 186
1694733425530 2.3530157984498805 187
1694733425803 2.352834205718779 188
1694733426184 2.3526528201827612 189
1694733426529 2.352471641635513 190
1694733426828 2.352290669792253 191
1694733427171 2.352109904437588 192
1694733427434 2.351929345295899 193
1694733427750 2.351748992144964 194
1694733428013 2.3515688447163527 195
1694733428337 2.3513889027827415 196
1694733428707 2.3512091660813703 197
1694733429062 2.3510296343811405 198
1694733429381 2.3508503074237965 199
1694733429667 2.3506711849754844 200
1694733429992 2.3504922667815555 201
1694733430325 2.3503135526061847 202
1694733430581 2.350135042197637 203
1694733430915 2.349956735318719 204
1694733431297 2.3497786317200826 205
1694733431554 2.349600731163624 206
1694733431821 2.3494230334019726 207
1694733432152 2.349245538196471 208
1694733432443 2.349068245301413 209
1694733432751 2.3488911544778586 210
1694733433173 2.3487142654815223 211
1694733433494 2.348537578073391 212
1694733433809 2.3483610920104145 213
1694733434124 2.348184807053667 214
1694733434431 2.34800872296119 215
1694733434729 2.347832839494265 216
1694733435086 2.347657156411916 217
1694733435416 2.3474816734757273 218
1694733435760 2.347306390445619 219
1694733436080 2.3471313070835476 220
1694733436418 2.3469564231502638 221
1694733436735 2.3467817384081533 222
1694733437043 2.346607252618745 223
1694733437364 2.3464329655448957 224
1694733437727 2.346258876948872 225
1694733438135 2.3460849865940316 226
1694733438448 2.3459112942433498 227
1694733438811 2.3457377996607116 228
1694733439148 2.3455645026097747 229
1694733439439 2.3453914028549665 230
1694733439736 2.3452185001606103 231
1694733440057 2.3450457942916905 232
1694733440404 2.344873285013181 233
1694733440700 2.344700972090631 234
1694733441028 2.3445288552896537 235
1694733441410 2.3443569343763717 236
1694733441679 2.3441852091170268 237
1694733441952 2.3440136792783206 238
1694733442311 2.343842344627115 239
1694733442672 2.3436712049306943 240
1694733443019 2.3435002599565355 241
1694733443374 2.343329509472507 242
1694733443653 2.343158953246695 243
1694733443984 2.342988591047554 244
1694733444335 2.342818422643775 245
1694733444614 2.3426484478044003 246
1694733444974 2.3424786662987205 247
1694733445308 2.342309077896365 248
1694733445587 2.3421396823672227 249
1694733445884 2.3419704794815104 250
1694733446194 2.34180146900971 251
1694733446498 2.3416326507226244 252
1694733446797 2.3414640243913296 253
1694733447173 2.3412955897872125 254
1694733447498 2.3411273466819384 255
1694733447797 2.340959294847479 256
1694733448101 2.3407914340560874 257
1694733448423 2.340623764080318 258
1694733448732 2.3404562846930084 259
1694733449071 2.340288995667296 260
1694733449480 2.340121896776601 261
1694733449823 2.3399549877946417 262
1694733450147 2.3397882684954197 263
1694733450503 2.3396217386532316 264
1694733450808 2.3394553980426602 265
1694733451113 2.3392892464385784 266
1694733451449 2.339123283616146 267
1694733451810 2.3389575093508137 268
1694733452144 2.3387919234183165 269
1694733452460 2.33862652559468 270
1694733452764 2.3384613156562124 271
1694733453179 2.338296293379513 272
1694733453499 2.3381314585414628 273
1694733453764 2.337966810919232 274
1694733454070 2.337802350290274 275
1694733454401 2.3376380764323264 276
1694733454705 2.337473989123413 277
1694733455052 2.3373100881418405 278
1694733455392 2.3371463732661986 279
1694733455694 2.3369828442753624 280
1694733456005 2.336819500948487 281
1694733456421 2.336656343065011 282
1694733456705 2.3364933704046558 283
1694733457024 2.336330582747424 284
1694733457476 2.3361679798735975 285
1694733457785 2.336005561563742 286
1694733458047 2.3358433275987003 287
1694733458340 2.3356812777595986 288
1694733458766 2.33551941182784 289
1694733459109 2.3353577295851085 290
1694733459505 2.3351962308133656 291
1694733459829 2.335034915294851 292
1694733460150 2.3348737828120845 293
1694733460478 2.3347128331478615 294
1694733460869 2.3345520660852546 295
1694733461294 2.3343914814076148 296
1694733461635 2.334231078898568 297
1694733461937 2.3340708583420176 298
1694733462292 2.3339108195221403 299
1694733462616 2.3337509622233905 300
1694733462996 2.3335912862304955 301
1694733463426 2.3334317913284597 302
1694733463749 2.3332724773025584 303
1694733464097 2.333113343938343 304
1694733464400 2.332954391021637 305
1694733464675 2.3327956183385377 306
1694733464943 2.3326370256754134 307
1694733465345 2.332478612818907 308
1694733465737 2.3323203795559304 309
1694733466074 2.3321623256736688 310
1694733466443 2.3320044509595776 311
1694733466750 2.331846755201385 312
1694733467039 2.3316892381870855 313
1694733467377 2.331531899704946 314
1694733467713 2.3313747395435027 315
1694733468000 2.331217757491561 316
1694733468293 2.3310609533381936 317
1694733468732 2.330904326872744 318
1694733469039 2.330747877884822 319
1694733469369 2.3305916061643037 320
1694733469708 2.330435511501336 321
1694733469952 2.3302795936863303 322
1694733470306 2.330123852509964 323
1694733470672 2.329968287763182 324
1694733470984 2.329812899237195 325
1694733471359 2.3296576867234773 326
1694733471708 2.32950265001377 327
1694733472074 2.3293477889000775 328
1694733472492 2.3291931031746707 329
1694733472790 2.32903859263008 330
1694733473160 2.3288842570591033 331
1694733473497 2.328730096254801 332
1694733473803 2.3285761100104945 333
1694733474099 2.3284222981197695 334
1694733474423 2.328268660376472 335
1694733474821 2.3281151965747107 336
1694733475138 2.327961906508856 337
1694733475464 2.327808789973538 338
1694733475810 2.3276558467636472 339
1694733476070 2.3275030766743363 340
1694733476388 2.327350479501016 341
1694733476746 2.3271980550393567 342
1694733477109 2.3270458030852885 343
1694733477506 2.326893723434999 344
1694733477840 2.3267418158849367 345
1694733478144 2.3265900802318047 346
1694733478457 2.326438516272567 347
1694733478769 2.3262871238044416 348
1694733479073 2.3261359026249067 349
1694733479502 2.3259848525316946 350
1694733479813 2.3258339733227955 351
1694733480096 2.325683264796453 352
1694733480434 2.3255327267511703 353
1694733480747 2.325382358985701 354
1694733481004 2.325232161299057 355
1694733481348 2.3250821334905027 356
1694733481753 2.3249322753595574 357
1694733482074 2.324782586705994 358
1694733482397 2.3246330673298377 359
1694733482776 2.3244837170313692 360
1694733483058 2.32433453561112 361
1694733483400 2.3241855228698722 362
1694733483794 2.324036678608664 363
1694733484136 2.323888002628782 364
1694733484471 2.3237394947317647 365
1694733484839 2.3235911547194026 366
1694733485135 2.3234429823937344 367
1694733485471 2.3232949775570524 368
1694733485832 2.323147140011895 369
1694733486249 2.322999469561053 370
1694733486565 2.3228519660075646 371
1694733486882 2.3227046291547175 372
1694733487158 2.3225574588060476 373
1694733487454 2.32241045476534 374
1694733487773 2.3222636168366253 375
1694733488131 2.322116944824183 376
1694733488500 2.3219704385325404 377
1694733488862 2.321824097766468 378
1694733489180 2.3216779223309882 379
1694733489517 2.3215319120313644 380
1694733489857 2.3213860666731083 381
1694733490113 2.321240386061977 382
1694733490449 2.321094870003971 383
1694733490848 2.320949518305336 384
1694733491110 2.3208043307725634 385
1694733491453 2.3206593072123876 386
1694733491777 2.3205144474317856 387
1694733492062 2.3203697512379793 388
1694733492328 2.3202252184384333 389
1694733492677 2.3200808488408544 390
1694733493062 2.319936642253191 391
1694733493329 2.3197925984836347 392
1694733493667 2.3196487173406184 393
1694733493997 2.319504998632816 394
1694733494301 2.319361442169143 395
1694733494645 2.319218047758753 396
1694733494957 2.319074815211044 397
1694733495224 2.318931744335651 398
1694733495573 2.318788834942449 399
1694733495945 2.318646086841553 400
1694733496252 2.3185034998433163 401
1694733496563 2.3183610737583313 402
1694733496868 2.3182188083974293 403
1694733497154 2.318076703571677 404
1694733497477 2.3179347590923807 405
1694733497924 2.3177929747710855 406
1694733498321 2.31765135041957 407
1694733498618 2.3175098858498515 408
1694733498895 2.317368580874183 409
1694733499141 2.3172274353050546 410
1694733499412 2.31708644895519 411
1694733499692 2.3169456216375504 412
1694733500054 2.31680495316533 413
1694733500383 2.3166644433519585 414
1694733500756 2.3165240920111017 415
1694733501076 2.316383898956656 416
1694733501480 2.3162438640027547 417
1694733501815 2.3161039869637614 418
1694733502095 2.3159642676542753 419
1694733502395 2.3158247058891277 420
1694733502736 2.315685301483382 421
1694733503111 2.315546054252333 422
1694733503426 2.3154069640115096 423
1694733503777 2.3152680305766684 424
1694733504105 2.315129253763801 425
1694733504418 2.3149906333891277 426
1694733504802 2.314852169269098 427
1694733505141 2.3147138612203957 428
1694733505408 2.3145757090599304 429
1694733505750 2.314437712604843 430
1694733506096 2.3142998716725036 431
1694733506396 2.3141621860805115 432
1694733506728 2.3140246556466937 433
1694733507133 2.3138872801891055 434
1694733507451 2.313750059526031 435
1694733507832 2.313612993475981 436
1694733508179 2.313476081857695 437
1694733508487 2.313339324490138 438
1694733508832 2.3132027211925017 439
1694733509203 2.3130662717842054 440
1694733509564 2.3129299760848943 441
1694733509918 2.312793833914438 442
1694733510242 2.3126578450929336 443
1694733510567 2.3125220094407006 444
1694733510843 2.312386326778286 445
1694733511159 2.3122507969264605 446
1694733511552 2.3121154197062177 447
1694733511966 2.3119801949387773 448
1694733512271 2.3118451224455807 449
1694733512702 2.3117102020482934 450
1694733513099 2.3115754335688043 451
1694733513380 2.311440816829225 452
1694733513740 2.311306351651887 453
1694733514176 2.311172037859347 454
1694733514457 2.311037875274383 455
1694733514770 2.310903863719993 456
1694733515110 2.3107700030193965 457
1694733515377 2.310636292996035 458
1694733515649 2.310502733473569 459
1694733515986 2.3103693242758805 460
1694733516309 2.3102360652270706 461
1694733516668 2.3101029561514608 462
1694733517014 2.309969996873591 463
1694733517313 2.3098371872182213 464
1694733517588 2.309704527010329 465
1694733517858 2.309572016075111 466
1694733518190 2.309439654237982 467
1694733518460 2.309307441324575 468
1694733518776 2.3091753771607393 469
1694733519092 2.309043461572543 470
1694733519370 2.3089116943862686 471
1694733519630 2.3087800754284196 472
1694733519986 2.308648604525711 473
1694733520329 2.308517281505077 474
1694733520653 2.3083861061936664 475
1694733521065 2.3082550784188434 476
1694733521529 2.308124198008188 477
1694733521900 2.307993464789494 478
1694733522243 2.3078628785907713 479
1694733522565 2.3077324392402425 480
1694733522949 2.3076021465663454 481
1694733523353 2.3074720003977305 482
1694733523731 2.307342000563262 483
1694733524085 2.307212146892018 484
1694733524365 2.307082439213288 485
1694733524715 2.3069528773565753 486
1694733525070 2.306823461151595 487
1694733525401 2.306694190428274 488
1694733525706 2.30656506501675 489
1694733526015 2.3064360847473737 490
1694733526325 2.3063072494507066 491
1694733526612 2.30617855895752 492
1694733526953 2.3060500130987958 493
1694733527308 2.305921611705727 494
1694733527577 2.305793354609716 495
1694733527927 2.305665241642375 496
1694733528296 2.305537272635524 497
1694733528564 2.3054094474211957 498
1694733528850 2.305281765831628 499
