1694731596269 0.6537870255826377 0
1694731596538 20.722101096873992 1
1694731596758 41.758905314329155 2
1694731596991 66.2959727914971 3
1694731597396 0.11069420690883534 4
1694731597673 0.04932629827833365 5
1694731597981 1.595748830060752 6
1694731598320 26.07656892693636 7
1694731598602 5.024104568065801 8
1694731598820 4.00607190671069 9
1694731599066 15.539747854979936 10
1694731599303 3.385217413545776 11
1694731599523 17.694677325124495 12
1694731599780 3.8681980367210516 13
1694731600141 0.110978765768157 14
1694731600475 3.5907353472262495 15
1694731600802 70.1855038282388 16
1694731601115 4.97697189637171 17
1694731601427 0.8913197523301204 18
1694731601756 1.6564069009129017 19
1694731602011 0.05330097673849358 20
1694731602244 0.04191440735903309 21
1694731602491 8.435103021484782 22
1694731602917 34.90476134392361 23
1694731603124 14.36334112185186 24
1694731603434 0.12347589370226723 25
1694731603691 9.332142034659086 26
1694731603975 18.585497342654104 27
1694731604238 6.328139021080637 28
1694731604536 17.643109520964963 29
1694731604757 1.771373188398645 30
1694731605033 4.015217381328041 31
1694731605483 9.611504824044555 32
1694731605741 24.44664665574905 33
1694731606069 0.3759898720360181 34
1694731606411 4.921040680453854 35
1694731606692 0.6423277558197102 36
1694731606989 0.17157476655584 37
1694731607379 0.18483021300549157 38
1694731607703 50.59089209302874 39
1694731607956 11.90385338654903 40
1694731608283 0.7594743957817733 41
1694731608605 0.4483537528608626 42
1694731608825 30.192786598301403 43
1694731609102 0.2623210911437288 44
1694731609432 9.64825490442144 45
1694731609684 11.260888317566875 46
1694731609959 3.495523961469746 47
1694731610305 17.67616347397759 48
1694731610627 2.160353170217742 49
1694731610864 0.4007694722596382 50
1694731611158 9.005478319710825 51
1694731611472 29.364626756035282 52
1694731611825 0.2176575831388911 53
1694731612065 3.627182384232142 54
1694731612364 4.06174520799074 55
1694731612705 0.05980858753490857 56
1694731613007 3.1283498461270804 57
1694731613301 14.891427907593568 58
1694731613633 11.590186208106129 59
1694731613892 0.7378470301962522 60
1694731614141 2.66877397039245 61
1694731614428 12.218746776884517 62
1694731614733 0.6286768131459074 63
1694731614972 23.431733000310068 64
1694731615306 0.04881584308867549 65
1694731615679 19.32513199862875 66
1694731615927 11.528596135324971 67
1694731616226 2.081812912646818 68
1694731616543 0.37787346582396003 69
1694731616864 2.9055559887400317 70
1694731617177 0.541624460642282 71
1694731617480 2.931148346760454 72
1694731617814 1.1097576672460234 73
1694731618072 5.133325838355577 74
1694731618362 10.628527038711157 75
1694731618686 0.7645126068621984 76
1694731618974 41.90254657108443 77
1694731619267 5.518046287395224 78
1694731619522 31.149983935979012 79
1694731619855 27.27341949386817 80
1694731620196 15.87529518565885 81
1694731620530 8.970758705866647 82
1694731620867 4.053612341969739 83
1694731621133 0.648459682665661 84
1694731621445 1.4029298776325576 85
1694731621805 43.85023531434892 86
1694731622089 64.63359086551297 87
1694731622403 0.7803428115208049 88
1694731622752 7.568436130242566 89
1694731623044 6.121137324249693 90
1694731623358 15.113762709540373 91
1694731623647 2.2497682084748214 92
1694731623921 2.0253950198313753 93
1694731624125 5.265568387140913 94
1694731624434 6.104420008063927 95
1694731624685 25.080306157942385 96
1694731624957 1.1870249684810918 97
1694731625211 0.026018787430517477 98
1694731625572 0.22861723370563258 99
1694731625864 30.337205417578037 100
1694731626119 0.3958353137982351 101
1694731626436 9.62286958978837 102
1694731626722 6.407170513383884 103
1694731626996 1.0006931017668326 104
1694731627276 21.55042424249087 105
1694731627599 0.027232052727300074 106
1694731627927 18.492192105318352 107
1694731628219 11.735126270195865 108
1694731628575 7.812399879966669 109
1694731628875 8.258611830312866 110
1694731629147 0.00044191806773315385 111
1694731629486 0.3398502389644383 112
1694731629793 1.885393635282116 113
1694731630096 7.166589199056249 114
1694731630366 1.6430408122786837 115
1694731630691 0.5516466611493823 116
1694731630956 1.2565582995305509 117
1694731631244 0.15232837917799222 118
1694731631573 61.19701728012309 119
1694731631948 26.535623251051963 120
1694731632247 10.59186812376511 121
1694731632535 10.014038076440102 122
1694731632850 9.381814289962199 123
1694731633130 58.22332954761486 124
1694731633382 37.14460031599507 125
1694731633703 38.20971253042719 126
1694731634084 51.22128670627155 127
1694731634354 48.6078036724914 128
1694731634676 2.7829142848638955 129
1694731635012 0.16767240140025247 130
1694731635288 1.8439101424175108 131
1694731635597 0.30316910550850024 132
1694731635883 10.73992089175346 133
1694731636266 5.454770554305006 134
1694731636559 0.5154486651128531 135
1694731636854 1.3168951868986873 136
1694731637159 49.547217426137884 137
1694731637477 3.256478946443797 138
1694731637909 5.944332044000729 139
1694731638277 0.18387111498036124 140
1694731638638 53.70908148772566 141
1694731638939 5.091035008548459 142
1694731639270 1.7176093390707803 143
1694731639520 15.812576172404537 144
1694731639825 5.903851075602712 145
1694731640225 23.635745342871516 146
1694731640545 4.601912911902466 147
1694731640873 0.03036305266370333 148
1694731641193 0.927597750681175 149
1694731641476 6.276127255537021 150
1694731641852 14.63589518370171 151
1694731642162 0.003787450206150056 152
1694731642437 0.9222284197256906 153
1694731642769 2.666410573323464 154
1694731643088 3.4582255713342835 155
1694731643369 1.0273273191119694 156
1694731643683 5.908380564433426 157
1694731643998 16.469961929839908 158
1694731644303 39.5436300360895 159
1694731644511 21.677029352010884 160
1694731644735 7.945927373210429 161
1694731645039 16.57767581454332 162
1694731645340 0.2305389409624958 163
1694731645639 44.14372391833519 164
1694731645942 0.13567307394597913 165
1694731646214 1.3658931592145118 166
1694731646492 15.384819466549468 167
1694731646768 28.968880316536616 168
1694731647086 1.5738939442216022 169
1694731647448 31.064262806484034 170
1694731647729 5.873199736550816 171
1694731648046 7.380494994222368 172
1694731648355 0.11166075682887147 173
1694731648600 0.3833120929886612 174
1694731648934 0.2491969585266447 175
1694731649232 6.155409309030662 176
1694731649528 5.1862212310134765 177
1694731649752 10.299096290267196 178
1694731650116 10.600379809041856 179
1694731650375 10.559558101948959 180
1694731650620 3.2510658683134084 181
1694731650925 16.919797811864687 182
1694731651252 5.681400974796012 183
1694731651553 2.131119652873917 184
1694731651932 0.00045054130964065805 185
1694731652261 45.722589349130836 186
1694731652522 0.6599396545381772 187
1694731652762 0.0021238273907912175 188
1694731653028 0.9073306852206339 189
1694731653331 12.802771211260126 190
1694731653645 95.23427817412136 191
1694731654000 27.587570240788363 192
1694731654348 0.7249082855309774 193
1694731654647 7.768021395337241 194
1694731654954 18.99995333621136 195
1694731655260 1.6289171070073407 196
1694731655547 42.94643125989516 197
1694731655787 2.749543266815428 198
1694731656061 1.2242179436420586 199
1694731656379 27.780175680436525 200
1694731656631 20.56942253223959 201
1694731656998 27.629799210924467 202
1694731657348 23.523691884095008 203
1694731657637 0.9897702583568755 204
1694731657904 12.457949336251255 205
1694731658169 6.579456976603673 206
1694731658541 42.77898865781391 207
1694731658782 4.49097340421748 208
1694731659098 0.033115701326605254 209
1694731659439 15.419061862532608 210
1694731659744 31.54930718322054 211
1694731660116 5.006211188499957 212
1694731660433 11.369223483175073 213
1694731660760 0.05339449098680052 214
1694731661008 7.763083070570218 215
1694731661331 6.416236928791133 216
1694731661667 73.1017551779238 217
1694731661999 13.943743972446802 218
1694731662300 12.542723837132998 219
1694731662594 14.587726547276825 220
1694731662927 0.42124491115928747 221
1694731663233 65.71586261694783 222
1694731663551 2.870141093385461 223
1694731663789 5.346888812561094 224
1694731664044 45.7448829910302 225
1694731664377 11.203035128785185 226
1694731664681 41.58884407586674 227
1694731664926 46.996170534381356 228
1694731665255 0.09397864737208965 229
1694731665582 7.855836923913136 230
1694731665812 0.004670561175505651 231
1694731666077 8.068455507541737 232
1694731666378 20.72543288519485 233
1694731666689 10.833289402749958 234
1694731666919 0.5741960318135152 235
1694731667252 23.73136948984114 236
1694731667602 3.1007716693652467 237
1694731667882 0.34427707994535717 238
1694731668187 3.3209730716939116 239
1694731668486 17.340098171149368 240
1694731668730 24.88649495642239 241
1694731668939 1.0410831801357832 242
1694731669170 0.7491085538052766 243
1694731669517 7.258388493256414 244
1694731669853 0.39894912555249834 245
1694731670235 7.901331851291037 246
1694731670557 5.648661408237884 247
1694731670859 7.489940854539564 248
1694731671172 0.1504058050286964 249
1694731671463 0.9431453005745074 250
1694731671869 5.901120015290173 251
1694731672185 6.312176547033106 252
1694731672501 13.209359726679331 253
1694731672799 15.44087004841492 254
1694731673052 6.000731553978386 255
1694731673370 0.16830382652814016 256
1694731673682 0.02178028535083767 257
1694731673968 5.010196359235653 258
1694731674244 8.64201326384884 259
1694731674541 8.76581996559517 260
1694731674839 1.7855916024426954 261
1694731675123 1.0654087310693263 262
1694731675430 16.654988669775324 263
1694731675743 7.505376676159309 264
1694731676088 79.46205721402795 265
1694731676401 1.7850431338634316 266
1694731676713 22.209915135295088 267
1694731676983 16.744612369809435 268
1694731677247 9.319685692591753 269
1694731677466 4.5763872810602795 270
1694731677711 42.916036456573885 271
1694731677931 0.004842940614578859 272
1694731678211 0.7393603512597193 273
1694731678565 2.525566508229014 274
1694731678861 82.68935975792184 275
1694731679073 1.234992406976822 276
1694731679356 4.705041594792827 277
1694731679639 2.3851053895581007 278
1694731679960 1.3696259036578007 279
1694731680331 11.448915159088102 280
1694731680673 13.976298603182224 281
1694731680937 0.09287349398788843 282
1694731681214 27.49126592907282 283
1694731681466 0.006204048656764118 284
1694731681748 0.3104944473307465 285
1694731682003 58.85864831059116 286
1694731682314 1.3697024804172975 287
1694731682648 2.2720227698019464 288
1694731682982 15.452473333693336 289
1694731683227 5.3885794050678975 290
1694731683534 37.549658299177935 291
1694731683817 0.12957032800344376 292
1694731684074 1.007073148112394 293
1694731684366 2.5224974743216038 294
1694731684703 15.189619227281923 295
1694731684981 0.006397110083594902 296
1694731685368 19.91698093928132 297
1694731685700 18.817652774569247 298
1694731685990 0.04645442817159333 299
1694731686302 28.949974644549417 300
1694731686612 1.3335824824802807 301
1694731686923 3.4540220206352856 302
1694731687144 0.1335894547566337 303
1694731687464 0.0007285844895061792 304
1694731687794 23.483946126204692 305
1694731688075 0.3414859564634526 306
1694731688327 4.558930365388953 307
1694731688637 2.6805690725794924 308
1694731688953 10.398508148609967 309
1694731689190 3.3570788891111367 310
1694731689533 9.48683019460392 311
1694731689899 1.7939447429513924 312
1694731690181 5.543079794019624 313
1694731690449 14.040756746847693 314
1694731690667 16.991689814605095 315
1694731690895 59.6196272497088 316
1694731691165 7.8000278037093205 317
1694731691484 15.57843420470288 318
1694731691877 0.02997246798518 319
1694731692164 5.944176376336077 320
1694731692487 28.389353460827326 321
1694731692798 1.1698932257045116 322
1694731693114 13.05729980808403 323
1694731693344 2.1232380581957573 324
1694731693646 4.080574770569552 325
1694731693986 6.5850704722189946 326
1694731694276 1.4762813173419753 327
1694731694555 11.422487468261762 328
1694731694856 0.39573757165385115 329
1694731695165 0.994241251795528 330
1694731695452 4.982532983883441 331
1694731695702 3.5091062378834663 332
1694731695922 13.098753797528786 333
1694731696240 0.17215178353168448 334
1694731696558 1.3694060531054846 335
1694731696867 1.696147155286707 336
1694731697159 9.725743907676359 337
1694731697430 13.647900773791031 338
1694731697714 1.03985609781662 339
1694731698112 3.5367724237066427 340
1694731698389 37.56104759237704 341
1694731698668 5.173994047775012 342
1694731698979 5.588584917895922 343
1694731699262 0.6043444035417349 344
1694731699568 0.17288010343172872 345
1694731699898 0.013286545602268279 346
1694731700247 56.86464723018208 347
1694731700556 0.34018415430752835 348
1694731700914 6.141554617505806 349
1694731701231 18.044146265842667 350
1694731701491 0.6688229870424149 351
1694731701855 5.68819493609888 352
1694731702166 26.005557005223352 353
1694731702384 15.936895495243755 354
1694731702670 0.07876421068332229 355
1694731703028 2.7938645518218594 356
1694731703307 2.7820567479348615 357
1694731703615 0.252405608431696 358
1694731703911 36.94199397483832 359
1694731704224 10.548692200216475 360
1694731704496 16.296513131524183 361
1694731704770 30.340087166275644 362
1694731705145 0.5319869979588998 363
1694731705419 18.728226302278703 364
1694731705693 9.543362880745379 365
1694731706039 0.0463156982309647 366
1694731706333 0.3299071485240532 367
1694731706569 0.035034579432642 368
1694731706871 9.997352741331504 369
1694731707218 0.8170841151741214 370
1694731707504 3.1568207194420945 371
1694731707762 3.4097793490826915 372
1694731708077 13.704828169805179 373
1694731708380 0.9817824847099379 374
1694731708663 36.67363437413953 375
1694731708930 0.991760503567516 376
1694731709192 6.970537558535432 377
1694731709524 0.01229439800011307 378
1694731709940 6.037890220647381 379
1694731710289 0.018031166707022084 380
1694731710575 0.0005464449334726829 381
1694731710914 2.007670942185577 382
1694731711264 13.603802186217612 383
1694731711514 14.263134580540603 384
1694731711913 11.705213207490118 385
1694731712176 50.48397398982079 386
1694731712453 1.8374409342212765 387
1694731712698 0.8530998217883425 388
1694731713000 33.627057326370306 389
1694731713281 1.9128847080190678 390
1694731713543 15.675784683273717 391
1694731713831 13.673443479877056 392
1694731714181 0.2980702513303626 393
1694731714477 5.228298522375354 394
1694731714719 22.055934877989593 395
1694731715013 39.62052578958648 396
1694731715329 7.778373729590691 397
1694731715597 4.363645174135329 398
1694731715929 10.020476161324337 399
1694731716298 16.388810549823543 400
1694731716601 30.414184500170055 401
1694731716908 17.501257541284104 402
1694731717229 18.061930108737243 403
1694731717493 31.407053146818694 404
1694731717819 15.13358126014988 405
1694731718128 11.167342723274162 406
1694731718495 21.41223534094508 407
1694731718787 2.640179624074244 408
1694731719078 0.1121440209155712 409
1694731719308 2.7561158942008315 410
1694731719539 4.699852090637142 411
1694731719931 7.2166587491051555 412
1694731720286 5.407176248335541 413
1694731720574 0.1611338876148498 414
1694731720874 14.369368286860272 415
1694731721255 0.6930746794734862 416
1694731721617 1.256432349552957 417
1694731721983 0.010987230265179547 418
1694731722287 1.126751502386114 419
1694731722536 4.130509256954023 420
1694731722883 0.6775257284156808 421
1694731723222 62.03242389353113 422
1694731723525 9.33862257597681 423
1694731723777 24.493972718504644 424
1694731724070 0.5599151848910274 425
1694731724323 0.07753401223121927 426
1694731724547 1.407311556046999 427
1694731724752 0.13912730662822292 428
1694731724961 0.606840092006084 429
1694731725337 32.911885198693334 430
1694731725596 19.172592947237916 431
1694731725834 39.098851798073966 432
1694731726123 7.416715107522085 433
1694731726555 2.8214073236892387 434
1694731726850 62.4466119532792 435
1694731727125 45.458679696853615 436
1694731727498 1.1303329342000987 437
1694731727747 3.04523691440339 438
1694731728035 0.01638718881427726 439
1694731728358 4.150504605382578 440
1694731728655 10.234642010480712 441
1694731728956 13.041668217748525 442
1694731729279 20.08378202855368 443
1694731729629 24.750493384256316 444
1694731729952 0.329964413446348 445
1694731730312 0.0032021063919645703 446
1694731730613 1.0432756691559382 447
1694731730839 7.210442983220175 448
1694731731089 28.174174385585772 449
1694731731372 7.041398156700093 450
1694731731776 26.46233587843651 451
1694731732122 0.8618566791757921 452
1694731732400 0.09331311316142041 453
1694731732687 21.74409931677139 454
1694731732937 43.38278712217048 455
1694731733274 2.133816401271819 456
1694731733577 37.41957160464592 457
1694731733784 0.054357827255648486 458
1694731734130 0.18514547499122805 459
1694731734427 30.104948631194045 460
1694731734700 25.90392169102751 461
1694731735000 42.88541220765076 462
1694731735332 8.66604863366675 463
1694731735638 1.1335475727493727 464
1694731735887 1.8577128545000265 465
1694731736190 14.626016485504483 466
1694731736574 23.540933890803817 467
1694731736861 0.2974990025667706 468
1694731737112 10.737039935561072 469
1694731737443 2.593330151325421 470
1694731737713 7.71743785445942 471
1694731737996 18.38351263688944 472
1694731738318 5.459097741048632 473
1694731738701 3.709171776544527 474
1694731738934 2.7992674296910227 475
1694731739202 10.574397102268795 476
1694731739473 6.713366245319108 477
1694731739786 0.3782688696544419 478
1694731740138 5.571109919655813 479
1694731740460 2.112059406336867 480
1694731740830 1.4171613339854865 481
1694731741044 11.299938093662382 482
1694731741357 0.7184125307217509 483
1694731741780 5.165579626551026 484
1694731742031 9.584399442406362 485
1694731742343 0.04630630974045441 486
1694731742671 12.89104369118728 487
1694731743020 0.0017201678662371752 488
1694731743252 20.34593077973553 489
1694731743494 10.509044860653432 490
1694731743830 36.944465726132016 491
1694731744071 0.2610342731851807 492
1694731744364 8.994906783141468 493
1694731744723 0.9206881735662326 494
1694731745029 13.807807444993486 495
1694731745396 1.1021800885527218 496
1694731745720 1.13366755654434 497
1694731746019 23.167149196597247 498
1694731746313 5.225636400417533 499
