1694741514613 20.442399943769338 0
1694741514861 5.4010056579302494 1
1694741515109 2.3596686357087715 2
1694741515320 1.759481186811381 3
1694741515474 2.431529220201566 4
1694741515670 2.069485462244365 5
1694741515899 1.9769375442663981 6
1694741516105 2.2092444621574017 7
1694741516318 1.69642088536712 8
1694741516449 2.134326958755118 9
1694741516597 2.1152422421281982 10
1694741516825 2.38221230694358 11
1694741517060 2.437295253586849 12
1694741517287 1.3679333506392408 13
1694741517515 2.2243712480361233 14
1694741517765 3.33670500577089 15
1694741517947 2.54440560272216 16
1694741518188 3.2818566448172133 17
1694741518360 1.543556911145972 18
1694741518538 1.7305178651772708 19
1694741518735 2.45642456297261 20
1694741518998 3.0823948077904735 21
1694741519278 1.548876461055745 22
1694741519461 2.755714169673566 23
1694741519623 2.1758631323993036 24
1694741519795 2.2105728905961803 25
