1694750281443 8.188973896836417 0
1694750281680 6.103062043315404 1
1694750281919 4.516107196874297 2
1694750282128 6.7164551489373565 3
1694750282259 6.3242045035994146 4
1694750282536 8.550168894699974 5
1694750282758 5.9921411808162475 6
1694750282991 6.768046132626114 7
1694750283224 4.47783425710101 8
1694750283456 4.595649073775686 9
1694750283690 7.141982660227843 10
1694750283937 5.784262194731153 11
1694750284153 5.545320802618413 12
1694750284320 5.998778749913942 13
1694750284630 6.077834808941013 14
1694750284827 4.915399258074717 15
1694750285075 6.399744345432982 16
1694750285279 6.668948122682479 17
1694750285493 3.9129366787857975 18
1694750285706 5.4957058055134524 19
1694750285902 7.250207116117771 20
1694750286113 6.293163602584826 21
1694750286332 6.606890483686262 22
1694750286570 6.816384572465169 23
1694750286811 3.7333613139460025 24
1694750287054 5.648170312681674 25
1694750287287 7.771967271630497 26
1694750287490 5.113188690591961 27
1694750287768 3.8149898127972612 28
1694750288004 5.545317085338707 29
1694750288293 9.017265676968888 30
1694750288530 5.166654780795196 31
1694750288768 9.824544340472299 32
1694750289001 4.795976981191026 33
1694750289213 7.506007753018122 34
1694750289435 9.477422441612132 35
1694750289667 5.028853715882892 36
1694750289951 6.268269120439162 37
1694750290135 4.300982720421749 38
1694750290269 7.9108702450439905 39
1694750290593 4.232682148887357 40
1694750290863 7.176740920544802 41
1694750291100 5.824402718447686 42
1694750291356 5.011821426325219 43
1694750291594 8.292731947295145 44
1694750291821 7.4297351318382665 45
1694750292097 3.3114767172086634 46
1694750292280 2.9360362885411164 47
1694750292529 8.317410096476983 48
1694750292796 4.6056532824225735 49
1694750293040 4.366745360580523 50
1694750293257 7.41003664179573 51
1694750293499 5.975715591741619 52
1694750293717 5.478552175991126 53
1694750293963 5.986195175640824 54
1694750294230 7.243697812109485 55
1694750294438 8.422752638762072 56
1694750294742 5.233649721229011 57
1694750294965 4.147976485973474 58
1694750295194 4.65603346537857 59
1694750295362 3.8430360452389114 60
1694750295571 7.253775721623174 61
1694750295821 4.574435377504535 62
1694750296015 5.226157917778369 63
1694750296257 5.266929671954369 64
1694750296498 5.0217316987667955 65
1694750296736 5.615840568306741 66
1694750296965 5.961897287189021 67
1694750297221 8.51794427946434 68
1694750297443 6.735009405535629 69
1694750297670 4.845369889975132 70
1694750297920 4.504814506823338 71
1694750298124 8.286244262264384 72
1694750298313 4.981048249129926 73
1694750298519 5.7090604499582325 74
1694750298805 9.215559704399817 75
1694750299050 5.016638960436432 76
1694750299263 5.390232172984919 77
1694750299395 3.724568925766445 78
1694750299579 6.925123156688677 79
1694750299781 7.426381181685062 80
1694750299998 3.688032554679463 81
1694750300333 5.15064762670053 82
1694750300548 3.785612402837899 83
1694750300799 5.992406955447895 84
1694750301084 7.960349415029536 85
1694750301325 7.627274589720771 86
1694750301502 6.027153181619283 87
1694750301712 4.6342279756661595 88
1694750301947 6.115821894270208 89
1694750302206 5.138998695007946 90
1694750302391 8.846544074130207 91
1694750302588 5.301291063820461 92
1694750302734 2.7858549305995104 93
1694750302864 5.796963236353565 94
1694750303113 5.843077919062068 95
1694750303372 5.066154897252493 96
1694750303600 3.842913100968392 97
1694750303744 3.7138859295621884 98
1694750303892 6.109827103784196 99
1694750304043 6.150040263066406 100
1694750304243 6.184557520531823 101
1694750304482 5.122735904739247 102
1694750304768 6.103385879288602 103
1694750305056 3.574317259231302 104
1694750305338 4.898812859367462 105
1694750305565 4.083319288611539 106
1694750305790 5.615629736833752 107
1694750305996 5.119123818960332 108
1694750306246 5.693938833973827 109
1694750306462 6.809329184957737 110
1694750306654 5.356004864229114 111
1694750306790 6.87047788441053 112
1694750306940 7.9114282718152795 113
1694750307088 5.646256320946043 114
1694750307285 5.429501722789385 115
1694750307502 4.786707200583727 116
1694750307696 3.762756631894039 117
1694750307853 4.741717546022545 118
1694750308060 6.018912548014174 119
1694750308290 5.531715421682031 120
1694750308473 5.472539670686291 121
1694750308649 6.210476481120988 122
1694750308806 5.383721576366457 123
1694750309015 7.585821592234626 124
1694750309208 3.781135544010152 125
1694750309386 5.2486020243510945 126
1694750309573 4.208279433006279 127
1694750309811 4.476889659862102 128
1694750309990 5.624465300639804 129
1694750310180 3.1767536408854924 130
1694750310399 5.745226744492662 131
1694750310597 9.494703587212074 132
1694750310786 4.630475130485831 133
1694750310981 9.525146659402472 134
1694750311182 5.194792755308623 135
1694750311393 6.032403933789223 136
1694750311586 5.741451745367719 137
1694750311819 6.255054786436335 138
1694750312085 6.364855981381257 139
1694750312269 7.844394101783386 140
1694750312458 6.249357502748771 141
1694750312655 5.731504574101315 142
1694750312901 4.178787700531303 143
1694750313061 6.161331011943367 144
1694750313268 5.136963294590331 145
1694750313478 6.912893543543685 146
1694750313670 5.5267240198302 147
1694750313899 6.863781838663198 148
1694750314093 5.735985921692972 149
