1694730334706 3.0549532620629862 0
1694730334934 1.6348920852853221 1
1694730335156 1.8718899320883955 2
1694730335349 1.5367530394857492 3
1694730335560 2.4261449794079426 4
1694730335754 2.7563388189853626 5
1694730335973 1.7050561427607682 6
1694730336233 2.9532025052090467 7
1694730336456 2.3696841436749767 8
1694730336697 2.1744574432301897 9
1694730336975 1.8754834382053645 10
1694730337199 1.2736391218395107 11
1694730337521 3.5794208338607043 12
1694730337827 2.1693460851087507 13
1694730338049 2.5891249077460654 14
1694730338289 2.3224381390469646 15
1694730338475 2.6661657004346826 16
1694730338725 2.2635344091856644 17
1694730339040 1.584548746526541 18
1694730339342 1.706984668333181 19
1694730339637 1.5090490943963575 20
1694730339930 2.6062770573661735 21
1694730340180 1.323753632047474 22
1694730340463 2.2378056605955403 23
1694730340783 4.5720462332851 24
1694730341029 1.8747448622686231 25
1694730341276 2.5177843170770644 26
1694730341599 2.113331708592181 27
1694730341900 2.2903741334790877 28
1694730342149 1.3574940193059994 29
1694730342409 1.9065117687543716 30
1694730342611 1.7235568149493026 31
1694730342889 1.7635077071042717 32
1694730343146 1.927615569493812 33
1694730343496 1.4878098261520305 34
1694730343849 2.0591498616743533 35
1694730344148 1.2996541837038527 36
1694730344340 3.4379856199199947 37
1694730344510 3.700545233483401 38
1694730344770 2.0926066601101643 39
1694730345053 1.5895987461638688 40
1694730345244 2.705485932994695 41
1694730345513 2.5808087291625577 42
1694730345785 1.7086406005775938 43
1694730346070 2.6364019728014267 44
1694730346315 1.6293389692596545 45
1694730346545 2.126806806095288 46
1694730346808 2.719524415756192 47
1694730347081 2.044905716015954 48
1694730347321 2.7351242127789157 49
1694730347585 1.662965298332967 50
1694730347880 1.447775163517117 51
1694730348128 1.3793345596338646 52
1694730348465 2.5109141394255463 53
1694730348746 1.4561137591296123 54
1694730349082 2.4110075056842932 55
1694730349332 2.4838198807698806 56
1694730349631 2.171412886011715 57
1694730349888 2.637118440523318 58
1694730350119 1.6314859477675534 59
1694730350413 2.914164122433954 60
1694730350895 3.2795848678646564 61
1694730351210 1.9308042608370461 62
1694730351572 2.6853665136836047 63
1694730351944 1.8030860493186545 64
1694730352220 3.697910753537814 65
1694730352486 2.2353814340733362 66
1694730352796 1.8508633247090671 67
1694730353121 2.4600680764019125 68
1694730353346 1.6080696284543936 69
1694730353620 2.751254302996204 70
1694730353884 1.9332328683852011 71
1694730354135 2.5769449177703234 72
1694730354363 2.578245908519399 73
1694730354709 1.2588387864321724 74
1694730354979 2.3744643860851418 75
1694730355245 2.2667994351763703 76
1694730355492 2.6533083789659964 77
1694730355765 3.10650481160144 78
1694730355967 2.359569312200034 79
1694730356195 2.5448641250122446 80
1694730356362 2.9431326652266674 81
1694730356575 2.557542157958893 82
1694730356829 2.0032877620644993 83
1694730357113 2.127317709103145 84
1694730357333 1.4775874212352142 85
1694730357617 2.8653677875157157 86
1694730357802 2.927489521203747 87
1694730358056 2.6899311899982883 88
1694730358319 3.7972080521781053 89
1694730358539 2.4557034321823714 90
1694730358776 2.5736958378817953 91
1694730359110 1.7808331194574105 92
1694730359332 1.9795502888497538 93
1694730359636 2.3880832368799325 94
1694730359968 2.2705510042533232 95
1694730360221 2.5611104830022215 96
1694730360482 3.283010247888992 97
1694730360781 3.596404822661921 98
1694730361041 2.1190286923207107 99
1694730361220 2.2332084559141676 100
1694730361421 1.8928321766149052 101
1694730361698 2.904817187824729 102
1694730362017 2.2062275104978673 103
1694730362266 1.2432923757506915 104
1694730362590 1.8953846077346261 105
1694730362865 3.4001767439827013 106
1694730363248 2.4696690516675446 107
1694730363569 2.036720139493802 108
1694730364010 1.8708676508100994 109
1694730364438 1.2822577300348739 110
1694730364770 2.216200041918784 111
1694730365244 1.7383245891447452 112
1694730365643 2.0739509754656122 113
1694730366117 2.3166095422993047 114
1694730366415 2.5560926726903404 115
1694730366779 2.268380327468902 116
1694730367076 1.8031523560569487 117
1694730367302 2.7369997357102784 118
1694730367500 2.212597695137058 119
1694730367744 1.7994138369872363 120
1694730367983 1.5354399502002496 121
1694730368266 1.8573907088594503 122
1694730368509 3.952479305501123 123
1694730368786 2.2529357145975064 124
1694730369211 1.7228274712436669 125
1694730369463 2.247088096548148 126
1694730369746 2.8490091452674196 127
1694730370019 2.1443036100202066 128
1694730370302 1.9139764777962784 129
1694730370568 3.0413425036291635 130
1694730370997 1.8543926078939152 131
1694730371374 3.3819420289362148 132
1694730371884 1.9122761463444067 133
1694730372226 1.7978563965288645 134
1694730372402 1.4095366244989638 135
1694730372601 1.8770212240344637 136
1694730372799 2.48333554796389 137
1694730373043 2.1753048019703374 138
1694730373362 2.1633231632638728 139
1694730373764 2.4240486699150043 140
1694730374227 1.9675686946708564 141
1694730374487 2.6678600093777236 142
1694730375162 3.2605888100661424 143
1694730375472 1.6530247579692023 144
1694730375885 2.7534150133173214 145
1694730376557 1.6496412087503327 146
1694730377097 2.5979608115464625 147
1694730377367 3.5352680536963423 148
1694730377742 1.5564919719043584 149
1694730378165 1.675743951068634 150
1694730378497 1.6536536166993945 151
1694730378759 2.2323901754585322 152
1694730379467 1.4011999473592422 153
1694730379950 1.8478155567436363 154
1694730380463 1.6760773342353645 155
1694730380788 2.895344922817755 156
1694730381395 2.069124414388466 157
1694730382093 2.459058837390504 158
1694730382383 1.2158609367690332 159
1694730382595 3.326863837260167 160
1694730382886 2.0389704575881717 161
1694730383185 2.6626775755265335 162
1694730383559 2.694768233818026 163
1694730383998 1.8855793512193082 164
1694730384432 1.041464329132728 165
1694730384746 2.479966227459293 166
1694730385029 3.7557168552779143 167
1694730385335 2.0711846331542523 168
1694730385647 1.6417817099471872 169
1694730385992 3.0556144928344615 170
1694730386366 3.129978954058894 171
1694730386626 1.7382473977314572 172
1694730386874 2.0029949571745127 173
1694730387094 1.9098988628911953 174
1694730387412 2.3222324099567455 175
1694730387700 2.216458631019486 176
1694730387961 2.326926102571233 177
1694730388240 1.5949275242175587 178
1694730388547 4.190366052444548 179
1694730388840 1.6382274929645193 180
1694730389300 2.5359902707448416 181
1694730389612 1.7535018944866847 182
1694730389992 2.0041822994499627 183
1694730390294 4.3513762629872215 184
1694730390859 2.1693283705210336 185
1694730391482 2.1978966321480558 186
1694730391794 1.9724446626400267 187
1694730392212 2.752015187332631 188
1694730392586 1.947340645618724 189
1694730393073 1.7399996873133734 190
1694730393433 2.4144126998204207 191
1694730393726 2.388387703341284 192
1694730394018 1.957429815069957 193
1694730394282 1.4872486200348685 194
1694730394476 1.5907614907412704 195
1694730394637 2.740134164058846 196
1694730394822 1.7348922716480615 197
1694730395000 1.8351801803055487 198
1694730395298 3.0896493124218214 199
1694730395547 2.094933164566639 200
1694730395716 2.863236072085827 201
1694730395968 1.6349539559339714 202
1694730396268 1.2550286744685173 203
1694730396533 2.487166492929319 204
1694730396703 2.5665122057611462 205
1694730396894 2.214787136068567 206
1694730397126 1.639547265691489 207
1694730397505 1.7182136885484343 208
1694730397744 3.0806295905725967 209
1694730398009 2.9454627328400216 210
1694730398361 2.9040688403221058 211
1694730398646 1.9283714125146416 212
1694730398893 1.8642249554291832 213
1694730399163 2.1154275706203096 214
1694730399493 3.111543436661046 215
1694730399694 2.4299406179838523 216
1694730399917 3.7988221094953167 217
1694730400174 2.894660158294605 218
1694730400451 1.6801009500709878 219
1694730400798 4.329541841159253 220
1694730401072 1.9830779347990766 221
1694730401333 3.140021102103447 222
1694730401752 2.522080316332859 223
1694730402222 1.740882516715079 224
1694730402547 2.13627342730123 225
1694730402914 2.2481777874296105 226
1694730403262 2.071633242501241 227
1694730403549 2.316045098074183 228
1694730403960 2.444387622901342 229
1694730404562 2.0507579186162954 230
1694730404973 1.9810162879197493 231
1694730405273 1.8991454948251563 232
1694730405614 0.9286809607333382 233
1694730406030 1.8082091043837183 234
1694730406432 2.3640920115622244 235
1694730406751 1.464465490058571 236
1694730407295 2.1782046778664927 237
1694730407728 2.7274812387962104 238
1694730408131 2.677901309656749 239
1694730408572 3.0457773049711445 240
1694730409022 2.1353931002546336 241
1694730409413 2.814836400526174 242
1694730409810 3.2614025035411034 243
1694730410015 1.5016456252744392 244
1694730410321 2.8330401869450075 245
1694730410632 1.75176919343965 246
1694730410984 1.8337584857731721 247
1694730411422 1.905820465924028 248
1694730411797 3.020194554451694 249
1694730412260 1.8046777737574742 250
1694730412656 2.4299879764511148 251
1694730412898 2.1358766253317247 252
1694730413148 2.596945117597434 253
1694730413459 2.473119089501318 254
1694730413714 1.902924064981765 255
1694730413942 3.948934413244784 256
1694730414196 2.540886698223416 257
1694730414517 2.3212171538183304 258
1694730414746 1.303797943382889 259
1694730414996 2.804043978273452 260
1694730415273 2.4771163239613703 261
1694730415754 2.81791929112169 262
1694730416043 2.030000663709607 263
1694730416377 1.603429426576821 264
1694730416761 2.8819368911633982 265
1694730417128 1.9930728363444343 266
1694730417660 2.5096082805298336 267
1694730417952 2.224654681605127 268
1694730418323 1.7038514392729553 269
1694730418802 2.5995180165501517 270
1694730419205 1.7011820533248208 271
1694730419506 2.413119200948537 272
1694730419981 1.1626558972913805 273
1694730420430 2.8602339443929656 274
1694730420692 2.1581874122903653 275
1694730420941 1.8230637910456846 276
1694730421256 1.9091311395431834 277
1694730421755 2.231507404481295 278
1694730421984 1.8476325356386762 279
1694730422335 1.7600491869742165 280
1694730422626 2.527265010944607 281
1694730422876 1.9820435814916042 282
1694730423114 2.21923553750173 283
1694730423384 2.774984339969242 284
1694730423708 2.572945335920231 285
1694730423973 2.0781552235727676 286
1694730424304 2.319192753049051 287
1694730424628 2.2463503572309884 288
1694730424860 1.346360684405098 289
1694730425060 2.831747247551988 290
1694730425293 2.1859657378164323 291
1694730425603 3.041338638597096 292
1694730425872 2.818128421855522 293
1694730426200 2.2580671172842304 294
1694730426473 1.7054619891819307 295
1694730426746 2.292255014848155 296
1694730426963 2.323852067738929 297
1694730427208 1.993039487193446 298
1694730427459 1.3712095509587985 299
1694730427740 1.7433761213056602 300
1694730427947 1.9230131240582666 301
1694730428127 3.3228016052213074 302
1694730428474 1.8311784532285076 303
1694730428660 2.70048345755913 304
1694730428951 2.8944372546855766 305
1694730429263 3.236927975857926 306
1694730429557 2.5649967870909434 307
1694730429849 1.3324164772940132 308
1694730430125 2.344215690250533 309
1694730430419 2.47978195647647 310
1694730430795 3.129022910725992 311
1694730431024 2.4629486956183095 312
1694730431285 2.170593909189361 313
1694730431556 2.614242088188426 314
1694730431853 2.7880665009083523 315
1694730432075 1.9618520429119606 316
1694730432301 1.3237644235884383 317
1694730432518 1.4104920884795176 318
1694730432843 2.518761420744452 319
1694730433108 2.825200410096587 320
1694730433373 1.4967810445823615 321
1694730433655 2.0671279005105934 322
1694730433919 0.8641465125661683 323
1694730434120 2.402776071359334 324
1694730434488 2.4064884309160037 325
1694730434760 1.944144029559462 326
1694730435021 2.8706752354592235 327
1694730435310 2.900440198522172 328
1694730435592 2.6300901321683723 329
1694730435852 1.6350197065542864 330
1694730436077 2.5201447915604636 331
1694730436376 1.5291053944430502 332
1694730436620 1.7191880417968195 333
1694730436900 1.5624129960713826 334
1694730437124 1.8424893136281717 335
1694730437450 1.6782167991140495 336
1694730437826 1.6062449936012257 337
1694730438028 1.61823074571629 338
1694730438273 2.7002866529020784 339
1694730438584 2.65513948305877 340
1694730438828 1.9941300055261537 341
1694730439075 1.7367682469595866 342
1694730439292 2.8922439969891425 343
1694730439608 1.3796011047060988 344
1694730439922 2.349947530886137 345
1694730440177 2.159296232919411 346
1694730440506 1.7902120691524102 347
1694730440857 2.3155408590079922 348
1694730441101 2.6709414055045086 349
1694730441401 3.194964577235239 350
1694730441692 2.2025762531191497 351
1694730442003 1.5265073034409578 352
1694730442223 1.6926159779461831 353
1694730442474 1.4954519339737278 354
1694730442748 2.1237272961303257 355
1694730443008 1.8882612878870846 356
1694730443254 2.3621374339538015 357
1694730443553 2.0489314309323348 358
1694730443853 1.8828849041846294 359
1694730444110 2.3726326360212364 360
1694730444386 2.765953852348359 361
1694730444598 1.914688155645636 362
1694730444843 2.7472600382989305 363
1694730445056 1.6788215647305245 364
1694730445293 1.4799941870546494 365
1694730445558 2.226690090954113 366
1694730445791 2.2066885326056767 367
1694730446016 1.725609276643843 368
1694730446559 1.967232386006384 369
1694730446843 1.8568615206029402 370
1694730447099 2.249770042409714 371
1694730447348 3.036552870223843 372
1694730447601 1.9352267767202267 373
1694730447929 1.7781570906973256 374
1694730448351 2.1286436822081014 375
1694730448726 2.5001419159649427 376
1694730449114 2.0783050732487287 377
1694730449437 2.1456663496065227 378
1694730449750 2.502621914067122 379
1694730450018 2.6509645193499085 380
1694730450271 1.0631533559631552 381
1694730450588 2.3964922088868628 382
1694730450950 2.2081464636935575 383
1694730451236 1.9581802636632963 384
1694730451562 1.5927914347711927 385
1694730451883 1.581314091936132 386
1694730452154 2.081082918487906 387
1694730452402 1.9317604555258328 388
1694730452689 1.1831074001674728 389
1694730452998 1.7198590300822747 390
1694730453237 2.3181597819273883 391
1694730453587 1.579756736925319 392
1694730453881 1.5373266424693603 393
1694730454152 1.6545468325580923 394
1694730454441 1.751671568069928 395
1694730454741 2.43958039341574 396
1694730455088 1.9013527564621762 397
1694730455305 1.8998257398128071 398
1694730455543 2.997298513232861 399
1694730455848 2.6341258419254867 400
1694730456099 2.23728222570827 401
1694730456357 1.8486416386248543 402
1694730456625 2.190061112790698 403
1694730456876 1.862766632242578 404
1694730457138 2.6211942150621907 405
1694730457386 1.4115757674615463 406
1694730457668 1.9034779234000667 407
1694730458020 1.8576305250705871 408
1694730458291 1.3259055340206631 409
1694730458504 2.5634144298253294 410
1694730458773 1.8410152862027738 411
1694730459153 1.8689015219562104 412
1694730459433 1.6519118310457972 413
1694730459681 1.5410922640589888 414
1694730459974 1.8268077086428074 415
1694730460261 2.8061901725591056 416
1694730460502 2.4676671644936974 417
1694730460803 2.1941625336395876 418
1694730461082 2.6531557742463807 419
1694730461345 1.684381379573348 420
1694730461651 3.018501075214526 421
1694730461930 2.9043656239263482 422
1694730462189 3.1310381236623814 423
1694730462390 1.8268964202547902 424
1694730462746 2.455253199188061 425
1694730463037 1.4354690923279736 426
1694730463369 1.7032243405271423 427
1694730463867 2.4526038947232927 428
1694730464217 1.6874013796815488 429
1694730464504 3.2225115312027417 430
1694730464865 1.9093951411620356 431
1694730465133 2.0053449959882528 432
1694730465389 2.826641845879364 433
1694730465650 2.1858252765119834 434
1694730465968 1.4104504125304793 435
1694730466247 2.6188598212598873 436
1694730466574 2.3409835382845086 437
1694730466889 2.356717774202063 438
1694730467225 2.641672735597935 439
1694730467423 2.4165079036710364 440
1694730467738 3.3056714825046503 441
1694730468067 2.442934704772411 442
1694730468348 2.545842630209421 443
1694730468521 2.4841132862676245 444
1694730468758 1.760412043717741 445
1694730469105 1.722643487894344 446
1694730469401 1.6923277211795391 447
1694730469653 1.8936772681686607 448
1694730469923 3.5369436710453255 449
1694730470219 2.1711891737909794 450
1694730470719 2.3072323897590583 451
1694730471086 2.177090562167788 452
1694730471467 2.592462385354188 453
1694730471848 2.584183663766629 454
1694730472262 1.7788647324984266 455
1694730472523 2.527382673944913 456
1694730472834 1.7568397772639726 457
1694730473206 2.478873000055665 458
1694730473498 2.3319638821227806 459
1694730474057 2.5260395396842834 460
1694730474467 1.9897836722242168 461
1694730474821 2.5672756722865526 462
1694730475118 1.8562352666866027 463
1694730475349 2.345294175234595 464
1694730475552 1.4476527963314056 465
1694730475839 2.3557762540462464 466
1694730476189 2.560807233969681 467
1694730476596 2.243682934881395 468
1694730477158 1.3567059153921195 469
1694730477520 2.8494937176953172 470
1694730477740 2.0888981485399922 471
1694730477933 2.649508650114802 472
1694730478271 1.8805943885023004 473
1694730478546 1.6479098617303434 474
1694730478862 2.2138997612384737 475
1694730479228 2.4223693329703893 476
1694730479623 1.880260582963585 477
1694730480050 2.484041813392793 478
1694730480417 2.895594225047086 479
1694730480952 2.3674557878946545 480
1694730481471 2.3689276790021103 481
1694730481848 2.3702036395754718 482
1694730482238 2.89907195280883 483
1694730482552 2.839266716281443 484
1694730482865 1.9002411166221385 485
1694730483212 2.153845655418659 486
1694730483539 2.195957965057379 487
1694730483899 1.600386824038076 488
1694730484206 2.6617217900822085 489
1694730484471 1.6877469074438645 490
1694730484669 2.1583848420469685 491
1694730484995 2.2738265451021396 492
1694730485447 3.535077649381185 493
1694730485786 2.279733703847684 494
1694730486157 2.9692075188683558 495
1694730486467 2.0538607318379607 496
1694730486754 2.338473788507681 497
1694730487239 3.401615868405741 498
1694730487660 1.96931606223344 499
