1694748122074 nan 0
1694748122301 nan 1
1694748122508 nan 2
1694748122837 nan 3
1694748123112 nan 4
1694748123419 nan 5
1694748123648 nan 6
1694748123937 nan 7
1694748124188 nan 8
1694748124484 nan 9
1694748124736 nan 10
1694748125057 nan 11
1694748125287 nan 12
1694748125573 nan 13
1694748125882 nan 14
1694748126139 nan 15
1694748126433 nan 16
1694748126661 nan 17
1694748126896 nan 18
1694748127227 nan 19
1694748127464 nan 20
1694748127647 nan 21
1694748127879 nan 22
1694748128153 nan 23
1694748128392 nan 24
1694748128600 nan 25
1694748128826 nan 26
1694748129073 nan 27
1694748129303 nan 28
1694748129580 nan 29
1694748129877 nan 30
1694748130263 nan 31
1694748130512 nan 32
1694748130742 nan 33
1694748131003 nan 34
1694748131384 nan 35
1694748131620 nan 36
1694748131841 nan 37
1694748132055 nan 38
1694748132289 nan 39
1694748132562 nan 40
1694748132874 nan 41
1694748133150 nan 42
1694748133414 nan 43
1694748133662 nan 44
1694748133905 nan 45
1694748134210 nan 46
1694748134621 nan 47
1694748134831 nan 48
1694748135069 nan 49
1694748135295 nan 50
1694748135522 nan 51
1694748135741 nan 52
1694748135988 nan 53
1694748136289 nan 54
1694748136586 nan 55
1694748136865 nan 56
1694748137128 nan 57
1694748137390 nan 58
1694748137677 nan 59
1694748137931 nan 60
1694748138233 nan 61
1694748138525 nan 62
1694748138779 nan 63
1694748139133 nan 64
1694748139409 nan 65
1694748139704 nan 66
1694748140057 nan 67
1694748140329 nan 68
1694748140584 nan 69
1694748140890 nan 70
1694748141208 nan 71
1694748141533 nan 72
1694748141794 nan 73
1694748142049 nan 74
1694748142391 nan 75
1694748142720 nan 76
1694748142955 nan 77
1694748143253 nan 78
1694748143625 nan 79
1694748143882 nan 80
1694748144122 nan 81
1694748144362 nan 82
1694748144626 nan 83
1694748144888 nan 84
1694748145181 nan 85
1694748145427 nan 86
1694748145736 nan 87
1694748145960 nan 88
1694748146239 nan 89
1694748146542 nan 90
1694748146817 nan 91
1694748147008 nan 92
1694748147264 nan 93
1694748147562 nan 94
1694748147864 nan 95
1694748148096 nan 96
1694748148333 nan 97
1694748148631 nan 98
1694748148940 nan 99
1694748149213 nan 100
1694748149485 nan 101
1694748149752 nan 102
1694748150079 nan 103
1694748150375 nan 104
1694748150636 nan 105
1694748150897 nan 106
1694748151148 nan 107
1694748151404 nan 108
1694748151667 nan 109
1694748151881 nan 110
1694748152146 nan 111
1694748152493 nan 112
1694748152849 nan 113
1694748153087 nan 114
1694748153310 nan 115
1694748153595 nan 116
1694748153904 nan 117
1694748154164 nan 118
1694748154528 nan 119
1694748154869 nan 120
1694748155151 nan 121
1694748155429 nan 122
1694748155762 nan 123
1694748156070 nan 124
1694748156304 nan 125
1694748156599 nan 126
1694748156950 nan 127
1694748157227 nan 128
1694748157466 nan 129
1694748157736 nan 130
1694748158055 nan 131
1694748158294 nan 132
1694748158550 nan 133
1694748158805 nan 134
1694748159118 nan 135
1694748159362 nan 136
1694748159638 nan 137
1694748159938 nan 138
1694748160255 nan 139
1694748160543 nan 140
1694748160806 nan 141
1694748161119 nan 142
1694748161404 nan 143
1694748161760 nan 144
1694748162046 nan 145
1694748162345 nan 146
1694748162611 nan 147
1694748162975 nan 148
1694748163290 nan 149
1694748163583 nan 150
1694748163841 nan 151
1694748164142 nan 152
1694748164433 nan 153
1694748164677 nan 154
1694748164921 nan 155
1694748165254 nan 156
1694748165534 nan 157
1694748165842 nan 158
1694748166134 nan 159
1694748166410 nan 160
1694748166635 nan 161
1694748166883 nan 162
1694748167137 nan 163
1694748167369 nan 164
1694748167605 nan 165
1694748167869 nan 166
1694748168221 nan 167
1694748168457 nan 168
1694748168838 nan 169
1694748169150 nan 170
1694748169423 nan 171
1694748169667 nan 172
1694748169998 nan 173
1694748170353 nan 174
1694748170606 nan 175
1694748170813 nan 176
1694748171090 nan 177
1694748171384 nan 178
1694748171611 nan 179
1694748171873 nan 180
1694748172193 nan 181
1694748172545 nan 182
1694748172855 nan 183
1694748173102 nan 184
1694748173395 nan 185
1694748173625 nan 186
1694748173888 nan 187
1694748174122 nan 188
1694748174391 nan 189
1694748174750 nan 190
1694748175043 nan 191
1694748175373 nan 192
1694748175597 nan 193
1694748175839 nan 194
1694748176125 nan 195
1694748176392 nan 196
1694748176611 nan 197
1694748176932 nan 198
1694748177242 nan 199
1694748177522 nan 200
1694748177792 nan 201
1694748178026 nan 202
1694748178263 nan 203
1694748178521 nan 204
1694748178830 nan 205
1694748179183 nan 206
1694748179425 nan 207
1694748179701 nan 208
1694748180007 nan 209
1694748180317 nan 210
1694748180551 nan 211
1694748180772 nan 212
1694748181064 nan 213
1694748181357 nan 214
1694748181656 nan 215
1694748181964 nan 216
1694748182286 nan 217
1694748182561 nan 218
1694748182870 nan 219
1694748183174 nan 220
1694748183470 nan 221
1694748183701 nan 222
1694748183933 nan 223
1694748184187 nan 224
1694748184537 nan 225
1694748184792 nan 226
1694748185157 nan 227
1694748185449 nan 228
1694748185765 nan 229
1694748186018 nan 230
1694748186314 nan 231
1694748186583 nan 232
1694748186805 nan 233
1694748187051 nan 234
1694748187299 nan 235
1694748187624 nan 236
1694748187922 nan 237
1694748188218 nan 238
1694748188476 nan 239
1694748188734 nan 240
1694748188964 nan 241
1694748189205 nan 242
1694748189484 nan 243
1694748189745 nan 244
1694748189969 nan 245
1694748190267 nan 246
1694748190549 nan 247
1694748190801 nan 248
1694748191057 nan 249
1694748191334 nan 250
1694748191648 nan 251
1694748191910 nan 252
1694748192216 nan 253
1694748192568 nan 254
1694748192890 nan 255
1694748193179 nan 256
1694748193494 nan 257
1694748193722 nan 258
1694748193982 nan 259
1694748194254 nan 260
1694748194678 nan 261
1694748194918 nan 262
1694748195163 nan 263
1694748195473 nan 264
1694748195767 nan 265
1694748195990 nan 266
1694748196265 nan 267
1694748196579 nan 268
1694748196955 nan 269
1694748197196 nan 270
1694748197498 nan 271
1694748197807 nan 272
1694748198024 nan 273
1694748198214 nan 274
1694748198501 nan 275
1694748198833 nan 276
1694748199131 nan 277
1694748199436 nan 278
1694748199756 nan 279
1694748200185 nan 280
1694748200479 nan 281
1694748200796 nan 282
1694748201068 nan 283
1694748201402 nan 284
1694748201702 nan 285
1694748201975 nan 286
1694748202257 nan 287
1694748202561 nan 288
1694748202930 nan 289
1694748203182 nan 290
1694748203566 nan 291
1694748203854 nan 292
1694748204095 nan 293
1694748204368 nan 294
1694748204651 nan 295
1694748204928 nan 296
1694748205154 nan 297
1694748205435 nan 298
1694748205771 nan 299
1694748206071 nan 300
1694748206384 nan 301
1694748206721 nan 302
1694748207039 nan 303
1694748207272 nan 304
1694748207563 nan 305
1694748207898 nan 306
1694748208153 nan 307
1694748208400 nan 308
1694748208712 nan 309
1694748209011 nan 310
1694748209273 nan 311
1694748209538 nan 312
1694748209868 nan 313
1694748210206 nan 314
1694748210516 nan 315
1694748210740 nan 316
1694748211084 nan 317
1694748211362 nan 318
1694748211693 nan 319
1694748211996 nan 320
1694748212338 nan 321
1694748212692 nan 322
1694748213069 nan 323
1694748213310 nan 324
1694748213598 nan 325
1694748213928 nan 326
1694748214220 nan 327
1694748214645 nan 328
1694748214969 nan 329
1694748215242 nan 330
1694748215544 nan 331
1694748215837 nan 332
1694748216171 nan 333
1694748216424 nan 334
1694748216749 nan 335
1694748217108 nan 336
1694748217402 nan 337
1694748217722 nan 338
1694748218047 nan 339
1694748218302 nan 340
1694748218604 nan 341
1694748218908 nan 342
1694748219282 nan 343
1694748219605 nan 344
1694748219915 nan 345
1694748220237 nan 346
1694748220492 nan 347
1694748220794 nan 348
1694748221093 nan 349
1694748221460 nan 350
1694748221749 nan 351
1694748222040 nan 352
1694748222420 nan 353
1694748222773 nan 354
1694748223087 nan 355
1694748223347 nan 356
1694748223717 nan 357
1694748224016 nan 358
1694748224293 nan 359
1694748224614 nan 360
1694748224903 nan 361
1694748225233 nan 362
1694748225516 nan 363
1694748225895 nan 364
1694748226194 nan 365
1694748226497 nan 366
1694748226798 nan 367
1694748227095 nan 368
1694748227377 nan 369
1694748227694 nan 370
1694748228049 nan 371
1694748228345 nan 372
1694748228588 nan 373
1694748228890 nan 374
1694748229211 nan 375
1694748229527 nan 376
1694748229828 nan 377
1694748230122 nan 378
1694748230403 nan 379
1694748230651 nan 380
1694748230953 nan 381
1694748231235 nan 382
1694748231479 nan 383
1694748231723 nan 384
1694748232017 nan 385
1694748232345 nan 386
1694748232638 nan 387
1694748232984 nan 388
1694748233324 nan 389
1694748233606 nan 390
1694748233866 nan 391
1694748234173 nan 392
1694748234485 nan 393
1694748234838 nan 394
1694748235147 nan 395
1694748235446 nan 396
1694748235697 nan 397
1694748235924 nan 398
1694748236218 nan 399
1694748236501 nan 400
1694748236772 nan 401
1694748237038 nan 402
1694748237271 nan 403
1694748237546 nan 404
1694748237807 nan 405
1694748238128 nan 406
1694748238404 nan 407
1694748238705 nan 408
1694748239059 nan 409
1694748239339 nan 410
1694748239620 nan 411
1694748239946 nan 412
1694748240255 nan 413
1694748240512 nan 414
1694748240708 nan 415
1694748240889 nan 416
1694748241180 nan 417
1694748241515 nan 418
1694748241756 nan 419
1694748242085 nan 420
1694748242366 nan 421
1694748242603 nan 422
1694748242832 nan 423
1694748243074 nan 424
1694748243349 nan 425
1694748243642 nan 426
1694748243884 nan 427
1694748244144 nan 428
1694748244408 nan 429
1694748244714 nan 430
1694748244916 nan 431
1694748245245 nan 432
1694748245533 nan 433
1694748245845 nan 434
1694748246153 nan 435
1694748246475 nan 436
1694748246748 nan 437
1694748246989 nan 438
1694748247307 nan 439
1694748247588 nan 440
1694748247914 nan 441
1694748248217 nan 442
1694748248540 nan 443
1694748248772 nan 444
1694748249010 nan 445
1694748249313 nan 446
1694748249631 nan 447
1694748249877 nan 448
1694748250219 nan 449
1694748250564 nan 450
1694748250816 nan 451
1694748251101 nan 452
1694748251334 nan 453
1694748251644 nan 454
1694748251862 nan 455
1694748252126 nan 456
1694748252485 nan 457
1694748252821 nan 458
1694748253128 nan 459
1694748253411 nan 460
1694748253718 nan 461
1694748254001 nan 462
1694748254259 nan 463
1694748254614 nan 464
1694748254884 nan 465
1694748255163 nan 466
1694748255444 nan 467
1694748255728 nan 468
1694748256042 nan 469
1694748256297 nan 470
1694748256555 nan 471
1694748256835 nan 472
1694748257106 nan 473
1694748257389 nan 474
1694748257708 nan 475
1694748257982 nan 476
1694748258258 nan 477
1694748258574 nan 478
1694748258828 nan 479
1694748259123 nan 480
1694748259394 nan 481
1694748259698 nan 482
1694748259977 nan 483
1694748260276 nan 484
1694748260494 nan 485
1694748260763 nan 486
1694748260975 nan 487
1694748261343 nan 488
1694748261660 nan 489
1694748261925 nan 490
1694748262167 nan 491
1694748262493 nan 492
1694748262817 nan 493
1694748263108 nan 494
1694748263466 nan 495
1694748263802 nan 496
1694748264042 nan 497
1694748264323 nan 498
1694748264682 nan 499
