1694736290943 59.19496529180009 0
1694736291264 25.04947589147813 1
1694736291491 9.507462652010192 2
1694736291726 5.467952546929466 3
1694736291949 2.719539397344886 4
1694736292171 3.4680119527800017 5
1694736292433 2.0246002235141938 6
1694736292681 2.9478676222630975 7
1694736292904 2.065076177476016 8
1694736293100 3.3628538442748592 9
1694736293253 1.9557933311299731 10
1694736293508 0.9428121095349463 11
1694736293759 2.888693707830807 12
1694736293982 2.363544081521912 13
1694736294197 2.2669930471836337 14
1694736294451 2.6542689592357567 15
1694736294696 2.8489199558319496 16
1694736294933 2.410833671240882 17
1694736295147 2.5120822073210003 18
1694736295382 2.3992514081590905 19
