1694714575848 168.8726089431785 0
1694714576242 8.479149418650998 1
1694714576610 2.5947949017828313 2
1694714576933 2.378520314516093 3
1694714577250 2.3701761815758036 4
1694714579553 2.3694599836657364 5
1694714579865 2.369023735237705 6
1694714580163 2.3685978795277784 7
1694714580455 2.368172527959568 8
1694714580762 2.3677473177384307 9
1694714581046 2.3673222355176913 10
1694714581339 2.3668972807699906 11
1694714581647 2.366472453438251 12
1694714581964 2.366047753482657 13
1694714582276 2.3656231808640418 14
1694714582568 2.3651987355432724 15
1694714582872 2.3647744174812275 16
1694714583199 2.3643502266388015 17
1694714583487 2.3639261629768993 18
1694714583754 2.363502226456439 19
1694714584066 2.3630784170383508 20
1694714584353 2.3626547346835776 21
1694714584652 2.3622311793530746 22
1694714584955 2.36180775100781 23
1694714585384 2.361384449608763 24
1694714585719 2.360961275116927 25
1694714586044 2.3605382274933078 26
1694714586448 2.3601153066989218 27
1694714586728 2.3596925126947994 28
1694714587021 2.3592698454419834 29
1694714587332 2.358847304901528 30
1694714587677 2.358424891034501 31
1694714587998 2.358002603801982 32
1694714588352 2.3575804431650633 33
1694714588652 2.357158409084849 34
1694714588949 2.356736501522457 35
1694714589247 2.356314720439016 36
1694714589545 2.355893065795667 37
1694714589828 2.3554715375535658 38
1694714590098 2.3550501356738778 39
1694714590415 2.3546288601177823 40
1694714590773 2.3542077108464707 41
1694714591072 2.353786687821147 42
1694714591379 2.3533657910030272 43
1694714591687 2.3529450203533395 44
1694714592018 2.3525243758333247 45
1694714592507 2.352103857404236 46
1694714592914 2.3516834650273397 47
1694714593197 2.351263198663913 48
1694714593523 2.3508430582752466 49
1694714593785 2.350423043822643 50
1694714594105 2.350003155267417 51
1694714594440 2.349583392570896 52
1694714594725 2.3491637556944203 53
1694714594989 2.3487442445993403 54
1694714595212 2.348324859247022 55
1694714595604 2.3479055995988416 56
1694714595896 2.3474864656161873 57
1694714596130 2.347067457260461 58
1694714596467 2.346648574493076 59
1694714596740 2.346229817275459 60
1694714597107 2.345811185569047 61
1694714597444 2.3453926793352915 62
1694714597780 2.3449742985356545 63
1694714598068 2.3445560431316124 64
1694714598367 2.34413791308465 65
1694714598635 2.34371990835627 66
1694714598937 2.3433020289079827 67
1694714599293 2.3428842747013117 68
1694714599612 2.342466645697795 69
1694714599954 2.34204914185898 70
1694714600289 2.3416317631464287 71
1694714600608 2.3412145095217136 72
1694714600861 2.340797380946421 73
1694714601193 2.3403803773821483 74
1694714601540 2.3399634987905054 75
1694714601795 2.3395467451331142 76
1694714602049 2.3391301163716096 77
1694714602371 2.3387136124676386 78
1694714602643 2.3382972333828596 79
1694714602976 2.337880979078944 80
1694714603299 2.3374648495175747 81
1694714603562 2.3370488446604485 82
1694714603842 2.336632964469272 83
1694714604165 2.336217208905766 84
1694714604490 2.335801577931662 85
1694714604760 2.335386071508706 86
1694714605034 2.334970689598652 87
1694714605348 2.3345554321632713 88
1694714605669 2.334140299164343 89
1694714605964 2.3337252905636623 90
1694714606462 2.3333104063230325 91
1694714606865 2.3328956464042725 92
1694714607197 2.3324810107692118 93
1694714607542 2.3320664993796916 94
1694714607849 2.331652112197567 95
1694714608222 2.3312378491847037 96
1694714608596 2.3308237103029787 97
1694714608896 2.3304096955142843 98
1694714609140 2.3299958047805234 99
1694714609451 2.3295820380636094 100
1694714609740 2.32916839532547 101
1694714610041 2.3287548765280435 102
1694714610344 2.328341481633283 103
1694714610655 2.3279282106031496 104
1694714611040 2.3275150633996193 105
1694714611332 2.3271020399846813 106
1694714611673 2.3266891403203327 107
1694714611878 2.3262763643685873 108
1694714612147 2.325863712091468 109
1694714612470 2.3254511834510114 110
1694714612756 2.3250387784092648 111
1694714613040 2.3246264969282895 112
1694714613390 2.324214338970157 113
1694714613700 2.323802304496951 114
1694714613974 2.323390393470769 115
1694714614302 2.32297860585372 116
1694714614609 2.3225669416079238 117
1694714614878 2.3221554006955123 118
1694714615169 2.321743983078631 119
1694714615556 2.3213326887194374 120
1694714615874 2.3209215175800995 121
1694714616159 2.3205104696227985 122
1694714617118 2.3200995448097266 123
1694714617280 2.3196887431030904 124
1694714617582 2.3192780644651054 125
1694714617874 2.3188675088580006 126
1694714618171 2.3184570762440178 127
1694714618480 2.3180467665854105 128
1694714618796 2.3176365798444434 129
1694714619063 2.317226515983394 130
1694714619367 2.3168165749645504 131
1694714619671 2.3164067567502147 132
1694714620010 2.3159970613027 133
1694714620327 2.3155874885843315 134
1694714620637 2.3151780385574465 135
1694714620927 2.3147687111843944 136
1694714621247 2.314359506427536 137
1694714621628 2.3139504242492444 138
1694714621913 2.313541464611905 139
1694714622212 2.313132627477915 140
1694714622611 2.312723912809684 141
1694714622923 2.3123153205696316 142
1694714623249 2.3119068507201925 143
1694714623585 2.3114985032238113 144
1694714623892 2.3110902780429443 145
1694714624239 2.3106821751400615 146
1694714624577 2.3102741944776426 147
1694714624919 2.3098663360181817 148
1694714625183 2.309458599724183 149
1694714625502 2.3090509855581627 150
1694714625801 2.3086434934826507 151
1694714626088 2.3082361234601874 152
1694714626465 2.307828875453324 153
1694714626792 2.3074217494246265 154
1694714627145 2.30701474533667 155
1694714627509 2.3066078631520437 156
1694714627819 2.3062011028333482 157
1694714628097 2.3057944643431942 158
1694714628405 2.3053879476442067 159
1694714628707 2.304981552699021 160
1694714628990 2.3045752794702863 161
1694714629338 2.3041691279206606 162
1694714629717 2.303763098012817 163
1694714629991 2.303357189709438 164
1694714630252 2.3029514029732185 165
1694714630568 2.302545737766867 166
1694714630872 2.302140194053102 167
1694714631161 2.301734771794655 168
1694714631416 2.301329470954268 169
1694714631725 2.300924291494696 170
1694714632021 2.3005192333787052 171
1694714632224 2.300114296569075 172
1694714632495 2.299709481028595 173
1694714632799 2.2993047867200676 174
1694714633053 2.298900213606306 175
1694714633376 2.298495761650137 176
1694714633737 2.2980914308143974 177
1694714634080 2.297687221061938 178
1694714634399 2.297283132355618 179
1694714634665 2.296879164658312 180
1694714634953 2.2964753179329045 181
1694714635212 2.2960715921422916 182
1694714635515 2.295667987249383 183
1694714635805 2.2952645032170986 184
1694714636051 2.29486114000837 185
1694714636487 2.2944578975861414 186
1694714636804 2.2940547759133687 187
1694714637077 2.293651774953019 188
1694714637315 2.2932488946680727 189
1694714637624 2.2928461350215192 190
1694714637915 2.2924434959763627 191
1694714638159 2.2920409774956174 192
1694714638476 2.29163857954231 193
1694714638825 2.291236302079477 194
1694714639070 2.290834145070171 195
1694714639333 2.2904321084774515 196
1694714639683 2.290030192264393 197
1694714639985 2.2896283963940802 198
1694714640240 2.2892267208296104 199
1694714640454 2.288825165534092 200
1694714640727 2.2884237304706456 201
1694714641005 2.288022415602403 202
1694714641320 2.287621220892509 203
1694714643352 2.2872201463041177 204
1694714643629 2.2868191918003977 205
1694714643952 2.286418357344527 206
1694714644269 2.2860176428996968 207
1694714644557 2.2856170484291103 208
1694714644829 2.28521657389598 209
1694714645106 2.2848162192635337 210
1694714645477 2.284415984495008 211
1694714645837 2.2840158695536514 212
1694714646165 2.2836158744027264 213
1694714647225 2.2832159990055043 214
1694714647560 2.28281624332527 215
1694714647878 2.28241660732532 216
1694714648225 2.2820170909689605 217
1694714648538 2.2816176942195128 218
1694714648784 2.2812184170403054 219
1694714649090 2.280819259394684 220
1694714649380 2.2804202212460005 221
1694714649684 2.2800213025576217 222
1694714649974 2.279622503292925 223
1694714650331 2.279223823415301 224
1694714650637 2.2788252628881485 225
1694714650865 2.2784268216748815 226
1694714651099 2.278028499738924 227
1694714651382 2.2776302970437117 228
1694714651687 2.2772322135526912 229
1694714651932 2.276834249229323 230
1694714652221 2.276436404037077 231
1694714652585 2.2760386779394364 232
1694714652842 2.2756410708998938 233
1694714653125 2.2752435828819553 234
1694714653369 2.274846213849138 235
1694714653629 2.274448963764971 236
1694714653976 2.274051832592994 237
1694714654283 2.27365482029676 238
1694714654617 2.2732579268398316 239
1694714654980 2.272861152185784 240
1694714655379 2.2724644962982046 241
1694714655693 2.2720679591406903 242
1694714655969 2.271671540676852 243
1694714656312 2.271275240870311 244
1694714656644 2.2708790596846997 245
1694714656896 2.2704829970836635 246
1694714657276 2.2700870530308577 247
1694714657574 2.2696912274899503 248
1694714657856 2.269295520424621 249
1694714658218 2.2688999317985603 250
1694714658636 2.268504461575469 251
1694714658886 2.268109109719062 252
1694714659187 2.2677138761930657 253
1694714659544 2.267318760961216 254
1694714659789 2.2669237639872613 255
1694714660047 2.2665288852349614 256
1694714660383 2.266134124668088 257
1694714660690 2.265739482250424 258
1694714660964 2.2653449579457643 259
1694714661216 2.2649505517179143 260
1694714661517 2.2645562635306917 261
1694714661902 2.2641620933479256 262
1694714662226 2.2637680411334555 263
1694714662550 2.2633741068511353 264
1694714662851 2.262980290464827 265
1694714663104 2.2625865919384065 266
1694714663412 2.262193011235759 267
1694714663698 2.261799548320784 268
1694714664002 2.261406203157389 269
1694714664377 2.2610129757094968 270
1694714664700 2.260619865941038 271
1694714664961 2.260226873815958 272
1694714665236 2.2598339992982104 273
1694714665553 2.259441242351764 274
1694714665816 2.259048602940594 275
1694714666073 2.258656081028693 276
1694714666417 2.25826367658006 277
1694714666773 2.257871389558708 278
1694714667082 2.2574792199286615 279
1694714667421 2.257087167653955 280
1694714667756 2.256695232698636 281
1694714668008 2.2563034150267622 282
1694714668312 2.255911714602403 283
1694714668658 2.2555201313896402 284
1694714669049 2.2551286653525655 285
1694714669365 2.2547373164552833 286
1694714669654 2.2543460846619077 287
1694714669986 2.2539549699365677 288
1694714670307 2.253563972243399 289
1694714670610 2.2531730915465515 290
1694714670881 2.252782327810187 291
1694714671201 2.252391680998476 292
1694714671493 2.2520011510756044 293
1694714671788 2.2516107380057653 294
1694714672017 2.2512204417531656 295
1694714672305 2.2508302622820238 296
1694714672595 2.2504401995565675 297
1694714672920 2.2500502535410383 298
1694714673255 2.2496604241996874 299
1694714673610 2.249270711496778 300
1694714673891 2.2488811153965846 301
1694714674206 2.248491635863394 302
1694714674531 2.2481022728615017 303
1694714674835 2.2477130263552176 304
1694714675100 2.24732389630886 305
1694714675453 2.2469348826867623 306
1694714675826 2.2465459854532654 307
1694714676064 2.246157204572724 308
1694714676395 2.245768540009502 309
1694714676727 2.2453799917279773 310
1694714677021 2.244991559692537 311
1694714677348 2.24460324386758 312
1694714677679 2.2442150442175177 313
1694714677939 2.2438269607067705 314
1694714678314 2.243438993299772 315
1694714678635 2.2430511419609673 316
1694714678938 2.2426634066548106 317
1694714679195 2.2422757873457697 318
1694714679480 2.241888283998322 319
1694714679789 2.2415008965769587 320
1694714680090 2.2411136250461783 321
1694714680350 2.240726469370493 322
1694714680638 2.240339429514428 323
1694714680877 2.2399525054425165 324
1694714681153 2.239565697119304 325
1694714681464 2.2391790045093476 326
1694714681778 2.238792427577216 327
1694714682032 2.238405966287489 328
1694714682324 2.238019620604757 329
1694714682680 2.2376333904936216 330
1694714683046 2.2372472759186968 331
1694714683336 2.2368612768446066 332
1694714683606 2.236475393235987 333
1694714683896 2.236089625057484 334
1694714684172 2.235703972273758 335
1694714684495 2.2353184348494763 336
1694714684855 2.23493301274932 337
1694714685198 2.2345477059379806 338
1694714685506 2.2341625143801624 339
1694714685812 2.233777438040579 340
1694714686082 2.233392476883955 341
1694714686410 2.233007630875028 342
1694714686744 2.232622899978545 343
1694714687004 2.2322382841592656 344
1694714687237 2.2318537833819603 345
1694714687554 2.2314693976114097 346
1694714687901 2.231085126812407 347
1694714688205 2.2307009709497554 348
1694714688465 2.2303169299882692 349
1694714688815 2.229933003892776 350
1694714689105 2.229549192628112 351
1694714689409 2.229165496159126 352
1694714689735 2.2287819144506775 353
1694714690031 2.228398447467636 354
1694714690268 2.2280150951748854 355
1694714690562 2.227631857537317 356
1694714690858 2.2272487345198355 357
1694714691187 2.2268657260873566 358
1694714691500 2.226482832204806 359
1694714691799 2.2261000528371206 360
1694714692129 2.2257173879492513 361
1694714692437 2.2253348375061552 362
1694714692732 2.224952401472805 363
1694714693007 2.224570079814182 364
1694714693333 2.2241878724952793 365
1694714693685 2.2238057794811015 366
1694714693982 2.223423800736663 367
1694714694269 2.223041936226991 368
1694714694603 2.222660185917123 369
1694714694873 2.222278549772107 370
1694714695111 2.221897027757003 371
1694714695379 2.2215156198368824 372
1694714695737 2.2211343259768257 373
1694714696040 2.220753146141927 374
1694714696300 2.2203720802972895 375
1694714696720 2.2199911284080294 376
1694714697035 2.219610290439271 377
1694714697332 2.2192295663561534 378
1694714697634 2.2188489561238236 379
1694714697924 2.218468459707442 380
1694714698223 2.218088077072178 381
1694714698475 2.2177078081832122 382
1694714698788 2.2173276530057393 383
1694714699116 2.216947611504961 384
1694714699348 2.2165676836460926 385
1694714699627 2.2161878693943593 386
1694714699947 2.215808168714998 387
1694714700192 2.2154285815732564 388
1694714700430 2.215049107934393 389
1694714700727 2.2146697477636765 390
1694714701052 2.2142905010263894 391
1694714701313 2.2139113676878215 392
1694714701624 2.2135323477132767 393
1694714701935 2.2131534410680684 394
1694714702268 2.2127746477175214 395
1694714702611 2.212395967626971 396
1694714702932 2.212017400761764 397
1694714703240 2.2116389470872586 398
1694714703559 2.211260606568823 399
1694714703856 2.210882379171836 400
1694714704138 2.2105042648616893 401
1694714704461 2.2101262636037844 402
1694714704818 2.2097483753635334 403
1694714705110 2.20937060010636 404
1694714705398 2.2089929377976993 405
1694714705693 2.208615388402996 406
1694714706066 2.2082379518877064 407
1694714706291 2.207860628217298 408
1694714706678 2.207483417357249 409
1694714707020 2.2071063192730493 410
1694714707261 2.2067293339301983 411
1694714707573 2.206352461294207 412
1694714707898 2.2059757013305985 413
1694714708256 2.2055990540049053 414
1694714708615 2.2052225192826707 415
1694714708927 2.2048460971294497 416
1694714709217 2.2044697875108086 417
1694714709521 2.2040935903923233 418
1694714709881 2.2037175057395824 419
1694714710181 2.203341533518184 420
1694714710454 2.202965673693737 421
1694714710798 2.2025899262318616 422
1694714711121 2.2022142910981892 423
1694714711371 2.2018387682583627 424
1694714711673 2.2014633576780342 425
1694714711987 2.2010880593228674 426
1694714712302 2.2007128731585373 427
1694714712618 2.20033779915073 428
1694714712997 2.199962837265142 429
1694714713276 2.199587987467479 430
1694714713514 2.1992132497234613 431
1694714713826 2.1988386239988174 432
1694714714129 2.1984641102592857 433
1694714714416 2.1980897084706195 434
1694714714678 2.197715418598579 435
1694714714976 2.1973412406089374 436
1694714715349 2.196967174467477 437
1694714715749 2.1965932201399925 438
1694714716058 2.196219377592289 439
1694714716379 2.1958456467901835 440
1694714716707 2.1954720276995006 441
1694714717005 2.1950985202860793 442
1694714717277 2.1947251245157675 443
1694714717596 2.194351840354424 444
1694714717927 2.19397866776792 445
1694714718260 2.1936056067221354 446
1694714718548 2.1932326571829623 447
1694714718961 2.192859819116302 448
1694714719300 2.1924870924880695 449
1694714719667 2.192114477264187 450
1694714720144 2.1917419734105903 451
1694714720559 2.1913695808932254 452
1694714720939 2.1909972996780476 453
1694714721291 2.1906251297310253 454
1694714721595 2.1902530710181356 455
1694714721888 2.1898811235053675 456
1694714722251 2.1895092871587214 457
1694714722555 2.1891375619442064 458
1694714722856 2.1887659478278434 459
1694714723183 2.188394444775665 460
1694714723472 2.1880230527537137 461
1694714723766 2.1876517717280426 462
1694714724090 2.187280601664716 463
1694714724383 2.1869095425298086 464
1694714724714 2.1865385942894062 465
1694714725022 2.186167756909605 466
1694714725307 2.185797030356512 467
1694714725632 2.185426414596245 468
1694714725929 2.185055909594933 469
1694714726250 2.1846855153187144 470
1694714726561 2.1843152317337395 471
1694714726865 2.1839450588061693 472
1694714727252 2.183574996502175 473
1694714727511 2.1832050447879396 474
1694714727809 2.1828352036296543 475
1694714728105 2.182465472993524 476
1694714728408 2.1820958528457624 477
1694714728708 2.181726343152594 478
1694714729105 2.1813569438802567 479
1694714729462 2.1809876549949934 480
1694714729730 2.180618476463064 481
1694714730011 2.180249408250734 482
1694714730316 2.179880450324284 483
1694714730600 2.179511602650001 484
1694714730918 2.1791428651941867 485
1694714731255 2.17877423792315 486
1694714731533 2.1784057208032124 487
1694714731900 2.1780373138007056 488
1694714732185 2.1776690168819735 489
1694714732423 2.1773008300133667 490
1694714732666 2.1769327531612506 491
1694714732956 2.176564786291999 492
1694714733259 2.1761969293719967 493
1694714733517 2.1758291823676394 494
1694714733832 2.1754615452453345 495
1694714734140 2.1750940179714977 496
1694714734406 2.1747266005125563 497
1694714734671 2.1743592928349496 498
1694714734990 2.1739920949051266 499
