1694736609687 1.2056877533845454 0
1694736609938 0.14974155828869237 1
1694736610158 16.350633343150356 2
1694736610488 0.1531196919048146 3
1694736610832 7.043044407472091 4
1694736611070 4.145761691143626 5
1694736611383 0.08306898618646853 6
1694736611676 19.064218676087485 7
1694736611972 0.022308315601144706 8
1694736612280 4.6198566693708925 9
1694736612604 18.357656148684374 10
1694736612946 0.008316375363853925 11
1694736613244 16.315944185451745 12
1694736613564 0.108093781754171 13
1694736613933 6.732472621522816 14
1694736614163 0.19745924053596745 15
1694736614460 20.263545839433704 16
1694736614768 0.7762365482155744 17
1694736615099 3.540069710903869 18
1694736615353 1.6698553664810099 19
1694736615725 1.6854666145269461 20
1694736615997 0.28371024438391457 21
1694736616233 5.869048513036425 22
1694736616522 2.1579222145002332 23
1694736616861 0.504347440049715 24
1694736617156 2.203376168091871 25
1694736617494 5.511730190234736 26
1694736617809 1.401266105396052 27
1694736618133 0.06759502872834579 28
1694736618696 0.36883978219515373 29
1694736618999 0.08724581720725828 30
1694736619259 0.5397849162215285 31
1694736619552 1.8730560807458074 32
1694736619857 0.5332878670760529 33
1694736620158 0.5073243995877829 34
1694736620454 3.6565400669404675 35
1694736620695 3.7204568645907594 36
1694736620939 0.2507737773267119 37
1694736621282 12.648033146883611 38
1694736621672 1.8387891901106495 39
1694736621987 11.509265768075448 40
1694736622254 1.4374671638980938 41
1694736622472 0.3707801967834961 42
1694736622832 4.039004295319456 43
1694736623144 1.8565722630496184 44
1694736623392 5.232341167380004 45
1694736623704 21.3388777929277 46
1694736624094 3.985365299304947 47
1694736624372 0.0029049348480391863 48
1694736624653 2.480594978207034 49
1694736624957 22.220174341567716 50
1694736625246 1.689713821815341 51
1694736625598 0.1616700460142878 52
1694736625927 0.015072009058752256 53
1694736626288 3.3561215021932536 54
1694736626616 1.84708245413327 55
1694736626916 8.087788757844342 56
1694736627217 0.739162330622407 57
1694736627508 6.441071308617791 58
1694736627901 0.045423626062838555 59
1694736628203 1.061290819195844 60
1694736628519 0.44537399539942 61
1694736628818 0.008878631926057553 62
1694736629118 1.036852733216999 63
1694736629372 0.195976024452709 64
1694736629674 16.984726201770805 65
1694736630022 1.190546953538439 66
1694736630372 0.6251872493937854 67
1694736630810 0.5820715226158288 68
1694736631185 0.09065737219632354 69
1694736631469 4.364400914922907 70
1694736631717 4.40106716491017 71
1694736631997 0.09062360332214227 72
1694736632314 0.00015520002246721963 73
1694736632533 0.2186666386975252 74
1694736632824 6.515598219879913 75
1694736633146 17.091403641362408 76
1694736633413 0.8230676176098175 77
1694736633791 1.7394435001708495 78
1694736634183 8.777921910349528 79
1694736634421 1.1884488124703652 80
1694736634706 0.010678000855081055 81
1694736635056 1.571504921502118 82
1694736635390 9.537792256996621 83
1694736635684 13.884514062232906 84
1694736635955 12.836429247919602 85
1694736636257 0.04700631066779487 86
1694736636523 0.9775172497862883 87
1694736636751 0.4884066630726536 88
1694736637047 0.7690973665278952 89
1694736637414 0.15082815183618106 90
1694736637654 2.226917389260636 91
1694736637963 0.35041136995788347 92
1694736638322 10.127695453093132 93
1694736638604 0.2188430587456454 94
1694736638917 23.74414267564493 95
1694736639294 11.000478994933555 96
1694736639641 7.322057127879579 97
1694736639871 4.991164616898166 98
1694736640120 0.9322119962307707 99
1694736640408 0.839794874221058 100
1694736640662 0.05376229471253297 101
1694736640924 0.02008639669486783 102
1694736641231 4.849293889231025 103
1694736641517 3.92085221729184 104
1694736641861 11.742979129825322 105
1694736642160 35.52630133240942 106
1694736642475 0.011907807718189852 107
1694736642747 17.859873425738424 108
1694736642996 0.6544704459007927 109
1694736643239 8.055748738660132 110
1694736643474 3.0739347012326754 111
1694736643781 0.5172897521677071 112
1694736644093 0.4799728685439582 113
1694736644358 0.5329260157493887 114
1694736644604 5.021778270632953 115
1694736644819 1.8260929022903365 116
1694736645078 9.086498313087679 117
1694736645370 3.1940690392581335 118
1694736645665 0.7315196549925778 119
1694736645992 8.22027682617864 120
1694736646393 2.767195057025369 121
1694736646713 2.5425589615402644 122
1694736646989 1.2914814778922643 123
1694736647279 2.9636800692078387 124
1694736647534 0.18683544699124569 125
1694736647787 0.5752937214045428 126
1694736648123 0.5567290294044247 127
1694736648485 4.875196149030874 128
1694736648726 1.9939262968376255 129
1694736649004 0.9397806777992228 130
1694736649335 1.5182504300709943 131
1694736649612 6.682762276688342 132
1694736649888 0.9156231968702759 133
1694736650194 0.005227294812421569 134
1694736650431 1.4122310281106374 135
1694736650724 0.16128414600704216 136
1694736650998 23.559539593799247 137
1694736651309 0.4788580666087338 138
1694736651590 0.7809463583191606 139
1694736651825 11.307234683426657 140
1694736652129 0.41021650962987816 141
1694736652471 2.6983883238552178 142
1694736652712 8.832315131834402 143
1694736653017 0.02682404861868033 144
1694736653298 0.019545101963673053 145
1694736653611 2.1990304675647807 146
1694736653915 2.6599083569025606 147
1694736654182 1.9045839425057813 148
1694736654502 0.3561476530981341 149
1694736654727 3.384730524541739 150
1694736655022 2.372053982360187 151
1694736655312 0.04773961789887081 152
1694736655656 4.126449229164871 153
1694736655868 2.4895328946974384 154
1694736656128 0.14037461820489183 155
1694736656446 17.767803706871597 156
1694736656741 2.058403961621903 157
1694736657086 0.1476801961564255 158
1694736657468 3.193519642817225 159
1694736657754 0.0043322115312882555 160
1694736658021 0.6522675066868522 161
1694736658349 0.11668470793168272 162
1694736658657 14.162755234007054 163
1694736658964 19.093625019942685 164
1694736659285 21.283868221715494 165
1694736659639 1.7572991816786316 166
1694736659911 2.6961959557405657 167
1694736660186 6.33235197014261 168
1694736660482 4.756275984387959 169
1694736660768 1.1475823006167625 170
1694736661069 0.8303611381243621 171
1694736661450 1.1324827237496695 172
1694736661813 0.5202189132009569 173
1694736662143 3.7918556288449246 174
1694736662459 9.211864039318868 175
1694736662755 3.2451323708688538 176
1694736663022 3.260172337506517 177
1694736663326 3.47589287273983 178
1694736663646 4.169618563242759 179
1694736664013 1.6939944981746713 180
1694736664252 1.7394483218422825 181
1694736664499 1.0357073373523156 182
1694736664789 36.817478205534194 183
1694736665029 0.018562622238250153 184
1694736665303 0.9503898147736117 185
1694736665685 0.04517856990188326 186
1694736665966 0.6296671552711368 187
1694736666407 2.2699046261306686 188
1694736666706 9.340689701848207 189
1694736666939 2.097299872358071 190
1694736667183 1.187435611316323 191
1694736667545 3.624584795094014 192
1694736667938 0.6423701640564727 193
1694736668330 0.9146943903663469 194
1694736668676 23.52966602589693 195
1694736668951 4.685079382559327 196
1694736669236 1.2731285574875872 197
1694736669543 0.018162657558492286 198
1694736669852 1.0042825965752131 199
1694736670090 3.702234787589027 200
1694736670412 2.1411410279753573 201
1694736670784 6.280369365891731 202
1694736671053 0.24414283657286676 203
1694736671442 0.8543771593480427 204
1694736671796 0.09223904420891825 205
1694736672043 4.1323524482130445 206
1694736672298 17.95958013489729 207
1694736672623 11.95066652772044 208
1694736672983 0.07711123328705641 209
1694736673221 0.4594825089501333 210
1694736673559 0.018678487705375054 211
1694736673941 2.245906825550951 212
1694736674175 4.041162699622811 213
1694736674435 1.3189825537873412 214
1694736674721 0.8268304749952452 215
1694736675014 0.00025874098805585874 216
1694736675297 8.18427027575763 217
1694736675654 5.7954435067032675 218
1694736676007 3.6969286258519687 219
1694736676278 4.458285768719947 220
1694736676542 1.6751422883548779 221
1694736676858 2.478931407086739 222
1694736677156 1.1082907432984388 223
1694736677463 2.1612082513711908 224
1694736677766 8.567612785549178 225
1694736678070 5.918372644411253 226
1694736678329 1.088995823278266 227
1694736678676 0.5063141045689143 228
1694736678952 7.171675514737306 229
1694736679229 0.781800165406103 230
1694736679509 1.4530444812224383 231
1694736679861 13.668748965448627 232
1694736680181 7.444063475424314 233
1694736680462 0.004650930195533055 234
1694736680751 1.0058853868990525 235
1694736681066 2.3193443084977194 236
1694736681336 1.269893426422187 237
1694736681612 2.9113994511371177 238
1694736681957 0.4917787723663803 239
1694736682272 0.2923149596927158 240
1694736682556 4.628891513397953 241
1694736682871 0.21940674763068568 242
1694736683174 16.63300715659124 243
1694736683443 5.208709859580797 244
1694736683693 7.0525710634363765 245
1694736684050 0.007101003938620177 246
1694736684311 1.4291229403226597 247
1694736684549 1.2521118154570976 248
1694736684780 11.374066111171967 249
1694736685057 35.805243548891724 250
1694736685339 0.5422617655306117 251
1694736685596 0.8156009737890173 252
1694736685963 5.924280967376187 253
1694736686311 0.5087113124820467 254
1694736686577 0.7464784988094421 255
1694736686848 1.2987421753438635 256
1694736687133 8.4353483373906 257
1694736687384 2.589919367285849 258
1694736687668 3.321886742017041 259
1694736688027 5.685006636637868 260
1694736688353 2.472517092707941 261
1694736688697 11.106560921853983 262
1694736688953 0.45924715900939095 263
1694736689224 6.391668438766089 264
1694736689493 6.890098000235102 265
1694736689781 7.083054832093193 266
1694736690069 5.279515637324667 267
1694736690338 0.00027213109034702977 268
1694736690606 1.648315227906883 269
1694736690942 3.5901497865961596 270
1694736691248 0.042595039921065815 271
1694736691533 5.590189728009396 272
1694736691901 2.4275805299072912 273
1694736692264 13.412081869172562 274
1694736692569 0.002627141855134693 275
1694736692908 2.1805340759731706 276
1694736693250 0.5727678501976804 277
1694736693507 4.491789675087561 278
1694736693834 1.4356565802307677 279
1694736694162 24.894760278170637 280
1694736694460 0.5754170883097803 281
1694736694708 37.65159386023498 282
1694736694958 0.24646074792030018 283
1694736695278 8.765241123187938 284
1694736695590 1.036731169810911 285
1694736695843 0.9371247765764938 286
1694736696090 4.283649275803379 287
1694736696388 1.2034444986635235 288
1694736696729 4.463925885185084 289
1694736697048 0.03879683134866374 290
1694736697421 9.184887108680188 291
1694736697708 4.264888451568621 292
1694736697974 2.772428369938594 293
1694736698223 1.9633547413419536 294
1694736698532 3.782363339407347 295
1694736698797 0.20362005419245177 296
1694736699071 23.619366551453687 297
1694736699353 2.6437269517506694 298
1694736699696 6.40012528993308 299
1694736700032 17.978129996866357 300
1694736700352 0.04096477825758829 301
1694736700772 1.133900366300761 302
1694736701092 7.083238280687671 303
1694736701434 2.7909594788697185 304
1694736701731 0.4907427198831688 305
1694736702104 1.6119533243558386 306
1694736702425 0.017955622080868306 307
1694736702710 4.65584384447734 308
1694736702966 0.35049336505650847 309
1694736703178 4.260972205166618 310
1694736703438 0.04477251478294418 311
1694736703710 2.493660440745082 312
1694736704068 1.2794268046872663 313
1694736704406 0.22559750301705137 314
1694736704710 0.08604218611247819 315
1694736704981 0.39256958582847 316
1694736705227 10.856995888388388 317
1694736705485 1.7739784670572218 318
1694736705768 8.997361005143205 319
1694736706016 7.871212650962745 320
1694736706303 2.3779070113253655 321
1694736706536 0.0784865258675906 322
1694736706768 5.227415766896057 323
1694736707009 0.950249081113533 324
1694736707332 16.15232287484484 325
1694736707653 13.38038458591583 326
1694736707939 0.08818864218622702 327
1694736708267 0.5103038456273988 328
1694736708646 0.9751704129799955 329
1694736708931 4.974292109574365 330
1694736709257 0.5312615800848572 331
1694736709579 10.832897753079376 332
1694736709835 9.62463901195878 333
1694736710071 6.4315196846161005 334
1694736710400 2.0031095119910116 335
1694736710729 2.593056032107263 336
1694736711016 2.8776498475306442 337
1694736711339 0.6384930317386539 338
1694736711678 5.416582653008966 339
1694736711971 25.533636933182027 340
1694736712294 4.803849513254383 341
1694736712624 11.888654839179281 342
1694736712927 14.023562447704613 343
1694736713254 1.4890481606658494 344
1694736713613 0.4585576742500844 345
1694736713961 9.214535544217838 346
1694736714210 0.06517718599268396 347
1694736714502 16.053959235913087 348
1694736714822 1.1333254604074885 349
1694736715063 6.260677303654578 350
1694736715399 4.062701835065174 351
1694736715779 0.5745666952326632 352
1694736716052 0.15405367384137564 353
1694736716359 0.9950934416302155 354
1694736716664 7.036828940809657 355
1694736716958 2.363440130146816 356
1694736717219 1.6102259581882565 357
1694736717592 0.1478651767540589 358
1694736717900 0.36570191056310825 359
1694736718128 5.658948207046504 360
1694736718379 8.011166906127581 361
1694736718631 8.24226299840423 362
1694736718931 11.051720580865824 363
1694736719162 16.470212895175077 364
1694736719448 16.69937360387221 365
1694736719818 0.027816546727750833 366
1694736720119 12.984671496738086 367
1694736720383 10.74897571737313 368
1694736720677 0.8270970785733013 369
1694736720965 13.3049261758907 370
1694736721283 3.5581988341187376 371
1694736721619 1.2503046858402613 372
1694736721986 2.8855261652317754 373
1694736722261 0.4887711003033026 374
1694736722597 1.6391873089131097 375
1694736722921 5.924957906496253 376
1694736723198 14.906282782117932 377
1694736723512 2.1838061327588707 378
1694736723867 0.7108937822657856 379
1694736724191 10.845922140261113 380
1694736724501 27.21587558118978 381
1694736724802 3.9783352865530257 382
1694736725109 6.625173089867047 383
1694736725395 1.6832376085918483 384
1694736725797 0.06239022434807212 385
1694736726088 0.3875211418950087 386
1694736726392 5.327701323470333 387
1694736726671 7.542435857889619 388
1694736727065 2.81088990086145 389
1694736727298 7.695888394904132 390
1694736727583 3.00421763967924 391
1694736727814 6.464238045797784 392
1694736728107 0.5774047863751046 393
1694736728353 0.004050415116582601 394
1694736728708 10.242798649865913 395
1694736729007 2.953319594427878 396
1694736729274 0.18536386439665836 397
1694736729548 5.699609619207113 398
1694736729824 2.0943629147379696 399
1694736730131 17.610309017751643 400
1694736730379 5.89455593229152 401
1694736730699 2.462157530269835 402
1694736731044 0.04831382268490922 403
1694736731297 2.881378756673986 404
1694736731583 1.6434468998887848 405
1694736731884 7.939744915784514 406
1694736732181 9.691810579281775 407
1694736732426 6.072938382921918 408
1694736732804 8.854909428092268 409
1694736733101 10.806684789287255 410
1694736733407 1.6513173568475352 411
1694736733685 1.456415130512386 412
1694736734076 10.71451804023166 413
1694736734334 3.762611671939094 414
1694736734574 0.9398181944167767 415
1694736734907 0.5098623732087111 416
1694736735238 0.9695443885043689 417
1694736735483 3.1473545701656485 418
1694736735783 0.30193200551965377 419
1694736736114 2.505797357256082 420
1694736736393 7.477799317349543 421
1694736736627 0.0006304454126550717 422
1694736736880 14.405441148967604 423
1694736737220 2.366811914753161 424
1694736737543 14.979900849336088 425
1694736737839 20.64071502096103 426
1694736738130 1.0699471893018613 427
1694736738515 0.4394275604499453 428
1694736738800 8.908016678598853 429
1694736739195 0.09350861243516763 430
1694736739461 0.16436396284355867 431
1694736739804 3.38757907181381 432
1694736740107 0.03368578156224275 433
1694736740393 5.684291059113178 434
1694736740691 9.916001145600838 435
1694736741006 0.9755792766990864 436
1694736741309 0.022174669502861205 437
1694736741609 1.0696163454149121 438
1694736741967 0.21235541343130482 439
1694736742347 6.724067055427516 440
1694736742579 0.038518382279283336 441
1694736742884 12.365292477923754 442
1694736743198 4.563377442487718 443
1694736743483 8.165173716775426 444
1694736743771 1.4407556432563335 445
1694736744177 22.300339098702214 446
1694736744490 7.472487155397203 447
1694736744742 0.9913742907472122 448
1694736745067 0.18859715222848922 449
1694736745386 5.10874343045601 450
1694736745719 8.450541323956529 451
1694736746034 5.3803638072732705 452
1694736746417 6.45670983514359 453
1694736746679 2.751080876895719 454
1694736746952 0.21686031290573038 455
1694736747243 8.537302454318688 456
1694736747503 2.4078373871506793 457
1694736747757 1.412115900717081 458
1694736747987 19.357211778784112 459
1694736748222 9.465450686930549 460
1694736748595 2.288427174852511 461
1694736748853 0.003832294240916215 462
1694736749174 12.827742190979222 463
1694736749502 0.6845672847274835 464
1694736749779 2.358741200098675 465
1694736750039 20.77611099062665 466
1694736750314 2.8124276611686376 467
1694736750645 12.464636714761804 468
1694736750964 4.15206936510773 469
1694736751276 2.243448040067998 470
1694736751585 6.654824917959883 471
1694736751806 0.3226323450293438 472
1694736752107 5.841708200790629 473
1694736752451 1.7099781340558053 474
1694736752728 0.18272607362690016 475
1694736753098 0.14219920382757814 476
1694736753381 2.611145951091543 477
1694736753648 5.547783777732407 478
1694736754013 0.03646955993641882 479
1694736754271 1.815888950854618 480
1694736754572 8.35735059863321 481
1694736754870 0.0038510074071976424 482
1694736755277 0.4224772754152446 483
1694736755651 2.067436131741519 484
1694736755870 2.352901866002239 485
1694736756133 0.7866786904193366 486
1694736756493 2.3462423604494984 487
1694736756794 0.12680226758261517 488
1694736757089 21.96174182306377 489
1694736757447 6.364361190338795 490
1694736757778 2.8959476356089393 491
1694736758060 3.508895109783683e-06 492
1694736758360 0.002257153458900904 493
1694736758671 0.37662643180649963 494
1694736758946 0.08906055987783525 495
1694736759199 0.4229545125955456 496
1694736759447 1.7696967317838903 497
1694736759827 0.06200912066618701 498
1694736760102 0.006534267583804972 499
