1694739084335 168.87260894317848 0
1694739084665 8.479149418650987 1
1694739084999 2.6065840505889417 2
1694739085320 2.377646980683239 3
1694739085648 2.371792529244726 4
1694739085979 2.3710477976505686 5
1694739086344 2.3710792780624184 6
1694739086681 2.371026473494603 7
1694739087051 2.3709921813967436 8
1694739087392 2.370954437794742 9
1694739087725 2.3709173660298637 10
1694739088060 2.370880173287476 11
1694739088390 2.370843011302494 12
1694739088661 2.3708058510067316 13
1694739088998 2.3707686979655165 14
1694739089373 2.3707315511109055 15
1694739089658 2.370694410645442 16
1694739089922 2.370657276528333 17
1694739090268 2.3706201487653935 18
1694739090570 2.370583027353511 19
1694739090821 2.370545912291284 20
1694739091060 2.370508803576986 21
1694739091377 2.3704717012089502 22
1694739091680 2.370434605185502 23
1694739092035 2.3703975155049677 24
1694739092371 2.370360432165675 25
1694739092635 2.370323355165952 26
1694739092938 2.370286284504127 27
1694739093355 2.3702492201785295 28
1694739093758 2.3702121621874888 29
1694739094069 2.3701751105293374 30
1694739094390 2.370138065202405 31
1694739094727 2.370101026205025 32
1694739095043 2.3700639935355294 33
1694739095329 2.370026967192251 34
1694739095708 2.369989947173525 35
1694739096076 2.369952933477686 36
1694739096398 2.3699159261030696 37
1694739096689 2.3698789250480115 38
1694739096998 2.369841930310849 39
1694739097387 2.3698049418899196 40
1694739097690 2.369767959783561 41
1694739098031 2.3697309839901126 42
1694739098391 2.3696940145079135 43
1694739098744 2.369657051335305 44
1694739099170 2.3696200944706263 45
1694739099495 2.3695831439122204 46
1694739099796 2.369546199658429 47
1694739100184 2.369509261707596 48
1694739100576 2.3694723300580636 49
1694739100890 2.369435404708176 50
1694739101266 2.36939848565628 51
1694739101624 2.36936157290072 52
1694739101907 2.369324666439842 53
1694739102240 2.369287766271994 54
1694739102585 2.3692508723955226 55
1694739103009 2.369213984808777 56
1694739103320 2.369177103510106 57
1694739103644 2.369140228497859 58
1694739103940 2.3691033597703868 59
1694739104248 2.36906649732604 60
1694739104569 2.369029641163171 61
1694739104901 2.368992791280131 62
1694739105283 2.368955947675274 63
1694739105620 2.3689191103469542 64
1694739105979 2.368882279293525 65
1694739106294 2.3688454545133415 66
1694739106647 2.36880863600476 67
1694739106947 2.368771823766136 68
1694739107288 2.368735017795828 69
1694739107714 2.3686982180921925 70
1694739107993 2.3686614246535886 71
1694739108292 2.3686246374783755 72
1694739108604 2.3685878565649117 73
1694739108947 2.368551081911559 74
1694739109269 2.368514313516678 75
1694739109584 2.368477551378631 76
1694739109929 2.368440795495779 77
1694739110206 2.3684040458664866 78
1694739110536 2.368367302489117 79
1694739110862 2.368330565362034 80
1694739111176 2.3682938344836035 81
1694739111479 2.368257109852191 82
1694739111811 2.368220391466164 83
1694739112344 2.3681836793238875 84
1694739112696 2.3681469734237304 85
1694739112969 2.368110273764061 86
1694739113281 2.368073580343248 87
1694739113639 2.368036893159661 88
1694739113942 2.368000212211672 89
1694739114245 2.3679635374976504 90
1694739114629 2.3679268690159687 91
1694739114924 2.367890206764999 92
1694739115232 2.3678535507431144 93
1694739115583 2.367816900948688 94
1694739115909 2.3677802573800957 95
1694739116244 2.3677436200357107 96
1694739116605 2.3677069889139104 97
1694739116938 2.36767036401307 98
1694739117219 2.367633745331567 99
1694739117571 2.367597132867779 100
1694739117896 2.3675605266200836 101
1694739118192 2.3675239265868613 102
1694739118488 2.36748733276649 103
1694739118844 2.367450745157352 104
1694739119213 2.3674141637578265 105
1694739119532 2.367377588566296 106
1694739119886 2.3673410195811426 107
1694739120223 2.3673044568007486 108
1694739120551 2.367267900223499 109
1694739120930 2.3672313498477764 110
1694739121260 2.367194805671967 111
1694739121588 2.3671582676944563 112
1694739121895 2.367121735913629 113
1694739122217 2.3670852103278737 114
1694739122518 2.3670486909355777 115
1694739122874 2.3670121777351283 116
1694739123198 2.366975670724915 117
1694739123519 2.366939169903327 118
1694739123875 2.3669026752687543 119
1694739124203 2.366866186819588 120
1694739124477 2.36682970455422 121
1694739124760 2.366793228471041 122
1694739125045 2.3667567585684455 123
1694739125375 2.366720294844825 124
1694739125774 2.366683837298575 125
1694739126159 2.36664738592809 126
1694739126528 2.3666109407317646 127
1694739126847 2.366574501707996 128
1694739127141 2.3665380688551796 129
1694739127485 2.3665016421717135 130
1694739127853 2.366465221655995 131
1694739128172 2.3664288073064235 132
1694739128582 2.3663923991213975 133
1694739128906 2.3663559970993178 134
1694739129174 2.366319601238584 135
1694739129464 2.3662832115375982 136
1694739129804 2.366246827994761 137
1694739130149 2.3662104506084765 138
1694739130490 2.366174079377146 139
1694739130922 2.3661377142991746 140
1694739131264 2.366101355372967 141
1694739131623 2.366065002596927 142
1694739131986 2.3660286559694614 143
1694739132274 2.3659923154889753 144
1694739132511 2.3659559811538777 145
1694739132795 2.365919652962574 146
1694739133136 2.365883330913474 147
1694739133454 2.3658470150049866 148
1694739133801 2.3658107052355204 149
1694739134166 2.365774401603487 150
1694739134507 2.365738104107296 151
1694739134822 2.3657018127453595 152
1694739135125 2.3656655275160894 153
1694739135482 2.3656292484178993 154
1694739135878 2.3655929754492013 155
1694739136157 2.365556708608411 156
1694739136432 2.3655204478939424 157
1694739136744 2.3654841933042103 158
1694739137060 2.365447944837631 159
1694739137342 2.3654117024926222 160
1694739137762 2.3653754662676 161
1694739138105 2.365339236160983 162
1694739138379 2.3653030121711884 163
1694739138793 2.3652667942966374 164
1694739139132 2.365230582535749 165
1694739139471 2.3651943768869432 166
1694739139855 2.365158177348641 167
1694739140142 2.3651219839192654 168
1694739140406 2.365085796597238 169
1694739140705 2.3650496153809812 170
1694739141045 2.3650134402689202 171
1694739141315 2.3649772712594785 172
1694739141625 2.364941108351081 173
1694739141970 2.3649049515421527 174
1694739142370 2.364868800831121 175
1694739142717 2.3648326562164117 176
1694739143091 2.364796517696453 177
1694739143434 2.364760385269673 178
1694739143757 2.3647242589344994 179
1694739144109 2.3646881386893632 180
1694739144485 2.364652024532693 181
1694739144866 2.364615916462921 182
1694739145267 2.3645798144784766 183
1694739145593 2.364543718577793 184
1694739145978 2.3645076287593025 185
1694739146297 2.364471545021438 186
1694739146572 2.364435467362634 187
1694739146862 2.364399395781324 188
1694739147170 2.364363330275944 189
1694739147542 2.364327270844929 190
1694739147873 2.3642912174867154 191
1694739148189 2.3642551701997405 192
1694739148491 2.364219128982443 193
1694739148770 2.364183093833258 194
1694739149083 2.364147064750627 195
1694739149398 2.364111041732989 196
1694739149743 2.3640750247787836 197
1694739150097 2.364039013886452 198
1694739150431 2.3640030090544357 199
1694739150843 2.3639670102811756 200
1694739151226 2.3639310175651156 201
1694739151539 2.363895030904698 202
1694739151850 2.363859050298368 203
1694739152183 2.363823075744569 204
1694739152531 2.3637871072417465 205
1694739152860 2.3637511447883464 206
1694739153175 2.3637151883828142 207
1694739153502 2.3636792380235976 208
1694739153885 2.3636432937091447 209
1694739154228 2.363607355437903 210
1694739154543 2.363571423208322 211
1694739154913 2.36353549701885 212
1694739155260 2.3634995768679388 213
1694739155625 2.363463662754038 214
1694739156071 2.3634277546756004 215
1694739156371 2.363391852631076 216
1694739156693 2.3633559566189186 217
1694739157063 2.363320066637581 218
1694739157346 2.3632841826855175 219
1694739157749 2.3632483047611825 220
1694739158078 2.363212432863031 221
1694739158399 2.363176566989519 222
1694739158702 2.363140707139102 223
1694739159071 2.3631048533102383 224
1694739159383 2.3630690055013845 225
1694739159685 2.3630331637109996 226
1694739160020 2.3629973279375407 227
1694739160345 2.36296149817947 228
1694739160745 2.362925674435245 229
1694739161073 2.3628898567033283 230
1694739161362 2.36285404498218 231
1694739161644 2.3628182392702626 232
1694739161948 2.362782439566039 233
1694739162277 2.3627466458679702 234
1694739162558 2.362710858174523 235
1694739162931 2.36267507648416 236
1694739163355 2.3626393007953475 237
1694739163649 2.3626035311065494 238
1694739163964 2.362567767416233 239
1694739164313 2.362532009722865 240
1694739164629 2.3624962580249127 241
1694739164949 2.362460512320845 242
1694739165321 2.3624247726091294 243
1694739165663 2.362389038888236 244
1694739166006 2.362353311156635 245
1694739166293 2.3623175894127955 246
1694739166595 2.3622818736551907 247
1694739166922 2.3622461638822907 248
1694739167250 2.362210460092569 249
1694739167684 2.362174762284498 250
1694739167947 2.3621390704565512 251
1694739168262 2.3621033846072037 252
1694739168539 2.3620677047349297 253
1694739168843 2.3620320308382046 254
1694739169150 2.3619963629155043 255
1694739169457 2.361960700965305 256
1694739169774 2.3619250449860862 257
1694739170142 2.3618893949763233 258
1694739170480 2.361853750934497 259
1694739170794 2.3618181128590843 260
1694739171142 2.361782480748566 261
1694739171452 2.361746854601422 262
1694739171715 2.361711234416134 263
1694739172026 2.361675620191183 264
1694739172388 2.3616400119250516 265
1694739172734 2.361604409616222 266
1694739173064 2.361568813263178 267
1694739173403 2.3615332228644026 268
1694739173693 2.3614976384183817 269
1694739173992 2.3614620599236003 270
1694739174326 2.3614264873785435 271
1694739174685 2.361390920781698 272
1694739175020 2.361355360131552 273
1694739175343 2.3613198054265903 274
1694739175686 2.3612842566653036 275
1694739176030 2.36124871384618 276
1694739176339 2.3612131769677087 277
1694739176702 2.361177646028381 278
1694739177077 2.361142121026685 279
1694739177469 2.361106601961114 280
1694739177797 2.3610710888301596 281
1694739178133 2.361035581632314 282
1694739178472 2.36100008036607 283
1694739178756 2.3609645850299215 284
1694739179153 2.3609290956223625 285
1694739179429 2.360893612141888 286
1694739179724 2.3608581345869943 287
1694739180025 2.3608226629561764 288
1694739180346 2.3607871972479315 289
1694739180630 2.360751737460756 290
1694739180925 2.3607162835931486 291
1694739181283 2.3606808356436075 292
1694739181589 2.3606453936106324 293
1694739181918 2.360609957492722 294
1694739182265 2.360574527288378 295
1694739182557 2.3605391029960985 296
1694739182809 2.3605036846143874 297
1694739183125 2.360468272141747 298
1694739183477 2.360432865576678 299
1694739183836 2.3603974649176855 300
1694739184133 2.3603620701632724 301
1694739184473 2.360326681311943 302
1694739184763 2.360291298362203 303
1694739185094 2.3602559213125573 304
1694739185450 2.3602205501615128 305
1694739185852 2.3601851849075763 306
1694739186194 2.3601498255492546 307
1694739186594 2.360114472085057 308
1694739186860 2.3600791245134904 309
1694739187209 2.360043782833066 310
1694739187616 2.360008447042292 311
1694739187933 2.3599731171396794 312
1694739188376 2.3599377931237386 313
1694739188702 2.3599024749929822 314
1694739188975 2.359867162745923 315
1694739189312 2.3598318563810716 316
1694739189650 2.359796555896943 317
1694739189979 2.35976126129205 318
1694739190317 2.359725972564909 319
1694739190667 2.359690689714033 320
1694739191010 2.359655412737939 321
1694739191364 2.3596201416351437 322
1694739191667 2.359584876404163 323
1694739191959 2.3595496170435153 324
1694739192309 2.359514363551718 325
1694739192648 2.35947911592729 326
1694739193038 2.3594438741687505 327
1694739193387 2.35940863827462 328
1694739193695 2.3593734082434183 329
1694739194044 2.3593381840736676 330
1694739194362 2.3593029657638875 331
1694739194681 2.359267753312602 332
1694739194932 2.359232546718333 333
1694739195283 2.359197345979604 334
1694739195632 2.3591621510949397 335
1694739195926 2.359126962062864 336
1694739196228 2.3590917788819024 337
1694739196559 2.3590566015505807 338
1694739196846 2.3590214300674246 339
1694739197258 2.3589862644309623 340
1694739197712 2.3589511046397207 341
1694739198011 2.3589159506922273 342
1694739198346 2.3588808025870116 343
1694739198713 2.358845660322602 344
1694739199046 2.358810523897529 345
1694739199354 2.358775393310323 346
1694739199724 2.3587402685595156 347
1694739200062 2.3587051496436375 348
1694739200355 2.358670036561221 349
1694739200633 2.3586349293107998 350
1694739200946 2.3585998278909055 351
1694739201237 2.3585647323000742 352
1694739201574 2.358529642536839 353
1694739201895 2.3584945585997357 354
1694739202280 2.3584594804872996 355
1694739202589 2.3584244081980663 356
1694739202870 2.3583893417305744 357
1694739203157 2.3583542810833595 358
1694739203505 2.3583192262549613 359
1694739203826 2.358284177243917 360
1694739204114 2.358249134048767 361
1694739204499 2.35821409666805 362
1694739204909 2.3581790651003067 363
1694739205196 2.358144039344079 364
1694739205470 2.358109019397906 365
1694739205810 2.358074005260333 366
1694739206072 2.3580389969298996 367
1694739206364 2.358003994405151 368
1694739206695 2.3579689976846305 369
1694739207058 2.357934006766882 370
1694739207428 2.3578990216504514 371
1694739207843 2.3578640423338837 372
1694739208144 2.357829068815725 373
1694739208460 2.357794101094522 374
1694739208798 2.3577591391688215 375
1694739209083 2.3577241830371727 376
1694739209358 2.3576892326981227 377
1694739209694 2.3576542881502207 378
1694739209961 2.3576193493920177 379
1694739210218 2.357584416422062 380
1694739210528 2.3575494892389055 381
1694739210784 2.3575145678410987 382
1694739211058 2.357479652227194 383
1694739211396 2.357444742395744 384
1694739211766 2.3574098383453017 385
1694739212063 2.35737494007442 386
1694739212412 2.357340047581654 387
1694739212767 2.357305160865558 388
1694739213065 2.3572702799246867 389
1694739213392 2.357235404757597 390
1694739213755 2.357200535362845 391
1694739214093 2.3571656717389877 392
1694739214409 2.3571308138845826 393
1694739214706 2.357095961798188 394
1694739214988 2.3570611154783623 395
1694739215275 2.357026274923666 396
1694739215539 2.3569914401326577 397
1694739215950 2.356956611103898 398
1694739216323 2.3569217878359487 399
1694739216632 2.356886970327371 400
1694739216951 2.3568521585767264 401
1694739217258 2.3568173525825786 402
1694739217736 2.356782552343491 403
1694739218017 2.3567477578580265 404
1694739218396 2.35671296912475 405
1694739218749 2.3566781861422266 406
1694739219020 2.3566434089090227 407
1694739219279 2.3566086374237027 408
1694739219570 2.3565738716848337 409
1694739219832 2.3565391116909846 410
1694739220110 2.3565043574407216 411
1694739220388 2.3564696089326134 412
1694739220766 2.3564348661652295 413
1694739221140 2.356400129137139 414
1694739221446 2.3563653978469126 415
1694739221756 2.35633067229312 416
1694739222073 2.356295952474333 417
1694739222385 2.3562612383891235 418
1694739222712 2.356226530036064 419
1694739223107 2.3561918274137263 420
1694739223414 2.3561571305206854 421
1694739223760 2.3561224393555142 422
1694739224094 2.3560877539167886 423
1694739224418 2.356053074203082 424
1694739224718 2.3560184002129723 425
1694739225028 2.355983731945034 426
1694739225387 2.3559490693978447 427
1694739225695 2.3559144125699816 428
1694739226071 2.355879761460023 429
1694739226332 2.355845116066547 430
1694739226676 2.3558104763881333 431
1694739226977 2.3557758424233612 432
1694739227250 2.3557412141708105 433
1694739227657 2.355706591629063 434
1694739228018 2.3556719747967 435
1694739228349 2.355637363672302 436
1694739228678 2.3556027582544528 437
1694739229038 2.3555681585417356 438
1694739229353 2.3555335645327324 439
1694739229669 2.3554989762260288 440
1694739230063 2.3554643936202098 441
1694739230396 2.3554298167138588 442
1694739230700 2.3553952455055636 443
1694739231034 2.3553606799939097 444
1694739231303 2.3553261201774838 445
1694739231633 2.3552915660548743 446
1694739231944 2.355257017624668 447
1694739232344 2.3552224748854544 448
1694739232675 2.3551879378358223 449
1694739233002 2.3551534064743618 450
1694739233312 2.355118880799663 451
1694739233686 2.355084360810316 452
1694739233991 2.3550498465049134 453
1694739234272 2.355015337882046 454
1694739234650 2.3549808349403074 455
1694739234992 2.3549463376782898 456
1694739235286 2.3549118460945873 457
1694739235627 2.354877360187793 458
1694739236057 2.3548428799565033 459
1694739236409 2.354808405399313 460
1694739236819 2.3547739365148166 461
1694739237179 2.354739473301612 462
1694739237480 2.354705015758295 463
1694739237804 2.354670563883464 464
1694739238137 2.354636117675717 465
1694739238404 2.354601677133651 466
1694739238659 2.354567242255867 467
1694739239024 2.3545328130409633 468
1694739239344 2.3544983894875418 469
1694739239614 2.354463971594202 470
1694739239878 2.3544295593595455 471
1694739240201 2.3543951527821734 472
1694739240460 2.3543607518606895 473
1694739240711 2.3543263565936967 474
1694739241015 2.354291966979797 475
1694739241431 2.3542575830175956 476
1694739241755 2.3542232047056975 477
1694739242079 2.354188832042707 478
1694739242418 2.35415446502723 479
1694739242759 2.354120103657873 480
1694739243242 2.354085747933243 481
1694739243591 2.3540513978519466 482
1694739243966 2.354017053412593 483
1694739244304 2.3539827146137884 484
1694739244610 2.353948381454144 485
1694739244927 2.3539140539322694 486
1694739245247 2.353879732046773 487
1694739245593 2.353845415796267 488
1694739246066 2.353811105179361 489
1694739246371 2.353776800194668 490
1694739246645 2.3537425008408 491
1694739247022 2.3537082071163695 492
1694739247339 2.3536739190199905 493
1694739247685 2.353639636550276 494
1694739248086 2.353605359705841 495
1694739248464 2.3535710884853 496
1694739248797 2.3535368228872695 497
1694739249138 2.3535025629103647 498
1694739249421 2.3534683085532024 499
