1694743298130 2.015651896322274 0
1694743298480 0.14798289900178546 1
1694743298825 2.4172093779322994 2
1694743299126 0.08004003065102162 3
1694743299397 0.2651192172904828 4
1694743299713 0.17099493773018065 5
1694743299946 5.505270812166966 6
1694743300268 0.7488783681499511 7
1694743300597 19.189533558221534 8
1694743300881 0.2608687515894321 9
1694743301133 1.4586032534343878 10
1694743301413 3.806838991533801 11
1694743301711 0.20700992092093437 12
1694743302009 2.5200973820981414 13
1694743302329 4.2314419913373245 14
1694743302704 0.29345014902875244 15
1694743302999 0.04455419210953216 16
1694743303291 21.23162006132912 17
1694743303541 0.26287570278952815 18
1694743303830 0.5094359975347965 19
1694743304064 0.6780931376235904 20
1694743304373 2.1630272701501325 21
1694743304741 0.7917101818482719 22
1694743304996 1.0719398271075957 23
1694743305257 1.9420988917973177 24
1694743305517 14.955915902582891 25
1694743305813 1.204405228424388 26
1694743306041 0.7858351805013778 27
1694743306305 5.965945752984474 28
1694743306642 1.1876648746048855 29
1694743306962 1.7924229314728726 30
1694743307385 0.5799665866616338 31
1694743307696 0.003521538137524878 32
1694743307962 0.039988071418028376 33
1694743308186 2.155947635145684 34
1694743308469 2.696305216304528 35
1694743308828 0.0790304840448812 36
1694743309155 0.005480650737784264 37
1694743309478 4.790106026819769 38
1694743309817 5.5530477886519 39
1694743310092 6.960545978034621 40
1694743310360 0.2852206738584708 41
1694743310751 2.0882877814937615 42
1694743311018 0.5253868412723165 43
1694743311344 1.1101789721889501 44
1694743311635 6.311522568701745 45
1694743311951 0.016098226939996775 46
1694743312223 0.0011152446399987214 47
1694743312462 0.24023396249844672 48
1694743312722 0.5934851613722295 49
1694743313028 0.7759158815434747 50
1694743313348 0.031858708926113165 51
1694743313716 0.9608550252093699 52
1694743314018 0.9994049551613648 53
1694743314268 0.0863170602716943 54
1694743314573 3.2641507555326785 55
1694743314857 0.6791158193497775 56
1694743315163 3.5486758792144464 57
1694743315481 16.565641077107724 58
1694743315824 0.027728245259788335 59
1694743316084 2.039731811717983 60
1694743316355 1.1771712462827364 61
1694743316633 0.3171323931947875 62
1694743316904 2.7501039579688715 63
1694743317177 4.440984830936522 64
1694743317473 0.003993124587898455 65
1694743317779 0.33442848890660837 66
1694743318133 1.2041690128686113 67
1694743318401 6.515298212007448 68
1694743318688 0.22577143637473868 69
1694743319046 3.907011575032113 70
1694743319366 25.02348137095687 71
1694743319674 0.636749363817771 72
1694743319991 0.028570423681209735 73
1694743320320 1.1541270673844983 74
1694743320629 1.6388327745975733 75
1694743320870 3.8300209296615604 76
1694743321104 1.0746460052986495 77
1694743321431 2.231915519459683 78
1694743321744 0.06761974524769562 79
1694743322076 2.2241246511579615 80
1694743322331 2.5441379993357573 81
1694743322765 0.5496353359352634 82
1694743323077 0.010800654014388823 83
1694743323320 0.662363905156762 84
1694743323653 4.450258322260716 85
1694743323964 17.02604957609703 86
1694743324242 0.20069184399594073 87
1694743324573 4.8539540532402246 88
1694743324935 0.24943337519113595 89
1694743325224 5.23244616887005 90
1694743325509 0.8784880696641202 91
1694743325799 5.211419799151571 92
1694743326097 0.3094122769689708 93
1694743326319 0.021833904108498232 94
1694743326636 1.8574670885294675 95
1694743327012 0.003667567178169958 96
1694743327281 11.652751986776025 97
1694743327546 0.2982601885567623 98
1694743327870 1.572279440858587 99
1694743328151 0.060705225689476096 100
1694743328371 1.4144095419726932 101
1694743328613 2.504143678704107 102
1694743328992 0.23760546480621603 103
1694743329332 0.09244323054713785 104
1694743329657 3.6213657768621705 105
1694743329987 0.08017228701447156 106
1694743330288 0.16145640436711023 107
1694743330594 4.405525017775534 108
1694743330910 0.03245052757173763 109
1694743331242 4.379162737174492 110
1694743331534 6.838608682910247 111
1694743331798 2.3822205284669073 112
1694743332142 0.004011000028990621 113
1694743332424 7.807493447093849 114
1694743332673 2.0805929595126194 115
1694743332947 1.2044239227390474 116
1694743333207 0.014954032742680458 117
1694743333423 0.663552134367263 118
1694743333690 0.003209950892767895 119
1694743333910 0.16781148943531365 120
1694743334190 0.009143035476468187 121
1694743334454 6.276092868212116 122
1694743334779 2.729497444435517 123
1694743335097 0.49106376296987225 124
1694743335391 0.010408555663446672 125
1694743335685 0.5470332906741814 126
1694743336029 16.296177557479407 127
1694743336321 5.5219356341941275 128
1694743336589 0.04267840002258944 129
1694743336822 0.0010838089109071313 130
1694743337117 2.580599672054142 131
1694743337429 0.07747788988728901 132
1694743337730 0.6592864799243037 133
1694743338106 0.268840258203562 134
1694743338428 1.4718331411283967 135
1694743338708 4.983530956660014 136
1694743339080 12.405554956904021 137
1694743339497 0.4371882256775228 138
1694743339777 3.497629045361084 139
1694743340130 6.0649916475804915 140
1694743340434 4.7855752787634485 141
1694743340766 3.0628797939759203 142
1694743341065 3.381958147525477 143
1694743341384 0.6619295459603823 144
1694743341641 0.31620312098742237 145
1694743341877 2.031337244753139 146
1694743342192 5.901498963380094 147
1694743342518 0.029145561641166724 148
1694743342849 11.483307986623213 149
1694743343215 5.53224725886941 150
1694743343502 4.658998196906353 151
1694743343830 0.13961928149226815 152
1694743344177 0.35687903145592414 153
1694743344464 0.3705409279760592 154
1694743344768 0.25632386140940305 155
1694743345067 0.24818282193322067 156
1694743345383 2.8247233752238974 157
1694743345631 0.16471434358362974 158
1694743345957 1.2284198274156755 159
1694743346261 3.4917620462307912 160
1694743346534 0.7358991601900092 161
1694743346959 0.2052127046743589 162
1694743347353 7.281785849839884 163
1694743347614 0.2900526889584645 164
1694743347939 4.334184090101759 165
1694743348242 0.4784174793040802 166
1694743348572 0.01416184022964178 167
1694743348910 1.0531163212630985 168
1694743349307 0.20521926291697745 169
1694743349609 0.5780071234368207 170
1694743349890 1.380941420238908 171
1694743350206 1.661507089275704 172
1694743350556 0.025176731559424462 173
1694743350824 0.2250367617888819 174
1694743351114 0.14534461937447915 175
1694743351484 4.2223988743249805 176
1694743351750 9.128588399584924 177
1694743352051 0.007363161868911519 178
1694743352294 0.26392568570249847 179
1694743352585 7.718884533940848 180
1694743352880 2.2496791784610197 181
1694743353198 0.9998577977195529 182
1694743353476 0.8395424842874327 183
1694743353789 1.913487503908759 184
1694743354054 1.485427148298955 185
1694743354315 0.001806054206681136 186
1694743354586 0.04918319621953462 187
1694743354909 1.2700936414476316 188
1694743355187 2.211696653824542 189
1694743355501 0.021025691706514586 190
1694743355831 3.283887191931371 191
1694743356088 0.0006494611763146492 192
1694743356458 1.937959448669191 193
1694743356742 0.5056987273595337 194
1694743357072 0.18442979408457577 195
1694743357356 3.23403153797898 196
1694743357643 0.05677125928576365 197
1694743357886 6.391658501411922 198
1694743358182 0.44876307890666245 199
1694743358491 2.1515189170283846 200
1694743358760 0.9146591848458249 201
1694743359119 1.3744091246374144 202
1694743359356 1.6856176504534044 203
1694743359612 2.484999305438766 204
1694743359869 0.1282795025840817 205
1694743360209 0.18493185340517737 206
1694743360555 0.3186989121076742 207
1694743360891 5.012021824255754 208
1694743361265 0.21587677323487997 209
1694743361592 1.488019633324985 210
1694743361880 17.66159715262213 211
1694743362198 0.4983503141550409 212
1694743362582 1.0849413834528052 213
1694743362844 1.2259328098824438 214
1694743363115 3.111821268130739 215
1694743363384 0.13740557677758583 216
1694743363678 0.5908201362500014 217
1694743363909 0.25603843771821433 218
1694743364155 1.5376924643150949 219
1694743364459 0.0027305456789499427 220
1694743364787 0.17633259532179216 221
1694743365023 0.04673464091981217 222
1694743365312 2.003623655445271 223
1694743365576 27.2002655185628 224
1694743365807 1.2221929642918006 225
1694743366068 0.5669503480659104 226
1694743366310 0.5582289533370177 227
1694743366613 1.7081103838797076 228
1694743366966 1.759194877709861e-05 229
1694743367198 2.3027308831019115 230
1694743367484 0.8632970682328651 231
1694743367871 0.8352293652226105 232
1694743368096 0.013693550830578355 233
1694743368415 1.27716945900984 234
1694743368756 1.3758373899622822 235
1694743369137 0.08806443036635009 236
1694743369446 0.9019639703931298 237
1694743369783 4.6531046436756744 238
1694743370052 0.4474993472176276 239
1694743370299 0.11278175179824941 240
1694743370586 0.2714361299761787 241
1694743370949 0.011022727020076367 242
1694743371199 0.1537681185016531 243
1694743371541 4.134381503482002 244
1694743371881 1.660868872021929 245
1694743372139 7.317714393988717 246
1694743372364 0.3281011088209413 247
1694743372678 0.4143452938859759 248
1694743372952 0.03201733901642364 249
1694743373188 0.4029033786388543 250
1694743373423 0.2548919442112893 251
1694743373715 0.9831057542572006 252
1694743373923 20.586641497985806 253
1694743374179 0.44078568599762563 254
1694743374430 1.8601923916509828 255
1694743374746 2.9661239310528025 256
1694743375080 9.255134746261074 257
1694743375316 1.9080754912516336 258
1694743375547 0.274857232679155 259
1694743375865 0.013957166153953116 260
1694743376153 1.4910404418271705 261
1694743376393 3.3885426077447978 262
1694743376645 0.5388334687643266 263
1694743376948 0.19952482365323354 264
1694743377260 0.00013579594631454663 265
1694743377561 1.941792726546661 266
1694743377901 1.383788478899761 267
1694743378253 0.6147326185936712 268
1694743378572 1.0440701074184788 269
1694743378866 6.4258896302564255 270
1694743379195 0.007641901773557873 271
1694743379526 0.017381135199745774 272
1694743379840 0.8316307101216739 273
1694743380186 0.24746557215358062 274
1694743380474 0.24107253294133704 275
1694743380797 0.4291992715515695 276
1694743381082 2.2789608957690266 277
1694743381303 1.304950316131536 278
1694743381630 1.8018806893240378 279
1694743381936 1.5960746900780296 280
1694743382203 0.9002278287678199 281
1694743382571 1.5698234379817266 282
1694743382874 0.019596585499093926 283
1694743383163 1.0000416158934722 284
1694743383371 0.23050872076163595 285
1694743383602 0.29170080059731096 286
1694743383849 0.9390734281446377 287
1694743384155 0.4407269001982292 288
1694743384459 3.3917530576183896 289
1694743384785 0.26468944461150906 290
1694743385049 0.26705269430752093 291
1694743385306 1.9565297859411719 292
1694743385580 0.011935866689642758 293
1694743385885 2.303770624189688 294
1694743386200 0.09351675130903112 295
1694743386491 0.6443995861274593 296
1694743386877 3.3022447451445154 297
1694743387139 5.769678845645224 298
1694743387379 3.292587058468319 299
1694743387690 5.260701654092768 300
1694743387979 0.08231017001113039 301
1694743388277 0.3352123788986275 302
1694743388604 0.022666422853262543 303
1694743388963 0.10164394220396046 304
1694743389357 1.5035054245465669 305
1694743389627 0.0992761766456836 306
1694743389925 0.6824239206240703 307
1694743390256 12.74864591414832 308
1694743390489 0.06829781489559304 309
1694743390797 3.3931146962073258 310
1694743391099 2.781604373553302 311
1694743391406 0.05117148137238288 312
1694743391643 2.9009938196170104 313
1694743391872 1.721092031046627 314
1694743392172 1.0026396712524883 315
1694743392477 0.013119620921964259 316
1694743392733 10.710347810003011 317
1694743393042 0.09384264510594871 318
1694743393368 1.0080250461537152 319
1694743393691 11.671006022195336 320
1694743393994 0.8480913953143708 321
1694743394339 0.029482802631280496 322
1694743394629 1.1955884218845945 323
1694743394889 8.040395446530944 324
1694743395119 0.0795299731110912 325
1694743395397 1.0170314194132113 326
1694743395672 0.6471405263730338 327
1694743395937 0.12474316682201188 328
1694743396166 2.0779678220070696 329
1694743396439 0.2476974817986914 330
1694743396711 0.7455970267688943 331
1694743397027 0.15943336132408312 332
1694743397339 0.3547777261215974 333
1694743397641 0.6061262165036678 334
1694743397895 9.060218154085964 335
1694743398210 0.3464854856546028 336
1694743398546 0.011897016769737978 337
1694743398765 0.048204947382194975 338
1694743399160 0.5868670939182512 339
1694743399603 0.7353496263172788 340
1694743399868 0.031733345150652285 341
1694743400210 0.10659836497501106 342
1694743400526 0.576151979651068 343
1694743400851 2.319991530595645 344
1694743401152 0.8851416372282223 345
1694743401479 1.2174576566371416 346
1694743401773 0.7259879656367442 347
1694743402070 13.803747890636155 348
1694743402452 0.13699131966174496 349
1694743402761 0.00023913289341297384 350
1694743403071 0.04170911177110223 351
1694743403381 0.6169763528290821 352
1694743403674 1.965979207530448 353
1694743403923 0.09601080716454076 354
1694743404120 2.6173964987777913 355
1694743404337 2.828842233922618 356
1694743404599 1.0463584158631332 357
1694743404834 2.1688514674215136 358
1694743405118 0.2553334858463697 359
1694743405400 3.7478076496644985 360
1694743405685 0.747614020906666 361
1694743405951 4.278917205709768 362
1694743406192 1.624457026564022 363
1694743406481 0.2783578545502015 364
1694743406768 0.6195580910065058 365
1694743407122 0.7640588237232988 366
1694743407399 0.6327071407870574 367
1694743407679 2.95262061416446 368
1694743407909 4.175698248167916 369
1694743408187 0.5904628501536497 370
1694743408497 7.430809629638298 371
1694743408807 0.01085410313027754 372
1694743409250 27.91831573569507 373
1694743409589 4.03138606474086 374
1694743409857 0.9637951503275347 375
1694743410082 3.70318557819881 376
1694743410418 0.8950898236005692 377
1694743410753 3.579641035436707 378
1694743410992 0.048938120518752376 379
1694743411373 2.1565696400432617 380
1694743411765 0.14243945408183545 381
1694743412004 5.474569816562139 382
1694743412284 0.09925561212556488 383
1694743412572 1.9672156248556183 384
1694743412893 1.5236794875977948 385
1694743413267 1.5294613661770322 386
1694743413614 4.530750072063017 387
1694743413949 0.010690402750855097 388
1694743414178 0.08652476628429333 389
1694743414417 0.1794235788910219 390
1694743414648 4.337114672934125 391
1694743414896 0.7085004938957069 392
1694743415123 0.08680129576692232 393
1694743415430 0.5873283736976076 394
1694743415695 1.9875802905775226 395
1694743416061 0.19865128879119606 396
1694743416385 0.5288401849139431 397
1694743416692 3.586832175898965 398
1694743417038 3.051497986693613 399
1694743417374 2.4483579438350294 400
1694743417702 0.9620167158378404 401
1694743418001 1.2533581766073127 402
1694743418322 1.5483706581581036 403
1694743418610 0.012683660488130763 404
1694743418874 0.00019578672111777523 405
1694743419213 3.6141877171132113 406
1694743419530 0.8370175216341492 407
1694743419861 4.638742816917843 408
1694743420113 0.7758264272067146 409
1694743420492 0.02671039973290239 410
1694743420853 1.5325705533697203 411
1694743421126 1.0772037533358443 412
1694743421429 1.1827171696933285 413
1694743421725 0.3637407747025471 414
1694743421983 0.976899756171897 415
1694743422195 0.5315328717158464 416
1694743422480 0.21453939945910713 417
1694743422762 0.09084037869986783 418
1694743423039 0.0004399348588783319 419
1694743423279 0.20906418705731653 420
1694743423545 0.2833153599372399 421
1694743423816 0.4856355099688628 422
1694743424130 0.10776072982764398 423
1694743424367 1.1552185287621397 424
1694743424688 1.380610484319855 425
1694743424979 5.1841481095872854 426
1694743425182 0.39227500371613006 427
1694743425471 3.162637888183405 428
1694743425794 0.588261040483235 429
1694743426101 0.13401927155482005 430
1694743426352 4.328889379915208 431
1694743426684 2.3503216471349964 432
1694743427053 1.4555492038526072 433
1694743427316 3.3200128263389006 434
1694743427598 3.0346860859526363 435
1694743427900 0.8240874131281066 436
1694743428198 6.450649379061032 437
1694743428443 2.9347784194241084 438
1694743428681 2.500993803387116 439
1694743428955 0.28338607413996203 440
1694743429284 4.344726832180707 441
1694743429537 1.105320390159367 442
1694743429825 0.305140721456246 443
1694743430095 4.55634724404853 444
1694743430349 0.39524444237273504 445
1694743430638 0.39330212267527154 446
1694743431028 0.6869802183961596 447
1694743431317 0.6914358816248247 448
1694743431673 1.2981476809745351 449
1694743432012 1.1230734636037267 450
1694743432280 0.035950668180538305 451
1694743432528 6.942191138200705 452
1694743432819 0.3855008814993118 453
1694743433150 0.414750412156933 454
1694743433428 0.0784718571585518 455
1694743433804 1.2898370252583942 456
1694743434110 0.18391784409201464 457
1694743434410 0.995627394850253 458
1694743434615 0.7999405633977733 459
1694743434874 2.5734333965473057 460
1694743435120 0.16589090171175003 461
1694743435361 5.983043546958196 462
1694743435607 0.03401299745359096 463
1694743435902 4.382477764065499 464
1694743436135 10.510480950200648 465
1694743436415 9.189165600312537 466
1694743436717 0.044271242341406725 467
1694743437030 0.42561172473194064 468
1694743437353 0.003780593136006268 469
1694743437577 1.0720240283500764 470
1694743437799 0.3037610333314405 471
1694743438077 1.9737866771159729 472
1694743438377 0.7741766017672663 473
1694743438688 1.5319404320871393 474
1694743439026 0.21941905395725553 475
1694743439336 0.955276999013213 476
1694743439577 0.006303275980830341 477
1694743439839 3.4389177058574987 478
1694743440128 0.14738236337554228 479
1694743440539 4.0335449721531305 480
1694743440885 0.2788327078029788 481
1694743441190 0.21270264037321004 482
1694743441445 0.7621164278072733 483
1694743441751 1.239925047815205 484
1694743442033 6.771436560773395 485
1694743442333 1.568317635346192 486
1694743442690 0.45234397058668835 487
1694743443004 0.16681825338460562 488
1694743443320 0.6370454742224541 489
1694743443561 1.5626774320543202 490
1694743443807 6.5661380232834485 491
1694743444087 0.7833762795035581 492
1694743444395 7.239785125976944 493
1694743444718 0.11866348310033897 494
1694743445053 0.18970264634088035 495
1694743445354 0.0005327889471856721 496
1694743445636 3.249506356788952 497
1694743445955 0.3880230835851521 498
1694743446244 1.9799022999992173 499
