1694724243324 1.9444405255545074 0
1694724243490 2.043663367551635 1
1694724243674 2.006154663225165 2
1694724243959 2.566008744656591 3
1694724244234 2.3469324386290755 4
1694724244451 2.5982882191950707 5
1694724244656 2.575506875632521 6
1694724244884 3.7475992205601645 7
1694724245127 1.5048663842388552 8
1694724245350 2.676272791307085 9
1694724245635 1.9073470488610278 10
1694724245891 1.8088995842487778 11
1694724246150 2.018832549233378 12
1694724246377 2.0566802214763 13
1694724246550 1.7495046014917885 14
1694724246749 1.577737038289085 15
1694724246955 2.6942712623850467 16
1694724247192 3.1155117999308666 17
1694724247388 2.227426903176892 18
1694724247578 1.8554052212140577 19
1694724247819 1.541349528929965 20
1694724248053 1.6770302100573435 21
