1694741202578 2.4166471247787977 0
1694741202901 2.1057386781976097 1
1694741203094 1.9699124850691618 2
1694741203325 2.385166346946172 3
1694741203472 2.0897218104050275 4
1694741203619 2.7484334828049537 5
1694741203863 1.653252302770223 6
1694741204087 2.9526256858471958 7
1694741204321 2.5461671569578885 8
1694741204569 2.3884684372295095 9
1694741204822 2.774869725376883 10
1694741205089 2.1451016990349046 11
1694741205303 2.4278840036113105 12
1694741205552 2.507857527713667 13
1694741205782 2.0565047484540453 14
1694741206028 3.066052265136058 15
1694741206243 1.8037948290784698 16
1694741206516 2.262440818614751 17
1694741206758 2.430543954498157 18
1694741207008 2.736643608295391 19
1694741207273 2.091035006911565 20
1694741207546 2.5782193018233137 21
1694741207777 3.467353254380766 22
1694741208013 2.074013133649367 23
1694741208185 1.583929489393331 24
1694741208365 1.9026723780488564 25
1694741208604 2.4163893767260514 26
1694741208832 2.2181853820112916 27
1694741209131 2.206092445834159 28
1694741209398 2.5220999772752464 29
1694741209656 2.2564780682160706 30
1694741209878 1.8751523593323147 31
1694741210126 2.0301973265706756 32
1694741210364 1.6782836975029463 33
1694741210607 1.4572762735216693 34
1694741210838 1.7363898890230958 35
1694741211045 1.8862795722558783 36
1694741211252 2.2743088951605666 37
1694741211681 2.191391023529698 38
1694741211934 2.4549454776846154 39
1694741212129 1.4838097988400314 40
1694741212284 1.534208531209191 41
1694741212528 2.2185402589788743 42
1694741212687 2.029307884928614 43
1694741212855 1.7455191946117878 44
1694741213087 1.8746308508445186 45
1694741213249 2.7493401923712777 46
1694741213438 3.0884041734423673 47
1694741213637 2.732116877919897 48
1694741213911 2.3814114811834317 49
1694741214129 2.551504543525227 50
1694741214326 2.8579451179333097 51
1694741214580 2.567078787582973 52
1694741214804 1.4142861777264752 53
1694741215025 2.1105255350603906 54
1694741215219 2.7897814898340223 55
1694741215443 1.7662284121700205 56
1694741215690 2.3129942048908423 57
1694741215924 1.778266836890313 58
1694741216178 3.041066475860185 59
1694741216335 1.8330773370765028 60
1694741216538 2.8613674692350135 61
1694741216750 1.1569864418826894 62
1694741216979 1.6475015652491958 63
1694741217211 1.7051233011727327 64
1694741217466 2.662979934628588 65
1694741217719 1.8601055897194925 66
1694741217955 1.9738619782822864 67
1694741218172 2.210455150871418 68
1694741218419 2.682908581867613 69
1694741218637 2.3492811716857154 70
1694741218889 0.9800457660594127 71
1694741219161 2.058425397897018 72
1694741219311 3.7384738731541702 73
1694741219472 1.6082857546274152 74
1694741219635 2.0727450273269246 75
1694741219942 3.285948356169477 76
1694741220232 1.6020512259753381 77
1694741220463 2.501845357154933 78
1694741220739 2.2842557975222273 79
1694741220972 2.1124009511197572 80
1694741221219 2.4907277883943486 81
1694741221446 2.827675127120804 82
1694741221665 1.9601976172650437 83
1694741221903 2.0730271988893145 84
1694741222122 2.365081857483133 85
1694741222335 2.6640546348379877 86
1694741222572 1.610272073234951 87
1694741222813 2.471561127684474 88
1694741223041 2.4333258615132234 89
1694741223237 2.2145844138871253 90
1694741223438 3.399120665639094 91
1694741223665 1.780543409376628 92
1694741223905 2.133507700599185 93
1694741224133 2.6170058711032773 94
1694741224310 2.7430661879281844 95
1694741224501 2.0323575316019653 96
1694741224696 2.134773109668777 97
1694741224907 2.2353507128440397 98
1694741225126 2.0357396476169765 99
1694741225299 2.105015115473182 100
1694741225463 2.435301165903258 101
1694741225686 2.0747462623759056 102
1694741225905 2.0729472360887375 103
1694741226096 2.7183540517706692 104
1694741226288 2.7278277529169057 105
1694741226499 2.213521849339684 106
1694741226759 3.2499246038279566 107
1694741226983 2.1894830180949443 108
1694741227258 2.371076034874248 109
1694741227497 2.025097978342907 110
1694741227743 2.697962138008993 111
1694741227984 2.44502186635745 112
1694741228217 2.254754781389927 113
1694741228439 1.4686146980610941 114
1694741228677 1.9498718645634097 115
1694741228916 3.182956424907127 116
1694741229192 2.4818721925548872 117
1694741229428 1.58115138614307 118
1694741229711 1.8283083010777545 119
1694741229960 2.280610880139266 120
1694741230190 2.678602435428044 121
1694741230371 2.0822024228390967 122
1694741230609 2.2992350389621192 123
1694741230849 2.0651854197241777 124
1694741231067 2.4200733871576876 125
1694741231279 1.9804203200062576 126
1694741231446 2.412767842003944 127
1694741231677 2.170497182247796 128
1694741231906 2.605586595067275 129
1694741232150 1.4982437651695253 130
1694741232368 1.7616131598635263 131
1694741232607 2.002330515000245 132
1694741232779 2.2273525698342915 133
1694741232995 2.597078140589667 134
1694741233274 3.3827424943761604 135
1694741233484 1.8815965581916203 136
1694741233721 2.365035109031863 137
1694741234017 1.941215793841128 138
1694741234257 2.156569596953351 139
1694741234435 2.5705049733436223 140
1694741234654 2.8171494281347824 141
1694741234878 1.9673486615474505 142
1694741235103 2.34578608458272 143
1694741235354 1.5823627236200026 144
1694741235519 1.4763380292280108 145
1694741235718 1.8754978630569143 146
1694741235976 3.2487119375468088 147
1694741236286 1.920132440737921 148
1694741236514 1.9361762966993734 149
1694741236760 2.080290865902544 150
1694741236983 2.5133546011672268 151
1694741237231 2.794242802736799 152
1694741237506 2.9803754529110047 153
1694741237730 1.4705290428528845 154
1694741237968 3.525179140762478 155
1694741238196 1.8422789792890606 156
1694741238467 2.317798131356635 157
1694741238637 1.562070631359534 158
1694741238855 1.786075151615837 159
1694741239205 1.5875525927195173 160
1694741239444 3.1416228750305413 161
1694741239715 1.7302557227783855 162
1694741239921 2.3304542424573085 163
1694741240124 2.2044740612069047 164
1694741240343 1.4651772549647375 165
1694741240516 1.7148416978360852 166
1694741240789 1.7220173404370913 167
1694741241021 1.134694997710996 168
1694741241252 2.0161557930235747 169
1694741241449 1.317427327871274 170
1694741241658 1.8509463318276402 171
1694741241880 2.0489595759876975 172
1694741242121 1.7444985559365052 173
1694741242346 2.708600749704889 174
1694741242525 2.385968903739059 175
1694741242783 1.6527375714272703 176
1694741243046 1.8274187106628426 177
1694741243310 1.980583983385249 178
1694741243529 2.1382102082334407 179
1694741243779 1.1365370493051778 180
1694741244012 2.039649164245543 181
1694741244245 2.4584958289294816 182
1694741244457 2.6795065356223953 183
1694741244635 1.8207347523701147 184
1694741244798 1.8921930861450655 185
1694741245063 1.7208491304048852 186
1694741245277 1.9750613247152355 187
1694741245497 1.5344606282683464 188
1694741245727 3.6345068142829695 189
1694741245964 2.6321230823046995 190
1694741246157 2.571174836213512 191
1694741246374 2.00249745609674 192
1694741246565 3.435394876071101 193
1694741246785 2.151457465835149 194
1694741247045 2.258216373135123 195
1694741247317 1.3917120923859965 196
1694741247582 2.24086938481496 197
1694741247818 1.562371517091499 198
1694741248061 1.9239943123141947 199
1694741248259 1.5470368526116727 200
1694741248480 1.4470584444590693 201
1694741248717 2.741339923545096 202
1694741248960 2.450073035215555 203
1694741249268 2.38068693907955 204
1694741249548 3.2044335613739126 205
1694741249769 2.7343504283539137 206
1694741250005 1.8573661652077285 207
1694741250248 2.380926034997984 208
1694741250501 2.2822570569436387 209
1694741250720 2.4667067583533115 210
1694741250997 1.6646619313342852 211
1694741251291 2.1143608036169894 212
1694741251586 2.8557877006970838 213
1694741251937 1.4537989903016895 214
1694741252196 1.698188163994453 215
1694741252469 1.522592879432727 216
1694741252727 2.3250231689204437 217
1694741252937 2.589648610181805 218
1694741253155 1.9731790893572991 219
1694741253351 1.7659402315663344 220
1694741253543 1.5844648899239517 221
1694741253721 2.316292107032323 222
1694741253948 2.4431562190324425 223
1694741254236 2.0669256488481915 224
1694741254412 1.818915012090719 225
1694741254657 1.4667341064198787 226
1694741254890 1.7755410287798166 227
1694741255126 1.9326994949736642 228
1694741255365 2.1474973904713304 229
1694741255546 2.391612121448583 230
1694741255701 2.5185361875101946 231
1694741255853 2.8063416309989857 232
1694741255997 1.5237726134106604 233
1694741256166 2.2405070357372683 234
1694741256390 2.1618072008487412 235
1694741256559 1.8048690156512939 236
1694741256795 1.7599630436421867 237
1694741257004 2.616343620696286 238
1694741257263 2.4919240662512254 239
1694741257523 3.7066429476045966 240
1694741257726 1.6042124677556897 241
1694741257976 2.1816686517917336 242
1694741258204 1.6442858053927039 243
1694741258460 1.9072050410211867 244
1694741258634 1.9637493772576435 245
1694741258871 1.8559736958215933 246
1694741259151 2.0571927132423133 247
1694741259382 2.1951948850465857 248
1694741259569 2.41074433146969 249
1694741259749 2.7594873471837675 250
1694741259990 1.4845035224263918 251
1694741260196 1.7934718544468704 252
1694741260432 2.388297948078484 253
1694741260607 3.0046870275438176 254
1694741260803 2.394942899448986 255
1694741261037 1.993906340780873 256
1694741261239 2.6962414238089347 257
1694741261459 2.438189675572017 258
1694741261692 1.9646185855392002 259
1694741261935 1.4451758792117775 260
1694741262133 1.8288060318128467 261
1694741262295 1.8569462719740568 262
1694741262503 2.452151948877024 263
1694741262682 1.1610991266005204 264
1694741262925 2.978416576683086 265
1694741263130 2.9871143460928233 266
1694741263361 2.4852871415391915 267
1694741263590 2.21989055644716 268
1694741263798 1.9193464552022028 269
1694741263949 1.7420178539905082 270
1694741264166 1.5478977125687656 271
1694741264462 2.3709069062402897 272
1694741264638 3.7800452176159984 273
1694741264797 2.4589599312899457 274
1694741264994 1.669175967632005 275
1694741265303 1.7727046986049755 276
1694741265538 2.088145371242052 277
1694741265731 2.6231154151821032 278
1694741265954 2.4414880488592137 279
1694741266176 1.80772032884241 280
1694741266421 1.7449220203435971 281
1694741266626 1.8555034663901704 282
1694741266836 1.7855351567879407 283
1694741267082 1.978411773207235 284
1694741267413 3.2185576409445695 285
1694741267651 2.0138346535416196 286
1694741267935 2.7410177583961604 287
1694741268105 1.9658270278996894 288
1694741268316 2.796194673228369 289
1694741268586 1.4523882116895184 290
1694741268751 1.8375529980556713 291
1694741268928 2.0125890303091283 292
1694741269141 1.6081196160709172 293
1694741269326 2.543163018583147 294
1694741269605 1.412401526123286 295
1694741269787 1.5463825701789278 296
1694741269942 2.6292195170984143 297
1694741270098 1.1974490223632026 298
1694741270342 3.2601550402996984 299
1694741270611 2.2694043382327043 300
1694741270743 1.404186493773656 301
1694741270937 2.4253391502709083 302
1694741271136 3.0107144412947915 303
1694741271334 2.1298933402777753 304
1694741271555 1.5658135528567936 305
1694741271742 1.581191036220311 306
1694741271997 2.265911069138469 307
1694741272233 2.2520775670989748 308
1694741272479 1.7446494731942341 309
1694741272725 3.141086935652409 310
1694741272929 1.8731862098605498 311
1694741273148 1.0567408134582261 312
1694741273394 2.12284250215793 313
1694741273629 2.4209544172044972 314
1694741273815 1.565497356016314 315
1694741274053 2.1487141521768964 316
1694741274314 2.3430938845747975 317
1694741274525 1.650510018233152 318
1694741274692 2.2603769361103336 319
1694741274887 2.232900971177564 320
1694741275123 2.532621758250979 321
1694741275362 1.9936088009512087 322
1694741275607 2.5664516850182344 323
1694741275797 1.8382036470993417 324
1694741276049 1.743931790535545 325
1694741276326 2.094319256778797 326
1694741276570 2.4151494917201255 327
1694741276746 1.4704416653343393 328
1694741277001 2.2818108091949307 329
1694741277244 2.5007617995964875 330
1694741277523 2.2851102686340012 331
1694741277722 1.3645839489036489 332
1694741277922 1.8950804067849194 333
1694741278173 2.3828124698920825 334
1694741278427 1.6130383555357024 335
1694741278684 1.0981770848695922 336
1694741278859 2.4960351002262424 337
1694741279143 2.133316884719721 338
1694741279358 2.2958042103445115 339
1694741279560 2.0139898103947464 340
1694741279733 2.1317390876723548 341
1694741279972 2.3521345664257387 342
1694741280203 1.7910426745471928 343
1694741280470 2.2333372910905687 344
1694741280686 1.9151332761423283 345
1694741280873 2.9712456490336066 346
1694741281048 2.5463060936106214 347
1694741281288 1.6932636581985314 348
1694741281538 1.1836581797928964 349
1694741281753 2.081270708776579 350
1694741281985 2.243261560686796 351
1694741282187 2.120766957779281 352
1694741282389 3.3944939968753616 353
1694741282607 2.6748314777596214 354
1694741282775 1.5355403499773597 355
1694741282947 2.392880876655853 356
1694741283150 3.011309602953821 357
1694741283323 1.7663087714946293 358
1694741283572 1.865696914149374 359
1694741283787 1.8424532849562383 360
1694741284005 2.179894315653695 361
1694741284187 1.9744970478130899 362
1694741284404 1.8023815512292607 363
1694741284718 2.3605529325699406 364
1694741284899 2.6852332418061975 365
1694741285146 2.025613317287354 366
1694741285415 2.4592410636236384 367
1694741285655 2.1682064215694723 368
1694741285856 1.4410246568330318 369
1694741286061 3.591366606871303 370
1694741286301 2.25001039170269 371
1694741286549 1.3864210930047571 372
1694741286749 2.0746567542882373 373
1694741286926 2.2214747635378087 374
1694741287086 2.124054242480089 375
1694741287399 2.4443207988099465 376
1694741287687 1.8246581172154284 377
1694741287873 1.768918504953916 378
1694741288149 2.472318507220611 379
1694741288352 2.199804679066206 380
1694741288580 2.40348196191524 381
1694741288786 1.9272296535326459 382
1694741288987 2.6052978325522966 383
1694741289288 1.874141588269235 384
1694741289525 2.2285997445757184 385
1694741289793 2.1748998600687215 386
1694741289961 2.010511881872572 387
1694741290155 1.753337315361957 388
1694741290390 1.5329360043272735 389
1694741290643 2.7324225325106006 390
1694741290848 2.1676042490658523 391
1694741291099 2.0330540386928235 392
1694741291355 1.3046279354088821 393
1694741291595 1.7621678576716262 394
1694741291830 1.8868031380269874 395
1694741292075 1.7048931784737589 396
1694741292319 1.58558934594718 397
1694741292577 1.7844258803520585 398
1694741292850 1.8232889085456532 399
1694741293145 2.28036299202074 400
1694741293382 1.8377416135361333 401
1694741293664 1.3763162789181325 402
1694741293880 2.005179568889359 403
1694741294048 2.125807132718286 404
1694741294321 1.7134163393556103 405
1694741294534 2.5289840068130536 406
1694741294770 1.158421958117583 407
1694741294939 2.9926207291776565 408
1694741295170 2.5545205825263086 409
1694741295409 1.8381861494336513 410
1694741295637 2.3102054233986316 411
1694741295826 2.0242978258069035 412
1694741295993 1.9404413728516507 413
1694741296216 2.04249726917674 414
1694741296497 1.923871519589711 415
1694741296755 1.4329088621933732 416
1694741296994 1.526744505099231 417
1694741297223 2.739440924089195 418
1694741297517 2.519091395504308 419
1694741297730 3.080298327438084 420
1694741297930 2.0635743371963033 421
1694741298162 2.6297988701479422 422
1694741298390 2.331768799809082 423
1694741298649 1.4647197573679802 424
1694741298878 2.532584483506455 425
1694741299137 2.3025167107474673 426
1694741299388 3.0011059888372422 427
1694741299634 2.430008737596207 428
1694741299877 2.377212797073807 429
1694741300026 3.09949118937496 430
1694741300187 1.617976284396656 431
1694741300369 2.529648295885756 432
1694741300597 2.899616772944755 433
1694741300895 3.774894466181708 434
1694741301040 1.8493637247655121 435
1694741301216 2.027728648054906 436
1694741301339 1.6388902247918085 437
1694741301524 1.940877848925601 438
1694741301707 1.8835506949472018 439
1694741301947 2.9549159627497605 440
1694741302206 1.6155302443456019 441
1694741302441 2.006865722324047 442
1694741302669 1.8991082559714796 443
1694741302895 2.053069359827967 444
1694741303151 1.8776827696200078 445
1694741303373 2.353910908332464 446
1694741303594 1.8953975983214917 447
1694741303798 2.2534319236111195 448
1694741303992 1.9203747131701885 449
1694741304187 2.5841558967577414 450
1694741304356 1.8831761166613092 451
1694741304570 2.105617607925624 452
1694741304796 3.528226418358574 453
1694741304977 2.9432777222873447 454
1694741305132 1.797457892219584 455
1694741305381 2.1395369471752126 456
1694741305595 2.3258407452580867 457
1694741305822 3.2059089567518235 458
1694741305995 1.4818286418793265 459
1694741306125 2.5415975372989252 460
1694741306336 2.6064641420585697 461
1694741306565 2.4322859444474636 462
1694741306767 1.6272239390618646 463
1694741306974 2.3892897741589922 464
1694741307130 2.4688418814558197 465
1694741307434 1.8840714254488196 466
1694741307715 1.4596849991491379 467
1694741307927 2.200250946920819 468
1694741308069 2.4225112894554814 469
1694741308289 2.2624867316143193 470
1694741308491 2.7756295320575455 471
1694741308667 2.38751823173489 472
1694741308868 2.309270512626855 473
1694741309103 2.0777727738732135 474
1694741309373 2.230662664715481 475
1694741309625 3.2567408504542996 476
1694741309909 1.65599374116186 477
1694741310057 2.9383242503435025 478
1694741310244 2.7126403940179933 479
1694741310432 2.323490625839767 480
1694741310685 1.6376158822796811 481
1694741310924 2.293897990372326 482
1694741311106 2.391686182115475 483
1694741311338 1.5130358137351239 484
1694741311607 1.5025468878745367 485
1694741311837 2.0963052116168392 486
1694741312069 1.9726600321698669 487
1694741312297 1.7077589583987942 488
1694741312545 2.0291114842144573 489
1694741312794 1.1054165619685123 490
1694741313021 2.8924700539004355 491
1694741313204 3.221837636504185 492
1694741313333 1.610039032420118 493
1694741313494 1.8503457451258878 494
1694741313750 2.1604399523098037 495
1694741313958 0.9643690036482723 496
1694741314154 1.545442480049514 497
1694741314372 1.871557383035526 498
1694741314525 2.272293837040107 499
