1694749942487 1.255948306568838e+205 0
1694749942723 inf 1
1694749942928 inf 2
1694749943065 nan 3
1694749943234 nan 4
1694749943384 nan 5
1694749943637 nan 6
1694749943839 nan 7
1694749944053 nan 8
1694749944363 nan 9
1694749944608 nan 10
1694749944841 nan 11
1694749945016 nan 12
1694749945231 nan 13
1694749945479 nan 14
1694749945716 nan 15
1694749945976 nan 16
1694749946191 nan 17
1694749946439 nan 18
1694749946633 nan 19
1694749946872 nan 20
1694749947039 nan 21
1694749947180 nan 22
1694749947348 nan 23
1694749947517 nan 24
1694749947741 nan 25
1694749947965 nan 26
1694749948116 nan 27
1694749948277 nan 28
1694749948547 nan 29
1694749948798 nan 30
1694749949041 nan 31
1694749949329 nan 32
1694749949578 nan 33
1694749949834 nan 34
1694749950068 nan 35
1694749950221 nan 36
1694749950459 nan 37
1694749950710 nan 38
1694749950965 nan 39
1694749951168 nan 40
1694749951362 nan 41
1694749951751 nan 42
1694749951986 nan 43
1694749952176 nan 44
1694749952392 nan 45
1694749952613 nan 46
1694749952802 nan 47
1694749953083 nan 48
1694749953321 nan 49
1694749953563 nan 50
1694749953797 nan 51
1694749954018 nan 52
1694749954233 nan 53
1694749954518 nan 54
1694749954751 nan 55
1694749954990 nan 56
1694749955209 nan 57
1694749955479 nan 58
1694749955689 nan 59
1694749955925 nan 60
1694749956165 nan 61
1694749956404 nan 62
1694749956652 nan 63
1694749956881 nan 64
1694749957100 nan 65
1694749957307 nan 66
1694749957609 nan 67
1694749957841 nan 68
1694749958049 nan 69
1694749958194 nan 70
1694749958358 nan 71
1694749958601 nan 72
1694749958830 nan 73
1694749959060 nan 74
1694749959274 nan 75
1694749959508 nan 76
1694749959797 nan 77
1694749960006 nan 78
1694749960175 nan 79
1694749960383 nan 80
1694749960616 nan 81
1694749960840 nan 82
1694749961075 nan 83
1694749961234 nan 84
1694749961416 nan 85
1694749961658 nan 86
1694749961963 nan 87
1694749962157 nan 88
1694749962398 nan 89
1694749962613 nan 90
1694749962848 nan 91
1694749963095 nan 92
1694749963239 nan 93
1694749963417 nan 94
1694749963627 nan 95
1694749963853 nan 96
1694749964089 nan 97
1694749964347 nan 98
1694749964604 nan 99
1694749964836 nan 100
1694749965086 nan 101
1694749965295 nan 102
1694749965553 nan 103
1694749965766 nan 104
1694749966058 nan 105
1694749966347 nan 106
1694749966593 nan 107
1694749966828 nan 108
1694749967081 nan 109
1694749967325 nan 110
1694749967578 nan 111
1694749967814 nan 112
1694749968055 nan 113
1694749968273 nan 114
1694749968533 nan 115
1694749968818 nan 116
1694749969120 nan 117
1694749969357 nan 118
1694749969603 nan 119
1694749969835 nan 120
1694749970083 nan 121
1694749970274 nan 122
1694749970448 nan 123
1694749970686 nan 124
1694749970976 nan 125
1694749971200 nan 126
1694749971384 nan 127
1694749971624 nan 128
1694749971877 nan 129
1694749972103 nan 130
1694749972274 nan 131
1694749972459 nan 132
1694749972647 nan 133
1694749972808 nan 134
1694749973033 nan 135
1694749973244 nan 136
1694749973478 nan 137
1694749973720 nan 138
1694749973953 nan 139
1694749974193 nan 140
1694749974448 nan 141
1694749974704 nan 142
1694749974978 nan 143
1694749975249 nan 144
1694749975523 nan 145
1694749975763 nan 146
1694749976018 nan 147
1694749976270 nan 148
1694749976511 nan 149
1694749976759 nan 150
1694749977013 nan 151
1694749977236 nan 152
1694749977463 nan 153
1694749977740 nan 154
1694749977972 nan 155
1694749978208 nan 156
1694749978404 nan 157
1694749978597 nan 158
1694749978723 nan 159
1694749978917 nan 160
1694749979160 nan 161
1694749979364 nan 162
1694749979584 nan 163
1694749979849 nan 164
1694749980099 nan 165
1694749980304 nan 166
1694749980545 nan 167
1694749980761 nan 168
1694749980970 nan 169
1694749981226 nan 170
1694749981408 nan 171
1694749981620 nan 172
1694749981900 nan 173
1694749982178 nan 174
1694749982367 nan 175
1694749982550 nan 176
1694749982754 nan 177
1694749982981 nan 178
1694749983229 nan 179
1694749983452 nan 180
1694749983688 nan 181
1694749983894 nan 182
1694749984112 nan 183
1694749984374 nan 184
1694749984613 nan 185
1694749984875 nan 186
1694749985114 nan 187
1694749985338 nan 188
1694749985544 nan 189
1694749985772 nan 190
1694749986015 nan 191
1694749986369 nan 192
1694749986607 nan 193
1694749986830 nan 194
1694749987069 nan 195
1694749987297 nan 196
1694749987575 nan 197
1694749987838 nan 198
1694749988100 nan 199
1694749988388 nan 200
1694749988638 nan 201
1694749988897 nan 202
1694749989129 nan 203
1694749989367 nan 204
1694749989528 nan 205
1694749989717 nan 206
1694749989902 nan 207
1694749990123 nan 208
1694749990360 nan 209
1694749990541 nan 210
1694749990724 nan 211
1694749991018 nan 212
1694749991275 nan 213
1694749991480 nan 214
1694749991664 nan 215
1694749991871 nan 216
1694749992112 nan 217
1694749992341 nan 218
1694749992514 nan 219
1694749992671 nan 220
1694749992873 nan 221
1694749993148 nan 222
1694749993387 nan 223
1694749993578 nan 224
1694749993813 nan 225
1694749994135 nan 226
1694749994459 nan 227
1694749994663 nan 228
1694749994878 nan 229
1694749995117 nan 230
1694749995409 nan 231
1694749995600 nan 232
1694749995826 nan 233
1694749996124 nan 234
1694749996356 nan 235
1694749996539 nan 236
1694749996722 nan 237
1694749996947 nan 238
1694749997178 nan 239
1694749997421 nan 240
1694749997718 nan 241
1694749997897 nan 242
1694749998108 nan 243
1694749998348 nan 244
1694749998565 nan 245
1694749998751 nan 246
1694749998971 nan 247
1694749999219 nan 248
1694749999461 nan 249
1694749999697 nan 250
1694749999978 nan 251
1694750000282 nan 252
1694750000519 nan 253
1694750000729 nan 254
1694750000979 nan 255
1694750001223 nan 256
1694750001457 nan 257
1694750001642 nan 258
1694750001878 nan 259
1694750002138 nan 260
1694750002382 nan 261
1694750002595 nan 262
1694750002815 nan 263
1694750003047 nan 264
1694750003282 nan 265
1694750003520 nan 266
1694750003692 nan 267
1694750003993 nan 268
1694750004285 nan 269
1694750004552 nan 270
1694750004697 nan 271
1694750004898 nan 272
1694750005218 nan 273
1694750005457 nan 274
1694750005638 nan 275
1694750005811 nan 276
1694750006073 nan 277
1694750006349 nan 278
1694750006607 nan 279
1694750006763 nan 280
1694750006928 nan 281
1694750007167 nan 282
1694750007424 nan 283
1694750007624 nan 284
1694750007797 nan 285
1694750008009 nan 286
1694750008256 nan 287
1694750008484 nan 288
1694750008712 nan 289
1694750008950 nan 290
1694750009165 nan 291
1694750009390 nan 292
1694750009595 nan 293
1694750009764 nan 294
1694750009967 nan 295
1694750010218 nan 296
1694750010470 nan 297
1694750010662 nan 298
1694750010886 nan 299
1694750011147 nan 300
1694750011367 nan 301
1694750011604 nan 302
1694750011781 nan 303
1694750012027 nan 304
1694750012254 nan 305
1694750012477 nan 306
1694750012716 nan 307
1694750012946 nan 308
1694750013239 nan 309
1694750013498 nan 310
1694750013717 nan 311
1694750013875 nan 312
1694750014117 nan 313
1694750014415 nan 314
1694750014659 nan 315
1694750014840 nan 316
1694750015051 nan 317
1694750015313 nan 318
1694750015573 nan 319
1694750015778 nan 320
1694750016053 nan 321
1694750016283 nan 322
1694750016518 nan 323
1694750016712 nan 324
1694750016914 nan 325
1694750017130 nan 326
1694750017348 nan 327
1694750017637 nan 328
1694750017860 nan 329
1694750018109 nan 330
1694750018351 nan 331
1694750018598 nan 332
1694750018758 nan 333
1694750018972 nan 334
1694750019203 nan 335
1694750019438 nan 336
1694750019685 nan 337
1694750019912 nan 338
1694750020193 nan 339
1694750020420 nan 340
1694750020660 nan 341
1694750020844 nan 342
1694750021105 nan 343
1694750021342 nan 344
1694750021570 nan 345
1694750021767 nan 346
1694750022008 nan 347
1694750022280 nan 348
1694750022548 nan 349
1694750022761 nan 350
1694750022933 nan 351
1694750023153 nan 352
1694750023396 nan 353
1694750023641 nan 354
1694750023874 nan 355
1694750024120 nan 356
1694750024469 nan 357
1694750024706 nan 358
1694750024918 nan 359
1694750025161 nan 360
1694750025412 nan 361
1694750025639 nan 362
1694750025836 nan 363
1694750026104 nan 364
1694750026332 nan 365
1694750026636 nan 366
1694750026826 nan 367
1694750026985 nan 368
1694750027183 nan 369
1694750027390 nan 370
1694750027638 nan 371
1694750027832 nan 372
1694750028029 nan 373
1694750028245 nan 374
1694750028456 nan 375
1694750028727 nan 376
1694750028956 nan 377
1694750029237 nan 378
1694750029483 nan 379
1694750029736 nan 380
1694750029924 nan 381
1694750030172 nan 382
1694750030424 nan 383
1694750030663 nan 384
1694750030864 nan 385
1694750031083 nan 386
1694750031308 nan 387
1694750031562 nan 388
1694750031795 nan 389
1694750032021 nan 390
1694750032220 nan 391
1694750032443 nan 392
1694750032670 nan 393
1694750032878 nan 394
1694750033138 nan 395
1694750033386 nan 396
1694750033615 nan 397
1694750033822 nan 398
1694750034010 nan 399
1694750034225 nan 400
1694750034526 nan 401
1694750034758 nan 402
1694750034935 nan 403
1694750035157 nan 404
1694750035470 nan 405
1694750035710 nan 406
1694750035911 nan 407
1694750036222 nan 408
1694750036446 nan 409
1694750036663 nan 410
1694750036874 nan 411
1694750037074 nan 412
1694750037296 nan 413
1694750037540 nan 414
1694750037824 nan 415
1694750037984 nan 416
1694750038162 nan 417
1694750038381 nan 418
1694750038639 nan 419
1694750038840 nan 420
1694750039003 nan 421
1694750039241 nan 422
1694750039492 nan 423
1694750039727 nan 424
1694750039982 nan 425
1694750040227 nan 426
1694750040466 nan 427
1694750040647 nan 428
1694750040864 nan 429
1694750041046 nan 430
1694750041330 nan 431
1694750041584 nan 432
1694750041824 nan 433
1694750042077 nan 434
1694750042318 nan 435
1694750042574 nan 436
1694750042800 nan 437
1694750042981 nan 438
1694750043192 nan 439
1694750043409 nan 440
1694750043615 nan 441
1694750043806 nan 442
1694750043984 nan 443
1694750044173 nan 444
1694750044487 nan 445
1694750044737 nan 446
1694750044957 nan 447
1694750045173 nan 448
1694750045398 nan 449
1694750045636 nan 450
1694750045881 nan 451
1694750046073 nan 452
1694750046244 nan 453
1694750046494 nan 454
1694750046766 nan 455
1694750046974 nan 456
1694750047219 nan 457
1694750047456 nan 458
1694750047696 nan 459
1694750047936 nan 460
1694750048074 nan 461
1694750048354 nan 462
1694750048636 nan 463
1694750048922 nan 464
1694750049096 nan 465
1694750049330 nan 466
1694750049581 nan 467
1694750049818 nan 468
1694750050040 nan 469
1694750050260 nan 470
1694750050484 nan 471
1694750050721 nan 472
1694750050978 nan 473
1694750051246 nan 474
1694750051488 nan 475
1694750051727 nan 476
1694750051936 nan 477
1694750052119 nan 478
1694750052375 nan 479
1694750052611 nan 480
1694750052847 nan 481
1694750053048 nan 482
1694750053336 nan 483
1694750053552 nan 484
1694750053754 nan 485
1694750053978 nan 486
1694750054157 nan 487
1694750054472 nan 488
1694750054685 nan 489
1694750054898 nan 490
1694750055090 nan 491
1694750055333 nan 492
1694750055619 nan 493
1694750055849 nan 494
1694750056103 nan 495
1694750056280 nan 496
1694750056525 nan 497
1694750056744 nan 498
1694750056978 nan 499
