1694744849283 172.18953687538868 0
1694744849659 168.2657683880952 1
1694744849961 166.3223208379055 2
1694744850322 164.38753757083737 3
1694744850679 162.47567927535005 4
1694744851060 160.58638970153063 5
1694744851416 158.71940288886486 6
1694744851742 156.87445550448868 7
1694744852076 155.05128732806796 8
1694744852451 153.2496412119702 9
1694744852790 151.4692630449978 10
1694744853152 149.70990171653204 11
1694744853544 147.97130908109983 12
1694744853854 146.25323992335944 13
1694744854144 144.55545192349925 14
1694744854423 142.87770562304567 15
1694744854765 141.21976439107428 16
1694744855020 139.58139439082018 17
1694744855272 137.96236454668286 18
1694744855578 136.36244651162045 19
1694744855871 134.78141463492886 20
1694744856147 133.21904593040207 21
1694744856470 131.67512004486753 22
1694744856805 130.14941922709383 23
1694744857084 128.64172829706519 24
1694744857384 127.15183461561898 25
1694744857747 125.67952805444148 26
1694744858142 124.22460096641845 27
1694744858587 122.78684815633517 28
1694744858900 121.3660668519233 29
1694744859211 119.96205667524875 30
1694744859550 118.5746196144382 31
1694744859853 117.20355999573908 32
1694744860169 115.84868445590959 33
1694744860585 114.50980191493461 34
1694744860835 113.18672354906431 35
1694744861107 111.87926276417046 36
1694744861457 110.58723516941791 37
1694744861812 109.31045855124664 38
1694744862080 108.0487528476614 39
1694744862435 106.80194012282452 40
1694744862819 105.5698445419491 41
1694744863094 104.35229234648867 42
1694744863353 103.14911182961954 43
1694744863705 101.96013331201304 44
1694744864021 100.78518911789361 45
1694744864388 99.6241135513797 46
1694744864745 98.47674287310417 47
1694744865090 97.34291527711052 48
1694744865375 96.22247086802223 49
1694744865718 95.11537967490273 50
1694744865995 94.02129094708413 51
1694744866259 92.94011627306158 52
1694744866599 91.87170281319568 53
1694744866899 90.81589990861731 54
1694744867246 89.77255867715323 55
1694744867610 88.74153199460002 56
1694744867947 87.72267447395171 57
1694744868283 86.71584244488609 58
1694744868581 85.7208939334934 59
1694744868889 84.73768864224434 60
1694744869246 83.76608793019443 61
1694744869637 82.80595479342249 62
1694744869895 81.85715384569986 63
1694744870148 80.91955129938783 64
1694744870490 79.99301494656105 65
1694744870799 79.07741414035333 66
1694744871074 78.1726197765242 67
1694744871360 77.27850427524271 68
1694744871655 76.39494156308675 69
1694744871983 75.52180705525458 70
1694744872298 74.65897763798675 71
1694744872646 73.80633165119534 72
1694744873009 72.96374887129838 73
1694744873338 72.13111049425714 74
1694744873650 71.3082991188135 75
1694744873988 70.49519872992548 76
1694744874432 69.69169468239814 77
1694744874757 68.897673684708 78
1694744875101 68.1130237830184 79
1694744875442 67.33763434538353 80
1694744875767 66.57139604613917 81
1694744876060 65.81420085047752 82
1694744876423 65.06594199920444 83
1694744876805 64.32651399367653 84
1694744877182 63.595812580916025 85
1694744877518 62.87373473890177 86
1694744877831 62.16017866203341 87
1694744878129 61.455043746767785 88
1694744878499 60.758230577424456 89
1694744878888 60.06964091215908 90
1694744879173 59.389177669102516 91
1694744879525 58.71674491266334 92
1694744879836 58.05224783999234 93
1694744880149 57.39559276760685 94
1694744880547 56.74668711817273 95
1694744880866 56.105439407442866 96
1694744881275 55.471759231349665 97
1694744881639 54.8455572532499 98
1694744881999 54.2267451913204 99
1694744882371 53.61523580610245 100
1694744882737 53.01094288819327 101
1694744883033 52.413781246082834 102
1694744883391 51.82366669413445 103
1694744883759 51.24051604070713 104
1694744884086 50.66424707641821 105
1694744884426 50.0947785625447 106
1694744884747 49.532030219561534 107
1694744885049 48.975922715815145 108
1694744885372 48.42637765633081 109
1694744885721 47.88331757175216 110
1694744886047 47.34666590741136 111
1694744886341 46.816347012528205 112
1694744886669 46.29228612953696 113
1694744887048 45.77440938353912 114
1694744887305 45.262643771880654 115
1694744887617 44.75691715385248 116
1694744887984 44.25715824051254 117
1694744888320 43.763296584627895 118
1694744888656 43.275262570735826 119
1694744888973 42.79298740532211 120
1694744889327 42.316403107115356 121
1694744889673 41.845442497496066 122
1694744890030 41.38003919101866 123
1694744890380 40.920127586045744 124
1694744890756 40.46564285549276 125
1694744891081 40.01652093768204 126
1694744891401 39.57269852730479 127
1694744891719 39.134113066489846 128
1694744892047 38.70070273597789 129
1694744892381 38.27240644639988 130
1694744892784 37.84916382965848 131
1694744893124 37.430915230411195 132
1694744893410 37.017601697654214 133
1694744893722 36.60916497640552 134
1694744894048 36.20554749948631 135
1694744894340 35.806692379399266 136
1694744894702 35.41254340030305 137
1694744895092 35.023045010081276 138
1694744895427 34.638142312505266 139
1694744895785 34.25778105948939 140
1694744896123 33.88190764343775 141
1694744896462 33.51046908968135 142
1694744896795 33.1434130490045 143
1694744897149 32.78068779025945 144
1694744897464 32.422242193068385 145
1694744897756 32.06802574061138 146
1694744898091 31.7179885124997 147
1694744898401 31.37208117773317 148
1694744898742 31.030254987740737 149
1694744899094 30.692461769503176 150
1694744899501 30.358653918757074 151
1694744899939 30.028784393279004 152
1694744900268 29.702806706248992 153
1694744900655 29.38067491969246 154
1694744901005 29.062343637999472 155
1694744901320 28.74776800152059 156
1694744901707 28.43690368023834 157
1694744902099 28.12970686751342 158
1694744902449 27.826134273904692 159
1694744902794 27.52614312106225 160
1694744903122 27.229691135692526 161
1694744903484 26.93673654359469 162
1694744903860 26.647238063767453 163
1694744904244 26.361154902585493 164
1694744904554 26.078446748044637 165
1694744904912 25.79907376407493 166
1694744905256 25.522996584920996 167
1694744905603 25.25017630958864 168
1694744905975 24.980574496357054 169
1694744906281 24.714153157355877 170
1694744906654 24.45087475320625 171
1694744906989 24.19070218772512 172
1694744907301 23.933598802692153 173
1694744907628 23.679528372678366 174
1694744907931 23.42845509993595 175
1694744908278 23.180343609348203 176
1694744908618 22.935158943439383 177
1694744908990 22.692866557443267 178
1694744909329 22.453432314430056 179
1694744909669 22.21682248049075 180
1694744910007 21.983003719978502 181
1694744910397 21.751943090806 182
1694744910722 21.523608039798532 183
1694744911143 21.297966398101845 184
1694744911490 21.07498637664426 185
1694744911846 20.854636561652317 186
1694744912257 20.63688591021947 187
1694744912579 20.42170374592699 188
1694744912907 20.209059754516716 189
1694744913250 19.998923979614776 190
1694744913623 19.791266818505882 191
1694744913919 19.58605901795747 192
1694744914252 19.38327167009323 193
1694744914530 19.182876208315278 194
1694744914873 18.98484440327451 195
1694744915217 18.78914835888858 196
1694744915525 18.5957605084068 197
1694744915898 18.404653610521663 198
1694744916247 18.215800745526096 199
1694744916613 18.029175311516266 200
1694744916958 17.84475102063907 201
1694744917337 17.662501895384064 202
1694744917715 17.482402264919102 203
1694744918151 17.304426761469262 204
1694744918467 17.12855031673855 205
1694744918807 16.954748158373814 206
1694744919124 16.782995806470446 207
1694744919443 16.613269070119397 208
1694744919852 16.445544043994833 209
1694744920195 16.27979710498219 210
1694744920613 16.11600490884607 211
1694744920904 15.954144386937317 212
1694744921254 15.79419274293922 213
1694744921585 15.636127449651905 214
1694744921844 15.479926245814877 215
1694744922197 15.325567132966947 216
1694744922490 15.173028372343358 217
1694744922862 15.022288481809403 218
1694744923173 14.873326232830449 219
1694744923515 14.726120647477542 220
1694744923869 14.580650995468499 221
1694744924153 14.436896791243875 222
1694744924474 14.29483779107752 223
1694744924812 14.154453990221167 224
1694744925238 14.01572562008281 225
1694744925555 13.878633145438393 226
1694744925880 13.743157261676368 227
1694744926221 13.60927889207487 228
1694744926534 13.476979185110986 229
1694744926918 13.346239511801796 230
1694744927320 13.217041463076864 231
1694744927639 13.089366847181681 232
1694744928006 12.96319768711184 233
1694744928307 12.838516218077467 234
1694744928673 12.715304884997593 235
1694744929023 12.593546340024126 236
1694744929329 12.47322344009506 237
1694744929639 12.35431924451656 238
1694744929939 12.236817012573638 239
1694744930336 12.120700201168967 240
1694744930651 12.005952462489672 241
1694744931014 11.892557641701583 242
1694744931373 11.780499774670778 243
1694744931710 11.669763085712004 244
1694744932152 11.560331985363682 245
1694744932533 11.452191068189183 246
1694744932840 11.345325110604103 247
1694744933106 11.239719068729128 248
1694744933469 11.135358076268302 249
1694744933789 11.032227442412353 250
1694744934126 10.930312649766726 251
1694744934504 10.829599352304147 252
1694744934734 10.730073373341325 253
1694744935027 10.631720703539523 254
1694744935310 10.534527498928798 255
1694744935609 10.438480078955527 256
1694744935973 10.343564924552988 257
1694744936311 10.249768676234769 258
1694744936688 10.157078132210627 259
1694744936949 10.065480246524631 260
1694744937293 9.974962127215294 261
1694744937621 9.885511034497386 262
1694744937946 9.797114378965299 263
1694744938281 9.709759719817542 264
1694744938605 9.62343476310224 265
1694744938979 9.538127359983356 266
1694744939288 9.453825505027364 267
1694744939624 9.370517334510167 268
1694744939919 9.288191124744005 269
1694744940270 9.206835290424129 270
1694744940652 9.12643838299495 271
1694744940924 9.046989089035563 272
1694744941266 8.968476228664251 273
1694744941634 8.890888753961878 274
1694744941925 8.814215747413888 275
1694744942305 8.738446420370678 276
1694744942631 8.663570111526196 277
1694744942903 8.58957628541448 278
1694744943160 8.516454530923912 279
1694744943530 8.44419455982908 280
1694744943806 8.372786205339942 281
1694744944176 8.302219420668113 282
1694744944555 8.232484277610105 283
1694744944880 8.163570965147288 284
1694744945204 8.09546978806236 285
1694744945540 8.028171165572179 286
1694744945837 7.9616656299767365 287
1694744946207 7.8959438253240855 288
1694744946560 7.830996506091004 289
1694744946827 7.766814535879268 290
1694744947102 7.703388886127306 291
1694744947454 7.640710634837074 292
1694744947765 7.578770965315951 293
1694744948170 7.517561164933496 294
1694744948516 7.457072623892889 295
1694744948838 7.397296834016877 296
1694744949164 7.3382253875480465 297
1694744949497 7.279849975963252 298
1694744949814 7.2221623888021 299
1694744950170 7.165154512509182 300
1694744950612 7.108818329290042 301
1694744950928 7.053145915980642 302
1694744951286 6.998129442930135 303
1694744951617 6.943761172896886 304
1694744951927 6.890033459957494 305
1694744952247 6.836938748428699 306
1694744952560 6.784469571802033 307
1694744952877 6.73261855169103 308
1694744953206 6.681378396790896 309
1694744953568 6.630741901850414 310
1694744953869 6.580701946656059 311
1694744954157 6.53125149502803 312
1694744954467 6.482383593828201 313
1694744954776 6.434091371979745 314
1694744955160 6.386368039498354 315
1694744955472 6.33920688653488 316
1694744955788 6.292601282429303 317
1694744956075 6.2465446747758655 318
1694744956404 6.201030588499211 319
1694744956735 6.156052624941475 320
1694744957050 6.111604460960142 321
1694744957431 6.06767984803653 322
1694744957782 6.024272611394853 323
1694744958086 5.9813766491316205 324
1694744958443 5.938985931355352 325
1694744958804 5.8970944993364816 326
1694744959107 5.855696464667226 327
1694744959510 5.814786008431414 328
1694744960016 5.774357380384154 329
1694744960328 5.734404898141099 330
1694744960688 5.694922946377355 331
1694744960984 5.655905976035834 332
1694744961322 5.617348503544939 333
1694744961679 5.579245110045496 334
1694744962086 5.541590440626814 335
1694744962521 5.504379203571753 336
1694744962858 5.467606169610717 337
1694744963159 5.431266171184467 338
1694744963493 5.395354101715604 339
1694744963814 5.359864914888701 340
1694744964136 5.3247936239388824 341
1694744964629 5.290135300948836 342
1694744964972 5.255885076154135 343
1694744965338 5.222038137256724 344
1694744965706 5.188589728746537 345
1694744966030 5.155535151231129 346
1694744966375 5.1228697607732085 347
1694744966757 5.090588968235981 348
1694744967099 5.058688238636269 349
1694744967443 5.0271630905052245 350
1694744967823 4.996009095256584 351
1694744968142 4.9652218765624365 352
1694744968492 4.934797109736317 353
1694744968943 4.904730521123582 354
1694744969319 4.875017887499017 355
1694744969672 4.845655035471495 356
1694744969983 4.816637840895741 357
1694744970309 4.7879622282910095 358
1694744970707 4.75962417026659 359
1694744971017 4.731619686954145 360
1694744971447 4.703944845446737 361
1694744971765 4.676595759244458 362
1694744972089 4.649568587706627 363
1694744972476 4.622859535510457 364
1694744972848 4.5964648521160845 365
1694744973110 4.570380831237947 366
1694744973404 4.5446038103224025 367
1694744973824 4.519130170031494 368
1694744974140 4.4939563337328075 369
1694744974459 4.4690787669953815 370
1694744974820 4.444493977091538 371
1694744975132 4.420198512504638 372
1694744975437 4.396188962442574 373
1694744975787 4.372461956357099 374
1694744976145 4.349014163468746 375
1694744976516 4.3258422922974304 376
1694744976871 4.30294309019852 377
1694744977169 4.280313342904453 378
1694744977497 4.257949874071724 379
1694744977890 4.235849544833235 380
1694744978268 4.2140092533559095 381
1694744978714 4.192425934403575 382
1694744979023 4.171096558904953 383
1694744979355 4.150018133526796 384
1694744979651 4.129187700252033 385
1694744979957 4.108602335962907 386
1694744980209 4.088259152029037 387
1694744980568 4.068155293900333 388
1694744980920 4.048287940704733 389
1694744981199 4.028654304850677 390
1694744981506 4.0092516316342675 391
1694744981871 3.990077198851102 392
1694744982176 3.971128316412636 393
1694744982521 3.952402325967134 394
1694744982919 3.9338966005250424 395
1694744983242 3.9156085440888235 396
1694744983612 3.8975355912871223 397
1694744983963 3.879675207013309 398
1694744984236 3.8620248860682316 399
1694744984526 3.8445821528072157 400
1694744984876 3.827344560791216 401
1694744985243 3.810309692442125 402
1694744985568 3.7934751587020927 403
1694744985905 3.7768385986969135 404
1694744986233 3.7603976794033716 405
1694744986534 3.7441500953205087 406
1694744986897 3.72809356814478 407
1694744987189 3.7122258464490367 408
1694744987534 3.6965447053653286 409
1694744987934 3.6810479462714034 410
1694744988242 3.6657333964809493 411
1694744988603 3.650598908937463 412
1694744988951 3.635642361911755 413
1694744989245 3.620861658703016 414
1694744989645 3.6062547273434236 415
1694744989997 3.5918195203061987 416
1694744990357 3.5775540142171716 417
1694744990712 3.5634562095697007 418
1694744991026 3.5495241304429763 419
1694744991320 3.53575582422364 420
1694744991681 3.5221493613307215 421
1694744992071 3.508702834943778 422
1694744992461 3.4954143607342743 423
1694744992786 3.482282076600128 424
1694744993124 3.4693041424033795 425
1694744993447 3.456478739710977 426
1694744993801 3.4438040715385942 427
1694744994151 3.4312783620975025 428
1694744994522 3.4188998565444058 429
1694744994829 3.4066668207342476 430
1694744995149 3.3945775409759293 431
1694744995448 3.3826303237909126 432
1694744995827 3.370823495674666 433
1694744996180 3.3591554028609263 434
1694744996487 3.34762441108878 435
1694744996856 3.3362289053724314 436
1694744997175 3.3249672897737406 437
1694744997432 3.313837987177411 438
1694744997771 3.3028394390688645 439
1694744998126 3.2919701053147152 440
1694744998468 3.28122846394584 441
1694744998864 3.2706130109430127 442
1694744999267 3.2601222600250677 443
1694744999577 3.2497547424395687 444
1694744999912 3.2395090067559376 445
1694745000243 3.2293836186610347 446
1694745000662 3.219377160757154 447
1694745001000 3.209488232362394 448
1694745001417 3.1997154493133917 449
1694745001773 3.1900574437703884 450
1694745002127 3.1805128640245854 451
1694745002573 3.1710803743077913 452
1694745002953 3.161758654604281 453
1694745003268 3.1525464004649346 454
1694745003652 3.143442322823515 455
1694745004029 3.1344451478151414 456
1694745004331 3.125553616596906 457
1694745004609 3.1167664851705887 458
1694745004903 3.108082524207486 459
1694745005218 3.0995005188753053 460
1694745005565 3.0910192686670874 461
1694745006001 3.082637587232175 462
1694745006303 3.0743543022091413 463
1694745006645 3.0661682550607203 464
1694745006997 3.0580783009106733 465
1694745007318 3.0500833083825856 466
1694745007663 3.042182159440561 467
1694745008032 3.0343737492318064 468
1694745008425 3.0266569859310546 469
1694745008735 3.0190307905868496 470
1694745009045 3.0114940969696247 471
1694745009343 3.004045851421591 472
1694745009669 2.9966850127083973 473
1694745010015 2.9894105518725036 474
1694745010381 2.9822214520883525 475
1694745010823 2.9751167085191854 476
1694745011136 2.9680953281755964 477
1694745011411 2.9611563297757177 478
1694745011702 2.9542987436071018 479
1694745012032 2.947521611390179 480
1694745012392 2.9408239861433643 481
1694745012806 2.934204932049754 482
1694745013156 2.927663524325381 483
1694745013543 2.921198849089025 484
1694745013898 2.9148100032335855 485
1694745014229 2.9084960942989437 486
1694745014518 2.9022562403463334 487
1694745014866 2.89608956983421 488
1694745015266 2.8899952214955618 489
1694745015609 2.8839723442166814 490
1694745015937 2.878020096917373 491
1694745016316 2.8721376484325645 492
1694745016633 2.8663241773953154 493
1694745016989 2.8605788721212178 494
1694745017357 2.8549009304941473 495
1694745017659 2.8492895598533865 496
1694745017992 2.8437439768820436 497
1694745018344 2.838263407496817 498
1694745018693 2.8328470867390614 499
