1694750167997 nan 0
1694750168147 nan 1
1694750168301 nan 2
1694750168455 nan 3
1694750168642 nan 4
1694750168837 nan 5
1694750169050 nan 6
1694750169205 nan 7
1694750169356 nan 8
1694750169538 nan 9
1694750169841 nan 10
1694750170073 nan 11
1694750170230 nan 12
1694750170418 nan 13
1694750170645 nan 14
1694750170835 nan 15
1694750171087 nan 16
1694750171257 nan 17
1694750171414 nan 18
1694750171578 nan 19
1694750171748 nan 20
1694750172019 nan 21
1694750172158 nan 22
1694750172370 nan 23
1694750172602 nan 24
1694750172836 nan 25
1694750173115 nan 26
1694750173301 nan 27
1694750173488 nan 28
1694750173728 nan 29
1694750173942 nan 30
1694750174208 nan 31
1694750174400 nan 32
1694750174611 nan 33
1694750174796 nan 34
1694750174949 nan 35
1694750175112 nan 36
1694750175291 nan 37
1694750175478 nan 38
1694750175700 nan 39
1694750175871 nan 40
1694750176103 nan 41
1694750176321 nan 42
1694750176506 nan 43
1694750176665 nan 44
1694750176883 nan 45
1694750177271 nan 46
1694750177523 nan 47
1694750177768 nan 48
1694750178013 nan 49
1694750178204 nan 50
1694750178429 nan 51
1694750178711 nan 52
1694750178934 nan 53
1694750179134 nan 54
1694750179355 nan 55
1694750179607 nan 56
1694750179815 nan 57
1694750180015 nan 58
1694750180318 nan 59
1694750180602 nan 60
1694750180893 nan 61
1694750181112 nan 62
1694750181315 nan 63
1694750181574 nan 64
1694750181748 nan 65
1694750181912 nan 66
1694750182120 nan 67
1694750182322 nan 68
1694750182561 nan 69
1694750182754 nan 70
1694750182969 nan 71
1694750183211 nan 72
1694750183404 nan 73
1694750183626 nan 74
1694750183844 nan 75
1694750184032 nan 76
1694750184188 nan 77
1694750184348 nan 78
1694750184579 nan 79
1694750184739 nan 80
1694750184931 nan 81
1694750185107 nan 82
1694750185326 nan 83
1694750185558 nan 84
1694750185771 nan 85
1694750185992 nan 86
1694750186232 nan 87
1694750186417 nan 88
1694750186603 nan 89
1694750186830 nan 90
1694750187128 nan 91
1694750187275 nan 92
1694750187454 nan 93
1694750187688 nan 94
1694750187915 nan 95
1694750188193 nan 96
1694750188472 nan 97
1694750188678 nan 98
1694750188905 nan 99
1694750189133 nan 100
1694750189339 nan 101
1694750189590 nan 102
1694750189893 nan 103
1694750190092 nan 104
1694750190323 nan 105
1694750190538 nan 106
1694750190789 nan 107
1694750191031 nan 108
1694750191232 nan 109
1694750191374 nan 110
1694750191539 nan 111
1694750191704 nan 112
1694750191850 nan 113
1694750192107 nan 114
1694750192289 nan 115
1694750192512 nan 116
1694750192749 nan 117
1694750192953 nan 118
1694750193162 nan 119
1694750193417 nan 120
1694750193635 nan 121
1694750193865 nan 122
1694750194129 nan 123
1694750194322 nan 124
1694750194607 nan 125
1694750194816 nan 126
1694750195061 nan 127
1694750195276 nan 128
1694750195515 nan 129
1694750195750 nan 130
1694750195963 nan 131
1694750196225 nan 132
1694750196420 nan 133
1694750196639 nan 134
1694750196864 nan 135
1694750197122 nan 136
1694750197319 nan 137
1694750197543 nan 138
1694750197757 nan 139
1694750197984 nan 140
1694750198234 nan 141
1694750198393 nan 142
1694750198616 nan 143
1694750198831 nan 144
1694750199026 nan 145
1694750199242 nan 146
1694750199408 nan 147
1694750199652 nan 148
1694750199850 nan 149
1694750200056 nan 150
1694750200288 nan 151
1694750200457 nan 152
1694750200663 nan 153
1694750200919 nan 154
1694750201144 nan 155
1694750201343 nan 156
1694750201503 nan 157
1694750201711 nan 158
1694750201893 nan 159
1694750202111 nan 160
1694750202351 nan 161
1694750202548 nan 162
1694750202766 nan 163
1694750202995 nan 164
1694750203235 nan 165
1694750203451 nan 166
1694750203690 nan 167
1694750203917 nan 168
1694750204156 nan 169
1694750204329 nan 170
1694750204612 nan 171
1694750204811 nan 172
1694750205013 nan 173
1694750205253 nan 174
1694750205450 nan 175
1694750205686 nan 176
1694750205910 nan 177
1694750206171 nan 178
1694750206379 nan 179
1694750206556 nan 180
1694750206789 nan 181
1694750207030 nan 182
1694750207284 nan 183
1694750207510 nan 184
1694750207753 nan 185
1694750207982 nan 186
1694750208213 nan 187
1694750208410 nan 188
1694750208564 nan 189
1694750208838 nan 190
1694750209040 nan 191
1694750209263 nan 192
1694750209448 nan 193
1694750209755 nan 194
1694750209991 nan 195
1694750210212 nan 196
1694750210395 nan 197
1694750210555 nan 198
1694750210717 nan 199
1694750210938 nan 200
1694750211122 nan 201
1694750211333 nan 202
1694750211531 nan 203
1694750211771 nan 204
1694750212077 nan 205
1694750212338 nan 206
1694750212525 nan 207
1694750212750 nan 208
1694750212943 nan 209
1694750213116 nan 210
1694750213341 nan 211
1694750213517 nan 212
1694750213680 nan 213
1694750213880 nan 214
1694750214098 nan 215
1694750214333 nan 216
1694750214582 nan 217
1694750214798 nan 218
1694750214965 nan 219
1694750215163 nan 220
1694750215413 nan 221
1694750215590 nan 222
1694750215786 nan 223
1694750215988 nan 224
1694750216282 nan 225
1694750216519 nan 226
1694750216688 nan 227
1694750216850 nan 228
1694750217040 nan 229
1694750217283 nan 230
1694750217505 nan 231
1694750217727 nan 232
1694750217943 nan 233
1694750218164 nan 234
1694750218396 nan 235
1694750218700 nan 236
1694750218933 nan 237
1694750219167 nan 238
1694750219398 nan 239
1694750219636 nan 240
1694750219857 nan 241
1694750220069 nan 242
1694750220280 nan 243
1694750220482 nan 244
1694750220659 nan 245
1694750220928 nan 246
1694750221125 nan 247
1694750221355 nan 248
1694750221564 nan 249
1694750221738 nan 250
1694750221865 nan 251
1694750222057 nan 252
1694750222287 nan 253
1694750222437 nan 254
1694750222621 nan 255
1694750222866 nan 256
1694750223153 nan 257
1694750223376 nan 258
1694750223591 nan 259
1694750223804 nan 260
1694750223972 nan 261
1694750224180 nan 262
1694750224451 nan 263
1694750224664 nan 264
1694750224923 nan 265
1694750225161 nan 266
1694750225436 nan 267
1694750225608 nan 268
1694750225756 nan 269
1694750225983 nan 270
1694750226268 nan 271
1694750226504 nan 272
1694750226675 nan 273
1694750226925 nan 274
1694750227102 nan 275
1694750227335 nan 276
1694750227594 nan 277
1694750227789 nan 278
1694750228065 nan 279
1694750228296 nan 280
1694750228550 nan 281
1694750228683 nan 282
1694750228843 nan 283
1694750229079 nan 284
1694750229281 nan 285
1694750229524 nan 286
1694750229746 nan 287
1694750229989 nan 288
1694750230237 nan 289
1694750230585 nan 290
1694750230796 nan 291
1694750231047 nan 292
1694750231305 nan 293
1694750231539 nan 294
1694750231753 nan 295
1694750232013 nan 296
1694750232223 nan 297
1694750232478 nan 298
1694750232680 nan 299
1694750232921 nan 300
1694750233154 nan 301
1694750233389 nan 302
1694750233606 nan 303
1694750233781 nan 304
1694750234013 nan 305
1694750234302 nan 306
1694750234598 nan 307
1694750234791 nan 308
1694750235020 nan 309
1694750235251 nan 310
1694750235493 nan 311
1694750235703 nan 312
1694750235902 nan 313
1694750236107 nan 314
1694750236377 nan 315
1694750236620 nan 316
1694750236782 nan 317
1694750237020 nan 318
1694750237257 nan 319
1694750237523 nan 320
1694750237766 nan 321
1694750237980 nan 322
1694750238209 nan 323
1694750238383 nan 324
1694750238631 nan 325
1694750238852 nan 326
1694750239085 nan 327
1694750239325 nan 328
1694750239567 nan 329
1694750239749 nan 330
1694750239989 nan 331
1694750240297 nan 332
1694750240600 nan 333
1694750240810 nan 334
1694750241057 nan 335
1694750241271 nan 336
1694750241466 nan 337
1694750241668 nan 338
1694750241829 nan 339
1694750242028 nan 340
1694750242234 nan 341
1694750242465 nan 342
1694750242685 nan 343
1694750242884 nan 344
1694750243111 nan 345
1694750243333 nan 346
1694750243562 nan 347
1694750243789 nan 348
1694750243996 nan 349
1694750244258 nan 350
1694750244468 nan 351
1694750244709 nan 352
1694750244915 nan 353
1694750245190 nan 354
1694750245402 nan 355
1694750245608 nan 356
1694750245784 nan 357
1694750246005 nan 358
1694750246271 nan 359
1694750246428 nan 360
1694750246651 nan 361
1694750246831 nan 362
1694750247015 nan 363
1694750247224 nan 364
1694750247544 nan 365
1694750247744 nan 366
1694750247973 nan 367
1694750248159 nan 368
1694750248346 nan 369
1694750248593 nan 370
1694750248777 nan 371
1694750248981 nan 372
1694750249142 nan 373
1694750249367 nan 374
1694750249638 nan 375
1694750249909 nan 376
1694750250110 nan 377
1694750250351 nan 378
1694750250596 nan 379
1694750250776 nan 380
1694750250929 nan 381
1694750251154 nan 382
1694750251375 nan 383
1694750251594 nan 384
1694750251773 nan 385
1694750252031 nan 386
1694750252220 nan 387
1694750252428 nan 388
1694750252672 nan 389
1694750252923 nan 390
1694750253185 nan 391
1694750253427 nan 392
1694750253653 nan 393
1694750253790 nan 394
1694750253949 nan 395
1694750254174 nan 396
1694750254426 nan 397
1694750254709 nan 398
1694750254877 nan 399
1694750255031 nan 400
1694750255233 nan 401
1694750255470 nan 402
1694750255706 nan 403
1694750255884 nan 404
1694750256079 nan 405
1694750256342 nan 406
1694750256510 nan 407
1694750256653 nan 408
1694750256799 nan 409
1694750256941 nan 410
1694750257096 nan 411
1694750257259 nan 412
1694750257476 nan 413
1694750257719 nan 414
1694750257899 nan 415
1694750258053 nan 416
1694750258198 nan 417
1694750258392 nan 418
1694750258584 nan 419
1694750258769 nan 420
1694750258924 nan 421
1694750259059 nan 422
1694750259207 nan 423
1694750259411 nan 424
1694750259581 nan 425
1694750259778 nan 426
1694750259915 nan 427
1694750260134 nan 428
1694750260344 nan 429
1694750260569 nan 430
1694750260781 nan 431
1694750260974 nan 432
1694750261145 nan 433
1694750261321 nan 434
1694750261480 nan 435
1694750261649 nan 436
1694750261777 nan 437
1694750261951 nan 438
1694750262181 nan 439
1694750262422 nan 440
1694750262695 nan 441
1694750262914 nan 442
1694750263086 nan 443
1694750263273 nan 444
1694750263489 nan 445
1694750263709 nan 446
1694750263879 nan 447
1694750264097 nan 448
1694750264320 nan 449
1694750264593 nan 450
1694750264834 nan 451
1694750264974 nan 452
1694750265108 nan 453
1694750265362 nan 454
1694750265548 nan 455
1694750265815 nan 456
1694750266029 nan 457
1694750266231 nan 458
1694750266402 nan 459
1694750266545 nan 460
1694750266736 nan 461
1694750266934 nan 462
1694750267173 nan 463
1694750267438 nan 464
1694750267696 nan 465
1694750267922 nan 466
1694750268089 nan 467
1694750268274 nan 468
1694750268491 nan 469
1694750268711 nan 470
1694750268917 nan 471
1694750269082 nan 472
1694750269202 nan 473
1694750269351 nan 474
1694750269567 nan 475
1694750269837 nan 476
1694750269995 nan 477
1694750270224 nan 478
1694750270445 nan 479
1694750270695 nan 480
1694750270922 nan 481
1694750271089 nan 482
1694750271350 nan 483
1694750271594 nan 484
1694750271797 nan 485
1694750272035 nan 486
1694750272228 nan 487
1694750272473 nan 488
1694750272734 nan 489
1694750272965 nan 490
1694750273170 nan 491
1694750273403 nan 492
1694750273609 nan 493
1694750273812 nan 494
1694750273964 nan 495
1694750274118 nan 496
1694750274322 nan 497
1694750274589 nan 498
1694750274780 nan 499
