1694718452555 1.947501167004458 0
1694718452766 1.7777141858195553 1
1694718452969 2.8396188485822424 2
1694718453195 2.401319577642808 3
1694718453466 2.1217528390621574 4
1694718453695 1.7127423166629256 5
1694718453926 2.3058805325947223 6
1694718454103 2.0306910921778876 7
1694718454296 2.8723269730917176 8
1694718454452 2.194118354028964 9
1694718454664 1.735536461462243 10
1694718454863 2.7466494191073476 11
1694718455019 1.8033953549621113 12
1694718455185 3.905400240268617 13
1694718455376 1.7556141609916172 14
1694718455621 2.9698161939466656 15
1694718455883 2.1162267700077626 16
1694718456053 2.223107946740603 17
1694718456233 1.8635733358830653 18
1694718456426 2.0211083999421517 19
1694718456625 2.203030824785087 20
1694718456887 2.0533414413990614 21
1694718457056 2.0697022741651097 22
1694718457237 1.5331154652483736 23
1694718457553 1.8916789911737966 24
1694718457902 2.271752126491068 25
1694718458115 2.85692358298077 26
1694718458372 2.2198439195321926 27
1694718458624 2.2447150299335505 28
1694718458901 1.8051095005034326 29
1694718459133 1.6756590272895369 30
1694718459478 1.10868394640217 31
1694718459739 1.5068656627352313 32
1694718460032 2.269603019584597 33
1694718460328 2.8824987503000687 34
1694718460598 1.798275096149827 35
1694718460864 1.8111249097432913 36
1694718461159 2.288864039164375 37
1694718461424 1.3900499446289285 38
1694718461674 1.6074893366628844 39
1694718461926 2.236091080828358 40
1694718462123 3.2537622947449827 41
1694718462381 2.7750025217672816 42
1694718462596 2.4426901554998537 43
1694718462886 2.0540674744079626 44
1694718463075 2.8437686301753913 45
1694718463323 2.9183781981430577 46
1694718463571 1.681053497133853 47
1694718463789 1.5232101333858337 48
1694718464027 2.0731145941151534 49
1694718464243 2.0245295587791055 50
1694718464426 2.1552567576942447 51
1694718464724 2.394264936193817 52
1694718464967 2.4854773688922065 53
1694718465139 1.5185927325312794 54
1694718465349 2.3443686319502715 55
1694718465614 1.4085583185093333 56
1694718465866 2.197408035208939 57
1694718466073 2.793482355810701 58
1694718466291 1.4768842812536787 59
1694718466516 2.4756179981273387 60
1694718466778 2.2809801266335388 61
1694718467020 2.639976159179952 62
1694718467152 1.8798869647825325 63
1694718467293 1.5557463832800695 64
1694718467534 1.6022505581545519 65
1694718467743 1.7626634554387075 66
1694718467983 2.7877377706708266 67
1694718468148 3.4532170786691907 68
1694718468368 2.087528555855354 69
1694718468612 2.0798224000593417 70
1694718468834 1.8328362414527761 71
1694718469130 2.143417079767252 72
1694718469469 2.1701067550678 73
1694718469698 1.8328797963645969 74
1694718469960 1.8709350056248808 75
1694718470194 1.4467998673540592 76
1694718470440 2.3520661094600435 77
1694718470696 2.1629447599995832 78
1694718470950 2.5857896372807225 79
1694718471260 1.7107627978555808 80
1694718471544 2.89295572349496 81
1694718471767 2.635982275632847 82
1694718472009 2.404986200183897 83
1694718472185 1.9672495121026081 84
1694718472366 1.711342779945846 85
1694718472575 1.7597886987745974 86
1694718472846 1.9979325075780103 87
1694718473086 2.034241298707432 88
1694718473417 2.54024833724927 89
1694718473705 2.0921084965259684 90
1694718473960 2.7233526190767527 91
1694718474163 2.0214101258067134 92
1694718474426 2.0825796452093277 93
1694718474672 2.225996595061483 94
1694718475017 2.271810376837505 95
1694718475204 2.2841829760736037 96
1694718475477 1.8215467039822093 97
1694718475760 2.376539636857849 98
1694718476026 2.5318783847718773 99
1694718476221 2.420121860753408 100
1694718476421 1.6726712563325865 101
1694718476641 3.728548508893656 102
1694718476891 2.2986126774577493 103
1694718477153 2.568113789238308 104
1694718477303 2.048979361634153 105
1694718477485 2.4572384715001476 106
1694718477732 2.3623798992448832 107
1694718478017 1.5378786745258073 108
1694718478240 1.6540754193865506 109
1694718478418 1.1798525271867282 110
1694718478668 1.707422753225275 111
1694718478910 1.832802506825496 112
1694718479134 1.9006260139637143 113
1694718479436 3.4342488096941053 114
1694718479692 1.7055811405496724 115
1694718479952 2.759978760788645 116
1694718480152 1.9002791994476322 117
1694718480402 2.051247573952671 118
1694718480665 2.4356768430039075 119
1694718480893 1.2281958394852748 120
1694718481174 2.18109797275924 121
1694718481345 2.080524279997193 122
1694718481567 2.694683677954657 123
1694718481756 2.1734349826756256 124
1694718482007 1.603059806354768 125
1694718482233 2.2404380365733236 126
1694718482511 1.6135404715551316 127
1694718482792 1.2747094130426255 128
1694718483037 2.710761939447408 129
1694718483251 2.557147369191508 130
1694718483432 1.3109407883912239 131
1694718483781 1.3152659732328513 132
1694718484098 1.7992920452414833 133
1694718484326 1.9611730596900887 134
1694718484679 2.6442671125594894 135
1694718485095 2.308346814793811 136
1694718485406 1.7214982077544445 137
1694718485739 1.5259839451733066 138
1694718486059 2.0596773243901416 139
1694718486270 2.583325003673612 140
1694718486441 3.176098968658696 141
1694718486694 1.6549318200589191 142
1694718486957 1.762868301955577 143
1694718487224 1.4410084334408975 144
1694718487367 2.0508288043982477 145
1694718487544 2.4770561831534437 146
1694718487754 1.4302145122358412 147
1694718487977 1.6199536401339214 148
1694718488173 1.8705754061288313 149
1694718488354 2.1133589503894394 150
1694718488579 3.5128757355424365 151
1694718488812 1.6378753561745945 152
1694718489084 2.7998637717056845 153
1694718489339 1.5190078546498047 154
1694718489593 2.023420549062226 155
1694718489820 2.0898831036817636 156
1694718489998 1.357051697229619 157
1694718490243 1.3512810824934813 158
1694718490449 1.9249336371132908 159
1694718490709 1.8148487401439997 160
1694718490959 2.031288202291899 161
1694718491247 1.49166205101889 162
1694718491423 2.5321213821089397 163
1694718491693 2.0605344783903767 164
1694718491966 1.8080254087326437 165
1694718492221 1.989720786454866 166
1694718492423 1.4318762275215968 167
1694718492674 1.904468675408082 168
1694718492916 1.9244548468252283 169
1694718493173 1.4372440515977813 170
1694718493396 2.210969027878534 171
1694718493605 1.8036108885461302 172
1694718493860 1.4497760761027982 173
1694718494157 1.4020159557650638 174
1694718494388 1.530899841922796 175
1694718494559 2.6210116533980248 176
1694718494792 2.5475840775335046 177
1694718495023 1.6361119982325336 178
1694718495269 1.4883836004894844 179
1694718495473 1.9271260747931145 180
1694718495716 1.0991724907136766 181
1694718496076 1.9414742530006748 182
1694718496360 1.8163272616151112 183
1694718496614 2.3843333055221425 184
1694718496866 1.4628022188266259 185
1694718497097 1.2899361842316155 186
1694718497304 1.4383548232784962 187
1694718497451 1.6299161067725698 188
1694718497640 1.2765130683550854 189
1694718497833 0.8897408477433155 190
1694718498129 1.4097943349612472 191
1694718498360 0.8126885004031923 192
1694718498634 2.311851677920694 193
1694718498872 1.8001228932205044 194
1694718499121 1.0309385511480313 195
1694718499360 1.8928833803022664 196
1694718499555 1.7799449106073233 197
1694718499794 2.050854331056366 198
1694718499946 0.8476034092071767 199
1694718500165 1.104679078862944 200
1694718500384 1.6919849151478603 201
1694718500557 1.4845053170193128 202
1694718500823 1.7774831615293738 203
1694718501087 1.8165432962636745 204
1694718501356 1.5056022016503137 205
1694718501523 1.3619316678128794 206
1694718501710 2.419918364497186 207
1694718502088 1.5165772870347818 208
1694718502453 1.2932046291453472 209
1694718502744 2.0939996526307576 210
1694718502994 1.4234543905713595 211
1694718503270 1.6733800142364448 212
1694718503541 1.4492062407241755 213
1694718503801 2.2422243969866202 214
1694718504078 2.6282320214392016 215
1694718504316 1.4336560331046815 216
1694718504573 1.9480379825563032 217
1694718504829 1.942613131110228 218
1694718505084 1.628776840215611 219
1694718505406 1.8573117257570835 220
1694718505632 2.304041817484034 221
1694718505881 1.3434706074689722 222
1694718506109 1.7400521978459615 223
1694718506376 1.2659057505323497 224
1694718506545 1.8773227016264777 225
1694718506807 1.6259367437006056 226
1694718507062 1.6649183226093744 227
1694718507340 1.418226342981772 228
1694718507571 2.708923367497372 229
1694718507810 1.4494379418092656 230
1694718508045 1.911706732539627 231
1694718508277 1.4576377015988429 232
1694718508493 2.281813477306678 233
1694718508711 1.4558321054684216 234
1694718508928 1.3068783760212093 235
1694718509125 1.782933718637426 236
1694718509447 2.148504351689473 237
1694718509719 1.5072102639642824 238
1694718509970 1.6887279440562837 239
1694718510189 1.203681327482275 240
1694718510407 1.7244577411051192 241
1694718510610 1.228161255923449 242
1694718510861 1.6023681697139283 243
1694718511147 1.5976787501829675 244
1694718511403 1.4950219032738374 245
1694718511586 2.2871283417803996 246
1694718511859 1.4437193074213333 247
1694718512146 2.3710745215741675 248
1694718512385 1.1502005723357598 249
1694718512563 1.116970120903164 250
1694718512821 1.4647078269205118 251
1694718513067 1.4344580575194483 252
1694718513278 1.4084650707601618 253
1694718513503 2.2360056585821937 254
1694718513703 0.7640884277462111 255
1694718513946 1.3553331775423554 256
1694718514226 1.6073655407237044 257
1694718514485 2.399857002803614 258
1694718514670 2.0166334022068297 259
1694718514907 1.061084141078174 260
1694718515158 1.2487773369874489 261
1694718515417 1.4961557828754377 262
1694718515628 2.274922616240285 263
1694718515880 1.2595220187661642 264
1694718516161 1.6817048337179712 265
1694718516460 1.410613793961335 266
1694718516639 1.150769375252581 267
1694718516815 1.4299659147149044 268
1694718517028 1.5695636254668393 269
1694718517287 2.0050964574275807 270
1694718517532 1.7632096063698006 271
1694718517798 1.589589657775408 272
1694718518069 1.927065640364421 273
1694718518284 1.1544206620582178 274
1694718518504 1.5636258261967033 275
1694718518702 1.468949957418302 276
1694718518912 1.2759919488448876 277
1694718519173 1.4786357764459162 278
1694718519529 1.0615501167567944 279
1694718519699 1.1760226760245263 280
1694718519925 1.2332792661907916 281
1694718520114 1.468951497596538 282
1694718520379 1.3557743552744796 283
1694718520585 2.529264422600137 284
1694718520745 1.8172116884285192 285
1694718520959 0.8274438595116896 286
1694718521269 1.2344730895519493 287
1694718521499 1.3154668027193082 288
1694718521641 2.3884454413456293 289
1694718521894 1.6936240733137053 290
1694718522141 1.6667974335920386 291
1694718522418 1.2115335896477084 292
1694718522756 1.3323147943971216 293
1694718523034 2.151851570832198 294
1694718523333 1.8946960911538655 295
1694718523580 2.372179456545934 296
1694718523837 1.289514406180531 297
1694718524111 1.175316792317694 298
1694718524318 1.2861482223587182 299
1694718524566 2.1588389206100462 300
1694718524728 1.3968830069780644 301
1694718524899 1.9858025281997804 302
1694718525168 1.7209636725428263 303
1694718525480 1.2035854314166032 304
1694718525729 1.20458583167887 305
1694718526005 1.7227113132220895 306
1694718526294 1.5918732552579478 307
1694718526550 2.08772123203515 308
1694718526735 2.3372286004420983 309
1694718526993 1.0828597221815524 310
1694718527268 1.8405247648788323 311
1694718527533 1.4139634551481792 312
1694718527821 1.5536132391599249 313
1694718528083 2.4125935812414574 314
1694718528335 1.29507065296425 315
1694718528512 1.0696500966940827 316
1694718528673 1.4128471138496164 317
1694718528899 1.3551853092321038 318
1694718529145 1.6857601021067512 319
1694718529487 1.7710423650397482 320
1694718529743 1.7980090000270312 321
1694718530059 1.356114244713095 322
1694718530271 1.4214978212451297 323
1694718530535 2.281326644626863 324
1694718530778 1.2212235385105097 325
1694718531058 1.314416530652617 326
1694718531318 1.7504142607255604 327
1694718531564 1.630401869704762 328
1694718531739 1.4524430876227339 329
1694718531922 1.8282124005001086 330
1694718532226 1.1949951805496344 331
1694718532490 1.3104213986896647 332
1694718532710 1.1615250932012173 333
1694718532932 1.4199953616603558 334
1694718533266 1.3723527782264082 335
1694718533673 1.4749256136134592 336
1694718533978 1.7437869683163818 337
1694718534254 1.3425895780801376 338
1694718534538 1.2437759128083081 339
1694718534768 1.534118593556796 340
1694718535023 1.419774742162624 341
1694718535274 1.60653727334059 342
1694718535547 1.2147284746687839 343
1694718535770 0.9689765441577823 344
1694718536031 1.19217279734433 345
1694718536258 0.9500569545339086 346
1694718536478 1.7796359127043049 347
1694718536741 2.1188416725686037 348
1694718536968 1.4714390858098252 349
1694718537220 1.8581478295924008 350
1694718537450 1.658426978574526 351
1694718537681 1.4311105338879702 352
1694718537849 1.5594711925280238 353
1694718538103 1.6389348508219381 354
1694718538358 1.1313203372557952 355
1694718538574 0.8761292003450011 356
1694718538783 1.3159116290891775 357
1694718539107 1.3966105215729028 358
1694718539416 1.935404521190232 359
1694718539674 1.1195891965010307 360
1694718539893 1.5331540160476378 361
1694718540131 1.507812425968754 362
1694718540370 1.1915791076753126 363
1694718540607 1.2633243610732765 364
1694718540802 2.214745973557042 365
1694718541109 1.2202697670203668 366
1694718541408 1.5984114617760523 367
1694718541652 1.489933483707437 368
1694718541841 1.7629628886419424 369
1694718542008 1.5839089883110888 370
1694718542186 1.0845430043440323 371
1694718542403 2.091714109709072 372
1694718542656 1.0346780008351515 373
1694718542851 1.71886257311875 374
1694718543039 1.7556117252533432 375
1694718543268 1.129906663438785 376
1694718543584 0.9612028868698991 377
1694718543809 1.4099583346089695 378
1694718544055 1.7261685052575244 379
1694718544356 1.0789365935698405 380
1694718544706 1.4262629334337968 381
1694718544936 1.4092730971201906 382
1694718545156 0.8849196592917776 383
1694718545400 1.5121199735227793 384
1694718545718 1.3875908840256008 385
1694718545896 2.1189886737129764 386
1694718546124 1.7211943785286623 387
1694718546382 1.7510431073523514 388
1694718546646 1.4777824385929286 389
1694718546849 1.4559082370865837 390
1694718547093 1.948165738940992 391
1694718547343 1.7022035550384649 392
1694718547604 1.1971672505386661 393
1694718547886 1.639169856688459 394
1694718548165 0.8748358302019971 395
1694718548385 1.030555622917467 396
1694718548590 1.6374053092112273 397
1694718548838 1.635401000485698 398
1694718549025 1.6458555402554427 399
1694718549287 1.4774140850156101 400
1694718549568 2.1260002995389184 401
1694718549824 1.4953732471156436 402
1694718550002 1.264771345449129 403
1694718550301 1.0801034382613777 404
1694718550553 1.4540162059636934 405
1694718550814 1.0020010523647598 406
1694718551035 1.7674576126802093 407
1694718551350 1.7163083523764793 408
1694718551601 1.7549944535371704 409
1694718551851 1.3205417671048438 410
1694718552114 1.794147664305407 411
1694718552429 2.231879673055332 412
