1694720960850 0.5017540313204144 0
1694720961462 5.204153965346288 1
1694720961755 0.8479281292092793 2
1694720962077 0.5713793728355937 3
1694720962649 0.032196387964290564 4
1694720963049 0.3853673356037032 5
1694720963470 7.111209615987701 6
1694720963788 3.3159819074665418 7
1694720964164 3.1322184710103165 8
1694720964537 2.857702232806281 9
1694720964848 1.0903366183599152 10
1694720965163 1.3823455008250065 11
1694720965414 1.082364782732125 12
1694720965698 1.848061815983331 13
1694720966125 0.9114193489739734 14
1694720966593 4.255866932900431 15
1694720966906 4.48675503784187 16
1694720967213 2.4958824870618215 17
1694720967527 0.7628764218866756 18
1694720967851 2.586298521227513 19
1694720968175 0.6918535312261943 20
1694720968477 0.006221515176423986 21
1694720968805 0.0008034499763366875 22
1694720969127 0.005487511320082283 23
1694720969477 0.10758205700375918 24
1694720969869 5.3518173670505425 25
1694720970240 0.08024037605694082 26
1694720970625 2.577590027148275 27
1694720971807 3.494485801966575 28
1694720972106 1.2120437391663328 29
1694720972510 0.008573211961406537 30
1694720972915 11.411342736297685 31
1694720973343 0.12889385320221658 32
1694720973596 1.674681840773228 33
1694720973965 0.19481892148641566 34
1694720974366 0.12510961306160615 35
1694720974756 0.2964978985021906 36
1694720975089 0.09132434157907067 37
1694720975572 0.002054040288159557 38
1694720975934 0.10455034814478757 39
1694720976229 1.572561679702442 40
1694720976691 1.0652463063725237 41
1694720977172 0.02736847541158788 42
1694720977682 3.418869673777853 43
1694720978003 0.06780570374378192 44
1694720978413 1.1962258351955855 45
1694720978742 1.107111373285666 46
1694720979013 0.012561186143426904 47
1694720979386 0.1577539042050602 48
1694720979706 0.09373031657929976 49
1694720980019 3.1378268590656906 50
1694720980399 0.1961050606856922 51
1694720980741 2.355134638081701 52
1694720981005 18.466340481502066 53
1694720981429 0.2292212301308875 54
1694720981775 0.07669432302490548 55
1694720982071 0.16668517635515878 56
1694720982513 7.151469130829962 57
1694720982845 1.9121783896035462 58
1694720983148 0.16215520590955057 59
1694720983564 0.8473891098635471 60
1694720983893 0.8200884890423756 61
1694720984152 1.4437175264162152 62
1694720984526 0.013672286915634276 63
1694720984858 6.609535507806388 64
1694720985113 3.2287717010876036 65
1694720985443 1.5674431956025798 66
1694720985790 5.019361658212057 67
1694720986082 2.6586396363537452 68
1694720986348 7.758643894889516 69
1694720986686 0.008132266763818846 70
1694720987018 0.29101283034476916 71
1694720987305 1.3379341694147862 72
1694720987634 5.123423720236379 73
1694720988023 1.0523954954384986 74
1694720988411 0.6137116911361259 75
1694720988972 1.8826295402416149 76
1694720989407 3.7793507094699965 77
1694720989718 0.3337695339417278 78
1694720990084 3.354802030825757e-05 79
1694720990460 0.09128952148490899 80
1694720990750 0.019510734820398282 81
1694720991058 0.2994632019325418 82
1694720991535 10.115449742073194 83
1694720991879 0.4155913482523348 84
1694720992212 0.01830566239988861 85
1694720992561 1.326593102105498 86
1694720992874 0.06618645575790665 87
