1694744122358 168.87260894317848 0
1694744122732 165.02875129933167 1
1694744123082 163.12206178304515 2
1694744123462 161.22513158907688 3
1694744123837 159.35066986135 4
1694744124140 157.49833492264793 5
1694744124478 155.6678659789717 6
1694744124806 153.8590048579597 7
1694744125165 152.07149643849726 8
1694744125489 150.3050886119417 9
1694744125799 148.55953224656514 10
1694744126078 146.8345811524014 11
1694744126452 145.12999204650734 12
1694744126773 143.44552451863518 13
1694744127081 141.78094099730956 14
1694744127467 140.13600671630573 15
1694744127785 138.51048968152318 16
1694744128070 136.9041606382506 17
1694744128351 135.3167930388177 18
1694744128706 133.74816301062845 19
1694744129008 132.19804932457225 20
1694744129300 130.66623336380806 21
1694744129721 129.15249909291694 22
1694744130037 127.65663302741926 23
1694744130328 126.17842420365145 24
1694744130673 124.71766414899872 25
1694744130997 123.2741468524793 26
1694744131494 121.84766873567598 27
1694744131859 120.43802862401088 28
1694744132234 119.04502771835962 29
1694744132570 117.66846956700033 30
1694744132898 116.30816003789442 31
1694744133214 114.96390729129429 32
1694744133530 113.63552175267459 33
1694744133880 112.32281608598322 34
1694744134210 111.0256051672082 35
1694744134597 109.74370605825659 36
1694744134933 108.47693798114204 37
1694744135227 107.22512229247688 38
1694744135604 105.98808245826577 39
1694744135940 104.76564402899672 40
1694744136186 103.55763461502642 41
1694744136489 102.36388386225627 42
1694744136872 101.18422342809544 43
1694744137138 100.01848695770803 44
1694744137409 98.8665100605406 45
1694744137779 97.72813028712683 46
1694744138141 96.6031871061662 47
1694744138453 95.49152188187334 48
1694744138754 94.39297785159481 49
1694744139135 93.30740010369011 50
1694744139422 92.2346355556742 51
1694744139899 91.17453293261771 52
1694744140209 90.12694274580258 53
1694744140540 89.09171727162953 54
1694744140886 88.0687105307748 55
1694744141273 87.05777826759271 56
1694744141659 86.05877792976189 57
1694744141995 85.07156864817148 58
1694744142307 84.09601121704505 59
1694744142649 83.13196807429915 60
1694744142956 82.17930328213393 61
1694744143211 81.23788250785273 62
1694744143510 80.30757300490848 63
1694744143900 79.38824359417355 64
1694744144170 78.47976464543119 65
1694744144406 77.5820080590852 66
1694744144764 76.69484724808571 67
1694744145085 75.8181571200685 68
1694744145343 74.951814059705 69
1694744145706 74.09569591126092 70
1694744146093 73.24968196136084 71
1694744146402 72.41365292195611 72
1694744146762 71.58749091349415 73
1694744147092 70.77107944828634 74
1694744147346 69.96430341407236 75
1694744147677 69.16704905777863 76
1694744148021 68.37920396946843 77
1694744148339 67.60065706648187 78
1694744148661 66.83129857776265 79
1694744148941 66.0710200283704 80
1694744149228 65.31971422417556 81
1694744149572 64.57727523673516 82
1694744149961 63.84359838834716 83
1694744150265 63.11858023728132 84
1694744150647 62.402118563184416 85
1694744150953 61.69411235265775 86
1694744151227 60.994461785005186 87
1694744151570 60.30306821814919 88
1694744151923 59.61983417471353 89
1694744152267 58.94466332826992 90
1694744152612 58.277460489747455 91
1694744153037 57.61813159400228 92
1694744153327 56.966583686546 93
1694744153593 56.322724910430644 94
1694744153897 55.68646449328874 95
1694744154197 55.057712734526206 96
1694744154479 54.43638099266664 97
1694744154767 53.82238167284493 98
1694744155178 53.21562821444862 99
1694744155482 52.61603507890528 100
1694744155816 52.02351773761387 101
1694744156147 51.43799266001889 102
1694744156465 50.8593773018252 103
1694744156839 50.28759009335201 104
1694744157166 49.72255042802447 105
1694744157514 49.16417865100113 106
1694744157880 48.61239604793562 107
1694744158203 48.067124833871105 108
1694744158499 47.528288142265986 109
1694744158847 46.99581001414897 110
1694744159127 46.46961538740238 111
1694744159387 45.94963008617193 112
1694744159818 45.43578081040163 113
1694744160147 44.92799512549214 114
1694744160435 44.42620145208145 115
1694744160745 43.93032905594601 116
1694744161073 43.440308038021264 117
1694744161398 42.95606932454001 118
1694744161735 42.477544657287154 119
1694744162066 42.00466658396958 120
1694744162351 41.53736844869976 121
1694744162655 41.07558438259171 122
1694744163007 40.61924929446797 123
1694744163357 40.16829886167641 124
1694744163668 39.72266952101538 125
1694744163987 39.28229845976608 126
1694744164371 38.84712360683081 127
1694744164727 38.417083623975884 128
1694744165033 37.99211789717787 129
1694744165315 37.572166528072145 130
1694744165663 37.15717032550237 131
1694744166006 36.74707079716973 132
1694744166299 36.34181014138082 133
1694744166651 35.941331238892914 134
1694744166972 35.5455776448557 135
1694744167297 35.154493580847955 136
1694744167585 34.76802392700837 137
1694744167924 34.38611421425933 138
1694744168247 34.008710616622444 139
1694744168574 33.63575994362485 140
1694744168929 33.267209632795165 141
1694744169253 32.903007742248136 142
1694744169517 32.54310294335675 143
1694744169918 32.187444513510926 144
1694744170233 31.8359823289617 145
1694744170579 31.488666857749944 146
1694744170953 31.145449152718534 147
1694744171354 30.806280844607095 148
1694744171717 30.471114135228216 149
1694744172091 30.139901790724306 150
1694744172399 29.812597134904077 151
1694744172725 29.489154042657653 152
1694744173029 29.16952693344946 153
1694744173393 28.853670764888054 154
1694744173792 28.541541026371693 155
1694744174117 28.233093732809138 156
1694744174415 27.928285418414433 157
1694744174721 27.62707313057512 158
1694744175026 27.329414423792713 159
1694744175326 27.035267353694838 160
1694744175704 26.744590471118023 161
1694744176097 26.45734281626035 162
1694744176416 26.17348391290326 163
1694744176803 25.892973762701406 164
1694744177131 25.615772839540128 165
1694744177464 25.341842083959435 166
1694744177858 25.071142897643842 167
1694744178269 24.80363713797734 168
1694744178579 24.53928711266258 169
1694744178902 24.278055574403695 170
1694744179220 24.0199057156518 171
1694744179646 23.764801163412603 172
1694744180071 23.512705974115327 173
1694744180452 23.263584628542247 174
1694744180787 23.01740202681799 175
1694744181104 22.77412348345817 176
1694744181398 22.53371472247634 177
1694744181749 22.296141872548816 178
1694744182117 22.06137146223657 179
1694744182455 21.829370415263515 180
1694744182828 21.60010604585062 181
1694744183191 21.373546054105034 182
1694744183522 21.14965852146371 183
1694744183873 20.92841190619084 184
1694744184278 20.709775038928427 185
1694744184576 20.493717118299397 186
1694744184917 20.280207706562667 187
1694744185234 20.069216725319496 188
1694744185557 19.86071445127051 189
1694744185897 19.6546715120229 190
1694744186218 19.45105888194706 191
1694744186507 19.249847878082193 192
1694744186768 19.051010156090246 193
1694744187101 18.854517706257628 194
1694744187531 18.660342849544143 195
1694744187833 18.468458233678582 196
1694744188120 18.278836829300392 197
1694744188429 18.091451926146988 198
1694744188764 17.906277129285947 199
1694744189069 17.72328635539184 200
1694744189380 17.542453829066915 201
1694744189815 17.363754079205318 202
1694744190148 17.187161935400162 203
1694744190472 17.01265252439309 204
1694744190852 16.84020126656571 205
1694744191231 16.669783872472518 206
1694744191586 16.501376339414698 207
1694744191920 16.33495494805441 208
1694744192300 16.170496259069125 209
1694744192646 16.007977109845275 210
1694744192948 15.847374611211196 211
1694744193217 15.688666144208444 212
1694744193489 15.531829356901328 213
1694744193773 15.376842161224133 214
1694744194098 15.223682729865523 215
1694744194428 15.07232949318976 216
1694744194795 14.922761136194236 217
1694744195189 14.774956595503033 218
1694744195526 14.62889505639587 219
1694744195801 14.484555949872188 220
1694744196088 14.341918949749903 221
1694744196438 14.200963969798405 222
1694744196732 14.061671160905423 223
1694744196977 13.924020908277324 224
1694744197281 13.7879938286725 225
1694744197600 13.6535707676674 226
1694744197905 13.520732796954844 227
1694744198208 13.389461211674268 228
1694744198547 13.259737527773465 229
1694744198857 13.13154347940149 230
1694744199221 13.004861016332338 231
1694744199555 12.879672301419074 232
1694744199908 12.755959708077983 233
1694744200178 12.633705817802472 234
1694744200520 12.512893417706284 235
1694744200858 12.393505498095758 236
1694744201231 12.275525250070737 237
1694744201617 12.158936063153812 238
1694744201911 12.043721522947552 239
1694744202255 11.9298654088194 240
1694744202550 11.817351691613927 241
1694744202835 11.70616453139207 242
1694744203144 11.596288275197072 243
1694744203551 11.487707454846815 244
1694744203831 11.38040678475222 245
1694744204104 11.274371159761374 246
1694744204408 11.169585653029173 247
1694744204702 11.066035513912071 248
1694744204970 10.963706165887706 249
1694744205254 10.862583204499094 250
1694744205595 10.762652395323096 251
1694744205906 10.663899671962854 252
1694744206163 10.566311134063966 253
1694744206431 10.46987304535408 254
1694744206762 10.374571831705593 255
1694744207078 10.280394079221281 256
1694744207403 10.187326532342519 257
1694744207714 10.095356091979808 258
1694744208100 10.004469813665416 259
1694744208473 9.914654905727815 260
1694744208743 9.825898727487674 261
1694744209018 9.738188787475151 262
1694744209325 9.651512741668249 263
1694744209759 9.565858391751954 264
1694744210029 9.481213683397947 265
1694744210439 9.39756670456461 266
1694744210735 9.314905683817129 267
1694744211086 9.233218988667415 268
1694744211410 9.152495123933619 269
1694744211714 9.072722730119063 270
1694744212044 8.993890581810236 271
1694744212381 8.915987586093792 272
1694744212743 8.83900278099218 273
1694744213030 8.762925333917751 274
1694744213389 8.687744540145156 275
1694744213735 8.613449821301746 276
1694744214053 8.540030723875795 277
1694744214407 8.467476917742381 278
1694744214705 8.395778194706624 279
1694744215030 8.32492446706414 280
1694744215315 8.254905766178497 281
1694744215654 8.185712241075494 282
1694744215948 8.117334157053975 283
1694744216225 8.049761894313107 284
1694744216544 7.98298594659584 285
1694744216851 7.916996919848383 286
1694744217117 7.851785530895517 287
1694744217450 7.787342606131545 288
1694744217799 7.7236590802267076 289
1694744218091 7.6607259948488355 290
1694744218403 7.598534497400172 291
1694744218730 7.537075839769029 292
1694744219053 7.4763413770962375 293
1694744219351 7.416322566556129 294
1694744219742 7.357010966151947 295
1694744220091 7.298398233525426 296
1694744220419 7.240476124780508 297
1694744220783 7.183236493320866 298
1694744221100 7.126671288701201 299
1694744221503 7.070772555492103 300
1694744221865 7.015532432158278 301
1694744222240 6.960943149950061 302
1694744222583 6.906997031807999 303
1694744222906 6.853686491280376 304
1694744223247 6.801004031453507 305
1694744223572 6.74894224389468 306
1694744223884 6.6974938076075485 307
1694744224228 6.646651487999903 308
1694744224601 6.596408135863591 309
1694744224901 6.546756686366508 310
1694744225195 6.49769015805647 311
1694744225547 6.449201651876863 312
1694744225888 6.4012843501939045 313
1694744226192 6.353931515835409 314
1694744226560 6.307136491140867 315
1694744226887 6.260892697022789 316
1694744227206 6.215193632039088 317
1694744227529 6.1700328714764305 318
1694744227850 6.125404066444444 319
1694744228111 6.081300942980553 320
1694744228394 6.037717301165432 321
1694744228741 5.994647014248902 322
1694744229102 5.952084027786133 323
1694744229429 5.910022358784043 324
1694744229782 5.868456094857787 325
1694744230074 5.827379393397194 326
1694744230459 5.78678648074307 327
1694744230782 5.746671651373188 328
1694744231166 5.707029267097935 329
1694744231607 5.6678537562654245 330
1694744231914 5.629139612975969 331
1694744232262 5.590881396305925 332
1694744232600 5.5530737295406 333
1694744232939 5.515711299416234 334
1694744233225 5.47878885537099 335
1694744233622 5.4423012088047455 336
1694744233940 5.406243232347605 337
1694744234184 5.370609859137094 338
1694744234485 5.3353960821038475 339
1694744234783 5.30059695326578 340
1694744235099 5.266207583030524 341
1694744235420 5.232223139506162 342
1694744235696 5.198638847820098 343
1694744236006 5.165449989445887 344
1694744236313 5.132651901538125 345
1694744236731 5.100239976275137 346
1694744237058 5.068209660209422 347
1694744237384 5.036556453625764 348
1694744237774 5.005275909906932 349
1694744238069 4.974363634906914 350
1694744238356 4.943815286331467 351
1694744238677 4.91362657312602 352
1694744238983 4.883793254870825 353
1694744239259 4.854311141183231 354
1694744239703 4.825176091126987 355
1694744240099 4.7963840126285895 356
1694744240468 4.7679308619004415 357
1694744240793 4.739812642870881 358
1694744241128 4.712025406620913 359
1694744241422 4.684565250827574 360
1694744241779 4.657428319213935 361
1694744242078 4.630610801005509 362
1694744242409 4.604108930393159 363
1694744242801 4.577918986002287 364
1694744243108 4.552037290368316 365
1694744243487 4.526460209418364 366
1694744243798 4.501184151959057 367
1694744244091 4.476205569170316 368
1694744244407 4.451520954105241 369
1694744244779 4.427126841195777 370
1694744245193 4.403019805764293 371
1694744245499 4.379196463540902 372
1694744245806 4.355653470186494 373
1694744246075 4.332387520821371 374
1694744246331 4.3093953495594866 375
1694744246647 4.286673729048156 376
1694744246981 4.264219470013192 377
1694744247274 4.242029420809456 378
1694744247655 4.220100466976673 379
1694744248015 4.198429530800509 380
1694744248328 4.177013570878826 381
1694744248678 4.155849581693053 382
1694744249050 4.134934593184645 383
1694744249363 4.114265670336484 384
1694744249738 4.093839912759304 385
1694744250071 4.073654454282924 386
1694744250380 4.053706462552341 387
1694744250730 4.0339931386286025 388
1694744251073 4.0145117165943525 389
1694744251343 3.9952594631640945 390
1694744251708 3.9762336772989912 391
1694744252079 3.9574316898262496 392
1694744252363 3.9388508630629944 393
1694744252696 3.9204885904445734 394
1694744253024 3.902342296157266 395
1694744253316 3.884409434775315 396
1694744253621 3.8666874909022413 397
1694744253921 3.8491739788164043 398
1694744254261 3.831866442120752 399
1694744254602 3.814762453396672 400
1694744254937 3.7978596138619922 401
1694744255283 3.7811555530329484 402
1694744255622 3.764647928390176 403
1694744256011 3.7483344250486677 404
1694744256335 3.7322127554315814 405
1694744256725 3.7162806589479427 406
1694744257077 3.700535901674108 407
1694744257327 3.684976276039034 408
1694744257616 3.669599600513219 409
1694744257939 3.6544037193013676 410
1694744258238 3.6393865020386302 411
1694744258543 3.6245458434904623 412
1694744258960 3.6098796632560237 413
1694744259350 3.5953859054750565 414
1694744259643 3.5810625385382675 415
1694744260039 3.5669075548010802 416
1694744260341 3.552918970300801 417
1694744260626 3.5390948244771177 418
1694744261011 3.5254331798958733 419
1694744261332 3.511932121976142 420
1694744261667 3.4985897587205006 421
1694744261984 3.485404220448475 422
1694744262305 3.4723736595331682 423
1694744262568 3.4594962501409707 424
1694744262841 3.4467701879743458 425
1694744263138 3.4341936900176644 426
1694744263495 3.421764994286022 427
1694744263871 3.4094823595770385 428
1694744264207 3.397344065225589 429
1694744264511 3.3853484108614147 430
1694744264828 3.3734937161695893 431
1694744265106 3.3617783206538467 432
1694744265458 3.350200583402686 433
1694744265781 3.338758882858213 434
1694744266117 3.3274516165877523 435
1694744266393 3.3162772010581274 436
1694744266714 3.3052340714126105 437
1694744267036 3.294320681250523 438
1694744267360 3.283535502409407 439
1694744267656 3.2728770247497936 440
1694744268128 3.2623437559425037 441
1694744268501 3.2519342212584643 442
1694744268817 3.2416469633609934 443
1694744269152 3.2314805421005426 444
1694744269514 3.221433534311882 445
1694744269898 3.2115045336136454 446
1694744270251 3.201692150210266 447
1694744270604 3.191995010696249 448
1694744270993 3.182411757862741 449
1694744271319 3.1729410505064006 450
1694744271635 3.163581563240502 451
1694744271981 3.154331986308301 452
1694744272291 3.145191025398569 453
1694744272660 3.136157401463335 454
1694744273030 3.127229850537754 455
1694744273351 3.118407123562123 456
1694744273665 3.109687986205988 457
1694744273990 3.1010712186943206 458
1694744274314 3.0925556156357628 459
1694744274610 3.084139985852881 460
1694744274980 3.0758231522144435 461
1694744275340 3.0676039514696662 462
1694744275667 3.059481234084412 463
1694744276040 3.0514538640793307 464
1694744276383 3.0435207188699094 465
1694744276710 3.035680689108401 466
1694744277081 3.027932678527649 467
1694744277457 3.020275603786702 468
1694744277805 3.0127083943183104 469
1694744278177 3.0052299921781747 470
1694744278507 2.9978393518960145 471
1694744278797 2.990535440328352 472
1694744279111 2.9833172365130816 473
1694744279406 2.9761837315257087 474
1694744279751 2.969133928337322 475
1694744280136 2.9621668416742266 476
1694744280476 2.9552814978792283 477
1694744280811 2.948476934774571 478
1694744281140 2.9417522015264863 479
1694744281489 2.935106358511326 480
1694744281836 2.9285384771832983 481
1694744282178 2.922047639943755 482
1694744282477 2.9156329400120247 483
1694744282801 2.909293481297766 484
1694744283119 2.90302837827482 485
1694744283418 2.896836755856575 486
1694744283796 2.8907177492727896 487
1694744284146 2.884670503947855 488
1694744284451 2.8786941753805264 489
1694744284798 2.872787929025036 490
1694744285152 2.8669509401736493 491
1694744285481 2.8611823938405743 492
1694744285835 2.8554814846472594 493
1694744286189 2.8498474167090433 494
1694744286526 2.8442794035231347 495
1694744286860 2.8387766678579243 496
1694744287187 2.8333384416435945 497
1694744287470 2.827963965864033 498
1694744287734 2.8226524904499977 499
