1694732105147 0.7680623797689258 0
1694732105508 1.7260230740506468 1
1694732105840 0.6915080822543155 2
1694732106173 0.002204307213018699 3
1694732106465 0.13256611401727833 4
1694732106773 7.926759322929861 5
1694732107056 3.8299755397533883 6
1694732107342 0.5836894561461232 7
1694732107779 7.2695342457256995 8
1694732108065 1.2896621916935371 9
1694732108290 0.032123798708824904 10
1694732108583 1.142583115972815 11
1694732108906 0.3857434590795068 12
1694732109195 0.017791389988889125 13
1694732109464 0.8624535790372214 14
1694732109689 0.41851953809226117 15
1694732109957 7.372338502357121 16
1694732110241 0.40589835228290505 17
1694732110481 1.1496812848361757 18
1694732110779 1.983298238180017 19
1694732111060 1.4636009356203719 20
1694732111280 0.7782018613358049 21
1694732111517 4.374612493154642 22
1694732111725 2.27537607964353 23
1694732112020 2.2959999225636505 24
1694732112341 0.048422381778913656 25
1694732112628 0.8593378774918339 26
1694732112876 1.6321154811986756 27
1694732113238 1.469369335742847 28
1694732113591 1.0699474035153704 29
1694732113915 0.18758570334655034 30
1694732114279 1.4363054905762143 31
1694732114639 0.13389701947538296 32
1694732114955 3.712371812746681 33
1694732115191 1.4496010278202112 34
1694732115450 6.301187109983717 35
1694732115729 2.8647719328556946 36
1694732116051 1.4088904343268782 37
1694732116290 0.9089810874623215 38
1694732116594 10.55942035974566 39
1694732116938 3.404889111827101 40
1694732117226 0.27583530488981745 41
1694732117567 0.0031997381364361737 42
1694732117997 0.03872114167774979 43
1694732118249 0.9561478836918431 44
1694732118481 0.7730658748141733 45
1694732118876 6.207840036111171 46
1694732119228 0.4475297394968999 47
1694732119575 0.38384008675181025 48
1694732119901 2.675889570190265 49
1694732120317 0.8945230736386509 50
1694732120580 0.7310234472696474 51
1694732120864 0.28000061026937706 52
1694732121208 1.413327440683641 53
1694732121445 0.3899679118144541 54
1694732121750 0.02265295020702198 55
1694732122139 2.05893141113796 56
1694732122371 0.6362717429336199 57
1694732122728 4.160320324187859 58
1694732123032 0.0012656610167219966 59
1694732123390 1.383988386648031 60
1694732123706 6.794116128282841 61
1694732124023 1.9723294315881752 62
1694732124315 0.6856733235608116 63
1694732124620 0.2679067735521185 64
1694732124926 0.43971268693848997 65
1694732125249 0.2534601401243372 66
1694732125584 8.868533950150502 67
1694732125892 0.6785253525565471 68
1694732126179 0.041577883191741695 69
1694732126426 3.1192332858719056 70
1694732126735 0.3424843032728826 71
1694732127084 0.2586935695501778 72
1694732127360 0.007521349162556382 73
1694732127669 0.5276062951446442 74
1694732127988 0.6733598866776624 75
1694732128293 5.614228845523661 76
1694732128606 0.1657035225944387 77
1694732128931 1.0641148569830812 78
1694732129250 4.407463901340634 79
1694732129514 2.2546880807096485 80
1694732129796 0.007563302849447094 81
1694732130154 0.07494825606212206 82
1694732130523 1.241735197998762 83
1694732130788 2.2093766285323304 84
1694732131112 1.2866090562711239 85
1694732131404 0.04265516239368965 86
1694732131660 0.3947099741520214 87
1694732131911 0.32375708418901666 88
1694732132309 3.744992139584784 89
1694732132515 0.172360632774023 90
1694732132817 0.39727847114717174 91
1694732133133 0.24508723012253134 92
1694732133440 6.080916739848405 93
1694732133735 1.0693052838792951 94
1694732134027 0.29750234173302503 95
1694732134342 0.8235455449241473 96
1694732134629 0.6218838139468201 97
1694732134929 0.21744795666983338 98
1694732135249 0.5231046910449999 99
1694732135517 2.415095710247406 100
1694732135779 0.9310401833618199 101
1694732136084 0.01433082541276874 102
1694732136404 3.1334429857678296 103
1694732136694 0.08125704915469988 104
1694732137020 0.9233962212758541 105
1694732137304 0.4684264287675685 106
1694732137592 3.748380499373282 107
1694732137895 0.39287233004474065 108
1694732138200 4.198901750471689 109
1694732138518 1.458378683678268 110
1694732138837 0.028018198940539803 111
1694732139237 1.7239415440149717 112
1694732139549 0.07010268033050499 113
1694732139859 1.1929242425361648 114
1694732140209 0.9588647355334698 115
1694732140575 21.127842368400643 116
1694732140884 5.017215090557603 117
1694732141262 0.24826367863546533 118
1694732141566 0.004901989621762156 119
1694732141838 13.324998390919307 120
1694732142237 3.138317999241882 121
1694732142555 0.43037183954481256 122
1694732142886 2.738541564584052 123
1694732143224 6.662944356065578 124
1694732143578 5.486961227394949 125
1694732143811 1.8092062655762597 126
1694732144124 4.416527409095336 127
1694732144455 0.4642988526383598 128
1694732144696 0.2552767775256196 129
1694732144968 30.53057227268748 130
1694732145279 2.6004123002629957 131
1694732145646 0.0031067619001947573 132
1694732145868 0.5413708875927845 133
1694732146174 0.7954222744587615 134
1694732146493 0.22655070026481414 135
1694732146756 0.30073561500564994 136
1694732147037 9.076499725103176 137
1694732147342 0.06249749870121618 138
1694732147720 11.995830306030742 139
1694732148040 30.350510648703214 140
1694732148327 2.0212642134781293 141
1694732148699 0.10192992183487189 142
1694732149002 23.050199793227616 143
1694732149259 0.053763249364662195 144
1694732149528 0.9303198225831151 145
1694732149813 2.4669828003350722 146
1694732150090 0.08368391514572608 147
1694732150409 1.143740329701482 148
1694732150691 0.853000329544142 149
1694732150967 13.597173306087381 150
1694732151287 14.991837521596636 151
1694732151579 0.7528385801306472 152
1694732151788 0.3233961574312216 153
1694732152133 0.8179078698163539 154
1694732152493 0.16698134667245945 155
1694732152788 1.6450454715991663 156
1694732153077 0.3735515868570855 157
1694732153351 1.038133335735452 158
1694732153661 0.034834041589931385 159
1694732153864 1.4416859764251975 160
1694732154139 0.2617639473277943 161
1694732154500 0.2815729033643943 162
1694732154749 0.02513360726594531 163
1694732154980 2.202631272365667 164
1694732155298 15.734092592564258 165
1694732155634 0.8276547425933295 166
1694732155861 6.059922427000757 167
1694732156119 6.233624979864027 168
1694732156384 0.009513469912109116 169
1694732156680 1.8040948826240824 170
1694732156936 13.671999922454988 171
1694732157230 0.4302069864804537 172
1694732157529 0.13590229197021172 173
1694732157865 0.06156575431652348 174
1694732158124 0.539109455391637 175
1694732158422 0.012289227926669907 176
1694732158740 0.6214793541229493 177
1694732159058 0.14578701742314215 178
1694732159346 0.5545545185582855 179
1694732159663 0.24347181820026398 180
1694732159911 0.04203439525680703 181
1694732160150 1.364280528315892 182
1694732160547 1.0726439547897682 183
1694732160853 0.6698063876592584 184
1694732161116 0.0007864437925379804 185
1694732161515 12.7069055672253 186
1694732161831 1.6473519919942647 187
1694732162127 0.0006137256288019826 188
1694732162391 2.1037911619224436 189
1694732162725 5.561602691834459 190
1694732162993 0.007348961002401984 191
1694732163261 0.015184858905312347 192
1694732163551 5.514008557458562 193
1694732163866 11.359024106786844 194
1694732164072 1.688896424992163 195
1694732164309 0.8150068529274179 196
1694732164614 0.06730195275850122 197
1694732164934 1.7289269949963757 198
1694732165164 5.5493066278633885 199
1694732165463 7.616887987089488 200
1694732165794 0.3343348627660711 201
1694732166102 0.023535167791627017 202
1694732166343 0.15567944571514858 203
1694732166676 5.562868852971656 204
1694732167002 4.136331304764213 205
1694732167269 0.24037724908751126 206
1694732167561 0.11124196415636071 207
1694732167970 0.2504033600975387 208
1694732168254 12.318537014513115 209
1694732168507 0.04651793721320704 210
1694732168789 0.6364423809918495 211
1694732169114 0.3336828372620411 212
1694732169339 1.7542412483348242 213
1694732169585 0.3964744122385797 214
1694732169897 3.222661520560765 215
1694732170266 0.3768789908194879 216
1694732170551 0.48786902203128146 217
1694732170842 0.46551083337188043 218
1694732171169 0.1913664342455027 219
1694732171406 2.777702062213507 220
1694732171700 1.049883713331086 221
1694732172082 0.1763203176010225 222
1694732172416 0.11086359487632462 223
1694732172753 0.5361606305777362 224
1694732173058 4.676446720308306 225
1694732173296 6.873413831348575 226
1694732173552 0.2670794629094883 227
1694732173783 0.2738216017549033 228
1694732174025 2.6152076756375005 229
1694732174278 3.266947730578339 230
1694732174614 2.91028540279596 231
1694732174923 3.335212110898112 232
1694732175222 15.505799885342539 233
1694732175494 4.763938315542078 234
1694732175777 2.344593673322301 235
1694732176087 7.581562661939218 236
1694732176387 0.1542398378903507 237
1694732176723 2.9647225154744454 238
1694732177052 0.3169454398202832 239
1694732177314 1.729635576615325 240
1694732177571 1.143148892274273 241
1694732178061 1.2200466499412472 242
1694732178316 0.0987668857638478 243
1694732178603 3.780726447112072 244
1694732178941 5.133873283985199 245
1694732179227 1.4950477391967605 246
1694732179446 0.2766025989416401 247
1694732179723 0.00031047421447274114 248
1694732180005 0.28275881524736013 249
1694732180363 16.59371059663243 250
1694732180619 0.20960932682202998 251
1694732180919 10.125315147265441 252
1694732181299 0.010154981525213241 253
1694732181532 0.03613573691372823 254
1694732181758 0.30778167569397963 255
1694732182006 1.6806891123432741 256
1694732182265 9.621406523498985 257
1694732182517 1.150271783307551 258
1694732182846 10.390974559174975 259
1694732183173 0.6441425700060435 260
1694732183520 0.013003083905827315 261
1694732183763 0.8405837733544446 262
1694732184057 0.32133631042461 263
1694732184364 9.081104890267953 264
1694732184581 0.9453903174488829 265
1694732184859 1.3875384588577337 266
1694732185168 1.2249388885881076 267
1694732185497 0.7621181094894243 268
1694732185829 0.08612201030494444 269
1694732186144 1.8155158940154197 270
1694732186399 1.0801702434141414 271
1694732186682 0.6322433334119106 272
1694732186992 0.8671987579783659 273
1694732187298 0.29514315445963896 274
1694732187581 2.0666231576264282 275
1694732187981 4.87117528230675 276
1694732188294 1.1152562335859908 277
1694732188585 1.939560555814936 278
1694732188904 0.6197827311564434 279
1694732189219 0.571313564357809 280
1694732189540 5.544480473063211 281
1694732189863 1.6344118811959198 282
1694732190223 0.7453795191672612 283
1694732190572 0.3435632833596239 284
1694732190891 1.18438104181242 285
1694732191211 0.6938770332244985 286
1694732191536 0.8585608201816944 287
1694732191830 0.6120158896914246 288
1694732192176 6.900825934944351 289
1694732192543 2.3961171266736114 290
1694732192823 0.5800433162599624 291
1694732193162 0.9913486688548164 292
1694732193484 1.6732249447507332 293
1694732193738 2.0711324151066055 294
1694732194068 29.649159710570892 295
1694732194385 9.398899537181254 296
1694732194705 2.629284345747122 297
1694732194993 0.21230225832095048 298
1694732195331 2.2418428089985816 299
1694732195645 0.36667678518811553 300
1694732195945 0.2681308135951093 301
1694732196273 0.1654221510594018 302
1694732196588 4.691476323742669 303
1694732196912 0.8949122855794056 304
1694732197215 0.012459401562290171 305
1694732197505 3.423869762571244 306
1694732197781 3.5837243298313712 307
1694732198047 1.081831336869445 308
1694732198336 22.36975591654812 309
1694732198630 0.8669742432467442 310
1694732198904 3.500813670693875 311
1694732199212 0.7103540559197336 312
1694732199536 0.01688147866799661 313
1694732199746 9.644792290689159 314
1694732200033 0.22630284661675504 315
1694732200446 2.510636585408474 316
1694732200729 0.030927162016656334 317
1694732201011 1.2640489011789156 318
1694732201379 1.7195170506392388 319
1694732201710 3.464276860875401 320
1694732202075 8.981436198356075 321
1694732202387 1.8574245129509643 322
1694732202713 4.9009261048763495 323
1694732202999 1.6651359612148005 324
1694732203304 3.9466017185684863 325
1694732203675 2.7988693133224407 326
1694732203932 0.41718981755898044 327
1694732204255 0.5760306790410927 328
1694732204580 0.3921750659664835 329
1694732204895 8.949414415669635 330
1694732205211 2.0949996715332415 331
1694732205547 0.11783033495740759 332
1694732205846 1.4072719710752548 333
1694732206137 2.238032833382158 334
1694732206467 0.4390002476382579 335
1694732206734 0.2782314909201747 336
1694732207022 3.5321387565074396 337
1694732207317 1.366848688302093 338
1694732207686 0.5113368406885815 339
1694732208031 0.9890035448600721 340
1694732208321 0.3549637869819927 341
1694732208648 2.1409309878559983 342
1694732208902 5.035423681071953 343
1694732209200 2.0156584188474946 344
1694732209516 0.849246549886304 345
1694732209811 4.349820802149958 346
1694732210120 0.042021555569078134 347
1694732210501 10.73882176887999 348
1694732210813 1.7796678687038563 349
1694732211098 0.9754905254353753 350
1694732211367 4.182127792603145 351
1694732211652 0.6834347577444629 352
1694732211872 4.089162628928138 353
1694732212273 0.8914191077714423 354
1694732212622 0.6254439982283538 355
1694732212912 0.24490298482297798 356
1694732213143 0.23037631678624151 357
1694732213464 2.0904934255364553 358
1694732213773 0.13498473287381194 359
1694732214107 0.4541047231408287 360
1694732214406 4.902099934752884 361
1694732214745 1.9963297457394837 362
1694732215032 0.09361338164838819 363
1694732215297 3.2968116841376593 364
1694732215603 0.19128874653276226 365
1694732215904 2.4890510022544765 366
1694732216212 0.5370336057821073 367
1694732216505 0.4878856208327825 368
1694732216862 7.040362519220739 369
1694732217096 30.736159441485704 370
1694732217331 0.31543310144127973 371
1694732217623 0.021178483578537004 372
1694732217962 0.9557456171977964 373
1694732218187 5.498277737055026 374
1694732218473 8.165809717106283 375
1694732218786 2.2814231743774855 376
1694732219180 9.353580974435054 377
1694732219473 1.69372182998249 378
1694732219789 0.0024483780223458025 379
1694732220105 1.6324286482899226 380
1694732220417 0.8912302666387756 381
1694732220732 0.27607744459816785 382
1694732221005 0.3233485643122985 383
1694732221296 1.5239035437224873 384
1694732221579 0.673709547526962 385
1694732221960 0.59320544113563 386
1694732222306 0.0726827187872492 387
1694732222638 0.14512010478215331 388
1694732222993 1.1961583125804274 389
1694732223246 0.007821911871822696 390
1694732223614 0.17189025365477514 391
1694732223947 0.7142046809165792 392
1694732224204 2.928965270034401 393
1694732224463 0.5223045314878824 394
1694732224704 0.0879530397434791 395
1694732224946 1.0894477362404082 396
1694732225228 2.8895086952486793 397
1694732225460 1.9439526360694523 398
1694732225765 0.0855928541307876 399
1694732226063 2.148308002065545 400
1694732226271 0.691468898839523 401
1694732226497 5.170117360620072 402
1694732226734 1.0430922600270565 403
1694732227045 0.09550074800377673 404
1694732227287 0.44584661055925484 405
1694732227542 3.5638901720996934 406
1694732227952 0.18001743684688415 407
1694732228245 0.058228203392672956 408
1694732228512 0.2872646510226005 409
1694732228855 2.252991056392962 410
1694732229157 1.4215657066716227 411
1694732229417 2.35735682896348 412
1694732229717 1.2788994209325126 413
1694732230027 4.314519893252064 414
1694732230430 0.039674558887797584 415
1694732230693 1.708836652300914 416
1694732230949 1.3050061323438749 417
1694732231273 2.479436355381349 418
1694732231580 1.8533359452207412 419
1694732231897 0.3350523876272678 420
1694732232227 5.264254484804895 421
1694732232571 0.6345038371626792 422
1694732232884 0.6673633623671449 423
1694732233161 11.31932910866843 424
1694732233396 0.12763233013093012 425
1694732233738 0.558624909735751 426
1694732234046 0.2945532733346934 427
1694732234334 9.329433878777131 428
1694732234720 1.6926918082670572 429
1694732235034 1.1792527798803252 430
1694732235320 0.00038664327628093676 431
1694732235551 0.00102104914686002 432
1694732235833 21.581061943366407 433
1694732236119 3.3512015719329966 434
1694732236389 1.3376163777693835 435
1694732236678 0.6795643203353063 436
1694732237027 2.0025073016150783 437
1694732237282 9.483204923644703 438
1694732237517 3.4438165228466704 439
1694732237958 0.6044523810326234 440
1694732238277 0.3449505727658192 441
1694732238507 1.413084967099742 442
1694732238826 4.198983490267909 443
1694732239204 1.3565191643932504 444
1694732239495 2.2618818880631756e-05 445
1694732239781 1.9487505073470317 446
1694732240084 1.9048867967110643 447
1694732240448 0.47669282326352974 448
1694732240742 0.39560635780965836 449
1694732241086 4.050543070136953 450
1694732241408 0.05962351162473119 451
1694732241661 1.8344356792098573 452
1694732242004 0.0369383836521923 453
1694732242421 1.532919834236131 454
1694732242725 0.037625310554600104 455
1694732243063 0.0028926758844090585 456
1694732243365 0.541281958910833 457
1694732243704 0.1061222364542748 458
1694732243992 0.3382272528196324 459
1694732244294 0.4332578905865238 460
