1694732246096 3.176981205987037 0
1694732246399 3.2817213223348416 1
1694732246637 0.5832929681631118 2
1694732246946 0.7767584277019175 3
1694732247264 0.4051380416579188 4
1694732247558 0.39147117052775693 5
1694732247912 0.9245593498387115 6
1694732248252 2.4624448573467017 7
1694732248537 3.5353125847174245 8
1694732248794 0.0004847938023443735 9
1694732249021 12.25717778711862 10
1694732249283 1.225820863937096 11
1694732249575 0.591409464431273 12
1694732249837 0.4992499915657747 13
1694732250193 0.39176904055288464 14
1694732250543 2.959174786608631 15
1694732250800 0.05588480093445013 16
1694732251028 2.7027102913702308 17
1694732251355 1.1598733964831063 18
1694732251586 0.6912649014271526 19
1694732251819 2.3578340024407836 20
1694732252092 0.048308719361047796 21
1694732252476 1.4112378038260331 22
1694732252740 0.9633861356590537 23
1694732253075 1.8241305679093045 24
1694732253401 0.12254960895485467 25
1694732253636 0.3292151956677967 26
1694732253950 4.266070020013154 27
1694732254255 2.399886764308232 28
1694732254561 0.5808895547706007 29
1694732255039 2.14241199234557 30
1694732255375 6.051788387118918 31
1694732255626 1.9514540115382781 32
1694732255906 7.566384388072073 33
1694732256117 1.5428085826254172 34
1694732256421 0.07042061368601313 35
1694732256626 2.70220922421227 36
1694732256863 0.4899991342901223 37
1694732257156 0.03531148277939456 38
1694732257504 0.7254207080806913 39
1694732257800 2.0645090896891074 40
1694732258048 0.8397351394661345 41
