1694741315983 2.416096646399689 0
1694741316130 2.4508327103111793 1
1694741316300 2.5247649723538705 2
1694741316569 1.803632437087564 3
1694741316807 1.2714831578452717 4
1694741317126 2.403350017870583 5
1694741317352 2.1262878406781462 6
1694741317608 2.39731580304024 7
1694741317845 2.619109489097334 8
1694741318075 1.52448366331169 9
1694741318232 3.220402034275903 10
1694741318377 3.1270470300647326 11
1694741318647 2.8525269322140487 12
1694741318890 2.3117662633941953 13
1694741319158 2.312279250515707 14
1694741319329 2.029634690450267 15
1694741319489 2.6554695076167207 16
1694741319719 1.944852421244351 17
1694741320031 2.8914073507682296 18
1694741320220 3.106031279035397 19
1694741320447 1.8592052943491988 20
1694741320658 1.9673838926610698 21
1694741320917 1.8449793210663783 22
1694741321136 1.4818299933000756 23
1694741321378 2.131431104643578 24
1694741321626 2.9937669963888895 25
1694741321859 1.911029798669679 26
1694741322075 2.8738518489529836 27
1694741322299 1.3230967428626152 28
1694741322532 2.577248089422989 29
1694741322762 3.0569325558772897 30
1694741323023 2.895907567845552 31
1694741323279 2.4811430258076266 32
1694741323516 2.1638701537566036 33
1694741323733 2.2627156332985137 34
1694741323961 1.7677676551508104 35
1694741324170 2.484158673899833 36
1694741324307 2.497108512390582 37
1694741324554 2.6755706550916627 38
1694741324780 2.813570480404239 39
1694741325115 2.379675688872522 40
1694741325341 2.1186893473444512 41
1694741325674 2.0427715138558833 42
1694741325902 2.47778434981937 43
1694741326122 2.5654267169131852 44
1694741326334 1.6907271995289412 45
1694741326592 2.329665085413432 46
1694741326839 2.131204231849708 47
1694741327089 2.6732426063338988 48
1694741327332 2.601447799131291 49
1694741327663 1.7376129923151977 50
1694741327922 2.699336603235238 51
1694741328158 2.6517470646669783 52
1694741328317 2.00966655893119 53
1694741328485 2.222567304903348 54
1694741328658 1.9378465458531415 55
1694741328856 1.1820237150069586 56
1694741329115 2.1653599475462637 57
1694741329297 2.761629556537149 58
1694741329466 1.8532129850619383 59
1694741329702 2.1357777694501143 60
1694741329966 1.7945367751419175 61
1694741330196 2.7626447206494222 62
1694741330367 2.5950954126633965 63
1694741330610 2.1193994242799463 64
1694741330837 1.9729221934528267 65
1694741331093 2.263065230853767 66
1694741331286 2.6928200961823143 67
1694741331524 1.5355090975772856 68
1694741331753 2.0465458185351304 69
1694741332046 2.4166649675785874 70
1694741332253 2.1868780005119293 71
1694741332457 2.5595157233748944 72
1694741332693 2.2227387440806154 73
1694741332934 3.3960914854458486 74
1694741333183 3.441768307302019 75
1694741333403 2.087342334126457 76
1694741333641 2.416062715087163 77
1694741333866 2.044138115187513 78
1694741334122 1.9034582157427506 79
1694741334359 1.5920418397084979 80
1694741334614 2.166470955375095 81
1694741334839 2.2665104379161116 82
1694741335086 1.3019967261047405 83
1694741335309 2.2712857425960613 84
1694741335472 2.859635115410094 85
1694741335648 1.647881696066956 86
1694741335870 1.5699610497503411 87
1694741336099 1.9559673072646964 88
1694741336322 2.3622775564676917 89
1694741336588 1.6395792978966361 90
1694741336825 1.9455817619830555 91
1694741337070 2.3058926070452284 92
1694741337279 1.541428369751368 93
1694741337531 1.4316458340537297 94
1694741337758 2.1807764663656313 95
1694741338000 1.9984390896876363 96
1694741338226 2.788463124556748 97
1694741338396 2.7425850775838025 98
1694741338678 1.7095222558627947 99
1694741338934 2.3363029123859533 100
1694741339236 2.519035076725246 101
1694741339421 3.19600307731543 102
1694741339670 1.9938850997144728 103
1694741339899 2.1426038445828395 104
1694741340144 1.0347380388416774 105
1694741340346 2.524477001678289 106
1694741340503 2.9661474752037393 107
1694741340758 1.5800545383833018 108
1694741341050 2.0637711149338314 109
1694741341265 1.476017630629617 110
1694741341443 2.651470178812278 111
1694741341657 2.0021327518133685 112
1694741341876 2.676031726252001 113
1694741342083 2.3546223481451656 114
1694741342303 1.9466571510067725 115
1694741342554 2.3508032379162103 116
1694741342793 2.214090713693373 117
1694741343034 2.3242754996993593 118
1694741343281 2.67454059060864 119
1694741343430 1.7844140520277925 120
1694741343624 2.285302680489028 121
1694741343856 2.4534062603937685 122
1694741344064 2.333079878932652 123
1694741344266 1.6647463256479391 124
1694741344456 2.0446672469548335 125
1694741344611 2.839546439292783 126
1694741344813 1.9935695277177399 127
1694741345039 1.671311517785256 128
1694741345295 1.9358127125303328 129
1694741345496 1.642261114573863 130
1694741345690 2.147599813579764 131
1694741345865 1.69736653460608 132
1694741346090 1.7022713955283586 133
1694741346336 1.6996577825563053 134
1694741346565 1.936238480570872 135
1694741346792 3.079403720942613 136
1694741347041 1.8863819780159174 137
1694741347298 2.771424429760618 138
1694741347588 2.290636159097935 139
1694741347841 2.5921885467130594 140
1694741348077 2.334017996686037 141
1694741348245 1.909026971296499 142
1694741348440 1.7372591911503272 143
1694741348632 2.7751066947448124 144
1694741348822 2.363041104992179 145
1694741349060 3.7743024521506827 146
1694741349380 2.1205434070014917 147
1694741349641 2.030673300715912 148
1694741349921 2.2944898108555223 149
1694741350126 1.179126052929818 150
1694741350338 3.1257379404282863 151
1694741350529 2.243195206926756 152
1694741350747 2.498314534434037 153
1694741350980 2.0151795267268886 154
1694741351220 1.400664655919014 155
1694741351461 1.3637091297071786 156
1694741351714 2.0777861494907954 157
1694741351946 2.6521816996145255 158
1694741352203 2.3737246713029467 159
1694741352432 2.301553860143735 160
1694741352591 1.6558143823014728 161
1694741352773 1.9803816037298767 162
1694741352918 1.8012291108194245 163
1694741353109 1.741896999695245 164
1694741353322 2.084820690744669 165
1694741353546 2.527882822741566 166
1694741353757 2.346689420565812 167
1694741353973 2.38718432002544 168
1694741354254 1.7836722173947168 169
1694741354509 2.589333576865771 170
1694741354691 2.5745480589039653 171
1694741354922 2.0160651405128283 172
1694741355127 2.07819282916252 173
1694741355328 2.042085524626547 174
1694741355521 2.473253219162333 175
1694741355716 3.341984623459492 176
1694741355912 3.0548954530643013 177
1694741356152 3.521866745661292 178
1694741356396 1.9601443415007411 179
1694741356609 2.417924309840982 180
1694741356807 1.5428328404673026 181
1694741357079 2.303156949437777 182
1694741357359 2.079685541151923 183
1694741357590 2.122982905635005 184
1694741357821 2.037128336737537 185
1694741358056 1.9786588539939096 186
1694741358280 1.6835596711691312 187
1694741358524 1.7892112509751985 188
1694741358731 2.9088373683078506 189
1694741358942 2.411567685653974 190
1694741359307 2.5793661906787717 191
1694741359542 2.1966827283808903 192
1694741359701 2.303754767675263 193
1694741359902 2.3475868392385237 194
1694741360062 1.3922037349156584 195
1694741360270 4.04119783104216 196
1694741360486 1.55959835053249 197
1694741360655 2.1849114256865025 198
1694741360910 2.765029973667161 199
1694741361130 1.874831284817167 200
1694741361373 2.1596848898856655 201
1694741361627 1.438335660182573 202
1694741361865 2.0425855322826614 203
1694741362106 1.9101150894545498 204
1694741362325 2.6631599785102487 205
1694741362579 2.4958546395441186 206
1694741362813 2.658631126279041 207
1694741363045 1.9395644550437634 208
1694741363291 2.2489884101946487 209
1694741363550 1.9758975949816617 210
1694741363682 1.8540308095205216 211
1694741363829 1.8060373980090942 212
1694741363997 2.4003537749593313 213
1694741364187 2.8868784661150237 214
1694741364438 1.5843031761518696 215
1694741364644 3.0000542224739943 216
1694741364816 2.4143854021660323 217
1694741365039 1.542038178133397 218
1694741365286 2.2500115653020427 219
1694741365559 2.068252618148013 220
1694741365718 1.9693420594276223 221
1694741365921 1.9794754575701166 222
1694741366147 2.0432581657242714 223
1694741366358 2.202438407720246 224
1694741366593 1.4959901859933318 225
1694741366791 1.7454426696814607 226
1694741367019 2.64734060687854 227
1694741367236 2.758564304692382 228
1694741367561 1.9354383445317302 229
1694741367806 2.1954820112320905 230
1694741368047 2.891221667362511 231
1694741368317 1.590311782172886 232
1694741368545 1.3612848097950219 233
1694741368707 2.279093818757495 234
1694741368883 2.090852328896647 235
1694741369101 1.7175069043256375 236
1694741369339 1.914663424324083 237
1694741369600 1.7223380803602641 238
1694741369783 2.182626962822678 239
1694741370102 1.9937986065481101 240
1694741370309 2.424902852801982 241
1694741370518 3.40023574640868 242
1694741370689 2.9468293114103434 243
1694741370854 1.8823495942918282 244
1694741371072 2.0480464535679426 245
1694741371269 1.7748891332738452 246
1694741371454 1.8508461933931244 247
1694741371656 2.1973189513039553 248
1694741371861 2.892227410408813 249
1694741372166 1.7566293182382133 250
1694741372407 1.7622354820093014 251
1694741372649 1.666021964579774 252
1694741372810 2.2584287117708057 253
1694741372979 1.4738803070446107 254
1694741373205 1.81646684990278 255
1694741373403 1.1087788887455332 256
1694741373606 2.2123649104878935 257
1694741373769 2.5461012315527496 258
1694741373984 1.7476464010540087 259
1694741374248 2.1888194365427696 260
1694741374461 2.220461822611396 261
1694741374669 2.1137191006338143 262
1694741374844 3.439188644872935 263
1694741375059 1.8425908325222842 264
1694741375479 2.9941249166531487 265
1694741375704 2.334004053602914 266
1694741375896 1.9452270529168583 267
1694741376124 2.228071043907512 268
1694741376352 2.2734619427074483 269
1694741376655 2.047945361656798 270
1694741376842 2.308891340313535 271
1694741377072 1.8540842684854464 272
1694741377338 2.1888442369758203 273
1694741377651 2.3798988964385486 274
1694741377849 3.1791430904679965 275
1694741378082 2.825683145138623 276
1694741378319 2.732470942732202 277
1694741378561 1.6902640825800748 278
1694741378826 2.1636184899535986 279
1694741379119 1.6070883536700153 280
1694741379358 1.3900222762140257 281
1694741379557 2.2964533180890685 282
1694741379775 2.535858306296599 283
1694741379985 1.8793768546367458 284
1694741380227 1.5291591436925673 285
1694741380460 1.8719632024318504 286
1694741380733 2.769646726945518 287
1694741380938 2.221530071551278 288
1694741381136 3.2756578654054596 289
1694741381366 1.6457819340137387 290
1694741381607 2.511331856342512 291
1694741381807 1.6388596657855992 292
1694741381994 2.8237491600855793 293
1694741382228 2.340481278804345 294
1694741382462 2.079982955910538 295
1694741382666 2.19370222746271 296
1694741382886 2.4025435501367522 297
1694741383063 1.592256437055959 298
1694741383345 1.9200265556566412 299
1694741383579 2.4801712878230306 300
1694741383798 2.1678762979480406 301
1694741384048 1.9112954511627285 302
1694741384220 1.673524752618546 303
1694741384417 2.4147620599920567 304
1694741384628 1.5770650932898735 305
1694741384820 1.6385156853884961 306
1694741385018 1.9944666152528827 307
1694741385253 2.3455924742273515 308
1694741385541 1.8676036070575792 309
1694741385763 2.0003982181158446 310
1694741385910 2.353722591487149 311
1694741386122 2.670255473038206 312
1694741386351 2.0593782781817236 313
1694741386614 1.878862401826437 314
1694741386834 2.526076189176307 315
1694741387052 1.172005872661052 316
1694741387238 1.7512455323398635 317
1694741387552 3.8446036000169426 318
1694741387810 2.081778819496813 319
1694741387995 2.055045533392442 320
1694741388174 1.4380259755731903 321
1694741388402 1.3471057886214266 322
1694741388623 2.4894064412120933 323
1694741388841 3.2057992333963865 324
1694741389122 2.894548486282132 325
1694741389359 2.7645358226924084 326
1694741389577 2.273849625282181 327
1694741389801 2.416044682048407 328
1694741390055 1.4073906102819689 329
1694741390304 1.4733636338484788 330
1694741390522 2.1796012732876635 331
1694741390730 2.1532389779786416 332
1694741390901 3.092367446591414 333
1694741391110 2.5425432743742613 334
1694741391328 1.970638060438167 335
1694741391583 2.0204207650425383 336
1694741391793 2.639599004582518 337
1694741391919 2.428241027760478 338
1694741392107 1.6844370843185592 339
1694741392334 2.6740647897221606 340
1694741392580 1.6735942232172742 341
1694741392806 1.6691613155423641 342
1694741392993 2.4297331113277547 343
1694741393212 3.0403779131904227 344
1694741393407 1.7356242726400959 345
1694741393612 3.1495214889531926 346
1694741393838 1.2745371081275558 347
1694741394066 1.9357812206698135 348
1694741394335 1.914435992055577 349
1694741394591 1.4256087004744518 350
1694741394831 2.668837708753358 351
1694741394991 2.134503120463659 352
1694741395222 1.9877863401917912 353
1694741395454 2.57719989215968 354
1694741395698 1.7230749950972655 355
1694741395895 1.799178498779892 356
1694741396055 2.40174520982243 357
1694741396232 2.8052895945033467 358
1694741396392 1.9296973341846915 359
1694741396683 2.5636905772339476 360
1694741396894 1.549641964022857 361
1694741397097 2.8025633606483793 362
1694741397348 2.350990529346135 363
1694741397642 2.5166274164105094 364
1694741397886 1.1252555272582112 365
1694741398113 2.5182886376954765 366
1694741398351 2.044873458594547 367
1694741398604 1.9585943982519904 368
1694741398886 2.2918659408459994 369
1694741399073 1.9112253580831378 370
1694741399315 2.7811465466581144 371
1694741399548 1.7684188372110097 372
1694741399772 2.8632466237908965 373
1694741400057 1.2041939792232512 374
1694741400253 1.4009854148210188 375
1694741400493 2.8984806881936076 376
1694741400708 1.3260761134430432 377
1694741400902 2.1110818078410625 378
1694741401145 1.196390327313506 379
1694741401357 1.7515121737015127 380
1694741401574 2.2286270873167546 381
1694741401785 1.8569727224086714 382
1694741401974 2.0121505254024807 383
1694741402154 2.768197076854145 384
1694741402321 1.9287089357173033 385
1694741402463 2.198555364721759 386
1694741402628 2.2751177499199993 387
1694741402855 1.7038001432426282 388
1694741403054 2.1211726715137997 389
1694741403353 1.728935881922162 390
1694741403594 1.8485623564804823 391
1694741403815 2.3496055278061485 392
1694741403993 2.5920272803890083 393
1694741404165 2.2877732265098087 394
1694741404377 2.463590036925621 395
1694741404621 1.9449629340099732 396
1694741404851 3.151096954026755 397
1694741405004 2.7160350380670257 398
1694741405155 2.289166733299976 399
1694741405370 2.0319775547742243 400
1694741405601 2.2192932417119073 401
1694741405810 1.9462854932407427 402
1694741405970 1.784677748642979 403
1694741406117 2.652615316307252 404
1694741406260 2.759469468856427 405
1694741406458 1.5569955061567005 406
1694741406696 3.318369117996019 407
1694741406885 1.927148942733467 408
1694741407091 1.9950445489055002 409
1694741407336 1.678268137263237 410
1694741407678 1.3798036501519384 411
1694741407932 1.9006110719945157 412
1694741408099 2.167093736111943 413
1694741408327 1.7866568646363978 414
1694741408612 2.8088046474111876 415
1694741408812 2.636418764520965 416
1694741409000 1.911602997734523 417
1694741409280 1.8243906513816899 418
1694741409512 1.878464888682088 419
1694741409753 1.471454740966757 420
1694741410005 3.2321465746522944 421
1694741410150 2.5070213206912477 422
1694741410375 2.605244957752042 423
1694741410608 1.0741003303991377 424
1694741410835 1.7972732252605985 425
1694741411034 2.032651879195553 426
1694741411187 1.8839718476762206 427
1694741411347 1.8489259902040538 428
1694741411518 2.582895707811845 429
1694741411754 1.9080495174832963 430
1694741411979 2.1782200126815607 431
1694741412201 1.8259283577532774 432
1694741412393 1.5066621553580568 433
1694741412631 2.6679737498751446 434
1694741412863 1.9071750416026068 435
1694741413070 2.4495134362218214 436
1694741413300 2.99035142542157 437
1694741413528 2.041981436222079 438
1694741413746 1.5418298268466764 439
1694741413989 3.5601504673365927 440
1694741414210 1.9434150864499125 441
1694741414505 1.5807214698200407 442
1694741414735 1.4316103705730228 443
1694741415016 2.7373871384717496 444
1694741415243 1.9408296416800637 445
1694741415492 2.6303463640508387 446
1694741415721 1.2148516341685223 447
1694741415968 2.197208943429069 448
1694741416147 2.103612561436778 449
1694741416358 2.3594232934415738 450
1694741416648 2.4472068675786156 451
1694741416887 1.7528183416863374 452
1694741417083 1.7878279169130689 453
1694741417296 2.7944566448504875 454
1694741417621 1.6692328702011099 455
1694741417853 1.7725719390135464 456
1694741418064 1.4873800283324676 457
1694741418282 1.6092375590514776 458
1694741418553 3.213332892774971 459
1694741418857 3.057606964968532 460
1694741419197 1.4797887969952692 461
1694741419473 2.9884784869681496 462
1694741419725 2.0218019770796496 463
1694741419913 1.6855791903932595 464
1694741420110 2.6201925928504832 465
1694741420267 1.4159617652455474 466
1694741420459 2.3062250509662783 467
1694741420636 1.7960991420799055 468
1694741420889 1.873063649860486 469
1694741421142 2.7810953064155894 470
1694741421316 1.8552289432613625 471
1694741421558 2.4995632179420015 472
1694741421802 2.131636829354719 473
1694741422023 2.3266497007690994 474
1694741422234 2.1908943094908513 475
1694741422448 2.4698392900860573 476
1694741422676 1.5255895551220564 477
1694741422902 2.032511229596333 478
1694741423137 2.2734543391237425 479
1694741423378 2.5679624264671848 480
1694741423623 2.9793821061838233 481
1694741423857 2.1941765080502122 482
1694741424092 2.3646989944589047 483
1694741424292 2.2141738737015197 484
1694741424520 1.4051616295395974 485
1694741424760 2.307385788976416 486
1694741424990 2.3417126824491645 487
1694741425188 1.4874828105436657 488
1694741425408 2.0931177382097648 489
1694741425684 2.583801074427905 490
1694741425879 2.7101096708843744 491
1694741426090 1.5839665643001763 492
1694741426268 1.5721003472267807 493
1694741426491 1.5113484127282808 494
1694741426781 1.5339038475546756 495
1694741427011 1.8032415840668825 496
1694741427247 1.6140009198835628 497
1694741427517 2.4296214452534244 498
1694741427802 1.5756370649890359 499
