1694751721835 nan 0
1694751722172 nan 1
1694751722555 nan 2
1694751722946 nan 3
1694751723239 nan 4
1694751723577 nan 5
1694751723912 nan 6
1694751724173 nan 7
1694751724418 nan 8
1694751724773 nan 9
1694751725091 nan 10
1694751725330 nan 11
1694751725743 nan 12
1694751726102 nan 13
1694751726404 nan 14
1694751726711 nan 15
1694751727089 nan 16
1694751727477 nan 17
1694751727785 nan 18
1694751728106 nan 19
1694751728369 nan 20
1694751728672 nan 21
1694751728968 nan 22
1694751729306 nan 23
1694751729624 nan 24
1694751729969 nan 25
1694751730403 nan 26
1694751730761 nan 27
1694751731101 nan 28
1694751731446 nan 29
1694751731791 nan 30
1694751732128 nan 31
1694751732535 nan 32
1694751732793 nan 33
1694751733045 nan 34
1694751733306 nan 35
1694751733585 nan 36
1694751733949 nan 37
1694751734278 nan 38
1694751734634 nan 39
1694751734958 nan 40
1694751735259 nan 41
1694751735501 nan 42
1694751735966 nan 43
1694751736323 nan 44
1694751736634 nan 45
1694751736961 nan 46
1694751737268 nan 47
1694751737642 nan 48
1694751738004 nan 49
1694751738369 nan 50
1694751738687 nan 51
1694751739115 nan 52
1694751739463 nan 53
1694751739720 nan 54
1694751740017 nan 55
1694751740576 nan 56
1694751740922 nan 57
1694751741237 nan 58
1694751741570 nan 59
1694751741980 nan 60
1694751742341 nan 61
1694751742634 nan 62
1694751743024 nan 63
1694751743389 nan 64
1694751743693 nan 65
1694751744023 nan 66
1694751744377 nan 67
1694751744669 nan 68
1694751744956 nan 69
1694751745336 nan 70
1694751745758 nan 71
1694751746109 nan 72
1694751746450 nan 73
1694751746785 nan 74
1694751747186 nan 75
1694751747615 nan 76
1694751747956 nan 77
1694751748285 nan 78
1694751748600 nan 79
1694751748916 nan 80
1694751749321 nan 81
1694751749647 nan 82
1694751749891 nan 83
1694751750216 nan 84
1694751750556 nan 85
1694751750765 nan 86
1694751751038 nan 87
1694751751408 nan 88
1694751751740 nan 89
1694751751976 nan 90
1694751752253 nan 91
1694751752625 nan 92
1694751752854 nan 93
1694751753089 nan 94
1694751753306 nan 95
1694751753609 nan 96
1694751753899 nan 97
1694751754228 nan 98
1694751754579 nan 99
1694751754845 nan 100
1694751755105 nan 101
1694751755397 nan 102
1694751755781 nan 103
1694751756042 nan 104
1694751756402 nan 105
1694751756739 nan 106
1694751756981 nan 107
1694751757244 nan 108
1694751757651 nan 109
1694751757970 nan 110
1694751758339 nan 111
1694751758690 nan 112
1694751758975 nan 113
1694751759258 nan 114
1694751759554 nan 115
1694751759911 nan 116
1694751760246 nan 117
1694751760640 nan 118
1694751760986 nan 119
1694751761420 nan 120
1694751761878 nan 121
1694751762158 nan 122
1694751762475 nan 123
1694751762839 nan 124
1694751763101 nan 125
1694751763367 nan 126
1694751763680 nan 127
1694751763965 nan 128
1694751764274 nan 129
1694751764594 nan 130
1694751764889 nan 131
1694751765178 nan 132
1694751765460 nan 133
1694751765808 nan 134
1694751766042 nan 135
1694751766283 nan 136
1694751766612 nan 137
1694751766955 nan 138
1694751767216 nan 139
1694751767646 nan 140
1694751767970 nan 141
1694751768206 nan 142
1694751768511 nan 143
1694751768813 nan 144
1694751769115 nan 145
1694751769372 nan 146
1694751769744 nan 147
1694751770107 nan 148
1694751770456 nan 149
1694751770797 nan 150
1694751771088 nan 151
1694751771335 nan 152
1694751771765 nan 153
1694751772097 nan 154
1694751772342 nan 155
1694751772632 nan 156
1694751773021 nan 157
1694751773256 nan 158
1694751773561 nan 159
1694751773898 nan 160
1694751774204 nan 161
1694751774502 nan 162
1694751774828 nan 163
1694751775122 nan 164
1694751775357 nan 165
1694751775650 nan 166
1694751776120 nan 167
1694751776437 nan 168
1694751776795 nan 169
1694751777153 nan 170
1694751777393 nan 171
1694751777671 nan 172
1694751777910 nan 173
1694751778221 nan 174
1694751778566 nan 175
1694751778871 nan 176
1694751779229 nan 177
1694751779485 nan 178
1694751779783 nan 179
1694751780148 nan 180
1694751780467 nan 181
1694751780800 nan 182
1694751781066 nan 183
1694751781363 nan 184
1694751781644 nan 185
1694751781969 nan 186
1694751782342 nan 187
1694751782610 nan 188
1694751782959 nan 189
1694751783277 nan 190
1694751783613 nan 191
1694751783934 nan 192
1694751784284 nan 193
1694751784618 nan 194
1694751784933 nan 195
1694751785304 nan 196
1694751785752 nan 197
1694751786083 nan 198
1694751786369 nan 199
1694751786749 nan 200
1694751787101 nan 201
1694751787536 nan 202
1694751787848 nan 203
1694751788228 nan 204
1694751788611 nan 205
1694751788991 nan 206
1694751789394 nan 207
1694751789732 nan 208
1694751790032 nan 209
1694751790330 nan 210
1694751790594 nan 211
1694751790824 nan 212
1694751791120 nan 213
1694751791478 nan 214
1694751791763 nan 215
1694751792112 nan 216
1694751792432 nan 217
1694751792695 nan 218
1694751793012 nan 219
1694751793327 nan 220
1694751793589 nan 221
1694751793817 nan 222
1694751794199 nan 223
1694751794534 nan 224
1694751794818 nan 225
1694751795154 nan 226
1694751795454 nan 227
1694751795822 nan 228
1694751796134 nan 229
1694751796478 nan 230
1694751796704 nan 231
1694751796947 nan 232
1694751797252 nan 233
1694751797596 nan 234
1694751797836 nan 235
1694751798157 nan 236
1694751798446 nan 237
1694751798735 nan 238
1694751798963 nan 239
1694751799187 nan 240
1694751799467 nan 241
1694751799748 nan 242
1694751799971 nan 243
1694751800202 nan 244
1694751800475 nan 245
1694751800888 nan 246
1694751801118 nan 247
1694751801402 nan 248
1694751801725 nan 249
1694751801927 nan 250
1694751802183 nan 251
1694751802494 nan 252
1694751802799 nan 253
1694751803087 nan 254
1694751803397 nan 255
1694751803721 nan 256
1694751804006 nan 257
1694751804319 nan 258
1694751804642 nan 259
1694751804902 nan 260
1694751805183 nan 261
1694751805508 nan 262
1694751805813 nan 263
1694751806065 nan 264
1694751806317 nan 265
1694751806649 nan 266
1694751806913 nan 267
1694751807256 nan 268
1694751807667 nan 269
1694751807946 nan 270
1694751808267 nan 271
1694751808579 nan 272
1694751808848 nan 273
1694751809155 nan 274
1694751809413 nan 275
1694751809729 nan 276
1694751810061 nan 277
1694751810383 nan 278
1694751810661 nan 279
1694751810889 nan 280
1694751811151 nan 281
1694751811473 nan 282
1694751811788 nan 283
1694751812067 nan 284
1694751812329 nan 285
1694751812759 nan 286
1694751813111 nan 287
1694751813457 nan 288
1694751813758 nan 289
1694751814057 nan 290
1694751814428 nan 291
1694751814748 nan 292
1694751815069 nan 293
1694751815378 nan 294
1694751815822 nan 295
1694751816092 nan 296
1694751816450 nan 297
1694751816799 nan 298
1694751817119 nan 299
1694751817495 nan 300
1694751817822 nan 301
1694751818139 nan 302
1694751818445 nan 303
1694751818811 nan 304
1694751819060 nan 305
1694751819369 nan 306
1694751819683 nan 307
1694751819971 nan 308
1694751820241 nan 309
1694751820540 nan 310
1694751820854 nan 311
1694751821155 nan 312
1694751821489 nan 313
1694751821791 nan 314
1694751822062 nan 315
1694751822380 nan 316
1694751822714 nan 317
1694751823016 nan 318
1694751823363 nan 319
1694751823718 nan 320
1694751824014 nan 321
1694751824238 nan 322
1694751824542 nan 323
1694751824858 nan 324
1694751825141 nan 325
1694751825509 nan 326
1694751825895 nan 327
1694751826157 nan 328
1694751826462 nan 329
1694751826779 nan 330
1694751827072 nan 331
1694751827355 nan 332
1694751827788 nan 333
1694751828065 nan 334
1694751828323 nan 335
1694751828656 nan 336
1694751828990 nan 337
1694751829226 nan 338
1694751829603 nan 339
1694751829978 nan 340
1694751830218 nan 341
1694751830433 nan 342
1694751830757 nan 343
1694751831084 nan 344
1694751831325 nan 345
1694751831672 nan 346
1694751831959 nan 347
1694751832296 nan 348
1694751832583 nan 349
1694751832906 nan 350
1694751833205 nan 351
1694751833548 nan 352
1694751833861 nan 353
1694751834186 nan 354
1694751834469 nan 355
1694751834789 nan 356
1694751835097 nan 357
1694751835379 nan 358
1694751835748 nan 359
1694751836091 nan 360
1694751836381 nan 361
1694751836775 nan 362
1694751837096 nan 363
1694751837421 nan 364
1694751837802 nan 365
1694751838118 nan 366
1694751838348 nan 367
1694751838640 nan 368
1694751838978 nan 369
1694751839245 nan 370
1694751839565 nan 371
1694751839877 nan 372
1694751840208 nan 373
1694751840523 nan 374
1694751840874 nan 375
1694751841256 nan 376
1694751841465 nan 377
1694751841807 nan 378
1694751842122 nan 379
1694751842408 nan 380
1694751842656 nan 381
1694751842942 nan 382
1694751843244 nan 383
1694751843496 nan 384
1694751843784 nan 385
1694751844115 nan 386
1694751844388 nan 387
1694751844663 nan 388
1694751845000 nan 389
1694751845321 nan 390
1694751845609 nan 391
1694751845948 nan 392
1694751846265 nan 393
1694751846525 nan 394
1694751846806 nan 395
1694751847170 nan 396
1694751847487 nan 397
1694751847834 nan 398
1694751848166 nan 399
1694751848456 nan 400
1694751848756 nan 401
1694751849046 nan 402
1694751849384 nan 403
1694751849621 nan 404
1694751849906 nan 405
1694751850293 nan 406
1694751850551 nan 407
1694751850860 nan 408
1694751851144 nan 409
1694751851465 nan 410
1694751851707 nan 411
1694751851941 nan 412
1694751852242 nan 413
1694751852562 nan 414
1694751852849 nan 415
1694751853272 nan 416
1694751853567 nan 417
1694751853850 nan 418
1694751854161 nan 419
1694751854609 nan 420
1694751855053 nan 421
1694751855348 nan 422
1694751855623 nan 423
1694751855959 nan 424
1694751856188 nan 425
1694751856438 nan 426
1694751856786 nan 427
1694751857099 nan 428
1694751857422 nan 429
1694751857748 nan 430
1694751858049 nan 431
1694751858352 nan 432
1694751858627 nan 433
1694751858996 nan 434
1694751859285 nan 435
1694751859622 nan 436
1694751859911 nan 437
1694751860237 nan 438
1694751860651 nan 439
1694751860877 nan 440
1694751861245 nan 441
1694751861554 nan 442
1694751861833 nan 443
1694751862119 nan 444
1694751862376 nan 445
1694751862661 nan 446
1694751862897 nan 447
1694751863214 nan 448
1694751863567 nan 449
1694751863833 nan 450
1694751864122 nan 451
1694751864425 nan 452
1694751864711 nan 453
1694751864943 nan 454
1694751865272 nan 455
1694751865672 nan 456
1694751865952 nan 457
1694751866241 nan 458
1694751866564 nan 459
1694751866864 nan 460
1694751867100 nan 461
1694751867361 nan 462
1694751867704 nan 463
1694751867989 nan 464
1694751868245 nan 465
1694751868474 nan 466
1694751868790 nan 467
1694751869025 nan 468
1694751869329 nan 469
1694751869650 nan 470
1694751869954 nan 471
1694751870234 nan 472
1694751870559 nan 473
1694751870873 nan 474
1694751871106 nan 475
1694751871399 nan 476
1694751871751 nan 477
1694751872031 nan 478
1694751872368 nan 479
1694751872722 nan 480
1694751873022 nan 481
1694751873324 nan 482
1694751873683 nan 483
1694751874043 nan 484
1694751874364 nan 485
1694751874697 nan 486
1694751875035 nan 487
1694751875358 nan 488
1694751875667 nan 489
1694751876052 nan 490
1694751876384 nan 491
1694751876758 nan 492
1694751877098 nan 493
1694751877475 nan 494
1694751877806 nan 495
1694751878076 nan 496
1694751878374 nan 497
1694751878707 nan 498
1694751879056 nan 499
