1694730707223 23.94791299375304 0
1694730707515 4.957157281068137 1
1694730707936 2.208349802184762 2
1694730708189 2.3965451902394483 3
1694730708426 1.416204680067936 4
1694730708657 2.346353540548928 5
1694730708866 2.45585680555754 6
1694730709115 2.4722268537620296 7
1694730709392 1.9604108674480887 8
1694730709648 1.962335798438785 9
1694730709909 2.1897640453849143 10
1694730710139 2.298390531561695 11
1694730710376 2.6778475128335835 12
1694730710670 1.28703633761358 13
1694730710997 2.6885731843888707 14
1694730711350 2.719783793245144 15
1694730711626 1.8576278084152118 16
1694730711893 2.6742030373429366 17
1694730712226 2.833152916576303 18
1694730712506 2.395836093502066 19
1694730712829 2.857095857431115 20
1694730713217 2.441062018434002 21
1694730713475 2.032767330615227 22
1694730713724 2.0173510566653743 23
1694730714029 1.9969019356671618 24
1694730714341 3.1682157769504475 25
1694730714755 3.1469683559018766 26
1694730715091 2.574325955310219 27
1694730715256 1.4859749289582538 28
1694730715435 3.409563687313159 29
1694730715641 2.2836006960517135 30
1694730715839 3.286286464491887 31
1694730716114 2.999133825879673 32
1694730716326 2.0051323780374797 33
1694730716677 2.2938185312165165 34
1694730717014 2.0676935309039783 35
1694730717314 3.247228800834827 36
1694730717580 1.856404984233994 37
1694730717843 1.8530137115517313 38
1694730718094 2.459724950419792 39
1694730718387 2.0073159765794943 40
1694730718810 2.9596492701065262 41
1694730719074 2.044536460754929 42
1694730719282 2.6836844736379852 43
1694730719524 1.985157821252631 44
1694730719688 1.5058538954103717 45
1694730719936 1.897009176333163 46
1694730720166 1.4133723614141622 47
1694730720448 1.978744394281484 48
1694730720738 1.5593514690356145 49
1694730721031 2.5793109020190124 50
1694730721274 1.9853286121384943 51
1694730721471 2.099135674258696 52
1694730721771 2.4072416878393166 53
1694730722048 3.705222331736234 54
1694730722328 2.09792364925775 55
1694730722620 2.627248070896991 56
1694730723025 1.3467264727265935 57
1694730723272 1.9740900391326488 58
1694730723518 1.6033102842826292 59
1694730723878 3.099251828765887 60
1694730724222 2.2784757684501544 61
1694730724457 2.032110444206985 62
1694730724763 3.2957857211764874 63
1694730725149 2.384814164958033 64
1694730725504 2.734554452941707 65
1694730725818 2.479098463278596 66
1694730726268 2.961066698057159 67
1694730726567 2.9125201202483484 68
1694730726805 2.6004821829533067 69
1694730727042 1.6698305660774722 70
1694730727274 2.2587306924639243 71
1694730727614 1.7526044255895232 72
1694730727948 2.1625506174291864 73
1694730728252 2.289040154754359 74
1694730728508 2.8555739724955664 75
1694730728788 2.3038458668558977 76
1694730729043 1.941512996294118 77
1694730729353 2.3895409921345667 78
1694730729705 1.7602084664514634 79
1694730730025 2.268312411005167 80
1694730730365 1.878369949146921 81
1694730730540 3.2674015210045813 82
1694730730804 2.704614357859555 83
1694730731203 1.6188141503851137 84
1694730731523 2.1555356375037884 85
1694730731821 2.097210574945089 86
1694730732135 2.084086643377646 87
1694730732363 2.3057537075898784 88
1694730732628 2.23003891184305 89
1694730732907 2.7796943006537282 90
1694730733252 1.7346642749937333 91
1694730733464 1.98855432822259 92
1694730733761 1.7975641104098503 93
1694730734111 2.3653830718675892 94
1694730734355 2.1804393214921736 95
1694730734611 2.4924983111219814 96
1694730734984 2.154395961411661 97
1694730735376 2.947151932061137 98
1694730735769 2.93758309921296 99
1694730736261 2.085521010496653 100
1694730736610 1.9921746488761152 101
1694730736975 3.1272337791120264 102
1694730737303 1.2973879648965265 103
1694730737728 2.5020885326236155 104
1694730738226 3.123514858007402 105
1694730738545 2.83208911089629 106
1694730738846 2.758939003896112 107
1694730739207 3.326192314334141 108
1694730739609 2.2912747882140425 109
1694730739936 3.4072850463409203 110
1694730740255 2.579703899157608 111
1694730740571 1.7088478836384553 112
1694730740927 2.8510891298931136 113
1694730741223 1.3195448938444663 114
1694730741417 1.8595073392915886 115
1694730741635 2.52686387936115 116
1694730741896 2.069752429965152 117
1694730742187 3.426593134378333 118
1694730742653 1.6944735991118058 119
1694730743109 2.810585962281781 120
1694730743369 2.3194899996180856 121
1694730743578 2.079455872907594 122
1694730743818 2.0914852720115085 123
1694730744088 2.0195423697008272 124
1694730744292 2.8354953855298777 125
1694730744464 2.7281167849673373 126
1694730744713 1.0849107712864268 127
1694730745048 2.0951655953012165 128
1694730745327 2.3728918765871954 129
1694730745562 2.5697666905650514 130
1694730745810 1.6554910575326927 131
1694730746077 1.766824311204964 132
1694730746327 2.160357058354982 133
1694730746536 3.2212656114094167 134
1694730746712 2.0427891220050465 135
1694730746965 2.7906769491009484 136
1694730747333 2.0386416792214486 137
1694730747769 2.6881718029919326 138
1694730748182 2.497886368078904 139
1694730748598 2.590067428248975 140
1694730748931 2.9301353179268084 141
1694730749484 2.6129815832777443 142
1694730749869 1.4072645699125583 143
1694730750220 1.2905511749277585 144
1694730750521 3.474165125580191 145
1694730750801 1.5534304702262967 146
1694730751058 3.0188743957370665 147
1694730751341 2.3108393523315356 148
1694730751546 2.9897007540861082 149
1694730751805 1.8462472023877938 150
1694730752083 1.7498508495491916 151
1694730752335 1.9998088474303473 152
1694730752555 2.8788165672606656 153
1694730752922 2.1257443217721135 154
1694730753344 2.791466578092118 155
1694730753652 1.173875425468139 156
1694730753985 1.8339301001033712 157
1694730754468 2.890685078599129 158
1694730754695 2.5621795138538226 159
1694730755105 2.4861220303556206 160
1694730755438 2.4101898077968436 161
1694730755685 1.8324486853031348 162
1694730756025 3.2563697963349476 163
1694730756449 1.8253445545877487 164
1694730756763 2.2623932423873625 165
1694730757077 1.5926508720655888 166
1694730757398 2.2861375214173094 167
1694730757631 2.2270264874885464 168
1694730757915 2.764017473253292 169
1694730758237 2.970902811718448 170
1694730758476 1.3888591730743833 171
1694730758742 2.177624938711488 172
1694730759210 1.775126439866656 173
1694730759569 2.7796168591053245 174
1694730759815 2.2466519057572083 175
1694730760333 3.0605155332730263 176
1694730760651 2.3427561447793557 177
1694730760955 3.159810041993945 178
1694730761430 2.680823789638648 179
1694730761660 2.473333122740854 180
1694730761949 1.9305881823304096 181
1694730762396 1.730740403751571 182
1694730762777 2.2957179500439953 183
1694730762977 3.0502585732408236 184
1694730763210 2.217480787036053 185
1694730763533 2.0689571258926747 186
1694730763990 2.6103520329909684 187
1694730764512 2.174814999130521 188
1694730764817 2.3441023037538793 189
1694730765161 2.2913859011000572 190
1694730765496 2.678614968638207 191
1694730765838 3.108356525779619 192
1694730766143 2.1987606301859994 193
1694730766413 2.2537666912507945 194
1694730766834 2.0162548798593942 195
1694730767275 1.8277511236900175 196
1694730767647 3.244899548592201 197
1694730767906 3.9027642707313106 198
1694730768144 2.3540873659306416 199
1694730768431 2.1063551654509483 200
1694730768743 4.427441219126721 201
1694730769149 2.3344150706576112 202
1694730769520 1.7748616219539446 203
1694730769742 1.8072219227213602 204
1694730770079 3.07606745636728 205
1694730770431 2.132013283432005 206
1694730770677 3.430928858892932 207
1694730770864 1.9766905641352615 208
1694730771116 1.0174106564974619 209
1694730771320 3.1618593860900472 210
1694730771574 1.8821783441218185 211
1694730771752 2.7627856304214244 212
1694730771924 1.646885708848184 213
1694730772153 2.1719937596057757 214
1694730772360 1.826833835513181 215
1694730772596 1.8302662241860916 216
1694730772790 4.136696025734394 217
1694730772993 1.9360882150992005 218
1694730773260 1.8730156920885672 219
1694730773524 2.4611329871969523 220
1694730773724 1.989804410624737 221
1694730773942 2.577317890774294 222
1694730774157 1.751850903702169 223
1694730774355 2.3936082461822896 224
1694730774577 2.988730379931951 225
1694730774760 1.7076691944421238 226
1694730774896 2.148070012819694 227
1694730775116 1.1256158378316063 228
1694730775362 2.0778973922578174 229
1694730775596 2.4111503724556553 230
1694730775748 2.251742620722434 231
1694730775893 2.20793658736546 232
1694730776074 1.6144765218270054 233
1694730776247 2.669098221763868 234
1694730776449 2.9180920661201832 235
1694730776696 2.8093522346117132 236
1694730776842 2.1486671154346855 237
1694730776977 1.9197473490004875 238
1694730777146 2.017140532638204 239
1694730777318 3.2997992200567148 240
1694730777565 1.867635590842779 241
1694730777817 1.6260041809879844 242
1694730777976 1.6691541098023783 243
1694730778105 1.4735710794245704 244
1694730778250 2.443160726464358 245
1694730778418 1.9191284639898731 246
1694730778665 3.076827101570546 247
1694730778823 2.150460143406247 248
1694730778958 2.6882569040064532 249
1694730779076 1.8498363015477466 250
1694730779258 1.2687053938917454 251
1694730779437 2.5626084084330905 252
1694730779623 1.7535410701610308 253
1694730779798 2.2553824265059594 254
1694730779977 2.155410607818324 255
1694730780124 3.0424398580894745 256
1694730780271 3.357843918880865 257
1694730780483 2.142864741839134 258
1694730780669 2.511746415271941 259
1694730780825 2.7086262400744676 260
1694730781043 2.4094053431115223 261
1694730781201 2.108725316073285 262
1694730781347 2.0569922463003754 263
1694730781541 2.163764495651344 264
1694730781776 2.3598441120053457 265
1694730782006 2.125790989724193 266
1694730782252 2.3391128773669605 267
1694730782480 1.771209850666689 268
1694730782667 1.85227725761297 269
1694730782845 1.5244067965709256 270
1694730782973 1.7746208539995434 271
1694730783147 2.3129446545908525 272
1694730783341 2.3022262321915075 273
1694730783570 1.8388830721585536 274
1694730783746 2.5153016659351137 275
1694730783920 1.2794436072789261 276
1694730784085 2.4058775441229425 277
1694730784295 2.92726026451574 278
1694730784497 2.486057897685483 279
1694730784663 2.490174634839072 280
1694730784843 1.2550246233730988 281
1694730785015 2.168746448854843 282
1694730785166 2.6949488437149114 283
1694730785352 3.4596179862810907 284
1694730785563 2.714881176101082 285
1694730785757 0.9798788469455348 286
1694730785964 3.9174026824099446 287
1694730786110 1.6909933967021578 288
1694730786226 1.9965260416951744 289
1694730786359 2.055946198687118 290
1694730786597 1.8570045490531484 291
1694730786780 2.348685333212425 292
1694730786906 2.0263251458313563 293
1694730787063 2.53263508081432 294
1694730787239 1.568776493893498 295
1694730787425 1.135864076362347 296
1694730787650 2.29850424488721 297
1694730787830 1.649864481189837 298
1694730788001 1.0234181424375617 299
1694730788228 2.385524482272483 300
1694730788407 2.4113825430195495 301
1694730788681 2.104429426585678 302
1694730788881 2.5477405675598708 303
1694730789050 1.6518317888396836 304
1694730789321 1.3245580393994831 305
1694730789588 1.7123019838570466 306
1694730789788 2.151535851804552 307
1694730789954 2.366939580628696 308
1694730790158 1.6740775590760826 309
1694730790366 1.702081649488844 310
1694730790571 2.1698465483321225 311
1694730790775 2.4886180733064442 312
1694730790992 1.6794915927779286 313
1694730791204 1.4002884891474496 314
1694730791425 2.3071870163917922 315
1694730791645 2.441738311090777 316
1694730791812 2.5587859852834525 317
1694730791931 2.594500249779498 318
1694730792071 1.6754603368628045 319
1694730792208 1.995599036804901 320
1694730792362 1.8599379381512158 321
1694730792520 3.006174457925725 322
1694730792673 2.16487120737709 323
1694730792832 2.718315117320451 324
1694730792958 2.761832547969632 325
1694730793099 2.1034015490315903 326
1694730793296 2.3194713057938894 327
1694730793499 2.0583313970397255 328
1694730793675 2.9805946095930334 329
1694730793855 1.3770376222366003 330
1694730794075 1.854949113077365 331
1694730794262 2.1943368653096758 332
1694730794482 2.833711283111047 333
1694730794709 2.228300734429979 334
1694730794860 3.0140703052877473 335
1694730795017 1.7037703443335968 336
1694730795186 2.6492189386594016 337
1694730795402 1.6080123287195178 338
1694730795660 1.758413321393731 339
1694730795822 1.759984559597011 340
1694730796001 2.151156432025281 341
1694730796190 1.753464197635506 342
1694730796323 2.8005158969065156 343
1694730796473 2.69601355793162 344
1694730796630 2.894582574275321 345
1694730796757 2.4885392732326252 346
1694730796875 2.296357817585617 347
1694730797009 2.227842524027269 348
1694730797165 2.8432973742912018 349
1694730797326 2.2938744126503097 350
1694730797524 1.9356759284297331 351
1694730797861 3.6119359469245644 352
1694730798012 2.321218808226163 353
1694730798175 2.675188277178288 354
1694730798306 1.6979101837427983 355
1694730798450 2.471947519010138 356
1694730798653 3.0737822575047695 357
1694730798860 1.5340568533747831 358
1694730798995 2.671421859650241 359
1694730799140 1.4236336472528384 360
1694730799402 2.969646242005824 361
1694730799652 1.2027668073023066 362
1694730799902 2.677467231625401 363
1694730800159 1.9640533194269452 364
1694730800493 2.7402764416853835 365
1694730800734 1.923356838118088 366
1694730800950 2.924456535669607 367
1694730801131 2.3891928963312665 368
1694730801288 1.462803341344818 369
1694730801441 2.2348681885403003 370
1694730801603 1.708627098463661 371
1694730801753 2.1378809544903756 372
1694730801925 1.7368548079425932 373
1694730802107 2.0865009601463744 374
1694730802309 2.2702653382353284 375
1694730802496 1.7840969592685478 376
1694730802731 2.5809580244112493 377
1694730802949 2.2137365334375496 378
1694730803179 3.2086542006914627 379
1694730803385 2.987252543477034 380
1694730803605 3.556650687800245 381
