1694735535619 2.4441172063106475 0
1694735535859 2.9677455062449836 1
1694735536081 2.4924555349142086 2
1694735536275 2.389726396855032 3
1694735536479 2.4911418290114717 4
1694735536727 1.9311242497492356 5
1694735536912 1.8836014584490801 6
1694735537095 2.170509692170333 7
1694735537321 2.37503138714599 8
1694735537557 2.2533278804453305 9
1694735537762 2.245864398102734 10
1694735537983 2.6114176957475905 11
1694735538247 1.878487543061987 12
1694735538561 2.693364490098395 13
1694735538788 1.752509352514365 14
1694735539031 2.576432188734677 15
1694735539236 2.0777471222105413 16
1694735539469 2.0158407966482397 17
1694735539692 2.3987111605779514 18
1694735539892 2.5649662854959856 19
1694735540114 2.8461648396861787 20
1694735540348 2.471894742562041 21
1694735540548 2.0729828474403464 22
1694735540754 2.1634048222990288 23
1694735540903 2.220767606759428 24
1694735541146 3.383072541872307 25
1694735541399 1.8752889678876905 26
1694735541627 2.48855019201259 27
1694735541805 1.5979268345732935 28
1694735542005 3.2335498425868345 29
1694735542255 2.8432066211099523 30
1694735542490 2.487402050042488 31
1694735542741 2.8971557414474054 32
1694735542954 1.3964343232119205 33
1694735543222 2.649399454683409 34
1694735543503 3.479088382614751 35
1694735543724 2.5090725197450383 36
1694735543868 2.928530266809727 37
1694735544020 2.769868553111471 38
1694735544220 1.9250070128139054 39
1694735544555 2.5860997286481777 40
1694735544853 3.3702783865707455 41
1694735545053 2.6836676677909956 42
1694735545285 1.9431143079472122 43
1694735545584 2.067851408059627 44
1694735545807 2.8296113253599007 45
1694735546010 2.6932885735297645 46
1694735546233 3.837700105311128 47
1694735546447 2.7535782742366437 48
1694735546696 1.4395412133241894 49
1694735546883 1.6469098667707525 50
1694735547062 2.3372822039125514 51
1694735547264 1.6509876290564718 52
1694735547470 2.432230971472688 53
1694735547758 2.9944555626891085 54
1694735547932 1.9709653217567678 55
1694735548193 2.218443378473302 56
1694735548411 3.7061497714089344 57
1694735548676 1.579082043173793 58
1694735548908 1.249641733484578 59
1694735549036 2.954692408545454 60
1694735549237 2.237831497252962 61
1694735549463 2.9541836902578464 62
1694735549625 2.994426333449665 63
1694735549857 2.5967790423535666 64
1694735550090 1.590129541978678 65
1694735550286 1.642945484008364 66
1694735550514 4.12950404395975 67
1694735550754 2.0131163348270045 68
1694735550925 2.3383475792546142 69
1694735551126 2.517661815794061 70
1694735551384 2.630610581940224 71
1694735551618 1.9109696959364963 72
1694735551832 1.8642492196136784 73
1694735551965 2.18207531463668 74
1694735552179 1.9031360571887195 75
1694735552417 2.2052547567400596 76
1694735552642 1.682571229337675 77
1694735552930 1.9440445856540631 78
1694735553194 2.053749596897996 79
1694735553422 2.736670603493893 80
1694735553649 3.3162844743730657 81
1694735553869 1.5376880847692869 82
1694735554076 1.737726879339135 83
1694735554296 2.164220172504345 84
1694735554595 1.6599116215879077 85
1694735554860 1.7939407351667658 86
1694735555057 2.4313099841834203 87
1694735555285 1.6484927291839275 88
1694735555504 1.4938710329589797 89
1694735555748 2.4835610381840523 90
1694735555912 2.48143122949198 91
1694735556033 2.306826703196029 92
1694735556256 2.235416314563125 93
1694735556484 1.6808655895521216 94
1694735556769 1.1419929835393317 95
1694735556954 2.1125874176656523 96
1694735557208 2.070342640184201 97
1694735557409 1.9920280853023093 98
1694735557641 3.4013200592704247 99
1694735557876 2.8476870010285023 100
1694735558040 1.4670107025080208 101
1694735558268 2.0805652361611817 102
1694735558503 1.1719586912394697 103
1694735558724 2.9590099385225392 104
1694735558973 2.285635978436397 105
1694735559124 2.7770496988431455 106
1694735559314 1.8119152654827253 107
1694735559481 2.341812780654352 108
1694735559712 1.85523579697568 109
1694735559931 1.8279860302036424 110
1694735560135 2.791386805993882 111
1694735560382 2.6538420517321923 112
1694735560621 2.6409021707329265 113
1694735560856 2.3008284652441016 114
1694735561105 2.6824857000138302 115
