1694751375274 nan 0
1694751375609 nan 1
1694751375883 nan 2
1694751376278 nan 3
1694751376563 nan 4
1694751376832 nan 5
1694751377155 nan 6
1694751377466 nan 7
1694751377757 nan 8
1694751378084 nan 9
1694751378456 nan 10
1694751378699 nan 11
1694751378976 nan 12
1694751379270 nan 13
1694751379553 nan 14
1694751379840 nan 15
1694751380146 nan 16
1694751380616 nan 17
1694751380953 nan 18
1694751381274 nan 19
1694751381498 nan 20
1694751381816 nan 21
1694751382104 nan 22
1694751382425 nan 23
1694751382696 nan 24
1694751383040 nan 25
1694751383341 nan 26
1694751383580 nan 27
1694751383926 nan 28
1694751384479 nan 29
1694751384748 nan 30
1694751385043 nan 31
1694751385460 nan 32
1694751385692 nan 33
1694751386025 nan 34
1694751386355 nan 35
1694751386625 nan 36
1694751386853 nan 37
1694751387216 nan 38
1694751387563 nan 39
1694751387811 nan 40
1694751388115 nan 41
1694751388426 nan 42
1694751388682 nan 43
1694751389001 nan 44
1694751389341 nan 45
1694751389675 nan 46
1694751389935 nan 47
1694751390265 nan 48
1694751390586 nan 49
1694751390812 nan 50
1694751391059 nan 51
1694751391375 nan 52
1694751391661 nan 53
1694751391993 nan 54
1694751392220 nan 55
1694751392520 nan 56
1694751392795 nan 57
1694751393106 nan 58
1694751393412 nan 59
1694751393711 nan 60
1694751393969 nan 61
1694751394263 nan 62
1694751394528 nan 63
1694751394782 nan 64
1694751394989 nan 65
1694751395199 nan 66
1694751395535 nan 67
1694751395786 nan 68
1694751395990 nan 69
1694751396321 nan 70
1694751396639 nan 71
1694751396935 nan 72
1694751397313 nan 73
1694751397616 nan 74
1694751397897 nan 75
1694751398210 nan 76
1694751398583 nan 77
1694751398867 nan 78
1694751399118 nan 79
1694751399416 nan 80
1694751399726 nan 81
1694751400060 nan 82
1694751400367 nan 83
1694751400730 nan 84
1694751400985 nan 85
1694751401302 nan 86
1694751401801 nan 87
1694751402118 nan 88
1694751402357 nan 89
1694751402643 nan 90
1694751402985 nan 91
1694751403274 nan 92
1694751403572 nan 93
1694751403840 nan 94
1694751404076 nan 95
1694751404394 nan 96
1694751404652 nan 97
1694751404955 nan 98
1694751405363 nan 99
1694751405699 nan 100
1694751405984 nan 101
1694751406268 nan 102
1694751406548 nan 103
1694751406833 nan 104
1694751407168 nan 105
1694751407561 nan 106
1694751407789 nan 107
1694751408024 nan 108
1694751408335 nan 109
1694751408663 nan 110
1694751408962 nan 111
1694751409230 nan 112
1694751409582 nan 113
1694751409894 nan 114
1694751410155 nan 115
1694751410460 nan 116
1694751410761 nan 117
1694751411041 nan 118
1694751411294 nan 119
1694751411517 nan 120
1694751411839 nan 121
1694751412108 nan 122
1694751412444 nan 123
1694751412800 nan 124
1694751413054 nan 125
1694751413264 nan 126
1694751413575 nan 127
1694751413892 nan 128
1694751414213 nan 129
1694751414518 nan 130
1694751414850 nan 131
1694751415104 nan 132
1694751415484 nan 133
1694751415769 nan 134
1694751416045 nan 135
1694751416403 nan 136
1694751416659 nan 137
1694751416987 nan 138
1694751417329 nan 139
1694751417659 nan 140
1694751417963 nan 141
1694751418242 nan 142
1694751418617 nan 143
1694751418921 nan 144
1694751419207 nan 145
1694751419485 nan 146
1694751419771 nan 147
1694751420078 nan 148
1694751420368 nan 149
1694751420677 nan 150
1694751420967 nan 151
1694751421267 nan 152
1694751421665 nan 153
1694751421930 nan 154
1694751422305 nan 155
1694751422572 nan 156
1694751422890 nan 157
1694751423232 nan 158
1694751423484 nan 159
1694751423731 nan 160
1694751424030 nan 161
1694751424303 nan 162
1694751424570 nan 163
1694751424907 nan 164
1694751425264 nan 165
1694751425603 nan 166
1694751425839 nan 167
1694751426131 nan 168
1694751426412 nan 169
1694751426731 nan 170
1694751427070 nan 171
1694751427422 nan 172
1694751427776 nan 173
1694751428094 nan 174
1694751428324 nan 175
1694751428524 nan 176
1694751428754 nan 177
1694751429043 nan 178
1694751429290 nan 179
1694751429539 nan 180
1694751429877 nan 181
1694751430207 nan 182
1694751430460 nan 183
1694751430771 nan 184
1694751431071 nan 185
1694751431400 nan 186
1694751431722 nan 187
1694751432083 nan 188
1694751432378 nan 189
1694751432700 nan 190
1694751433002 nan 191
1694751433307 nan 192
1694751433604 nan 193
1694751433878 nan 194
1694751434198 nan 195
1694751434456 nan 196
1694751434749 nan 197
1694751435020 nan 198
1694751435318 nan 199
1694751435661 nan 200
1694751435959 nan 201
1694751436279 nan 202
1694751436554 nan 203
1694751436820 nan 204
1694751437205 nan 205
1694751437461 nan 206
1694751437784 nan 207
1694751438082 nan 208
1694751438389 nan 209
1694751438912 nan 210
1694751439540 nan 211
1694751439960 nan 212
1694751440457 nan 213
1694751441056 nan 214
1694751441409 nan 215
1694751441677 nan 216
1694751441990 nan 217
1694751442299 nan 218
1694751442613 nan 219
1694751442894 nan 220
1694751443311 nan 221
1694751443571 nan 222
1694751443773 nan 223
1694751443993 nan 224
1694751444295 nan 225
1694751444605 nan 226
1694751444920 nan 227
1694751445371 nan 228
1694751445687 nan 229
1694751445917 nan 230
1694751446224 nan 231
1694751446582 nan 232
1694751446842 nan 233
1694751447164 nan 234
1694751447492 nan 235
1694751447792 nan 236
1694751448031 nan 237
1694751448315 nan 238
1694751448634 nan 239
1694751448908 nan 240
1694751449195 nan 241
1694751449547 nan 242
1694751449746 nan 243
1694751450042 nan 244
1694751450324 nan 245
1694751450635 nan 246
1694751450868 nan 247
1694751451168 nan 248
1694751451485 nan 249
1694751451794 nan 250
1694751452146 nan 251
1694751452470 nan 252
1694751452806 nan 253
1694751453086 nan 254
1694751453313 nan 255
1694751453587 nan 256
1694751453824 nan 257
1694751454077 nan 258
1694751454429 nan 259
1694751454730 nan 260
1694751454993 nan 261
1694751455243 nan 262
1694751455640 nan 263
1694751455882 nan 264
1694751456129 nan 265
1694751456429 nan 266
1694751456748 nan 267
1694751457005 nan 268
1694751457397 nan 269
1694751457685 nan 270
1694751457912 nan 271
1694751458192 nan 272
1694751458486 nan 273
1694751458855 nan 274
1694751459088 nan 275
1694751459375 nan 276
1694751459685 nan 277
1694751459913 nan 278
1694751460282 nan 279
1694751460502 nan 280
1694751460740 nan 281
1694751460992 nan 282
1694751461286 nan 283
1694751461584 nan 284
1694751461879 nan 285
1694751462105 nan 286
1694751462359 nan 287
1694751462590 nan 288
1694751462847 nan 289
1694751463072 nan 290
1694751463376 nan 291
1694751463633 nan 292
1694751463883 nan 293
1694751464127 nan 294
1694751464440 nan 295
1694751464740 nan 296
1694751465034 nan 297
1694751465347 nan 298
1694751465740 nan 299
1694751465974 nan 300
1694751466250 nan 301
1694751466575 nan 302
1694751466824 nan 303
1694751467020 nan 304
1694751467330 nan 305
1694751467652 nan 306
1694751467935 nan 307
1694751468206 nan 308
1694751468502 nan 309
1694751468778 nan 310
1694751468982 nan 311
1694751469203 nan 312
1694751469507 nan 313
1694751469815 nan 314
1694751470061 nan 315
1694751470276 nan 316
1694751470506 nan 317
1694751470842 nan 318
1694751471107 nan 319
1694751471359 nan 320
1694751471595 nan 321
1694751471827 nan 322
1694751472120 nan 323
1694751472437 nan 324
1694751472768 nan 325
1694751473038 nan 326
1694751473277 nan 327
1694751473567 nan 328
1694751473852 nan 329
1694751474082 nan 330
1694751474346 nan 331
1694751474616 nan 332
1694751474893 nan 333
1694751475139 nan 334
1694751475421 nan 335
1694751475760 nan 336
1694751476039 nan 337
1694751476319 nan 338
1694751476682 nan 339
1694751476984 nan 340
1694751477291 nan 341
1694751477516 nan 342
1694751477790 nan 343
1694751478057 nan 344
1694751478314 nan 345
1694751478638 nan 346
1694751478993 nan 347
1694751479231 nan 348
1694751479536 nan 349
1694751479855 nan 350
1694751480139 nan 351
1694751480439 nan 352
1694751480754 nan 353
1694751481102 nan 354
1694751481375 nan 355
1694751481694 nan 356
1694751481993 nan 357
1694751482258 nan 358
1694751482525 nan 359
1694751482802 nan 360
1694751483101 nan 361
1694751483416 nan 362
1694751483709 nan 363
1694751483983 nan 364
1694751484241 nan 365
1694751484484 nan 366
1694751484809 nan 367
1694751485092 nan 368
1694751485412 nan 369
1694751485812 nan 370
1694751486177 nan 371
1694751486473 nan 372
1694751486803 nan 373
1694751487119 nan 374
1694751487539 nan 375
1694751487898 nan 376
1694751488203 nan 377
1694751488505 nan 378
1694751488808 nan 379
1694751489161 nan 380
1694751489417 nan 381
1694751489667 nan 382
1694751490085 nan 383
1694751490344 nan 384
1694751490692 nan 385
1694751490983 nan 386
1694751491244 nan 387
1694751491566 nan 388
1694751491868 nan 389
1694751492224 nan 390
1694751492502 nan 391
1694751492836 nan 392
1694751493134 nan 393
1694751493392 nan 394
1694751493687 nan 395
1694751493967 nan 396
1694751494241 nan 397
1694751494529 nan 398
1694751494836 nan 399
1694751495124 nan 400
1694751495479 nan 401
1694751495760 nan 402
1694751496059 nan 403
1694751496361 nan 404
1694751496621 nan 405
1694751496996 nan 406
1694751497373 nan 407
1694751497604 nan 408
1694751497962 nan 409
1694751498381 nan 410
1694751498638 nan 411
1694751499032 nan 412
1694751499357 nan 413
1694751499625 nan 414
1694751499886 nan 415
1694751500169 nan 416
1694751500534 nan 417
1694751500799 nan 418
1694751501044 nan 419
1694751501432 nan 420
1694751501674 nan 421
1694751501899 nan 422
1694751502210 nan 423
1694751502620 nan 424
1694751502853 nan 425
1694751503188 nan 426
1694751503632 nan 427
1694751503875 nan 428
1694751504146 nan 429
1694751504439 nan 430
1694751504696 nan 431
1694751504969 nan 432
1694751505332 nan 433
1694751505866 nan 434
1694751506154 nan 435
1694751506561 nan 436
1694751506950 nan 437
1694751507311 nan 438
1694751507629 nan 439
1694751508050 nan 440
1694751508515 nan 441
1694751509005 nan 442
1694751509280 nan 443
1694751509586 nan 444
1694751509862 nan 445
1694751510204 nan 446
1694751510502 nan 447
1694751510749 nan 448
1694751511021 nan 449
1694751511303 nan 450
1694751511550 nan 451
1694751511805 nan 452
1694751512076 nan 453
1694751512330 nan 454
1694751512589 nan 455
1694751512899 nan 456
1694751513233 nan 457
1694751513535 nan 458
1694751513871 nan 459
1694751514225 nan 460
1694751514587 nan 461
1694751514932 nan 462
1694751515296 nan 463
1694751515639 nan 464
1694751515862 nan 465
1694751516091 nan 466
1694751516360 nan 467
1694751516669 nan 468
1694751516952 nan 469
1694751517337 nan 470
1694751517667 nan 471
1694751517996 nan 472
1694751518334 nan 473
1694751518630 nan 474
1694751518886 nan 475
1694751519202 nan 476
1694751519522 nan 477
1694751519885 nan 478
1694751520228 nan 479
1694751520443 nan 480
1694751520694 nan 481
1694751520978 nan 482
1694751521298 nan 483
1694751521706 nan 484
1694751521916 nan 485
1694751522202 nan 486
1694751522442 nan 487
1694751522712 nan 488
1694751523019 nan 489
1694751523321 nan 490
1694751523543 nan 491
1694751523892 nan 492
1694751524095 nan 493
1694751524389 nan 494
1694751524610 nan 495
1694751524841 nan 496
1694751525136 nan 497
1694751525468 nan 498
1694751525778 nan 499
