1694717228840 2.61785562359705 0
1694717229039 2.672501799648722 1
1694717229350 2.7480277372492115 2
1694717229770 1.5886412752889878 3
1694717229981 2.709146071305797 4
1694717230262 1.6773014641727724 5
1694717230436 2.1488151199941328 6
1694717230654 2.15227670223792 7
1694717230881 2.2616427760932805 8
1694717231155 2.6386489431539 9
1694717231448 2.3812421601893967 10
1694717231640 2.859578434665525 11
1694717231836 1.6165685627399626 12
1694717232005 2.6078967272890488 13
1694717232256 2.644167543679428 14
1694717232535 2.169316953057436 15
1694717232790 1.6670039241469332 16
1694717232994 1.7679752194401628 17
1694717233236 1.3023673631767276 18
1694717233517 1.4867462985984359 19
1694717233771 1.5266476116813585 20
1694717233967 1.320268086918742 21
1694717234142 1.662187416041029 22
1694717234402 1.8020091802092597 23
1694717234631 1.377766538065914 24
1694717234883 1.7562839270380535 25
1694717235043 2.7746720800836417 26
1694717235205 1.8110848735351772 27
1694717235402 1.8528410070847965 28
1694717235752 1.1543072508244745 29
1694717236031 1.4004477303632445 30
1694717236250 1.5277258295859628 31
1694717236477 1.1506801657899721 32
1694717236728 0.8406753794705635 33
1694717236935 1.075341742443269 34
1694717237119 1.6199302998208744 35
1694717237339 1.2384880357514467 36
1694717237527 1.067775072311667 37
1694717237823 1.4443964580912694 38
1694717238006 1.4318481381272619 39
1694717238173 1.817145940111847 40
1694717238409 1.6882594147511238 41
1694717238676 1.1666185268626665 42
1694717238926 1.1243056476502862 43
1694717239077 1.5065509694587502 44
1694717239228 1.556288840151712 45
1694717239453 1.5432900085189287 46
1694717239723 0.8934372570277057 47
1694717240012 1.4539023525797878 48
1694717240258 0.9343550206806783 49
1694717240497 1.7227285616008423 50
1694717240782 0.9525232714960117 51
1694717241027 1.0013034592529189 52
1694717241246 1.8659767523949509 53
1694717241483 1.2378572878872576 54
1694717241758 1.4483485477761433 55
1694717242045 0.983217595879598 56
1694717242408 1.2661457083877345 57
1694717242763 1.1898597332113525 58
1694717243051 2.0497945923432477 59
1694717243378 1.4380212684335534 60
1694717243700 0.7696390256730761 61
1694717244049 1.3115517351108386 62
1694717244449 1.2281391810605378 63
1694717244779 1.4543730405476005 64
1694717245018 1.1697760013103549 65
1694717245323 0.851544301933231 66
1694717245649 1.1340744661764557 67
1694717245933 1.0662075122027392 68
1694717246215 0.9021303470526622 69
1694717246519 1.225075005353725 70
1694717246721 1.1304126608558993 71
1694717246918 0.9262209262880949 72
1694717247223 1.0659719039859707 73
1694717247568 1.3076166143548 74
1694717247885 0.732499280960376 75
1694717248156 0.7636044244247208 76
1694717248419 1.3658062236250779 77
1694717248705 1.2333776734219966 78
1694717248957 1.0206220870250438 79
1694717249148 1.2579122120022486 80
1694717249393 0.8197249804971583 81
1694717249641 0.8218789306585588 82
1694717249982 1.0675064592920274 83
1694717250262 1.502724918165853 84
1694717250423 1.2570373296160462 85
1694717250591 0.9014195321355801 86
1694717250802 0.8173724123093693 87
1694717251045 1.3355592804966758 88
1694717251209 1.0011813204480886 89
1694717251414 1.1039694697754812 90
1694717251624 1.0316602837069069 91
1694717251890 0.8702486788334882 92
1694717252124 1.0479036388580043 93
1694717252369 0.8850642237374539 94
1694717252597 0.9425049214650801 95
1694717252867 0.6241791722047736 96
1694717253080 1.3432258574598415 97
1694717253281 1.5223739827909988 98
1694717253499 1.203607771733193 99
1694717253722 0.9248317744917164 100
1694717253965 1.0159491272956716 101
1694717254159 1.7625897985267804 102
1694717254422 0.8762455010201033 103
1694717254652 1.1266027423715281 104
1694717254857 0.7549389180691254 105
1694717255065 0.6343150150131452 106
1694717255221 0.6500166942202142 107
1694717255392 1.638587897661796 108
1694717255612 1.2746057338888888 109
1694717255843 0.9353515802927171 110
1694717256055 0.9929356070276603 111
1694717256257 0.8936039641027524 112
1694717256518 0.578309989499362 113
1694717256783 1.3319641932059882 114
1694717256997 1.126072603392813 115
1694717257206 0.813428212029156 116
1694717257432 1.0637283669960722 117
1694717257640 1.8317612787373083 118
1694717257867 0.7603441440795946 119
1694717258158 1.1878077473032118 120
1694717258517 1.109313877517391 121
1694717258800 1.2248495491965796 122
1694717259116 0.8547577586173366 123
1694717259369 1.2234015616245246 124
1694717259652 0.8699738421309041 125
1694717260097 1.229248139793677 126
1694717260349 1.7450549710235614 127
1694717260595 1.305888358808465 128
1694717260846 0.8185998408929199 129
1694717261188 1.365766390983134 130
1694717261367 0.9523159031992984 131
1694717261663 0.8848105137248456 132
1694717261955 0.6291403103582093 133
1694717262226 0.6719485166611284 134
1694717262521 1.1729456416180306 135
1694717262798 1.6550265773828639 136
1694717263162 0.9721199669327097 137
1694717263892 1.1364435659526908 138
1694717264490 1.1174301890590546 139
1694717265103 0.7364140948605378 140
1694717265437 0.902801345134518 141
1694717265783 1.1109354176645887 142
1694717266195 0.6677943261256919 143
1694717266430 1.710771271000118 144
1694717266679 0.6695680419809814 145
1694717266919 1.1951067303272402 146
1694717267149 0.8837662329201332 147
1694717267394 0.8323928206237405 148
1694717267649 1.0964273355370648 149
1694717267852 1.0262234156366026 150
1694717268094 0.9748381813607747 151
1694717268448 1.123712334476981 152
1694717268782 1.0268519149819695 153
1694717268986 1.5624147742233578 154
1694717269250 1.343723048899827 155
1694717269535 0.7583310809741032 156
1694717269767 0.9248812759175664 157
1694717270060 0.7962599784261835 158
1694717270329 0.8291093432065106 159
1694717270587 1.10709705384772 160
1694717270901 0.9743017660926747 161
1694717271125 0.803436253897828 162
1694717271322 0.9217266721413191 163
1694717271516 0.7354800250578285 164
1694717271763 0.976213271091376 165
1694717272010 0.8126205318406341 166
1694717272248 0.9190708561748304 167
1694717272451 0.887233685604117 168
1694717272712 0.8653148058514415 169
1694717273009 1.2841343558462686 170
1694717273278 1.2814494987579095 171
1694717273495 0.9015512906362739 172
1694717273779 0.8353593722392375 173
1694717274048 0.8181558356980541 174
1694717274288 0.6723490640724621 175
1694717274481 0.6755255292967008 176
1694717274736 1.1473187292566753 177
1694717275070 0.634894742174071 178
1694717275360 0.7928752980092572 179
1694717275613 1.02511533255813 180
1694717275867 0.7012255431192054 181
1694717276127 1.0563345555802122 182
1694717276343 1.0566112458801775 183
1694717276518 0.8965485641855016 184
1694717276682 0.9791487520656705 185
1694717276907 0.7102766460155642 186
1694717277168 0.8224909839427013 187
1694717277379 0.9077676016458541 188
1694717277608 0.7327127917666295 189
1694717277860 1.4057099190239073 190
1694717278145 1.0260293930938162 191
1694717278376 0.786204808500158 192
1694717278712 1.0516967796593741 193
1694717279067 0.985527875676796 194
1694717279427 0.9901677505623694 195
1694717279676 0.7051691827205544 196
1694717279940 1.249934034508968 197
1694717280234 0.9502183913311449 198
1694717280430 1.0972504035561412 199
1694717280662 0.6535133146628306 200
1694717280950 0.9580840436192531 201
1694717281198 0.8255781641446869 202
1694717281418 0.9337596922465887 203
1694717281681 1.025138186581077 204
1694717281919 0.955429381627094 205
1694717282181 0.5659014202386426 206
1694717282427 0.672555499094614 207
1694717282673 1.1764707085386426 208
1694717282909 0.8307690496607032 209
1694717283116 0.637069465074411 210
1694717283318 0.9710033412119154 211
1694717283545 1.0927063988349448 212
1694717283770 1.6339516140690697 213
1694717284004 0.6865509753478425 214
1694717284300 0.9807532676163176 215
1694717284489 1.0228405878172229 216
1694717284831 0.9173603472372098 217
1694717285120 1.098796814750015 218
1694717285461 1.1550943510356992 219
1694717285768 0.9448688436292945 220
1694717286062 1.0075360455165843 221
1694717286423 0.980278221767019 222
1694717286692 0.9392160122791143 223
1694717286957 0.9883943511300596 224
1694717287245 1.1021752481781757 225
1694717287448 0.700367231433058 226
1694717287740 0.9317288255709073 227
1694717288168 1.2479466280666882 228
1694717288579 0.7122200986860985 229
1694717289005 0.7427664717234483 230
1694717289327 1.00401417800926 231
1694717289732 0.785861784619787 232
1694717290016 1.257969293544243 233
1694717290296 1.0162316258289752 234
1694717290608 0.9949622114566548 235
1694717290887 0.6593104430384608 236
1694717291204 0.9822794849632412 237
1694717291487 0.9182776348639176 238
1694717291887 0.92859308957107 239
1694717292173 1.1206013216573703 240
1694717292423 1.0493404510692819 241
1694717292623 0.9577700252882374 242
1694717292901 0.7253100553264886 243
1694717293161 1.0233957663880504 244
1694717293472 0.8479205811143306 245
1694717293656 0.958197414373835 246
1694717293945 1.2551903238228965 247
1694717294210 1.3761316100795786 248
1694717294530 0.8477614024251664 249
1694717294917 0.7850914380275422 250
1694717295210 1.0979909763322626 251
1694717295491 1.0717870737586104 252
1694717295778 1.1151587720133609 253
1694717296241 1.0415545438792133 254
1694717297524 1.0735038930167664 255
1694717297699 1.0058046896214075 256
1694717297886 1.192715214971829 257
1694717298061 1.1160639959197163 258
1694717298242 1.022208185853808 259
1694717298571 1.2228011424004146 260
1694717298824 0.9448114984616997 261
1694717299078 1.3418484951987777 262
1694717299324 0.6110019904376414 263
1694717299596 0.7556037023277491 264
1694717299866 1.102174449939643 265
1694717300179 1.3731053018502761 266
1694717300489 1.1371752239471464 267
1694717300706 0.9825758237256469 268
1694717300944 0.8802386738544309 269
1694717301166 1.2431718020512752 270
1694717301378 0.9246627929661259 271
1694717301567 1.4733884306700522 272
1694717301792 0.6436579387209025 273
1694717302039 1.1500975322701998 274
1694717302311 1.0206630971301363 275
1694717302598 0.842435141411811 276
1694717302879 1.0947874505730566 277
1694717303135 0.941377273985113 278
1694717303406 1.1492675895059588 279
1694717303624 1.0033289891482873 280
1694717303809 0.8330406994875076 281
1694717304016 0.7967151317921216 282
1694717304277 0.8414118776717951 283
1694717304552 0.7836652737837914 284
1694717304760 1.2939035873043487 285
1694717304988 1.087957307085229 286
1694717305195 1.5691422876669854 287
1694717305444 0.6721920307182387 288
1694717305658 0.7023383763922638 289
1694717305866 1.0741588102369228 290
1694717306117 0.670586742228482 291
1694717306354 0.865784379869603 292
1694717306599 1.0299245529487742 293
1694717306788 0.9633349776231436 294
1694717307067 0.9961859476655599 295
1694717307292 1.142357330273736 296
1694717307553 1.0988838847647173 297
1694717307770 0.9396131612651619 298
1694717308041 0.9346186097094944 299
1694717308304 0.5197532611159544 300
1694717308629 0.9121181510016451 301
1694717308815 1.0538863937310896 302
1694717309064 0.7607863730304316 303
1694717309301 1.7285347422816355 304
1694717309553 1.4503221934863084 305
1694717309739 1.1174274525798389 306
1694717309959 0.9327617130706509 307
1694717310191 0.9335238889097528 308
1694717310466 0.795805044895257 309
1694717310709 0.5914356029086927 310
1694717310961 1.1477445307153555 311
1694717311240 0.6692883349946135 312
1694717311616 1.1708053246182086 313
1694717311801 1.113608856945615 314
1694717311963 0.5671291486523595 315
1694717312149 0.7012949462468281 316
1694717312454 0.9404258798996584 317
1694717312711 0.5918720576540711 318
1694717312916 1.240569915643612 319
1694717313165 0.7435772504524587 320
1694717313411 0.9566476801782674 321
1694717313672 0.9283968115372161 322
1694717313937 0.5564663992334384 323
1694717314191 1.1436028005360104 324
1694717314430 0.5512219101412944 325
1694717314659 0.9986757937470093 326
1694717314868 1.1323095430711863 327
1694717315071 1.3453255217031121 328
1694717315208 1.1180994570561207 329
1694717315390 1.2866782988590182 330
1694717315615 0.9678277590922941 331
1694717315807 1.133638727498614 332
1694717316073 1.075970180924272 333
1694717316426 0.853345245994081 334
1694717316899 0.7162224772804999 335
1694717317159 1.1185043639795254 336
1694717317416 0.8822879024251994 337
1694717317717 1.3771805807242967 338
1694717317936 1.087685140497839 339
1694717318244 0.9361024134936903 340
1694717318561 0.9344872417958054 341
1694717318775 0.7929108841383008 342
1694717318946 0.6532338661702365 343
1694717319159 1.0265512732427968 344
1694717319320 1.0222880999868549 345
1694717319548 0.7235833994094664 346
1694717319769 1.063947645126753 347
1694717319987 1.2883300308382444 348
1694717320308 0.6272461096849944 349
1694717320585 0.6996041652624518 350
1694717320796 0.9144351997963076 351
1694717320961 1.252298320864225 352
1694717321172 0.7356075859812863 353
1694717321392 0.4434787571416123 354
1694717321643 0.7432481767382954 355
1694717321839 1.1334834013869026 356
1694717322050 0.6361860799107346 357
1694717322341 1.2349936532731116 358
1694717322656 0.8447690827848968 359
1694717322857 0.7721405568993944 360
1694717323001 0.8603084280802478 361
1694717323187 1.0538721980555208 362
1694717323429 1.2872656270308191 363
1694717323641 1.0774386222390062 364
1694717323854 0.9992635212442156 365
1694717323998 0.96441135286054 366
1694717324130 0.9448485559977134 367
1694717324316 0.793194718662548 368
1694717324563 1.1912601952822786 369
1694717324764 0.9514043858341318 370
1694717325005 0.8960259367853819 371
1694717325165 0.6791149342585898 372
1694717325333 0.7661021776183357 373
1694717325562 0.8550928421733868 374
1694717325777 1.1077476212369552 375
1694717325969 1.696996856258035 376
1694717326189 1.031285253264445 377
1694717326427 1.2014634295787707 378
1694717326667 0.7668645054487754 379
1694717326917 0.8130833737485437 380
1694717327215 1.1509474897619654 381
1694717327433 1.287882508765393 382
1694717327705 1.114818971653278 383
1694717327910 0.9088418427385178 384
1694717328157 1.020496281186283 385
1694717328449 0.4823149122050244 386
1694717328825 1.0508198144188374 387
1694717329035 1.327207525835427 388
1694717329274 0.7755674331641533 389
1694717329538 0.7492116295674486 390
1694717329746 0.6251929462583629 391
1694717329922 1.2574519572693192 392
1694717330220 1.2317756204706158 393
1694717330459 1.2997824593295702 394
1694717330679 0.7145472330063319 395
1694717330898 0.9534243285294778 396
1694717331074 1.0866385445021722 397
1694717331274 1.0555505141908494 398
1694717331435 0.9119308382216558 399
1694717331730 0.94841296876345 400
1694717331962 1.1022592752052576 401
1694717332144 1.232019543549404 402
1694717332417 1.5489089521549875 403
1694717332699 0.7069632478795392 404
1694717332945 0.836584918340126 405
1694717333163 0.8601945880618279 406
1694717333422 1.197702535214605 407
1694717333675 0.8319200707815847 408
1694717333946 1.0554431021836832 409
1694717334196 0.8438397236080909 410
1694717334444 0.9122154068693514 411
1694717334639 0.9654383864432069 412
1694717334840 0.7757610082448699 413
1694717335056 0.8363455129315858 414
1694717335281 1.1482793474719053 415
1694717335495 1.4423281011860873 416
1694717335718 1.313376408017896 417
1694717335908 0.981003582803146 418
1694717336078 0.9049663639937815 419
1694717336348 1.0287983419964248 420
1694717336597 1.5672580887278258 421
1694717336852 1.113313800482267 422
1694717337020 1.1777449096931656 423
1694717337191 0.970755374307968 424
1694717337435 0.9337987902422539 425
1694717337709 0.7578464846378717 426
1694717337970 1.0044585883676642 427
1694717338240 0.791602867927441 428
1694717338598 0.7875855918120643 429
1694717338829 1.3229095980320535 430
1694717339059 0.7927759341235722 431
1694717339300 0.9788934923829711 432
1694717339546 0.9131811440966742 433
1694717339787 1.022676462836565 434
1694717339993 0.9034202633316848 435
1694717340290 1.7346864374363826 436
1694717340536 0.46808370141342376 437
1694717340945 1.0169137036665132 438
1694717341134 2.031055842953862 439
1694717341301 0.8781140279519641 440
1694717341533 0.8277188682592129 441
1694717341816 1.1044710264027258 442
1694717342008 0.8975090146088902 443
1694717342230 1.1610514023907799 444
1694717342478 0.9313813376839613 445
1694717342843 0.879969235982514 446
1694717343146 0.9731289815458284 447
1694717343320 0.9845948990828647 448
1694717343489 1.4053174378314972 449
1694717343738 1.025025671090109 450
1694717343969 1.4632798482508476 451
1694717344173 1.1380059381412864 452
1694717344423 0.602550166550925 453
1694717344661 1.185035146864209 454
1694717344920 1.1270822780642324 455
1694717345086 0.8161808124815403 456
1694717345364 1.1414796239042913 457
1694717345610 0.7293927205837931 458
1694717345841 0.8769939836692852 459
1694717346036 0.7989325625127928 460
1694717346210 1.2726306410518875 461
1694717346438 1.136476304808804 462
1694717346677 1.0218139776592616 463
1694717346933 1.0846023850038347 464
1694717347124 1.0743594355075181 465
1694717347389 0.9707164647627934 466
1694717347701 1.144680794847871 467
1694717347965 1.2503377324249751 468
1694717348208 0.9978877472902085 469
1694717348487 0.5916604518569676 470
1694717348689 0.9834951571379791 471
1694717348916 0.7339250943309408 472
1694717349155 0.5938749923317737 473
1694717349418 1.042206383269433 474
1694717349672 0.9376115726000657 475
1694717349970 1.0669724979928046 476
1694717350155 0.6593193853933412 477
1694717350489 1.2065644580841273 478
1694717350751 1.040475277512699 479
1694717351000 0.9862836885022012 480
1694717351157 1.1295770336287352 481
1694717351320 0.8531821568200024 482
1694717351539 0.8129057654895234 483
1694717351818 0.8268799515661678 484
1694717352083 0.8868761586162545 485
1694717352287 0.9349931459801668 486
1694717352510 1.039340979414742 487
1694717352793 1.0663569454321078 488
1694717353023 1.1161802224803412 489
1694717353234 1.168288530888853 490
1694717353474 1.7074827275102582 491
1694717353713 1.1931767335003491 492
1694717353964 0.7385017117103039 493
1694717354141 0.8628240319016336 494
1694717354398 1.2313487317711052 495
1694717354567 1.0805386406384765 496
1694717354735 1.209207115449428 497
1694717354988 1.5976185420681448 498
1694717355125 1.0069536930100011 499
