1694747372307 nan 0
1694747372612 nan 1
1694747372923 nan 2
1694747373271 nan 3
1694747373582 nan 4
1694747373950 nan 5
1694747374243 nan 6
1694747374521 nan 7
1694747374852 nan 8
1694747375147 nan 9
1694747375401 nan 10
1694747375715 nan 11
1694747376002 nan 12
1694747376286 nan 13
1694747376553 nan 14
1694747376850 nan 15
1694747377131 nan 16
1694747377349 nan 17
1694747377633 nan 18
1694747377942 nan 19
1694747378225 nan 20
1694747378559 nan 21
1694747378844 nan 22
1694747379096 nan 23
1694747379326 nan 24
1694747379586 nan 25
1694747379872 nan 26
1694747380176 nan 27
1694747380501 nan 28
1694747380932 nan 29
1694747381313 nan 30
1694747381626 nan 31
1694747381910 nan 32
1694747382266 nan 33
1694747382493 nan 34
1694747382904 nan 35
1694747383178 nan 36
1694747383489 nan 37
1694747383760 nan 38
1694747384122 nan 39
1694747384424 nan 40
1694747384708 nan 41
1694747385001 nan 42
1694747385370 nan 43
1694747385609 nan 44
1694747385905 nan 45
1694747386205 nan 46
1694747386491 nan 47
1694747386791 nan 48
1694747387098 nan 49
1694747387469 nan 50
1694747387735 nan 51
1694747388011 nan 52
1694747388311 nan 53
1694747388597 nan 54
1694747388903 nan 55
1694747389221 nan 56
1694747389502 nan 57
1694747389830 nan 58
1694747390125 nan 59
1694747390424 nan 60
1694747390712 nan 61
1694747390971 nan 62
1694747391262 nan 63
1694747391553 nan 64
1694747391896 nan 65
1694747392279 nan 66
1694747392566 nan 67
1694747392858 nan 68
1694747393159 nan 69
1694747393476 nan 70
1694747393712 nan 71
1694747394180 nan 72
1694747394485 nan 73
1694747394734 nan 74
1694747395030 nan 75
1694747395430 nan 76
1694747395693 nan 77
1694747395968 nan 78
1694747396297 nan 79
1694747396626 nan 80
1694747396922 nan 81
1694747397240 nan 82
1694747397557 nan 83
1694747397792 nan 84
1694747398065 nan 85
1694747398356 nan 86
1694747398699 nan 87
1694747398955 nan 88
1694747399182 nan 89
1694747399457 nan 90
1694747399744 nan 91
1694747400039 nan 92
1694747400284 nan 93
1694747400580 nan 94
1694747400905 nan 95
1694747401220 nan 96
1694747401500 nan 97
1694747401830 nan 98
1694747402164 nan 99
1694747402493 nan 100
1694747402762 nan 101
1694747403078 nan 102
1694747403356 nan 103
1694747403662 nan 104
1694747403922 nan 105
1694747404191 nan 106
1694747404483 nan 107
1694747404763 nan 108
1694747405056 nan 109
1694747405381 nan 110
1694747405689 nan 111
1694747405908 nan 112
1694747406189 nan 113
1694747406485 nan 114
1694747406761 nan 115
1694747407013 nan 116
1694747407293 nan 117
1694747407630 nan 118
1694747407934 nan 119
1694747408260 nan 120
1694747408554 nan 121
1694747408828 nan 122
1694747409114 nan 123
1694747409390 nan 124
1694747409748 nan 125
1694747409947 nan 126
1694747410194 nan 127
1694747410490 nan 128
1694747410794 nan 129
1694747411046 nan 130
1694747411272 nan 131
1694747411505 nan 132
1694747411836 nan 133
1694747412090 nan 134
1694747412392 nan 135
1694747412675 nan 136
1694747412941 nan 137
1694747413202 nan 138
1694747413549 nan 139
1694747413899 nan 140
1694747414190 nan 141
1694747414437 nan 142
1694747414715 nan 143
1694747415011 nan 144
1694747415261 nan 145
1694747415563 nan 146
1694747415843 nan 147
1694747416079 nan 148
1694747416402 nan 149
1694747416732 nan 150
1694747417027 nan 151
1694747417254 nan 152
1694747417468 nan 153
1694747417717 nan 154
1694747418022 nan 155
1694747418288 nan 156
1694747418650 nan 157
1694747418967 nan 158
1694747419237 nan 159
1694747419507 nan 160
1694747419846 nan 161
1694747420230 nan 162
1694747420534 nan 163
1694747420869 nan 164
1694747421138 nan 165
1694747421408 nan 166
1694747421708 nan 167
1694747422006 nan 168
1694747422337 nan 169
1694747422731 nan 170
1694747423095 nan 171
1694747423368 nan 172
1694747423657 nan 173
1694747424013 nan 174
1694747424279 nan 175
1694747424597 nan 176
1694747424913 nan 177
1694747425240 nan 178
1694747425551 nan 179
1694747425798 nan 180
1694747426094 nan 181
1694747426327 nan 182
1694747426630 nan 183
1694747426940 nan 184
1694747427226 nan 185
1694747427591 nan 186
1694747427868 nan 187
1694747428171 nan 188
1694747428442 nan 189
1694747428753 nan 190
1694747429047 nan 191
1694747429314 nan 192
1694747429628 nan 193
1694747429930 nan 194
1694747430194 nan 195
1694747430406 nan 196
1694747430712 nan 197
1694747431010 nan 198
1694747431290 nan 199
1694747431516 nan 200
1694747431849 nan 201
1694747432193 nan 202
1694747432500 nan 203
1694747432820 nan 204
1694747433139 nan 205
1694747433536 nan 206
1694747433942 nan 207
1694747434236 nan 208
1694747434465 nan 209
1694747434766 nan 210
1694747435073 nan 211
1694747435338 nan 212
1694747435542 nan 213
1694747435813 nan 214
1694747436107 nan 215
1694747436444 nan 216
1694747436672 nan 217
1694747436909 nan 218
1694747437213 nan 219
1694747437495 nan 220
1694747437800 nan 221
1694747438081 nan 222
1694747438367 nan 223
1694747438651 nan 224
1694747438902 nan 225
1694747439266 nan 226
1694747439601 nan 227
1694747439843 nan 228
1694747440050 nan 229
1694747440327 nan 230
1694747440555 nan 231
1694747440886 nan 232
1694747441180 nan 233
1694747441456 nan 234
1694747441713 nan 235
1694747441944 nan 236
1694747442231 nan 237
1694747442492 nan 238
1694747442762 nan 239
1694747443117 nan 240
1694747443401 nan 241
1694747443662 nan 242
1694747443943 nan 243
1694747444276 nan 244
1694747444534 nan 245
1694747444819 nan 246
1694747445161 nan 247
1694747445454 nan 248
1694747445713 nan 249
1694747445943 nan 250
1694747446273 nan 251
1694747446512 nan 252
1694747446787 nan 253
1694747447087 nan 254
1694747447434 nan 255
1694747447732 nan 256
1694747448004 nan 257
1694747448312 nan 258
1694747448583 nan 259
1694747448838 nan 260
1694747449152 nan 261
1694747449470 nan 262
1694747449799 nan 263
1694747450087 nan 264
1694747450391 nan 265
1694747450743 nan 266
1694747451056 nan 267
1694747451314 nan 268
1694747451552 nan 269
1694747451867 nan 270
1694747452260 nan 271
1694747452597 nan 272
1694747452860 nan 273
1694747453155 nan 274
1694747453434 nan 275
1694747453727 nan 276
1694747454162 nan 277
1694747454424 nan 278
1694747454677 nan 279
1694747454944 nan 280
1694747455242 nan 281
1694747455543 nan 282
1694747455843 nan 283
1694747456133 nan 284
1694747456506 nan 285
1694747456829 nan 286
1694747457108 nan 287
1694747457468 nan 288
1694747457830 nan 289
1694747458173 nan 290
1694747458511 nan 291
1694747458824 nan 292
1694747459058 nan 293
1694747459352 nan 294
1694747459701 nan 295
1694747460036 nan 296
1694747460347 nan 297
1694747460690 nan 298
1694747460958 nan 299
1694747461313 nan 300
1694747461590 nan 301
1694747461887 nan 302
1694747462191 nan 303
1694747462547 nan 304
1694747462823 nan 305
1694747463088 nan 306
1694747463393 nan 307
1694747463687 nan 308
1694747463993 nan 309
1694747464316 nan 310
1694747464626 nan 311
1694747464921 nan 312
1694747465196 nan 313
1694747465522 nan 314
1694747465856 nan 315
1694747466077 nan 316
1694747466289 nan 317
1694747466612 nan 318
1694747466910 nan 319
1694747467133 nan 320
1694747467416 nan 321
1694747467665 nan 322
1694747467932 nan 323
1694747468165 nan 324
1694747468473 nan 325
1694747468780 nan 326
1694747469088 nan 327
1694747469375 nan 328
1694747469737 nan 329
1694747470031 nan 330
1694747470252 nan 331
1694747470540 nan 332
1694747470807 nan 333
1694747471049 nan 334
1694747471287 nan 335
1694747471577 nan 336
1694747471963 nan 337
1694747472269 nan 338
1694747472622 nan 339
1694747472943 nan 340
1694747473206 nan 341
1694747473492 nan 342
1694747473802 nan 343
1694747474167 nan 344
1694747474439 nan 345
1694747474738 nan 346
1694747475052 nan 347
1694747475313 nan 348
1694747475638 nan 349
1694747475911 nan 350
1694747476187 nan 351
1694747476523 nan 352
1694747476803 nan 353
1694747477123 nan 354
1694747477391 nan 355
1694747477689 nan 356
1694747477964 nan 357
1694747478230 nan 358
1694747478578 nan 359
1694747478880 nan 360
1694747479143 nan 361
1694747479388 nan 362
1694747479663 nan 363
1694747480107 nan 364
1694747480363 nan 365
1694747480627 nan 366
1694747480977 nan 367
1694747481258 nan 368
1694747481558 nan 369
1694747481868 nan 370
1694747482222 nan 371
1694747482524 nan 372
1694747482811 nan 373
1694747483159 nan 374
1694747483449 nan 375
1694747483750 nan 376
1694747484093 nan 377
1694747484364 nan 378
1694747484619 nan 379
1694747484908 nan 380
1694747485282 nan 381
1694747485620 nan 382
1694747485881 nan 383
1694747486171 nan 384
1694747486415 nan 385
1694747486726 nan 386
1694747487001 nan 387
1694747487316 nan 388
1694747487588 nan 389
1694747487867 nan 390
1694747488136 nan 391
1694747488400 nan 392
1694747488670 nan 393
1694747488987 nan 394
1694747489290 nan 395
1694747489587 nan 396
1694747489925 nan 397
1694747490205 nan 398
1694747490478 nan 399
1694747490710 nan 400
1694747491011 nan 401
1694747491316 nan 402
1694747491610 nan 403
1694747492037 nan 404
1694747492383 nan 405
1694747492657 nan 406
1694747492936 nan 407
1694747493206 nan 408
1694747493478 nan 409
1694747493705 nan 410
1694747494034 nan 411
1694747494402 nan 412
1694747494692 nan 413
1694747494988 nan 414
1694747495330 nan 415
1694747495579 nan 416
1694747495818 nan 417
1694747496072 nan 418
1694747496438 nan 419
1694747496678 nan 420
1694747496934 nan 421
1694747497231 nan 422
1694747497489 nan 423
1694747497728 nan 424
1694747497949 nan 425
1694747498193 nan 426
1694747498552 nan 427
1694747498835 nan 428
1694747499145 nan 429
1694747499480 nan 430
1694747499743 nan 431
1694747499991 nan 432
1694747500278 nan 433
1694747500601 nan 434
1694747500923 nan 435
1694747501209 nan 436
1694747501475 nan 437
1694747501770 nan 438
1694747502008 nan 439
1694747502372 nan 440
1694747502726 nan 441
1694747502999 nan 442
1694747503259 nan 443
1694747503534 nan 444
1694747503854 nan 445
1694747504191 nan 446
1694747504486 nan 447
1694747504745 nan 448
1694747505027 nan 449
1694747505384 nan 450
1694747505703 nan 451
1694747505944 nan 452
1694747506183 nan 453
1694747506425 nan 454
1694747506727 nan 455
1694747506987 nan 456
1694747507296 nan 457
1694747507669 nan 458
1694747507892 nan 459
1694747508177 nan 460
1694747508481 nan 461
1694747508782 nan 462
1694747509083 nan 463
1694747509392 nan 464
1694747509757 nan 465
1694747509983 nan 466
1694747510271 nan 467
1694747510594 nan 468
1694747510860 nan 469
1694747511089 nan 470
1694747511395 nan 471
1694747511715 nan 472
1694747512020 nan 473
1694747512381 nan 474
1694747512713 nan 475
1694747512986 nan 476
1694747513282 nan 477
1694747513598 nan 478
1694747513882 nan 479
1694747514223 nan 480
1694747514459 nan 481
1694747514752 nan 482
1694747514993 nan 483
1694747515264 nan 484
1694747515590 nan 485
1694747515877 nan 486
1694747516084 nan 487
1694747516377 nan 488
1694747516716 nan 489
1694747516954 nan 490
1694747517167 nan 491
1694747517403 nan 492
1694747517694 nan 493
1694747517942 nan 494
1694747518181 nan 495
1694747518408 nan 496
1694747518772 nan 497
1694747519015 nan 498
1694747519289 nan 499
