1694734641656 166.33411504186228 0
1694734641993 162.44565539092923 1
1694734642331 160.56483954193072 2
1694734642732 158.69459415444484 3
1694734643044 156.84654986193792 4
1694734643324 155.0203735941604 5
1694734643605 153.21580688831264 6
1694734643916 151.43259391981735 7
1694734644222 149.6704818958262 8
1694734644529 147.92922101677954 9
1694734644880 146.20856444097427 10
1694734645250 144.50826824953614 11
1694734645563 142.82809141180704 12
1694734645912 141.167795751142 13
1694734646269 139.52714591111152 14
1694734646570 137.90590932210398 15
1694734646918 136.3038561683235 16
1694734647274 134.72075935517896 17
1694734647562 133.15639447705885 18
1694734647872 131.61053978548807 19
1694734648272 130.08297615766162 20
1694734648559 128.5734870653511 21
1694734648876 127.08185854417913 22
1694734649206 125.60787916325832 23
1694734649538 124.15133999518909 24
1694734649849 122.712034586413 25
1694734650159 121.28975892791756 26
1694734650447 119.8843114262874 27
1694734650886 118.4954928750987 28
1694734651219 117.12310642665228 29
1694734651611 115.76695756404128 30
1694734651987 114.4268540735499 31
1694734652375 113.10260601737879 32
1694734652675 111.79402570669367 33
1694734652986 110.5009276749929 34
1694734653345 109.22312865179055 35
1694734653677 107.96044753661128 36
1694734654062 106.7127053732929 37
1694734654374 105.47972532459355 38
1694734654696 104.26133264709932 39
1694734655034 103.05735466642936 40
1694734655374 101.86762075273428 41
1694734655669 100.69196229648502 42
1694734655994 99.53021268454823 43
1694734656344 98.38220727654512 44
1694734656692 97.24778338149018 45
1694734657049 96.12678023470671 46
1694734657400 95.01903897501549 47
1694734657706 93.9244026221939 48
1694734658050 92.84271605470174 49
1694734658354 91.77382598767095 50
1694734658668 90.717580951156 51
1694734658981 89.67383126864175 52
1694734659320 88.64242903580597 53
1694734659643 87.62322809953334 54
1694734660014 86.61608403717786 55
1694734660385 85.62085413607099 56
1694734660740 84.63739737327242 57
1694734661087 83.66557439556064 58
1694734661421 82.70524749966043 59
1694734661702 81.7562806127046 60
1694734661957 80.81853927292713 61
1694734662306 79.89189061058477 62
1694734662661 78.97620332910478 63
1694734662954 78.0713476864558 64
1694734663320 77.17719547673951 65
1694734663648 76.29362001200005 66
1694734664037 75.42049610424904 67
1694734664368 74.55770004770343 68
1694734664707 73.7051096012337 69
1694734665030 72.86260397101985 70
1694734665311 72.03006379341292 71
1694734665644 71.20737111799937 72
1694734665967 70.3944093908661 73
1694734666300 69.59106343806347 74
1694734666603 68.79721944926453 75
1694734666861 68.01276496161731 76
1694734667344 67.23758884378873 77
1694734667620 66.47158128019717 78
1694734668021 65.71463375543213 79
1694734668297 64.96663903885788 80
1694734668590 64.22749116939998 81
1694734668898 63.497085440511604 82
1694734669188 62.775318385318045 83
1694734669510 62.06208776193717 84
1694734669806 61.35729253897362 85
1694734670219 60.66083288118486 86
1694734670543 59.97261013531696 87
1694734670810 59.29252681610816 88
1694734671133 58.62048659245806 89
1694734671472 57.95639427376085 90
1694734671790 57.300155796400034 91
1694734672111 56.65167821040346 92
1694734672548 56.01086966625608 93
1694734672859 55.37763940186911 94
1694734673183 54.751897729703344 95
1694734673549 54.13355602404506 96
1694734673819 53.52252670843256 97
1694734674199 52.91872324323165 98
1694734674552 52.322060113358184 99
1694734674995 51.73245281614611 100
1694734675322 51.14981784935909 101
1694734675644 50.57407269934417 102
1694734675925 50.00513582932562 103
1694734676245 49.44292666783759 104
1694734676581 48.88736559729355 105
1694734676847 48.33837394269128 106
1694734677277 47.79587396045141 107
1694734677595 47.259788827388384 108
1694734677856 46.73004262981183 109
1694734678192 46.20656035275707 110
1694734678534 45.68926786934325 111
1694734678868 45.178091930257295 112
1694734679207 44.67296015336259 113
1694734679565 44.173801013430634 114
1694734679839 43.680543831994335 115
1694734680156 43.19311876732136 116
1694734680477 42.71145680450638 117
1694734680782 42.23548974568054 118
1694734681103 41.76515020033682 119
1694734681415 41.300371575770235 120
1694734681805 40.84108806763083 121
1694734682150 40.38723465058894 122
1694734682586 39.9387470691107 123
1694734682931 39.49556182834307 124
1694734683289 39.05761618510648 125
1694734683623 38.62484813899447 126
1694734684030 38.19719642357849 127
1694734684385 37.77460049771691 128
1694734684718 37.3570005369671 129
1694734685027 36.94433742509895 130
1694734685340 36.536552745709145 131
1694734685662 36.133588773934555 132
1694734685981 35.73538846826389 133
1694734686372 35.34189546244618 134
1694734686693 34.95305405749525 135
1694734686975 34.568809213788725 136
1694734687333 34.18910654326071 137
1694734687678 33.81389230168684 138
1694734687991 33.443113381060776 139
1694734688340 33.07671730206087 140
1694734688709 32.71465220660618 141
1694734689027 32.356866850500516 142
1694734689343 32.00331059616362 143
1694734689698 31.653933405448548 144
1694734689992 31.308685832543876 145
1694734690308 30.967519016960175 146
1694734690652 30.630384676599444 147
1694734690997 30.297235100906626 148
1694734691321 29.968023144102183 149
1694734691683 29.642702218494904 150
1694734691950 29.32122628787387 151
1694734692316 29.00354986097858 152
1694734692665 28.689627985046524 153
1694734692945 28.379416239437152 154
1694734693351 28.07287072933124 155
1694734693698 27.769948079504978 156
1694734694004 27.470605428177787 157
1694734694347 27.17480042093291 158
1694734694678 26.882491204710043 159
1694734694993 26.593636421869107 160
1694734695320 26.308195204324313 161
1694734695714 26.02612716774771 162
1694734696008 25.74739240584129 163
1694734696293 25.471951484677053 164
1694734696618 25.199765437103974 165
1694734696952 24.93079575722131 166
1694734697243 24.665004394917258 167
1694734697584 24.402353750472333 168
1694734697894 24.142806669226655 169
1694734698326 23.88632643631038 170
1694734698652 23.63287677143652 171
1694734698935 23.382421823755422 172
1694734699211 23.134926166770224 173
1694734699567 22.890354793312476 174
1694734699873 22.648673110577246 175
1694734700218 22.40984693521707 176
1694734700544 22.173842488494003 177
1694734700863 21.94062639148895 178
1694734701161 21.710165660367952 179
1694734701505 21.482427701704303 180
1694734701817 21.257380307856195 181
1694734702095 21.03499165239907 182
1694734702475 20.815230285612056 183
1694734702815 20.598065130017822 184
1694734703172 20.383465475975306 185
1694734703527 20.171400977324616 186
1694734703848 19.961841647083418 187
1694734704197 19.75475785319444 188
1694734704524 19.550120314323202 189
1694734704959 19.347900095705583 190
1694734705298 19.148068605044504 191
1694734705600 18.95059758845526 192
1694734705923 18.75545912645881 193
1694734706259 18.562625630022556 194
1694734706555 18.372069836647963 195
1694734706863 18.183764806504566 196
1694734707240 17.99768391860969 197
1694734707568 17.813800867053484 198
1694734707904 17.632089657268544 199
1694734708296 17.452524602343857 200
1694734708564 17.275080319382234 201
1694734708835 17.099731725901048 202
1694734709102 16.926454036275416 203
1694734709487 16.755222758223645 204
1694734709799 16.58601368933419 205
1694734710069 16.41880291363383 206
1694734710412 16.253566798196392 207
1694734710777 16.090281989791695 208
1694734711101 15.92892541157417 209
1694734711442 15.769474259810641 210
1694734711819 15.611906000646918 211
1694734712126 15.456198366912643 212
1694734712469 15.302329354963964 213
1694734712794 15.15027722156363 214
1694734713069 15.000020480798 215
1694734713381 14.851537901030552 216
1694734713715 14.704808501891522 217
1694734714182 14.559811551303113 218
1694734714493 14.416526562539978 219
1694734714822 14.274933291324503 220
1694734715109 14.135011732956476 221
1694734715389 13.996742119476746 222
1694734715697 13.860104916864492 223
1694734715998 13.72508082226763 224
1694734716337 13.59165076126607 225
1694734716653 13.459795885167336 226
1694734716997 13.329497568334219 227
1694734717278 13.200737405544121 228
1694734717533 13.073497209379584 229
1694734717847 12.94775900764979 230
1694734718171 12.823505040842539 231
1694734718601 12.700717759606457 232
1694734718921 12.579379822262956 233
1694734719239 12.459474092347705 234
1694734719555 12.340983636181182 235
1694734719922 12.223891720467996 236
1694734720236 12.10818180992465 237
1694734720581 11.99383756493539 238
1694734720992 11.88084283923579 239
1694734721313 11.769181677623811 240
1694734721699 11.658838313697906 241
1694734722040 11.549797167621948 242
1694734722414 11.442042843916624 243
1694734722752 11.33556012927694 244
1694734723127 11.230333990415629 245
1694734723512 11.126349571932051 246
1694734723881 11.023592194206325 247
1694734724217 10.922047351318433 248
1694734724565 10.821700708991939 249
1694734724905 10.722538102562043 250
1694734725174 10.62454553496773 251
1694734725480 10.527709174767649 252
1694734725818 10.432015354179537 253
1694734726160 10.33745056714282 254
1694734726499 10.244001467404166 255
1694734726836 10.151654866625693 256
1694734727137 10.060397732515614 257
1694734727468 9.970217186980983 258
1694734727886 9.881100504302303 259
1694734728157 9.793035109329809 260
1694734728466 9.706008575701027 261
1694734728809 9.620008624079496 262
1694734729121 9.535023120414339 263
1694734729411 9.451040074220403 264
1694734729677 9.368047636878815 265
1694734730026 9.286034099957618 266
1694734730306 9.204987893552312 267
1694734730636 9.124897584646046 268
1694734730958 9.045751875489216 269
1694734731285 8.967539601998265 270
1694734731621 8.890249732173402 271
1694734731950 8.813871364535117 272
1694734732317 8.738393726579176 273
1694734732687 8.663806173249863 274
1694734733031 8.590098185431415 275
1694734733288 8.517259368457195 276
1694734733607 8.445279450636592 277
1694734733933 8.374148281799354 278
1694734734329 8.303855831857126 279
1694734734728 8.234392189382048 280
1694734735054 8.165747560202169 281
1694734735363 8.097912266013516 282
1694734735683 8.030876743008541 283
1694734735961 7.964631540520891 284
1694734736242 7.899167319686122 285
1694734736514 7.834474852118372 286
1694734736929 7.770545018602621 287
1694734737234 7.707368807802508 288
1694734737533 7.644937314983362 289
1694734737885 7.583241740750433 290
1694734738212 7.522273389802024 291
1694734738550 7.462023669697375 292
1694734738933 7.402484089639173 293
1694734739263 7.343646259270428 294
1694734739606 7.28550188748565 295
1694734739908 7.2280427812560575 296
1694734740218 7.171260844468704 297
1694734740522 7.115148076779368 298
1694734740883 7.059696572479001 299
1694734741258 7.004898519373635 300
1694734741661 6.950746197677484 301
1694734742004 6.8972319789192245 302
1694734742353 6.8443483248611825 303
1694734742666 6.792087786431313 304
1694734742982 6.74044300266786 305
1694734743273 6.689406699676474 306
1694734743597 6.638971689599716 307
1694734743927 6.5891308695987085 308
1694734744279 6.539877220846896 309
1694734744569 6.491203807535702 310
1694734744867 6.4431037758919265 311
1694734745188 6.395570353206829 312
1694734745474 6.348596846876676 313
1694734745792 6.302176643454657 314
1694734746183 6.256303207714021 315
1694734746484 6.210970081722293 316
1694734746817 6.1661708839264975 317
1694734747162 6.121899308249138 318
1694734747415 6.0781491231949625 319
1694734747741 6.034914170968221 320
1694734748062 5.992188366600466 321
1694734748456 5.949965697088604 322
1694734748796 5.9082402205431706 323
1694734749143 5.867006065346695 324
1694734749464 5.8262574293220455 325
1694734749794 5.785988578910614 326
1694734750134 5.746193848360198 327
1694734750438 5.706867638922531 328
1694734750827 5.6680044180603 329
1694734751188 5.629598718663577 330
1694734751515 5.591645138275499 331
1694734751845 5.55413833832709 332
1694734752216 5.517073043381201 333
1694734752579 5.480444040385381 334
1694734752897 5.444246177933575 335
1694734753254 5.408474365536568 336
1694734753531 5.373123572901092 337
1694734753860 5.338188829217428 338
1694734754213 5.303665222455472 339
1694734754484 5.26954789866911 340
1694734754783 5.235832061308879 341
1694734755058 5.20251297054269 342
1694734755394 5.169585942584642 343
1694734755711 5.137046349031796 344
1694734756125 5.104889616208751 345
1694734756438 5.073111224520022 346
1694734756728 5.041706707810053 347
1694734757078 5.010671652730815 348
1694734757451 4.98000169811694 349
1694734757821 4.949692534368172 350
1694734758232 4.9197399028391695 351
1694734758566 4.890139595236553 352
1694734758884 4.860887453023042 353
1694734759182 4.831979366828685 354
1694734759482 4.803411275869033 355
1694734759817 4.775179167370244 356
1694734760212 4.747279076000917 357
1694734760529 4.719707083310745 358
1694734760882 4.692459317175736 359
1694734761254 4.665531951250044 360
1694734761548 4.638921204424269 361
1694734761868 4.612623340290194 362
1694734762250 4.586634666611834 363
1694734762668 4.560951534802744 364
1694734762969 4.535570339409543 365
1694734763292 4.51048751760154 366
1694734763629 4.485699548666379 367
1694734763963 4.461202953511685 368
1694734764311 4.436994294172603 369
1694734764676 4.413070173325142 370
1694734765024 4.3894272338053115 371
1694734765368 4.366062158133943 372
1694734765644 4.342971668047125 373
1694734766000 4.320152524032209 374
1694734766320 4.297601524869286 375
1694734766662 4.275315507178134 376
1694734767007 4.253291344970487 377
1694734767356 4.231525949207604 378
1694734767630 4.210016267363122 379
1694734767994 4.188759282991038 380
1694734768351 4.167752015298812 381
1694734768668 4.146991518725542 382
1694734768976 4.1264748825251205 383
1694734769433 4.106199230354323 384
1694734769745 4.086161719865774 385
1694734770089 4.066359542305725 386
1694734770399 4.046789922116621 387
1694734770707 4.027450116544338 388
1694734771063 4.008337415250101 389
1694734771465 3.9894491399269465 390
1694734771785 3.9707826439207854 391
1694734772094 3.952335311855921 392
1694734772492 3.9341045592649864 393
1694734772746 3.9160878322232944 394
1694734773001 3.898282606987483 395
1694734773317 3.8806863896384742 396
1694734773671 3.863296715728631 397
1694734773989 3.8461111499330887 398
1694734774312 3.8291272857052445 399
1694734774638 3.812342744936289 400
1694734774930 3.7957551776187777 401
1694734775271 3.779362261514214 402
1694734775596 3.7631617018245236 403
1694734775912 3.7471512308674533 404
1694734776247 3.7313286077557772 405
1694734776569 3.7156916180803377 406
1694734776832 3.7002380735968012 407
1694734777168 3.6849658119161597 408
1694734777492 3.669872696198858 409
1694734777826 3.6549566148525736 410
1694734778148 3.640215481233547 411
1694734778512 3.625647233351467 412
1694734778816 3.611249833577835 413
1694734779170 3.597021268357797 414
1694734779500 3.5829595479253817 415
1694734779798 3.569062706022086 416
1694734780135 3.5553287996188274 417
1694734780483 3.5417559086411576 418
1694734780793 3.5283421356977462 419
1694734781100 3.515085605812081 420
1694734781417 3.501984466157316 421
1694734781718 3.489036885794302 422
1694734782012 3.4762410554126753 423
1694734782368 3.463595187075037 424
1694734782683 3.451097513964149 425
1694734783051 3.4387462901331265 426
1694734783341 3.426539790258585 427
1694734783667 3.414476309396708 428
1694734783998 3.4025541627422093 429
1694734784347 3.3907716853901304 430
1694734784688 3.379127232100499 431
1694734784986 3.367619177065696 432
1694734785328 3.356245913680665 433
1694734785672 3.3450058543157764 434
1694734785939 3.3338974300924185 435
1694734786287 3.322919090661207 436
1694734786600 3.31206930398286 437
1694734786934 3.301346556111646 438
1694734787266 3.2907493509813825 439
1694734787665 3.2802762101939966 440
1694734788011 3.2699256728105683 441
1694734788387 3.259696295144847 442
1694734788707 3.249586650559218 443
1694734789027 3.2395953292630777 444
1694734789387 3.229720938113608 445
1694734789705 3.219962100418894 446
1694734790064 3.2103174557433767 447
1694734790449 3.200785659715606 448
1694734790737 3.1913653838382836 449
1694734791018 3.1820553153005213 450
1694734791350 3.1728541567923663 451
1694734791708 3.1637606263214724 452
1694734791975 3.1547734570319768 453
1694734792395 3.145891397025518 454
1694734792733 3.1371132091843448 455
1694734793093 3.128437670996542 456
1694734793470 3.11986357438333 457
1694734793778 3.1113897255283796 458
1694734794120 3.1030149447091784 459
1694734794491 3.094738066130374 460
1694734794882 3.086557937759086 461
1694734795198 3.078473421162191 462
1694734795538 3.070483391345499 463
1694734795817 3.0625867365948696 464
1694734796106 3.054782358319171 465
1694734796411 3.0470691708951327 466
1694734796790 3.039446101514002 467
1694734797117 3.031912090030039 468
1694734797447 3.024466088810808 469
1694734797741 3.017107062589204 470
1694734798031 3.009833988317273 471
1694734798363 3.0026458550217305 472
1694734798714 2.9955416636612164 473
1694734799011 2.9885204269852292 474
1694734799338 2.9815811693946994 475
1694734799681 2.9747229268042688 476
1694734799976 2.967944746506148 477
1694734800301 2.961245687035628 478
1694734800636 2.954624818038144 479
1694734800925 2.9480812201379387 480
1694734801208 2.941613984808269 481
1694734801541 2.9352222142431557 482
1694734801876 2.9289050212306322 483
1694734802158 2.922661529027521 484
1694734802521 2.9164908712356716 485
1694734802835 2.9103921916796702 486
1694734803091 2.904364644285996 487
1694734803427 2.8984073929636005 488
1694734803791 2.892519611485913 489
1694734804093 2.8867004833742262 490
1694734804444 2.8809492017824767 491
1694734804779 2.875264969383378 492
1694734805147 2.8696469982559134 493
1694734805502 2.864094509774139 494
1694734805824 2.858606734497332 495
1694734806157 2.853182912061402 496
1694734806445 2.8478222910716187 497
1694734806746 2.842524128996597 498
1694734807000 2.837287692063534 499
