1694745584274 2.616750851712302 0
1694745584436 1.7971154330698498 1
1694745584635 2.5358268088612554 2
1694745584882 2.286243395433495 3
1694745585119 2.7758068682080173 4
1694745585346 3.6677811361878736 5
1694745585536 2.541676574937634 6
1694745585704 1.856449861865218 7
1694745585870 2.2082332839694065 8
1694745586123 2.795885384920422 9
1694745586344 1.8139976849225816 10
1694745586567 1.7088639403607004 11
1694745586780 1.4602220065373555 12
1694745587009 2.686841554623266 13
1694745587250 2.4636091663648205 14
1694745587443 1.908484330008887 15
1694745587653 1.546456360735402 16
1694745587895 2.581511415661351 17
1694745588178 2.2969486566594663 18
1694745588388 2.559193116092393 19
1694745588541 2.539058188658988 20
1694745588799 1.4141333480514333 21
1694745589027 2.4246341089074703 22
1694745589283 3.010663789940935 23
1694745589452 2.6691736858566397 24
1694745589615 2.5060597244731433 25
1694745589784 2.920800594922402 26
1694745589948 2.735355222333995 27
1694745590116 2.435864626287319 28
1694745590427 2.4410693602407183 29
1694745590708 2.7144523569675436 30
1694745590949 2.015291881124766 31
1694745591136 1.590067404381195 32
1694745591341 1.7369579784809979 33
1694745591496 1.9823929481797782 34
1694745591686 3.741396723167111 35
1694745591839 1.9899536738453159 36
1694745592000 2.475117908188163 37
1694745592157 2.473890950916251 38
1694745592360 2.3044640926427533 39
1694745592567 3.028732618996313 40
1694745592793 2.356688067524118 41
1694745592983 2.0109983074968714 42
1694745593252 1.465136836427153 43
