1694752702617 169.33022702445763 0
1694752702937 37.718794421535335 1
1694752703311 143.23852988707563 2
1694752703718 91.59460711667668 3
1694752704058 163.37481099406529 4
1694752704460 155.46248532033482 5
1694752704850 215.0364539825747 6
1694752705160 237.50144001002823 7
1694752705551 300.45344348428165 8
1694752705932 350.6779368272589 9
1694752706364 429.92035726270905 10
1694752706771 512.1667661800749 11
1694752707085 621.12648069695 12
1694752707419 745.6799834210957 13
1694752707775 901.0653006293327 14
1694752708134 1085.008612934067 15
1694752708485 1309.670582687471 16
1694752708917 1578.981726872779 17
1694752709314 1905.4386157747533 18
1694752709686 2298.53601544864 19
1694752710013 2773.7669672484712 20
1694752710348 3346.92634181579 21
1694752710756 4039.1774353789715 22
1694752711101 4874.555235277747 23
1694752711919 5883.163743446908 24
1694752712369 7100.556295714206 25
1694752712757 8570.217812686893 26
1694752713307 10344.231661895757 27
1694752713795 12485.764640084788 28
1694752714128 15070.855151347252 29
1694752714512 18191.445502271457 30
1694752714864 21958.41221400335 31
1694752715215 26505.678425769805 32
1694752715638 31994.850444857828 33
1694752715930 38621.05102559145 34
1694752716228 46619.79052357926 35
1694752716609 56275.38423664805 36
1694752716908 67931.02467198296 37
1694752717211 82001.00409056772 38
1694752717595 98985.4227209768 39
1694752718008 119487.97685929747 40
1694752718389 144237.40760417763 41
1694752718687 174113.40974855048 42
1694752719023 210177.89494401333 43
1694752719347 253712.73967519283 44
1694752719645 306265.3458254046 45
1694752720024 369703.6432857152 46
1694752720439 446282.4823739577 47
1694752720799 538723.7811409996 48
1694752721114 650313.272551325 49
1694752721455 785017.2930368818 50
1694752721838 947623.7615961453 51
1694752722157 1143912.3618121885 52
1694752722547 1380859.9747193174 53
1694752722878 1666888.6651581773 54
1694752723168 2012165.0355150173 55
1694752723428 2428961.5874553164 56
1694752723727 2932092.9356157733 57
1694752723998 3539442.3782308567 58
1694752724271 4272597.54097441 59
1694752724643 5157617.6874412885 60
1694752724962 6225959.9694746435 61
1694752725234 7515597.540029693 62
1694752725643 9072369.270733666 63
1694752726032 10951609.048524106 64
1694752726382 13220112.563057562 65
1694752726722 15958511.492385153 66
1694752727071 19264139.474929113 67
1694752727385 23254491.735861678 68
1694752727734 28071401.33682477 69
1694752728091 33886080.48959392 70
1694752728433 40905206.12211288 71
1694752728842 49378266.00223018 72
1694752729092 59606426.529724285 73
1694752729456 71953237.39337394 74
1694752729789 86857553.57935415 75
1694752730119 104849134.03076185 76
1694752730457 126567471.39695115 77
1694752730796 152784522.15719727 78
1694752731120 184432145.03809726 79
1694752731472 222635222.99568266 80
1694752731864 268751646.0498192 81
1694752732202 324420576.1205649 82
1694752732494 391620709.39160293 83
1694752732866 472740607.07791466 84
1694752733130 570663594.434155 85
1694752733423 688870245.6536944 86
1694752733709 831562097.381063 87
1694752734025 1003810988.1103164 88
1694752734344 1211739331.5881634 89
1694752734679 1462737731.8588402 90
1694752734991 1765727674.8588488 91
1694752735288 2131478633.6703308 92
1694752735583 2572990858.6206985 93
1694752735944 3105957458.1179733 94
1694752736303 3749322194.4208493 95
1694752736695 4525952820.633634 96
1694752737035 5463453892.0130205 97
1694752737391 6595147942.147854 98
1694752737747 7961259898.93333 99
1694752738033 9610346839.21539 100
1694752738380 11601023901.297415 101
1694752738787 14004047701.13523 102
1694752739089 16904831305.155584 103
1694752739414 20406480151.879997 104
1694752739761 24633456831.137424 105
1694752740050 29736004981.760788 106
1694752740355 35895489550.76576 107
1694752740637 43330843228.15839 108
1694752740972 52306348189.41958 109
1694752741229 63141029739.884125 110
1694752741588 76219995748.66469 111
1694752741914 92008124920.90634 112
1694752742192 111066590444.25443 113
1694752742508 134072806325.9477 114
1694752742902 161844505393.04514 115
1694752743354 195368804784.11298 116
1694752743792 235837292036.0674 117
1694752744113 284688378865.87714 118
1694752744475 343658428069.73895 119
1694752744860 414843470793.98584 120
1694752745202 500773707856.10754 121
1694752745577 604503443190.4855 122
1694752745931 729719646012.7969 123
1694752746282 880873000436.1547 124
1694752746693 1063336100565.8949 125
1694752747030 1283594413958.7134 126
1694752747358 1549476801050.422 127
1694752747760 1870433784133.77 128
1694752748106 2257873456677.525 129
1694752748498 2725566972546.0737 130
1694752748893 3290138027826.3804 131
1694752749220 3971653733402.046 132
1694752749557 4794337880246.404 133
1694752749905 5787431949732.801 134
1694752750278 6986234472708.402 135
1694752750594 8433355680305.513 136
1694752750919 10180232041792.71 137
1694752751194 12288954522192.146 138
1694752751544 14834475543242.637 139
1694752751893 17907273091918.945 140
1694752752221 21616566669567.176 141
1694752752627 26094199389337.242 142
1694752752940 31499324207165.0 143
1694752753211 38024060853675.34 144
1694752753544 45900324536966.97 145
1694752753825 55408069135657.805 146
1694752754118 66885237878204.96 147
1694752754388 80739775195397.9 148
1694752754719 97464126695251.64 149
1694752755039 117652742647338.12 150
1694752755331 142023207120319.5 151
1694752755698 171441743786646.5 152
1694752756052 206954004972621.0 153
1694752756333 249822238319671.62 154
1694752756740 301570152108472.5 155
1694752757157 364037073938769.4 156
1694752757477 439443327780773.75 157
1694752757794 530469153159718.4 158
1694752758139 640349971576699.1 159
1694752758476 772991386315009.8 160
1694752758812 933108003184523.6 161
1694752759150 1126391006448014.0 162
1694752759460 1359710446247314.8 163
1694752759801 1641359427632648.0 164
1694752760110 1981348880648781.0 165
1694752760475 2391763388784579.0 166
1694752760894 2887190723350615.5 167
1694752761219 3485240351152751.0 168
1694752761685 4207169345295885.0 169
1694752762004 5078637946488535.0 170
1694752762323 6130621630515645.0 171
1694752762672 7400512100401428.0 172
1694752763010 8933446336922533.0 173
1694752763300 1.078391094723643e+16 174
1694752763650 1.301767883658515e+16 175
1694752764019 1.5714147040124082e+16 176
1694752764296 1.8969158810759016e+16 177
1694752764622 2.2898410271268216e+16 178
1694752764969 2.7641562716736084e+16 179
1694752765278 3.3367206734956348e+16 180
1694752765566 4.027885458947677e+16 181
1694752765908 4.86221738585196e+16 182
1694752766264 5.869371944220471e+16 183
1694752766681 7.085147430849823e+16 184
1694752767006 8.5527573638111e+16 185
1694752767345 1.032436646352905e+17 186
1694752767710 1.2462944795354949e+17 187
1694752768058 1.5044505977267722e+17 188
1694752768435 1.8160809007547088e+17 189
1694752768801 2.1922619746168768e+17 190
1694752769161 2.646364797600068e+17 191
1694752769411 3.194529998268455e+17 192
1694752769683 3.8562415578879277e+17 193
1694752769948 4.655019348962847e+17 194
1694752770289 5.619255125471646e+17 195
1694752770657 6.783221679234173e+17 196
1694752771061 8.188291031859946e+17 197
1694752771386 9.884404961685955e+17 198
1694752771731 1.1931850134106604e+18 199
1694752772054 1.440340093051956e+18 200
1694752772398 1.7386906140589496e+18 201
1694752772778 2.0988411459206953e+18 202
1694752773157 2.5335928774159365e+18 203
1694752773528 3.058398622005722e+18 204
1694752773862 3.691912072561018e+18 205
1694752774176 4.4566508281327283e+18 206
1694752774491 5.379796759384457e+18 207
1694752774847 6.49416216087314e+18 208
1694752775249 7.839356031089536e+18 209
1694752775727 9.463191934510795e+18 210
1694752776108 1.1423387486707112e+19 211
1694752776420 1.3789615868993006e+19 212
1694752776785 1.6645982291650087e+19 213
1694752777129 2.0094013429118296e+19 214
1694752777441 2.4256266083625734e+19 215
1694752777836 2.9280683343579746e+19 216
1694752778183 3.5345853071992443e+19 217
1694752778523 4.266735563262777e+19 218
1694752778854 5.1505426477418185e+19 219
1694752779214 6.217420595412114e+19 220
1694752779496 7.505290510933459e+19 221
1694752779844 9.059928436411995e+19 222
1694752780248 1.093659241482151e+20 223
1694752780541 1.3201986581618085e+20 224
1694752780893 1.593663209621115e+20 225
1694752781231 1.9237729185667718e+20 226
1694752781536 2.322261202911738e+20 227
1694752781874 2.8032919283253182e+20 228
1694752782230 3.383962848606638e+20 229
1694752782600 4.084913328163748e+20 230
1694752782953 4.931057947483255e+20 231
1694752783298 5.952472066859738e+20 232
1694752783603 7.185460824857974e+20 233
1694752783923 8.673849567984066e+20 234
1694752784243 1.047054157859173e+21 235
1694752784593 1.26393984688967e+21 236
1694752784963 1.5257510077815388e+21 237
1694752785308 1.841793455182987e+21 238
1694752785832 2.223300600330057e+21 239
1694752786238 2.6838327313617707e+21 240
1694752786657 3.2397590001367714e+21 241
1694752787066 3.91083924728854e+21 242
1694752787424 4.7209263459061905e+21 243
1694752787763 5.698814027941264e+21 244
1694752788125 6.879260328478227e+21 245
1694752788448 8.304223025166967e+21 246
1694752788780 1.0024350985270543e+22 247
1694752789141 1.2100784428760445e+22 248
1694752789511 1.4607328096002362e+22 249
1694752789850 1.7633074563094009e+22 250
1694752790180 2.1285570947963083e+22 251
1694752790468 2.5694641564611573e+22 252
1694752790781 3.1017002397910453e+22 253
1694752791111 3.744183141581518e+22 254
1694752791453 4.519749271015199e+22 255
1694752791833 5.455965346880364e+22 256
1694752792130 6.586108228891455e+22 257
1694752792461 7.950347710231319e+22 258
1694752792880 9.597174312487626e+22 259
1694752793241 1.1585122832519783e+23 260
1694752793518 1.3984852902998105e+23 261
1694752793844 1.688166051804875e+23 262
1694752794261 2.037850979366033e+23 263
1694752794596 2.4599692723729166e+23 264
1694752794911 2.9695247014094866e+23 265
1694752795299 3.584628902203747e+23 266
1694752795589 4.3271451355213166e+23 267
1694752795940 5.223465394801283e+23 268
1694752796392 6.305448483044562e+23 269
1694752796694 7.611552401955086e+23 270
1694752796968 9.188201302968088e+23 271
1694752797231 1.1091435587066286e+24 272
1694752797517 1.3388903804523858e+24 273
1694752797825 1.6162267154653232e+24 274
1694752798157 1.9510102051082165e+24 275
1694752798492 2.355140392132734e+24 276
1694752798870 2.8429816779699897e+24 277
1694752799166 3.431873890946171e+24 278
1694752799494 4.1427486130574826e+24 279
1694752799807 5.00087317202032e+24 280
1694752800127 6.036748743046547e+24 281
1694752800480 7.28719448246907e+24 282
1694752800769 8.796656227658108e+24 283
1694752801092 1.0618786279651694e+25 284
1694752801430 1.2818350420286725e+25 285
1694752801699 1.5473529946838165e+25 286
1694752802024 1.8678700547674846e+25 287
1694752802380 2.2547786791274558e+25 288
1694752802724 2.721831146054007e+25 289
1694752803074 3.285628366193587e+25 290
1694752803488 3.966209945237267e+25 291
1694752803740 4.787766471569395e+25 292
1694752804044 5.779499346425234e+25 293
1694752804352 6.976658718356529e+25 294
1694752804634 8.421796414342732e+25 295
1694752804894 1.0166278401725242e+26 296
1694752805231 1.2272110539904471e+26 297
1694752805613 1.4814142516309261e+26 298
1694752805933 1.7882728303328193e+26 299
1694752806243 2.1586937699471186e+26 300
1694752806595 2.605843310576508e+26 301
1694752806885 3.145614933350498e+26 302
1694752807193 3.797194278242517e+26 303
1694752807524 4.583741078365203e+26 304
1694752807907 5.533212349413188e+26 305
1694752808306 6.679356093694986e+26 306
1694752808622 8.062910838965312e+26 307
1694752808927 9.733053648460429e+26 308
1694752809303 1.1749148070198119e+27 309
1694752809650 1.418285415464402e+27 310
1694752809969 1.7120675539202005e+27 311
1694752810302 2.066703413308749e+27 312
1694752810638 2.4947981689168336e+27 313
1694752810964 3.0115680186864624e+27 314
1694752811287 3.635381027681624e+27 315
1694752811604 4.388410002504882e+27 316
1694752811969 5.297420601429046e+27 317
1694752812319 6.394722692826518e+27 318
1694752812665 7.719318776975941e+27 319
1694752813008 9.318290290745216e+27 320
1694752813367 1.1248471069957866e+28 321
1694752813681 1.3578467450981317e+28 322
1694752814013 1.639109681401789e+28 323
1694752814344 1.9786331243670008e+28 324
1694752814664 2.38848509362361e+28 325
1694752815069 2.8832333656029663e+28 326
1694752815498 3.480463270513597e+28 327
1694752815812 4.20140274523388e+28 328
1694752816130 5.071676858998709e+28 329
1694752816520 6.122218630737614e+28 330
1694752816844 7.390368512151352e+28 331
1694752817197 8.921201616548247e+28 332
1694752817571 1.0769129868455625e+29 333
1694752817834 1.299983602080447e+29 334
1694752818141 1.5692608282384912e+29 335
1694752818527 1.8943158537559506e+29 336
1694752818810 2.2867024329022347e+29 337
1694752819132 2.7603675523663058e+29 338
1694752819497 3.332147162884712e+29 339
1694752819831 4.022364596193894e+29 340
1694752820146 4.855552937436053e+29 341
1694752820472 5.8613270290198784e+29 342
1694752820912 7.075436100437213e+29 343
1694752821260 8.54103443870481e+29 344
1694752821598 1.0310215264135282e+30 345
1694752822005 1.2445862331510271e+30 346
1694752822380 1.502388506995909e+30 347
1694752822668 1.8135916707343901e+30 348
1694752822964 2.1892571281271906e+30 349
1694752823292 2.6427375303917864e+30 350
1694752823621 3.1901513827733046e+30 351
1694752823928 3.8509559606177304e+30 352
1694752824332 4.648638898673557e+30 353
1694752824667 5.611553035468754e+30 354
1694752824972 6.773924186467529e+30 355
1694752825348 8.177067666291195e+30 356
1694752825704 9.870856800063103e+30 357
1694752825977 1.1915495620637847e+31 358
1694752826340 1.4383658760456536e+31 359
1694752826779 1.7363074598334078e+31 360
1694752827061 2.0959643476535406e+31 361
1694752827389 2.530120182203347e+31 362
1694752827760 3.0542065963857027e+31 363
1694752828086 3.686851715195013e+31 364
1694752828492 4.45054227370277e+31 365
1694752828863 5.372422885461157e+31 366
1694752829167 6.485260870517112e+31 367
1694752829493 7.828610936879014e+31 368
1694752829786 9.450221112868641e+31 369
1694752830091 1.1407729902811038e+32 370
1694752830450 1.3770714989756027e+32 371
1694752830802 1.662316630431119e+32 372
1694752831184 2.0066471362332826e+32 373
1694752831541 2.4223018982303823e+32 374
1694752831843 2.9240549472911352e+32 375
1694752832169 3.5297405913870815e+32 376
1694752832528 4.260887318149672e+32 377
1694752832861 5.143483003331504e+32 378
1694752833155 6.208898623737495e+32 379
1694752833538 7.49500330707416e+32 380
1694752833835 9.04751035204334e+32 381
1694752834152 1.0921602061612198e+33 382
1694752834492 1.318389114252548e+33 383
1694752834815 1.5914788387034868e+33 384
1694752835152 1.9211360793713423e+33 385
1694752835503 2.3190781716387827e+33 386
1694752835880 2.799449567326523e+33 387
1694752836215 3.379324585021072e+33 388
1694752836651 4.079314299572756e+33 389
1694752836942 4.924299142041426e+33 390
1694752837264 5.944313249618834e+33 391
1694752837595 7.17561199885707e+33 392
1694752837910 8.661960666598995e+33 393
1694752838325 1.0456190022768607e+34 394
1694752838659 1.2622074147004136e+34 395
1694752839002 1.5236597214239045e+34 396
1694752839452 1.8392689819846987e+34 397
1694752839805 2.2202532104278525e+34 398
1694752840097 2.6801541083435717e+34 399
1694752840472 3.2353183910436435e+34 400
1694752840808 3.9054788151321525e+34 401
1694752841091 4.714455559511663e+34 402
1694752841417 5.691002889707997e+34 403
1694752841757 6.869831199346286e+34 404
1694752842047 8.292840756215673e+34 405
1694752842368 1.0010611005186813e+35 406
1694752842865 1.2084198363758035e+35 407
1694752843196 1.458730641106631e+35 408
1694752843520 1.760890560755088e+35 409
1694752843848 2.1256395660572875e+35 410
1694752844208 2.565942293909909e+35 411
1694752844572 3.0974488623619253e+35 412
1694752844962 3.739051138335556e+35 413
1694752845339 4.513554230053604e+35 414
1694752845730 5.448487071696893e+35 415
1694752846050 6.577080911708819e+35 416
1694752846358 7.93945048413085e+35 417
1694752846754 9.584019846516998e+35 418
1694752847096 1.1569243564403595e+36 419
1694752847454 1.3965684420106502e+36 420
1694752847793 1.68585214959177e+36 421
1694752848168 2.035057777899807e+36 422
1694752848562 2.4565974901140406e+36 423
1694752848932 2.965454491745503e+36 424
1694752849240 3.579715593621866e+36 425
1694752849535 4.321214089404847e+36 426
1694752849896 5.2163057980754846e+36 427
1694752850180 6.296805855037717e+36 428
1694752850524 7.601119549138735e+36 429
1694752850857 9.175607400071727e+36 430
1694752851126 1.1076232996465702e+37 431
1694752851420 1.337055216541158e+37 432
1694752851756 1.6140114176456607e+37 433
1694752852091 1.9483360328450313e+37 434
1694752852409 2.3519122946599175e+37 435
1694752852761 2.8390849158064376e+37 436
1694752853047 3.4271699575962113e+37 437
1694752853385 4.1370703119366676e+37 438
1694752853749 4.994018673620817e+37 439
1694752854060 6.028474411110091e+37 440
1694752854435 7.27720621418096e+37 441
1694752854834 8.784599000058175e+37 442
1694752855174 1.06042315306999e+38 443
1694752855540 1.2800780816056071e+38 444
1694752855927 1.5452320993400067e+38 445
1694752856312 1.865309839408993e+38 446
1694752856792 2.2516881434718437e+38 447
1694752857099 2.718100440116748e+38 448
1694752857405 3.281124885780722e+38 449
1694752857760 3.960773618662573e+38 450
1694752858096 4.781204070067161e+38 451
1694752858494 5.771577616027901e+38 452
1694752858850 6.967096089116825e+38 453
1694752859248 8.410252992212782e+38 454
1694752859627 1.0152343887364179e+39 455
1694752859923 1.2255289645000602e+39 456
1694752860240 1.479383735905474e+39 457
1694752860548 1.7858217157310844e+39 458
1694752860886 2.155734934063437e+39 459
1694752861228 2.6022715845624148e+39 460
1694752861612 3.1413033637936594e+39 461
1694752861968 3.79198961473527e+39 462
1694752862238 4.577458326372786e+39 463
1694752862561 5.52562819482889e+39 464
1694752862919 6.670200965364595e+39 465
1694752863252 8.05185932705133e+39 466
1694752863667 9.719712938076334e+39 467
1694752864031 1.173304397919794e+40 468
1694752864366 1.4163414279294435e+40 469
1694752864722 1.7097208908666714e+40 470
1694752865065 2.0638706649563194e+40 471
1694752865356 2.491378648071638e+40 472
1694752865712 3.0074401819159673e+40 473
1694752866069 3.6303981551754346e+40 474
1694752866405 4.382394983066519e+40 475
1694752866780 5.290159637236403e+40 476
1694752867106 6.385957700203134e+40 477
1694752867462 7.708738213066002e+40 478
1694752867799 9.305518080035807e+40 479
1694752868139 1.1233053237052744e+41 480
1694752868482 1.355985598450157e+41 481
1694752868859 1.6368630188088186e+41 482
1694752869148 1.9759210904645915e+41 483
1694752869406 2.3852112918917307e+41 484
1694752869748 2.879281432048547e+41 485
1694752870088 3.4756927376293188e+41 486
1694752870455 4.195644049221762e+41 487
1694752871102 5.06472531279529e+41 488
1694752871479 6.1138271486179515e+41 489
1694752871757 7.380238827315194e+41 490
1694752872070 8.908973679526326e+41 491
1694752872355 1.0754369049513012e+42 492
1694752872743 1.2982017661463418e+42 493
1694752873190 1.5671099046966372e+42 494
1694752873555 1.8917193901902813e+42 495
1694752873871 2.2835681406242155e+42 496
1694752874210 2.756584026106221e+42 497
1694752874544 3.3275799210033075e+42 498
1694752874961 4.016851300667619e+42 499
