1694736766966 0.01105213953092435 0
1694736767241 3.985199707810933 1
1694736767515 8.38048251885174 2
1694736767826 0.7019586111801166 3
1694736768113 0.1202395598021603 4
1694736768364 1.9634435247661874 5
1694736768715 3.2070398316937254 6
1694736768967 1.9562839617694714 7
1694736769223 0.03354235385298851 8
1694736769564 0.6175050625222789 9
1694736769874 2.610085828454798 10
1694736770155 2.0637906136857618 11
1694736770435 0.6006360393088822 12
1694736770745 0.8478310951686896 13
1694736771041 0.31854598745149415 14
1694736771316 3.6524370200610177 15
1694736771660 0.07101375212531608 16
1694736771975 0.17545253716253098 17
1694736772293 0.5693949289177999 18
1694736772524 0.3769770581835242 19
1694736772804 1.4221432268607832 20
1694736773145 3.5873938255553948 21
1694736773367 0.01717733401425888 22
1694736773622 0.3669241244603842 23
1694736773918 0.11574365419525179 24
1694736774196 0.13533704248440076 25
1694736774457 0.6670422124094857 26
1694736774750 2.2347174497857054 27
1694736775079 2.5078292209425563 28
1694736775381 0.8877256644550683 29
1694736775864 0.06371852367834724 30
1694736776178 0.09282821506890362 31
1694736776502 1.919060300827597 32
1694736776820 0.9855089940302753 33
1694736777127 3.039071845005142 34
1694736777469 4.371199668967022 35
1694736777782 2.4289693370078633 36
1694736778078 0.08526157019372706 37
1694736778331 0.8185369772415813 38
1694736778582 5.804020870527222 39
1694736778825 0.007185276122294709 40
1694736779090 12.247689140031229 41
1694736779382 2.4906198447666257 42
1694736779728 12.876092840458645 43
1694736780001 0.0019949959782425797 44
1694736780313 8.415736542714678 45
1694736780556 0.18935946685289873 46
1694736780788 0.301210221791356 47
1694736781072 1.7403528216731785 48
1694736781396 1.362573456651493 49
1694736781641 0.4561603747777401 50
1694736782001 0.29733187812064127 51
1694736782333 0.3928976409624584 52
1694736782630 13.16522568817604 53
1694736782924 0.04206755150355848 54
1694736783211 1.1700231716126512 55
1694736783536 0.9949742530039735 56
1694736783851 1.2042067496470195 57
1694736784184 2.4746437675146993 58
1694736784506 5.648047998563394 59
1694736784820 1.2495149261833158 60
1694736785136 1.169731935575871 61
1694736785472 0.328471560895452 62
1694736785771 3.148100162323337 63
1694736786072 1.0464637129283543 64
1694736786390 5.321654248452408 65
1694736786701 1.5599273162780127 66
1694736787018 4.739106084676112 67
1694736787357 1.937174066645897 68
1694736787838 0.339099969022099 69
1694736788135 3.3946596924774184 70
1694736788477 0.14833254012238997 71
1694736788762 0.060126684093271925 72
1694736788985 2.3651981128676183 73
1694736789213 0.27241349695271905 74
1694736789442 1.6041541735321738 75
1694736789746 4.038793967848002 76
1694736789995 0.03548588011656395 77
1694736790294 0.7549461426240588 78
1694736790603 2.1726407439519773 79
1694736790923 1.2216221104693998 80
1694736791175 2.123370585236264e-05 81
1694736791444 0.4391368505599816 82
1694736791731 1.287212229354871 83
1694736792067 11.858766989177875 84
1694736792366 0.06146284072405066 85
1694736792666 1.530414819742594 86
1694736793009 0.0006432092957018315 87
1694736793295 0.6342979035332857 88
1694736793582 0.9585531145483602 89
1694736793852 0.6808351729078793 90
1694736794216 0.11918245243195658 91
1694736794533 0.8815445276748808 92
1694736794799 0.18918562758217536 93
1694736795115 16.06798682607049 94
1694736795461 2.6735107854055276 95
1694736795781 0.46256701320267224 96
1694736796036 0.23890664907896916 97
1694736796328 0.33136690384764295 98
1694736796622 3.995835871123382 99
1694736796855 0.49968613199692496 100
1694736797162 3.170737765745864 101
1694736797560 0.11579614811288638 102
1694736797853 0.11636246997175116 103
1694736798162 0.5208007358417805 104
1694736798620 0.9540697984594136 105
1694736798885 0.05214793967630488 106
1694736799141 2.5200692107707643 107
1694736799435 2.146919640841781 108
1694736799787 0.048572333616611695 109
1694736800050 0.0943763251334739 110
1694736800327 0.9713044679925662 111
1694736800631 0.6939555250210415 112
1694736800869 1.9768883300187772 113
1694736801120 1.3401765922681994 114
1694736801396 4.34229073313787 115
1694736801717 0.4515289275755633 116
1694736802035 0.097366276912894 117
1694736802358 1.2450156869291562 118
1694736802680 1.0001660390644667 119
1694736802975 1.3279511189466995 120
1694736803278 0.44854818064504975 121
1694736803615 2.3119319720682525 122
1694736803931 0.1697786212928225 123
1694736804342 0.9753746553870388 124
1694736804688 3.9843974326414573 125
1694736804966 0.05581323489850714 126
1694736805289 1.1450536305969379 127
1694736805663 0.0749117291742325 128
1694736805918 2.675151515677392 129
1694736806136 10.500149164721451 130
1694736806446 1.0334596256463586 131
1694736806797 0.0011321905891042879 132
1694736807029 0.09976864935146906 133
1694736807257 0.3116904473931206 134
1694736807518 0.07610906866208589 135
1694736807820 1.5323771302146005 136
1694736808091 1.0741770970744241e-07 137
1694736808409 0.016279123523541376 138
1694736808761 0.061975571161319284 139
1694736809038 0.02193252495011463 140
1694736809330 1.8407093135166228 141
1694736809655 6.431350253834752 142
1694736809945 0.8414380255140167 143
1694736810187 0.001251120156663468 144
1694736810457 0.09413802285069368 145
1694736810791 12.467842964164042 146
1694736811076 0.011722093002207768 147
1694736811383 0.3261875976271424 148
1694736811689 0.049910543228176854 149
1694736811979 1.5396271848525585 150
1694736812290 1.1200738319685821 151
1694736812653 3.653966754404045 152
1694736812960 6.1823225787037375 153
1694736813235 0.062209212990973435 154
1694736813573 2.4490107094549134 155
1694736813874 0.972360394549196 156
1694736814138 0.0005776768457946266 157
1694736814429 0.2995741083637131 158
1694736814701 3.9095647842724506 159
1694736815014 0.6929907785134511 160
1694736815325 2.0914279347189084 161
1694736815677 1.971171490920034 162
1694736815961 0.21795623111419635 163
1694736816223 2.696673571288736 164
1694736816522 0.03837192920983621 165
1694736816840 3.463204225650235 166
1694736817116 0.3199651023693659 167
1694736817481 0.0446569615275833 168
1694736817798 0.048850575715520796 169
1694736818076 0.283634324176763 170
1694736818318 0.012413410039134681 171
1694736818681 0.8141544407408253 172
1694736818999 6.153075638162361 173
1694736819283 13.4594828546752 174
1694736819609 0.6431451862456175 175
1694736819900 0.3761319637530653 176
1694736820173 3.8356156226342075 177
1694736820479 2.9359434060641254 178
1694736820914 1.3084283950863298 179
1694736821212 0.8549054355106956 180
1694736821488 2.0769503530341873 181
1694736821831 4.936319150558308 182
1694736822187 27.39281725085576 183
1694736822507 3.3288022087388875 184
1694736822815 1.3766001791557114 185
1694736823136 3.4164737469855857 186
1694736823448 19.678471548133302 187
1694736823770 3.983292206974079 188
1694736824196 0.6789894653924083 189
1694736824538 0.03360952244329486 190
1694736824860 2.5022741298316826 191
1694736825181 0.007842276899584657 192
1694736825474 0.08284893792831874 193
1694736825832 0.3989239046097939 194
1694736826080 0.15821393216972102 195
1694736826401 0.1994898376247131 196
1694736826683 3.8207359050904945 197
1694736826955 0.5450068847614628 198
1694736827238 0.9909713411233646 199
1694736827577 0.8716844607705542 200
1694736827916 0.9519592087933247 201
1694736828205 0.07623406965809337 202
1694736828451 2.0413995228302797 203
1694736828870 1.8012050988539776 204
1694736829206 5.198714327334633 205
1694736829442 0.3596250835904979 206
1694736829721 0.9851299713625448 207
1694736830025 0.7207058789391899 208
1694736830295 0.10072554928452168 209
1694736830529 0.024144251825779225 210
1694736830844 0.7488269750837098 211
1694736831105 8.495888936634511 212
1694736831415 0.20368206799465727 213
1694736831729 1.3255974084735522 214
1694736831953 0.2541748394141707 215
1694736832207 2.179710699099613 216
1694736832473 0.0019667216966832474 217
1694736832829 6.836910228417175 218
1694736833205 9.30754356582802e-05 219
1694736833449 0.21637204337445426 220
1694736833725 12.568858956209267 221
1694736834108 0.2906363293397051 222
1694736834401 0.3121496526371565 223
1694736834719 1.2851489187030938 224
1694736835044 1.1624920640500704 225
1694736835382 1.7142601073825652 226
1694736835721 0.02651838278669979 227
1694736836054 1.9024617393520917 228
1694736836310 3.1355176833391813 229
1694736836572 0.13177106293048416 230
1694736836885 1.1556654380696225 231
1694736837200 2.7260728833472276 232
1694736837560 0.019239025151731887 233
1694736837857 1.5645500465489477 234
1694736838193 0.11815237693617474 235
1694736838475 9.228182670660507 236
1694736838757 0.09029732226690833 237
1694736839081 0.09191960631005572 238
1694736839407 0.019528272927083257 239
1694736839697 2.2657407373805034 240
1694736840023 3.3440218974728535 241
1694736840355 0.14797497748143365 242
1694736840601 0.3895066088322633 243
1694736840851 0.2822004284887232 244
1694736841153 0.06601105124834634 245
1694736841495 0.11894799539219637 246
1694736841766 0.9266482801189623 247
1694736842129 6.3468794421680705 248
1694736842445 0.027049230812180528 249
1694736842672 0.13654552175901066 250
1694736842923 0.4803843229462456 251
1694736843211 2.984497107017952 252
1694736843537 0.8384859130281073 253
1694736843814 0.4672844542435272 254
1694736844234 1.0074910571024946 255
1694736844550 0.40509541047938163 256
1694736844790 1.1434917152365034 257
1694736845077 18.498040974327175 258
1694736845387 0.5631561802043612 259
1694736845748 0.13505207532405442 260
1694736846049 0.8831231269608217 261
1694736846422 1.5970585882589523 262
1694736846682 1.3988680732776988 263
1694736846911 0.24745920697960846 264
1694736847202 7.083054278640648 265
1694736847514 0.8267268885780724 266
1694736847812 6.14454153740467 267
1694736848172 1.2121893569126463 268
1694736848517 2.7354070683353493 269
1694736848819 1.1393294581951299 270
1694736849136 0.7633918701692198 271
1694736849417 0.2327506896667207 272
1694736849697 1.5810963462253471 273
1694736850045 4.980887081281294 274
1694736850353 2.1630656488757727 275
1694736850693 0.2580425720826263 276
1694736850983 11.935794911686845 277
1694736851296 0.5034680124587757 278
1694736851623 1.5566801970408897 279
1694736851855 0.7074808134138233 280
1694736852153 0.03481059887745313 281
1694736852452 1.0648805332395115 282
1694736852788 0.018247151693982867 283
1694736853162 0.280309062709575 284
1694736853483 0.9812686096991015 285
1694736853746 0.28352256615972227 286
1694736854136 14.822934259943727 287
1694736854454 0.001472018230194086 288
1694736854741 0.018412525925450587 289
1694736854993 0.10590898494859599 290
1694736855348 0.46618670536426504 291
1694736855721 2.5069920020104313 292
1694736855945 3.6272088694387694 293
1694736856186 0.5655491680999611 294
1694736856511 3.660285710288385 295
1694736856827 3.954332627758696 296
1694736857148 0.9979553008181384 297
1694736857531 0.5971424774720991 298
1694736857782 6.305870186266321e-05 299
1694736858052 0.41180821360998066 300
1694736858342 4.818944969455566 301
1694736858766 0.2584277267824375 302
1694736859013 1.398292170294609 303
1694736859328 3.3684033371093776 304
1694736859720 1.2381956689867606 305
1694736859949 0.36665094680948834 306
1694736860232 3.575074715876924 307
1694736860568 28.678933589404608 308
1694736860849 0.008614011341182878 309
1694736861116 0.770266798233896 310
1694736861439 3.9075723054360925 311
1694736861788 3.167211838410831 312
1694736862149 1.999104095073181 313
1694736862478 1.3009023601752263 314
1694736862745 0.0010433171484996245 315
1694736863025 0.016696589603278172 316
1694736863303 0.8800832827103551 317
1694736863624 0.010519376531605043 318
1694736863960 0.20621299130177081 319
1694736864333 8.602261460000825 320
1694736864656 0.001307007564470174 321
1694736864925 0.019101773872002625 322
1694736865212 0.14837150485509257 323
1694736865520 1.8659393619017248 324
1694736865824 0.16882894845829846 325
1694736866118 1.5312978149976828 326
1694736866493 5.540602735223778 327
1694736866779 0.9912410344377032 328
1694736867035 1.13314103506393 329
1694736867345 0.7853949965103982 330
1694736867663 0.7767456310787034 331
1694736867939 0.6008963962612786 332
1694736868258 0.2849594251160107 333
1694736868633 0.43852289587440907 334
1694736868927 1.545217124317205 335
1694736869264 0.4593141316594176 336
1694736869574 0.30276418545824024 337
1694736869842 0.31810050883333074 338
1694736870149 1.1797263772237676 339
1694736870483 0.4838437120621076 340
1694736870823 0.20745168350097992 341
1694736871210 0.06533754234802325 342
1694736871527 5.1111743955306155 343
1694736871842 0.32579149668952395 344
1694736872112 0.18575118886264458 345
1694736872423 2.141164201451148 346
1694736872747 0.02389898717755361 347
1694736873038 0.17619361908998946 348
1694736873346 0.4030543132147277 349
1694736873654 4.509765995062442 350
1694736873933 0.10361406419887825 351
1694736874247 0.47856633689488876 352
1694736874603 0.6838023428118617 353
1694736874895 0.3635289567193559 354
1694736875154 1.4885931961942451 355
1694736875427 1.0924324345085141 356
1694736875761 1.0825776541144592 357
1694736875975 8.821697074583 358
1694736876256 25.75486591652741 359
1694736876544 4.243155416762741 360
1694736876858 0.9585713649508459 361
1694736877131 7.191887873505835 362
1694736877476 0.8202233080898012 363
1694736877780 1.143179321397937 364
1694736878052 2.3561713877006047 365
1694736878363 0.007974702433975292 366
1694736878768 0.39618606172263565 367
1694736879031 1.833431938798133 368
1694736879269 0.6017144340277377 369
1694736879565 0.15422352583044124 370
1694736879916 2.0784367352421316 371
1694736880168 0.6787758943945372 372
1694736880425 0.42331361087218494 373
1694736880742 1.1338730295972896 374
1694736881041 2.438125362720712 375
1694736881305 0.3416313461023242 376
1694736881634 0.04672099337128908 377
1694736882009 1.5496754965720333e-05 378
1694736882260 4.226388142211684 379
1694736882494 0.23888281541731687 380
1694736882777 0.6310677164875294 381
1694736883050 0.03962626639359884 382
1694736883346 2.456190767142244 383
1694736883633 3.982589467897812 384
1694736883884 0.747567975418727 385
1694736884299 0.270742036551614 386
1694736884583 0.4341448922106381 387
1694736884866 1.7654850758503084 388
1694736885166 4.419277624337161 389
1694736885507 0.00042396978426778614 390
1694736885858 0.24868807488128183 391
1694736886119 0.9253859994216722 392
1694736886434 0.3199140559685955 393
1694736886757 1.4133369344250275 394
1694736887073 0.01431102657936694 395
1694736887361 6.751728654213231 396
1694736887727 0.1139716739403331 397
1694736888016 0.0004949520852151761 398
1694736888261 1.3766600618877156 399
1694736888631 2.092895095719794 400
1694736888952 1.3648892332225557 401
1694736889210 0.00279708957638726 402
1694736889452 0.00742130154683633 403
1694736889704 0.6815496589231979 404
1694736889997 0.22363645399845025 405
1694736890266 2.8514145036018537 406
1694736890491 2.905022738796313 407
1694736890835 0.008531895654889689 408
1694736891085 0.07785083977421343 409
1694736891301 0.001866091365466654 410
1694736891536 0.03432532266696956 411
1694736891798 0.06227349712448429 412
1694736892098 0.40174657110902323 413
1694736892372 0.05982372280727259 414
1694736892621 0.32623239302602186 415
1694736892960 2.013463810002347 416
1694736893269 2.2025171332414226 417
1694736893588 2.7129816671986653 418
1694736893892 2.8173328881999367 419
1694736894233 2.069509795614024 420
1694736894550 0.095994031698541 421
1694736894851 1.381958273949855 422
1694736895255 6.886362641580957 423
1694736895511 3.1523626419592183 424
1694736895841 2.3463025400453077 425
1694736896088 2.330674993047646 426
1694736896351 0.92591456953522 427
1694736896651 0.5932270564863311 428
1694736896951 0.3702006618476223 429
1694736897258 1.8563070301680589 430
1694736897572 3.1315238668608986e-05 431
1694736897875 3.075616087052272 432
1694736898143 0.343497886742341 433
1694736898392 7.2350050476547505 434
1694736898647 1.0207435823759556 435
1694736898923 0.6370382664822415 436
1694736899223 0.011420089829280477 437
1694736899537 0.12880259565615 438
1694736899881 0.0773153418970552 439
1694736900167 0.01185337683043584 440
1694736900438 1.5604115412831117 441
1694736900669 0.0812040685078837 442
1694736900902 0.05280765550442494 443
1694736901188 0.18685369608553717 444
1694736901427 4.7168342663682665 445
1694736901747 8.74788142898575 446
1694736902110 2.197537430595534 447
1694736902381 1.1371717445125011 448
1694736902685 3.454636397535414 449
1694736902983 0.23200820974315076 450
1694736903290 0.05948457636003122 451
1694736903542 0.4815355785575365 452
1694736903837 2.558392175387865 453
1694736904234 0.0017573514532889095 454
1694736904488 6.011695030395541 455
1694736904820 0.020880992932532445 456
1694736905114 0.09493643969712698 457
1694736905435 1.7018232455746807 458
1694736905777 3.8191949764752255 459
1694736906039 4.53803814366227 460
1694736906374 0.7869041355478801 461
1694736906663 0.06253552904338443 462
1694736906975 9.020239101147052 463
1694736907295 0.6228802513005172 464
1694736907583 0.8785297999924597 465
1694736907906 4.615471706430707 466
1694736908223 0.07252131134601972 467
1694736908568 0.2922371146080705 468
1694736908931 3.368594380732501 469
1694736909242 19.728841136763435 470
1694736909522 1.9126197144945034 471
1694736909814 0.04138056216304964 472
1694736910143 0.16602857836011942 473
1694736910422 0.1934405619659771 474
1694736910730 2.277789793451656 475
1694736911085 0.5257722259559036 476
1694736911377 5.263096192424137 477
1694736911655 11.140994983192025 478
1694736911884 1.8807370813628577 479
1694736912191 3.4775174107821827 480
1694736912508 1.2842624571420587 481
1694736912798 2.1627189171560683 482
1694736913147 0.30926463744094584 483
1694736913476 12.081231612597993 484
1694736913746 0.8878765598105175 485
1694736914119 0.0857736097576724 486
1694736914445 0.007959023554178652 487
1694736914693 0.0013232391343201884 488
1694736914950 0.23931229942130072 489
1694736915310 1.1351359032037245 490
1694736915675 0.08029912431571287 491
1694736915936 0.7200075849887241 492
1694736916234 1.2582472903945827 493
1694736916579 0.2500259679213101 494
1694736916845 0.7411451854260731 495
1694736917116 0.8191882039940056 496
1694736917473 0.0001919245010679701 497
1694736917751 1.5353458910805946 498
1694736918060 0.7519110628310367 499
