1694752876710 168.87260894317848 0
1694752876990 2.0842348235838778e+42 1
1694752877303 4.016636534385637e+41 2
1694752877721 1.734355238039772e+42 3
1694752878044 1.069418502416768e+42 4
1694752878366 1.9642454987701355e+42 5
1694752878672 1.8477150924683655e+42 6
1694752878946 2.5763856864686736e+42 7
1694752879258 2.8313123999281656e+42 8
1694752879567 3.585513992281938e+42 9
1694752879942 4.169417667287117e+42 10
1694752880308 5.102117720340474e+42 11
1694752880734 6.055258944200673e+42 12
1694752881097 7.319403699934593e+42 13
1694752881389 8.750751068071189e+42 14
1694752881742 1.0531131003144139e+43 15
1694752882138 1.2623805062289214e+43 16
1694752882496 1.5168161993913851e+43 17
1694752882829 1.819951576254564e+43 18
1694752883188 2.185524948653889e+43 19
1694752883450 2.623194586826068e+43 20
1694752883811 3.149472467617135e+43 21
1694752884167 3.7806430059926567e+43 22
1694752884458 4.538801024605524e+43 23
1694752884796 5.44863954116915e+43 24
1694752885128 6.541120001252401e+43 25
1694752885417 7.852463088668452e+43 26
1694752885904 9.426833466353416e+43 27
1694752886188 1.1316759427834388e+44 28
1694752886576 1.358565368193016e+44 29
1694752886970 1.6309388299568435e+44 30
1694752887275 1.9579229568264604e+44 31
1694752887613 2.350460998526566e+44 32
1694752887969 2.821699653169881e+44 33
1694752888269 3.387414557683532e+44 34
1694752888612 4.066549065701971e+44 35
1694752888974 4.881840910737654e+44 36
1694752889284 5.86058899304034e+44 37
1694752889725 7.035563475281649e+44 38
1694752890636 8.446105839843286e+44 39
1694752890958 1.013944409841684e+45 40
1694752891254 1.2172275566598833e+45 41
1694752891647 1.4612664171890818e+45 42
1694752891994 1.75423201577613e+45 43
1694752892339 2.105933539389313e+45 44
1694752892676 2.5281468122159698e+45 45
1694752893002 3.035008550448151e+45 46
1694752893325 3.6434897140645185e+45 47
1694752893647 4.3739637209615926e+45 48
1694752894019 5.250888608773607e+45 49
1694752894334 6.303625941525567e+45 50
1694752894635 7.567423911235621e+45 51
1694752894956 9.084597528679003e+45 52
1694752895292 1.0905945435074786e+46 53
1694752895570 1.3092450761377008e+46 54
1694752895904 1.5717322992396724e+46 55
1694752896324 1.886844919629804e+46 56
1694752896601 2.2651336696877827e+46 57
1694752896943 2.7192645713303235e+46 58
1694752897219 3.264443025086258e+46 59
1694752897530 3.9189229236395856e+46 60
1694752897852 4.704617836308543e+46 61
1694752898168 5.647834728311407e+46 62
1694752898600 6.780154781573819e+46 63
1694752898929 8.139490809044749e+46 64
1694752899189 9.771356667339822e+46 65
1694752899464 1.1730391170693988e+47 66
1694752899803 1.4082187530563168e+47 67
1694752900085 1.6905489574923889e+47 68
1694752900381 2.029482828201144e+47 69
1694752900718 2.4363686906014045e+47 70
1694752901061 2.924830067078796e+47 71
1694752901400 3.5112218254522367e+47 72
1694752901696 4.2151777794890976e+47 73
1694752902030 5.060268076458024e+47 74
1694752902360 6.074788382644171e+47 75
1694752902667 7.292707290665742e+47 76
1694752903034 8.754803670079463e+47 77
1694752903425 1.0510032042522844e+48 78
1694752903818 1.2617161697454076e+48 79
1694752904187 1.5146744430047338e+48 80
1694752904474 1.8183476785865708e+48 81
1694752904754 2.182903590597413e+48 82
1694752905121 2.6205483923443276e+48 83
1694752905481 3.145935489866971e+48 84
1694752905838 3.7766561133987765e+48 85
1694752906180 4.533828314284819e+48 86
1694752906498 5.442804048397151e+48 87
1694752906832 6.534018020909867e+48 88
1694752907128 7.844006713809157e+48 89
1694752907449 9.416631715643052e+48 90
1694752907761 1.1304548313548532e+49 91
1694752908115 1.3570968519567508e+49 92
1694752908471 1.6291777561635336e+49 93
1694752908774 1.9558074704476817e+49 94
1694752909102 2.3479223473236477e+49 95
1694752909507 2.818651340870446e+49 96
1694752909811 3.3837555958555793e+49 97
1694752910176 4.062156168966986e+49 98
1694752910481 4.87656755153566e+49 99
1694752910884 5.854258205621389e+49 100
1694752911238 7.027963578048416e+49 101
1694752911533 8.436982162308377e+49 102
1694752911843 1.0128491307132848e+50 103
1694752912168 1.2159126828187804e+50 104
1694752912534 1.4596879312108335e+50 105
1694752912892 1.7523370605717396e+50 106
1694752913180 2.1036586712791613e+50 107
1694752913454 2.525415860236455e+50 108
1694752913775 3.031730077796207e+50 109
1694752914127 3.639553948058913e+50 110
1694752914481 4.3692388837136006e+50 111
1694752914843 5.245216500537452e+50 112
1694752915199 6.29681664695945e+50 113
1694752915541 7.559249438295443e+50 114
1694752915898 9.07478417653503e+50 115
1694752916253 1.0894164628765076e+51 116
1694752916657 1.3078308051173065e+51 117
1694752916999 1.5700344846061622e+51 118
1694752917394 1.884806714452208e+51 119
1694752917726 2.262686829923519e+51 120
1694752918012 2.7163271708724415e+51 121
1694752918350 3.260916712662917e+51 122
1694752918755 3.9146896297874875e+51 123
1694752919073 4.699535820113358e+51 124
1694752919454 5.6417338315853886e+51 125
1694752919777 6.772830731543908e+51 126
1694752920121 8.130698378809421e+51 127
1694752920508 9.76080146507728e+51 128
1694752920852 1.171771978271387e+52 129
1694752921169 1.4066975688160548e+52 130
1694752921447 1.6887227948838192e+52 131
1694752921863 2.0272905428850753e+52 132
1694752922171 2.433736879565258e+52 133
1694752922531 2.921670610926245e+52 134
1694752922900 3.507428937952804e+52 135
1694752923253 4.2106244655993805e+52 136
1694752923612 5.054801880220627e+52 137
1694752923943 6.068226282593647e+52 138
1694752924269 7.284829571827468e+52 139
1694752924614 8.745346567381067e+52 140
1694752924922 1.04986789093019e+53 141
1694752925290 1.2603532403362294e+53 142
1694752925631 1.5130382633367536e+53 143
1694752925918 1.8163834654087736e+53 144
1694752926344 2.180545577303805e+53 145
1694752926749 2.6177176269489577e+53 146
1694752926981 3.1425371915005686e+53 147
1694752927247 3.772576498816095e+53 148
1694752927538 4.5289307881265025e+53 149
1694752927880 5.436924629646857e+53 150
1694752928226 6.5269598524133965e+53 151
1694752928620 7.835533471020985e+53 152
1694752928974 9.406459693909183e+53 153
1694752929325 1.1292336928988818e+54 154
1694752929674 1.3556308905503888e+54 155
1694752929996 1.6274178878746946e+54 156
1694752930344 1.953694770631291e+54 157
1694752930698 2.345386077682059e+54 158
1694752931039 2.8156065809642157e+54 159
1694752931370 3.380100399761847e+54 160
1694752931671 4.0577681518835046e+54 161
1694752931932 4.871299792041737e+54 162
1694752932235 5.8479343263935033e+54 163
1694752932610 7.02037184032101e+54 164
1694752932947 8.427868376348092e+54 165
1694752933340 1.0117550321351679e+55 166
1694752933703 1.2145992311930187e+55 167
1694752933956 1.4581111490015133e+55 168
1694752934275 1.7504441532983704e+55 169
1694752934593 2.1013862598298167e+55 170
1694752934877 2.5226878587818907e+55 171
1694752935139 3.0284551462523375e+55 172
1694752935494 3.6356224337999754e+55 173
1694752935829 4.364519150137124e+55 174
1694752936126 5.23955051955259e+55 175
1694752936455 6.290014707824412e+55 176
1694752936790 7.551083795643188e+55 177
1694752937110 9.064981424907793e+55 178
1694752937439 1.0882396548338638e+56 179
1694752937833 1.3064180618163533e+56 180
1694752938167 1.5683385039856443e+56 181
1694752938554 1.8827707109806428e+56 182
1694752938908 2.2602426332823126e+56 183
1694752939235 2.7133929434488016e+56 184
1694752939569 3.2573942094287336e+56 185
1694752939949 3.910460908818257e+56 186
1694752940370 4.6944592936074205e+56 187
1694752940773 5.635639525161996e+56 188
1694752941051 6.76551459309003e+56 189
1694752941314 8.121915446321677e+56 190
1694752941651 9.7502576647418e+56 191
1694752941921 1.1705062082604083e+57 192
1694752942273 1.4051780277874735e+57 193
1694752942646 1.686898604930265e+57 194
1694752942999 2.0251006257166284e+57 195
1694752943301 2.4311079114606402e+57 196
1694752943644 2.918514567677355e+57 197
1694752943953 3.503640147601423e+57 198
1694752944281 4.206076070284527e+57 199
1694752944674 5.04934158867068e+57 200
1694752945007 6.061671271046366e+57 201
1694752945330 7.276960362648452e+57 202
1694752945671 8.735899680421921e+57 203
1694752945977 1.0487338039947842e+58 204
1694752946300 1.2589917831888993e+58 205
1694752946685 1.5114038511006599e+58 206
1694752946986 1.8144213740107978e+58 207
1694752947269 2.1781901111802666e+58 208
1694752947633 2.6148899193993244e+58 209
1694752948018 3.139142564039635e+58 210
1694752948403 3.768501291109412e+58 211
1694752948794 4.5240385523675707e+58 212
1694752949079 5.4310515619547e+58 213
1694752949470 6.519909308282584e+58 214
1694752949821 7.827069381188177e+58 215
1694752950149 9.396298660183487e+58 216
1694752950475 1.1280138735395136e+59 217
1694752950773 1.3541665127029601e+59 218
1694752951076 1.6256599206285042e+59 219
1694752951441 1.9515843529927669e+59 220
1694752951833 2.3428525477663847e+59 221
1694752952078 2.8125651100645953e+59 222
1694752952387 3.3764491520793182e+59 223
1694752952692 4.05338487481817e+59 224
1694752952982 4.866037722880163e+59 225
1694752953235 5.8416172783382565e+59 226
1694752953568 7.012788303330725e+59 227
1694752953898 8.418764435269883e+59 228
1694752954249 1.0106621154228018e+60 229
1694752954621 1.2132871983822742e+60 230
1694752954908 1.456536070061834e+60 231
1694752955213 1.748553290778847e+60 232
1694752955634 2.0991163030818295e+60 233
1694752955987 2.5199628041655293e+60 234
1694752956371 3.0251837523507845e+60 235
1694752956810 3.631695166436286e+60 236
1694752957121 4.3598045149051595e+60 237
1694752957449 5.233890659066383e+60 238
1694752957858 6.283220116271254e+60 239
1694752958243 7.542926973670853e+60 240
1694752958709 9.055189262396214e+60 241
1694752959103 1.0870641180012797e+61 242
1694752959503 1.3050068445871354e+61 243
1694752959798 1.5666443553951127e+61 244
1694752960177 1.8807369068381088e+61 245
1694752960502 2.2578010769080347e+61 246
1694752960846 2.7104618856325116e+61 247
1694752961264 3.253875511268433e+61 248
1694752961771 3.906236755792518e+61 249
1694752962105 4.6893882508603554e+61 250
1694752962431 5.629551801922383e+61 251
1694752962778 6.758206357665745e+61 252
1694752963089 8.113142001321865e+61 253
1694752963435 9.739725254016655e+61 254
1694752963854 1.1692418055578718e+62 255
1694752964146 1.4036601281955372e+62 256
1694752964488 1.685076385500819e+62 257
1694752964848 2.0229130741376672e+62 258
1694752965193 2.428481783216539e+62 259
1694752965471 2.9153619336454137e+62 260
1694752965863 3.499855449972246e+62 261
1694752966178 4.201532588231374e+62 262
1694752966509 5.043887195429807e+62 263
1694752966973 6.055123340345192e+62 264
1694752967254 7.269099653936419e+62 265
1694752967573 8.726462998166804e+62 266
1694752967970 1.0476009421213051e+63 267
1694752968284 1.2576317967130492e+63 268
1694752968694 1.5097712043872421e+63 269
1694752969044 1.8124614021006586e+63 270
1694752969318 2.1758371894753053e+63 271
1694752969578 2.612065266392292e+63 272
1694752969907 3.1357516035187958e+63 273
1694752970211 3.764430485518331e+63 274
1694752970658 4.519151601293229e+63 275
1694752970977 5.425184838460131e+63 276
1694752971278 6.512866380281437e+63 277
1694752971590 7.818614434423554e+63 278
1694752971919 9.386148602596503e+63 279
1694752972231 1.126795371851838e+64 280
1694752972574 1.3527037167038794e+64 281
1694752972947 1.623903852371423e+64 282
1694752973283 1.9494762150668565e+64 283
1694752973636 2.3403217546171252e+64 284
1694752974009 2.809526924618746e+64 285
1694752974330 3.372801848542841e+64 286
1694752974772 4.049006332650722e+64 287
1694752975151 4.8607813379041413e+64 288
1694752975472 5.835307054076504e+64 289
1694752975791 7.005212958218961e+64 290
1694752976132 8.409670328439154e+64 291
1694752976498 1.0095703792995155e+65 292
1694752976915 1.211976582853917e+65 293
1694752977189 1.4549626925518913e+65 294
1694752977452 1.7466644708043912e+65 295
1694752977775 2.0968487983835882e+65 296
1694752978095 2.517240693204147e+65 297
1694752978391 3.0219158922701276e+65 298
1694752978719 3.627772141380272e+65 299
1694752979069 4.355094972510361e+65 300
1694752979332 5.228236912467342e+65 301
1694752979722 6.276432864362991e+65 302
1694752980104 7.5347789628501965e+65 303
1694752980429 9.04540767756175e+65 304
1694752980753 1.08588985100557e+66 305
1694752981079 1.3035971517811661e+66 306
1694752981421 1.5649520368555791e+66 307
1694752981718 1.8787052996488526e+66 308
1694752982114 2.2553621579486203e+66 309
1694752982478 2.707533993999696e+66 310
1694752982775 3.250360614071699e+66 311
1694752983073 3.9020171657758804e+66 312
1694752983347 4.684322685948529e+66 313
1694752983668 5.6234706547552824e+66 314
1694752984005 6.750906016734066e+66 315
1694752984324 8.104378033561465e+66 316
1694752984662 9.729204220598602e+66 317
1694752984998 1.1679787686867869e+67 318
1694752985295 1.4021438682671324e+67 319
1694752985613 1.683256134466888e+67 320
1694752985913 2.0207278855928394e+67 321
1694752986211 2.4258584917652882e+67 322
1694752986554 2.912212705147721e+67 323
1694752986978 3.496074840644239e+67 324
1694752987291 4.1969940141325123e+67 325
1694752987580 5.038438694126526e+67 326
1694752987926 6.048582482841225e+67 327
1694752988262 7.261247436508943e+67 328
1694752988654 8.717036509592354e+67 329
1694752989076 1.0464693039864086e+68 330
1694752989357 1.2562732793200261e+68 331
1694752989651 1.5081403212893386e+68 332
1694752990023 1.810503547388831e+68 333
1694752990328 2.1734868094403727e+68 334
1694752990614 2.609243664628255e+68 335
1694752990858 3.1323643059769215e+68 336
1694752991178 3.760364077287575e+68 337
1694752991563 4.514269929194832e+68 338
1694752991934 5.419324452310001e+68 339
1694752992300 6.50583106018283e+68 340
1694752992615 7.810168620850554e+68 341
1694752992911 9.37600950929157e+68 342
1694752993228 1.1255781864124751e+69 343
1694752993582 1.3512425008443949e+69 344
1694752993976 1.6221496810521138e+69 345
1694752994259 1.94737035439096e+69 346
1694752994592 2.337793695277953e+69 347
1694752994910 2.8064920210776306e+69 348
1694752995249 3.369158484891855e+69 349
1694752995500 4.044632520266412e+69 350
1694752995862 4.855530630973481e+69 351
1694752996239 5.829003646237023e+69 352
1694752996534 6.99764579613668e+69 353
1694752996958 8.400586045232726e+69 354
1694752997360 1.008479822490009e+70 355
1694752997794 1.2106673830769684e+70 356
1694752998235 1.4533910146337675e+70 357
1694752998649 1.744777691168606e+70 358
1694752999029 2.094583743086342e+70 359
1694752999337 2.5145215227179462e+70 360
1694752999661 3.0186515621930655e+70 361
1694752999985 3.623853354049317e+70 362
1694753000335 4.350390517451367e+70 363
1694753000934 5.222589273151157e+70 364
1694753001305 6.269652944171225e+70 365
1694753001609 7.526639753663273e+70 366
1694753001946 9.035636658978238e+70 367
1694753002271 1.0847168524750405e+71 368
1694753002582 1.3021889817517432e+71 369
1694753002942 1.563261546390199e+71 370
1694753003294 1.8766758870396996e+71 371
1694753003604 2.252925873555103e+71 372
1694753003926 2.7046092651302104e+71 373
1694753004341 3.2468495137326865e+71 374
1694753004667 3.8978021338393425e+71 375
1694753005010 4.679262592954703e+71 376
1694753005358 5.617396076557137e+71 377
1694753005678 6.743613561767256e+71 378
1694753005965 8.095623532803004e+71 379
1694753006306 9.718694552197685e+71 380
1694753006680 1.1667170961717603e+72 381
1694753007013 1.4006292462310695e+72 382
1694753007398 1.6814378497021776e+72 383
1694753007735 2.0185450575295647e+72 384
1694753008026 2.423238034042547e+72 385
1694753008356 2.9090668785055734e+72 386
1694753008713 3.4922983152011613e+72 387
1694753009052 4.192460342686309e+72 388
1694753009420 5.032996078396293e+72 389
1694753009776 6.042048690893911e+72 390
1694753010162 7.25340370119366e+72 391
1694753010483 8.707620203687238e+72 392
1694753010879 1.0453388882681981e+73 393
1694753011232 1.25491622942291e+73 394
1694753011515 1.5065111999018732e+73 395
1694753011869 1.8085478075882997e+73 396
1694753012286 2.171138968329935e+73 397
1694753012631 2.6064251108112485e+73 398
1694753013010 3.1289806674572415e+73 399
1694753013363 3.756302061667088e+73 400
1694753013641 4.509393530369983e+73 401
1694753013978 5.413470396658653e+73 402
1694753014378 6.49880333976865e+73 403
1694753014718 7.801731930603418e+73 404
1694753015078 9.365881368424934e+73 405
1694753015398 1.1243623157995995e+74 406
1694753015731 1.3497828634176232e+74 407
1694753016052 1.6203974046214883e+74 408
1694753016420 1.9452667685051717e+74 409
1694753016812 2.3352683667957844e+74 410
1694753017138 2.803460395896109e+74 411
1694753017491 3.3655190568704556e+74 412
1694753017872 4.0402634325560705e+74 413
1694753018204 4.850285595954684e+74 414
1694753018604 5.822707047456609e+74 415
1694753018989 6.990086808244445e+74 416
1694753019357 8.391511575038948e+74 417
1694753019704 1.0073904437203686e+75 418
1694753020076 1.2093595975221079e+75 419
1694753020437 1.4518210344715252e+75 420
1694753020812 1.7428929496674693e+75 421
1694753021173 2.0923211345441833e+75 422
1694753021546 2.5118052895305554e+75 423
1694753021912 3.015390758306392e+75 424
1694753022276 3.619938799865718e+75 425
1694753022587 4.345691144232708e+75 426
1694753022998 5.216947734520576e+75 427
1694753023326 6.262880347776036e+75 428
1694753023770 7.518509336602329e+75 429
1694753024151 9.02587619523172e+75 430
1694753024513 1.08354512103946e+76 431
1694753024819 1.3007823328539185e+76 432
1694753025191 1.561572882024229e+76 433
1694753025548 1.8746486666399932e+76 434
1694753025872 2.2504922208815476e+76 435
1694753026261 2.701687695607545e+76 436
1694753026552 3.243342206149923e+76 437
1694753026924 3.893591655059127e+76 438
1694753027256 4.674207965967958e+76 439
1694753027573 5.61132806023198e+76 440
1694753027894 6.736328984246692e+76 441
1694753028314 8.086878488820007e+76 442
1694753028696 9.708196236537134e+76 443
1694753029032 1.1654567865389813e+77 444
1694753029406 1.3991162603180592e+77 445
1694753029725 1.679621529082681e+77 446
1694753030047 2.0163645873979918e+77 447
1694753030369 2.42062040698725e+77 448
1694753030725 2.905924450044209e+77 449
1694753031022 3.4885258692315117e+77 450
1694753031286 4.187931568596814e+77 451
1694753031629 5.027559341881389e+77 452
1694753032006 6.035521956870892e+77 453
1694753032388 7.24556843882799e+77 454
1694753032734 8.698214069451908e+77 455
1694753033111 1.0442096936461933e+78 456
1694753033443 1.2535606454364775e+78 457
1694753033765 1.5048838383218018e+78 458
1694753034086 1.8065941804144805e+78 459
1694753034434 2.1687936634013773e+78 460
1694753034744 2.603609601648793e+78 461
1694753035073 3.125600684007177e+78 462
1694753035523 3.7522444339118545e+78 463
1694753035873 4.5045223991223575e+78 464
1694753036152 5.40762266466772e+78 465
1694753036473 6.491783210829507e+78 466
1694753036805 7.793304353826886e+78 467
1694753037144 9.355764168165509e+78 468
1694753037551 1.1231477585928999e+79 469
1694753037894 1.3483248027185004e+79 470
1694753038240 1.6186470210326357e+79 471
1694753038650 1.9431654549521983e+79 472
1694753038934 2.3327457662206723e+79 473
1694753039235 2.8004320455328058e+79 474
1694753039597 3.361883560227277e+79 475
1694753039908 4.035899064415992e+79 476
1694753040230 4.8450462267208136e+79 477
1694753040595 5.8164172503799765e+79 478
1694753040904 6.982535985712315e+79 479
1694753041206 8.382446907257616e+79 480
1694753041557 1.0063022417180524e+80 481
1694753041932 1.2080532246616674e+80 482
1694753042298 1.4502527502312238e+80 483
1694753042640 1.7410102440993622e+80 484
1694753042966 2.0900609701141037e+80 485
1694753043294 2.5090919904690686e+80 486
1694753043618 3.0121334768010825e+80 487
1694753043966 3.616028474256781e+80 488
1694753044324 4.3409968473649135e+80 489
1694753044759 5.211312289985568e+80 490
1694753045095 6.256115067266187e+80 491
1694753045445 7.510387702169999e+80 492
1694753045833 9.016126274920765e+80 493
1694753046186 1.0823746553300976e+81 494
1694753046519 1.2993772034445503e+81 495
1694753046890 1.5598860417851026e+81 496
1694753047233 1.8726236360816918e+81 497
1694753047580 2.2480611970851407e+81 498
1694753047917 2.6987692820189307e+81 499
