1694745594729 1.5304616644823879 0
1694745595014 1.2796384045180247 1
1694745595270 1.9145956048518533 2
1694745595476 1.9211812996642286 3
1694745595713 1.9111338729388885 4
1694745595973 1.9563964319533589 5
1694745596207 2.8031255976440455 6
1694745596425 2.866389379671485 7
1694745596661 3.5970565289527663 8
1694745596884 1.9959567477423565 9
1694745597135 1.5875430264103358 10
1694745597415 2.343365331345198 11
1694745597567 2.8891116296985855 12
1694745597791 2.336066708531272 13
1694745598032 1.9202325141204633 14
1694745598266 2.943489615771857 15
1694745598473 2.369716050552193 16
1694745598677 3.927863277338494 17
1694745598889 2.880457790232897 18
1694745599110 2.7778342368423177 19
1694745599377 3.264781171091128 20
1694745599625 1.8932482974061067 21
1694745599768 2.116917845112975 22
1694745600017 2.609250103679598 23
1694745600281 1.8741172293954842 24
1694745600512 2.8414907345972913 25
1694745600685 2.5177282476234524 26
1694745600962 1.9881409621842054 27
1694745601202 1.9200500592088854 28
1694745601453 2.2474246628837595 29
1694745601654 2.8495028101887616 30
1694745601819 2.4334953105444477 31
1694745601969 1.8062388906357836 32
1694745602194 2.656176685467447 33
1694745602459 2.628551792076719 34
1694745602661 2.4444334036196804 35
1694745602865 1.8555910282109374 36
1694745603116 2.6530964778381527 37
1694745603364 2.353785604286942 38
1694745603559 3.418592545076239 39
1694745603805 2.099732674212732 40
1694745604099 1.2984373844712476 41
1694745604399 3.029620467180862 42
1694745604641 2.3632106782855753 43
1694745604847 3.2376498836202705 44
1694745605058 2.5362041400241684 45
1694745605288 2.6147452604967385 46
1694745605501 2.944112739156156 47
1694745605675 3.1643693897994676 48
1694745605910 2.241397534551006 49
1694745606203 2.1878597174885743 50
1694745606428 2.690820369194733 51
1694745606692 1.766054193868274 52
1694745606896 2.680721138272319 53
1694745607126 3.936448545682674 54
1694745607363 2.6716188957756897 55
1694745607578 1.5898068928931397 56
1694745607760 3.8106656517242645 57
1694745607930 3.08791935111105 58
1694745608139 1.6303249395702184 59
1694745608391 1.688838479744434 60
1694745608546 2.280973786377171 61
1694745608664 2.2299251051575752 62
1694745608859 2.4293567734568122 63
1694745609075 2.600894277718778 64
1694745609318 3.242578988470182 65
1694745609561 1.64567629767148 66
1694745609735 2.207790052696083 67
1694745609970 2.5524948657765956 68
1694745610156 2.0280758058162394 69
1694745610352 1.6449109857541164 70
1694745610613 2.123451881243214 71
1694745610911 3.2289600514939822 72
1694745611151 2.2756242833289204 73
1694745611353 3.7439555943981424 74
1694745611563 3.273041136140787 75
1694745611715 2.1650054715284273 76
1694745611922 2.0405353881394306 77
1694745612168 1.5145829335265846 78
1694745612391 2.4458437523983707 79
1694745612644 2.3949868385169015 80
1694745612872 2.7356475641867335 81
1694745613091 1.7935306801083917 82
1694745613321 2.715515861769668 83
1694745613577 1.9197411579353392 84
1694745613751 2.5374200324976184 85
1694745613990 1.699872891332408 86
1694745614241 2.549746594132201 87
1694745614484 1.9757361030327552 88
1694745614667 1.0543939468957226 89
1694745614817 2.6817240913278115 90
1694745615004 2.8896618573208475 91
1694745615244 2.0401602088496396 92
1694745615484 2.072429797182652 93
1694745615670 2.432919154201294 94
1694745615826 1.9007350800647589 95
1694745616000 1.5818518163273332 96
