1694717744508 23.13192261857976 0
1694717744728 6.882527109923416 1
1694717744870 2.4534943425555276 2
1694717745038 1.907708914654043 3
1694717745175 3.228917329502835 4
1694717745380 1.7990286329566423 5
1694717745585 1.5666548863164715 6
1694717745748 4.1822164231030206 7
1694717745892 1.992517672938699 8
1694717746127 1.7662917413126482 9
1694717746364 2.2348387523545545 10
1694717746544 3.6182336484547295 11
1694717746676 3.0433530904904926 12
1694717746864 2.6183464175014 13
1694717747052 2.3827058000409305 14
1694717747292 2.7421321578717404 15
1694717747496 1.8511698415355322 16
1694717747670 2.4661554880674927 17
1694717747851 3.2964251977287993 18
1694717747990 1.8825157380399364 19
1694717748186 2.152767499218061 20
1694717748428 1.7389591149893946 21
1694717748678 2.3286593374222693 22
1694717748912 2.990683413822825 23
1694717749046 1.7723321545266815 24
