1694719630202 0.5182620675931914 0
1694719630542 12.86050708274318 1
1694719630870 7.647021316886947 2
1694719631223 0.07803581763711558 3
1694719631518 0.2254821236616481 4
1694719631835 5.232738147034145 5
1694719632252 0.6029544834118883 6
1694719632526 0.18293710929461976 7
1694719632821 8.872986591886049 8
1694719633299 0.030442397846356155 9
1694719633681 0.995615851725285 10
1694719634026 0.5173490220868299 11
1694719634437 0.07045705482692746 12
1694719634669 1.3326652053772756 13
1694719634889 0.26068990619484667 14
1694719635191 0.00044399383685518406 15
1694719635500 0.41124565721385936 16
1694719635811 0.6582816981377689 17
1694719636259 0.3428270899862305 18
1694719636634 0.00020476375340554756 19
1694719637015 0.7682823451433419 20
1694719637347 3.505413843089471e-05 21
1694719637666 0.6693302877612946 22
1694719638037 2.592396256744069 23
1694719638382 2.80792470761555 24
1694719638919 0.5522806615235665 25
1694719639283 0.005733901047939909 26
1694719639544 1.5607335712418169 27
1694719639821 0.3802167581897842 28
1694719640200 0.0213279901396855 29
1694719640583 1.3549017169387287 30
1694719640901 0.413825246212214 31
1694719641310 0.786419106676291 32
1694719641623 0.529549046695618 33
1694719641863 0.43220596505000275 34
1694719642232 0.31033285762981083 35
1694719642618 0.0518431555854506 36
1694719642932 0.0770823004692984 37
1694719643347 1.1386735387179643 38
1694719643714 7.020181362519118 39
1694719644076 0.06627017849409879 40
1694719644464 0.3544216567754666 41
1694719644867 1.2709193214152301 42
1694719645258 0.5627986470170565 43
1694719645667 0.13714085489014033 44
1694719646023 0.013599351410335674 45
1694719646378 0.7950011023128993 46
1694719646757 0.0016101085060492835 47
1694719647147 0.039868186011845476 48
1694719647535 9.49430241857659 49
1694719647791 0.26248387888312813 50
1694719648160 1.0472351273914924 51
1694719648522 1.06579849427432 52
1694719648822 2.2775960792718766 53
1694719649130 1.1566938141800862 54
1694719649437 2.1035819079877567 55
1694719649732 3.527917914938768 56
1694719650100 1.280015918791582 57
1694719650524 0.29656586972034843 58
1694719650829 0.04629442372117894 59
1694719651174 0.009559063133650422 60
1694719651499 0.5949294977613606 61
1694719651861 0.44844237552845034 62
1694719652528 0.0021414982528352527 63
1694719652825 1.3699955435605944 64
1694719653164 0.19124875156606802 65
1694719653497 0.1932063051950342 66
1694719653768 0.05944765776922371 67
1694719654149 3.4600797767398768 68
1694719654487 0.33015077866407166 69
1694719654807 1.3453122589142876 70
1694719655151 2.2920453061840007 71
1694719655496 0.1160502463454143 72
1694719655785 1.0768844979390213 73
1694719656084 0.23070949881087505 74
1694719656414 0.01479020257670482 75
1694719656733 3.9123298939729256 76
1694719657032 3.3042598808744725 77
1694719657418 0.8124700238589844 78
1694719657812 1.5256926498633374 79
1694719658228 0.34445899588349227 80
1694719658676 2.6154680858317 81
1694719658967 0.00491782107519404 82
1694719659370 0.006693858214671943 83
1694719659716 0.4030003024336907 84
1694719660026 1.1552576022914245 85
1694719660488 4.689248739349857 86
1694719660862 2.3423842237791406 87
1694719661191 0.26461656624228297 88
1694719661608 0.35975717112061667 89
1694719661940 0.06278100931377717 90
1694719662217 0.7472252251031949 91
1694719662551 0.018609288740331898 92
1694719662876 0.3555339709686945 93
1694719663131 0.9433272141133519 94
1694719663441 0.04148965138099337 95
1694719663814 0.016721710999560192 96
1694719664123 0.13785108309023356 97
1694719664486 0.1773364095907941 98
1694719665057 0.14262111992390908 99
1694719665502 0.002734537852187677 100
1694719665797 0.12476955122283172 101
1694719666205 3.56785075533705 102
1694719666564 2.6889147627749406 103
1694719666910 1.2905728218624335 104
1694719667220 0.14471203088850795 105
1694719667551 0.711810476279631 106
1694719667895 2.1101894304102276 107
1694719668204 0.7703563180892427 108
1694719668548 1.2495761445902744 109
1694719668910 0.8405587743994946 110
1694719669208 0.011920501325620048 111
1694719669530 0.04329038971806786 112
1694719669901 0.3042642508308498 113
1694719670215 0.5653141074918142 114
1694719670595 0.03568307947946458 115
1694719670908 0.054321649731415435 116
1694719671273 0.39569605890895104 117
1694719671751 0.06162193309588586 118
1694719672160 0.12557187625146268 119
1694719672473 0.16326509199507142 120
1694719672892 0.20962489854317867 121
1694719673209 0.162842775341285 122
1694719673596 0.2601806082268879 123
1694719673982 0.45990862082960415 124
1694719674299 0.18722975650815718 125
1694719674534 2.413182947538905 126
1694719674886 0.5556659035159355 127
1694719675203 0.010973678466243881 128
1694719675617 0.0014083112310835678 129
1694719676029 0.0032456612327562387 130
1694719676290 0.12046716841399936 131
1694719676686 0.3212913147310662 132
1694719677048 0.44114128287878057 133
1694719677352 0.07524282133141295 134
1694719677705 0.020983820503318682 135
1694719678134 1.9694990896123328 136
1694719678442 1.3690599092185085 137
1694719678804 0.24328437948972664 138
1694719679282 0.1824759160090283 139
1694719679726 0.6410547854556626 140
1694719680144 0.29371781237759653 141
1694719681884 0.53314401582656 142
1694719682411 0.1421499637825994 143
1694719684317 1.88938317442231 144
1694719685000 1.4348571982194671 145
1694719685501 2.124958069571895 146
1694719686210 0.020871779015020738 147
1694719687030 0.05313771791901724 148
1694719687824 0.06393709178626657 149
1694719688372 1.614000122640803 150
1694719688912 2.344218739899935 151
1694719689941 0.6369502377421995 152
1694719690554 0.03867396457151982 153
1694719690967 2.0079778737115694e-05 154
1694719691424 2.065498478847318 155
1694719691890 0.3757601707822977 156
1694719692485 0.002196520968771402 157
1694719693550 2.277031822161406 158
1694719694219 2.266743043804518 159
1694719694876 0.2098840570076622 160
1694719695808 2.712610691176733 161
1694719696478 0.4796780316776404 162
1694719697019 1.0215121004293641 163
1694719697736 3.5857078829496127 164
1694719698175 0.6134947433776051 165
1694719698716 5.928914814273331 166
1694719699234 1.8630231111447302 167
1694719699827 1.1012283385209087 168
1694719700362 3.990441805033936 169
1694719700977 0.5779752378832089 170
1694719701337 0.06271334444107932 171
1694719702021 0.03589679195064746 172
1694719702758 2.155231116777253 173
1694719703412 0.5865025712720348 174
1694719704377 0.17809584916787816 175
1694719704868 1.3180422465250454 176
1694719705898 1.152727666511409 177
1694719706569 2.576959165368362 178
1694719706958 0.053349474759042295 179
1694719707465 0.4330423334059559 180
1694719707781 0.025367971285247544 181
1694719708235 0.19046876890531156 182
1694719708568 0.23798754209261536 183
1694719708967 0.39976066589132325 184
1694719709354 0.7399224627030665 185
1694719709800 0.03623373024276544 186
1694719710903 0.058190727701199464 187
1694719711467 1.1601561247234589 188
1694719712053 0.4269052745254904 189
1694719712707 1.0388587457776595 190
1694719713098 0.434319171602601 191
1694719713428 0.01435014467298328 192
1694719713804 1.500333393653215 193
1694719714142 0.18248623904043254 194
1694719714476 0.13085676117739212 195
1694719714741 3.125738750716614 196
1694719715273 3.1572734219115155 197
1694719715787 0.010923974587333268 198
1694719716556 0.2528638951721997 199
1694719716818 0.009385622556200176 200
1694719717157 0.02356700539359426 201
1694719717701 0.20594283727098828 202
1694719718146 5.278979285629125 203
1694719718470 0.6940856161297483 204
1694719718950 0.03938956002152008 205
1694719719795 0.007093692594537401 206
1694719720228 0.14827445702290948 207
1694719721009 1.3249901871645082 208
1694719721599 2.3338038662580733 209
1694719722706 1.9866733382177064 210
1694719723026 1.5767216819272878 211
1694719723849 1.4211682812519442 212
1694719724385 0.7392585325076613 213
1694719724966 0.02958359407741278 214
1694719725524 0.20553111050405357 215
1694719725941 0.08626808832766877 216
1694719726218 0.046826845122017006 217
1694719726735 0.887510208050499 218
1694719727031 0.8406976428345353 219
1694719727369 0.5727486313834664 220
1694719727730 0.5189304798535775 221
1694719728078 0.059677350142169364 222
1694719729169 0.006228591611437382 223
1694719729696 1.9595324789106139 224
1694719730205 0.004733771491535836 225
1694719730827 1.5985318015710597 226
1694719731986 0.14114206884051292 227
1694719732482 0.0003236777535777226 228
1694719733129 0.26617209884855836 229
1694719733522 0.016664539142655022 230
1694719733850 0.07294161499713189 231
1694719734125 0.04005455825211961 232
1694719734449 0.2960706796580106 233
1694719734788 0.08745160300439586 234
1694719735193 1.485209040111627 235
1694719735475 2.725953631095055 236
1694719735801 1.0445792206807505 237
1694719736406 1.4048476108508356 238
1694719736658 5.4110579977865066e-05 239
1694719736975 0.43548130179321753 240
1694719737331 0.03601971377723789 241
1694719737716 0.040330294429981185 242
1694719738070 0.07277606464090038 243
1694719738405 0.18080424308007573 244
1694719738622 0.28812099986559214 245
1694719738835 0.3831403307155728 246
1694719739088 0.7635748935977669 247
1694719739412 0.5923036472817164 248
1694719739646 0.06355168550852197 249
1694719739953 2.0355515050401554 250
1694719740341 0.6341681917655826 251
1694719740644 0.3894615895392412 252
1694719740930 1.9387399414099247 253
1694719741224 1.3378039001496513 254
1694719741569 1.7567862134073318 255
1694719741804 1.713588585882132 256
1694719742073 0.057978659751321326 257
1694719742345 0.030676266686172585 258
1694719742594 0.14026189269231726 259
1694719742876 1.9482037320530916 260
1694719743140 0.5393273507511217 261
1694719743450 0.1491742501892947 262
1694719743765 2.790474911695367 263
1694719744019 0.04238230577602014 264
1694719744286 2.2927176420408566 265
1694719744570 6.211425026523783 266
1694719744835 0.5218765114680738 267
1694719745234 0.21417067160859274 268
1694719745571 0.06527582927683329 269
1694719745868 0.01411666268167994 270
1694719746257 3.5008833904456655 271
1694719746570 0.014391498428249029 272
1694719746798 0.4983469381064983 273
1694719747171 0.04309799084534586 274
1694719747436 0.2259127480182215 275
1694719747740 1.896509552243634 276
1694719748177 0.21507887068681866 277
1694719748660 0.01980516358577519 278
1694719748952 0.5803762687579485 279
1694719749239 0.01795903100314956 280
1694719749523 0.58065081714315 281
1694719749787 0.20748474645420467 282
1694719750057 5.463086583816979 283
1694719750411 1.1015829833231336 284
1694719750741 0.01539842236045746 285
1694719751006 0.08303739666289583 286
1694719751277 0.06408950506743112 287
1694719751560 1.4355326061318971 288
1694719751864 0.6904871904382661 289
1694719752152 4.685237363435088 290
1694719752377 1.1454821962873 291
1694719752663 0.07646510378038829 292
1694719752962 5.3230613499423045 293
1694719753236 0.5838951463955144 294
1694719753539 0.11365878613339322 295
1694719753822 2.207457009678361 296
1694719754079 0.07620227333776369 297
1694719754409 0.019694873315315664 298
1694719754726 0.005620572136850329 299
1694719754998 0.01262249284106491 300
1694719755297 0.0006134123491815308 301
1694719755594 2.365521758737802 302
1694719755862 0.17357633822872823 303
1694719756103 0.049169092195020817 304
1694719756430 0.3718214882076606 305
1694719756725 2.3894202107399094 306
1694719756973 0.524168867032371 307
1694719757219 0.1794076387542221 308
1694719757527 1.1218983223889427 309
1694719757814 0.8042733168398336 310
1694719758070 1.7758958237759013 311
1694719758308 1.384396561023322 312
1694719758589 2.247931770145189 313
1694719758861 1.2912960436675125 314
1694719759101 0.03832707479101284 315
1694719759387 0.0220247073337344 316
1694719759713 1.980068719495829 317
1694719759997 0.03969307317973517 318
1694719760281 0.0006291086954957085 319
1694719760599 0.010193057919515724 320
1694719760864 3.1587784100539116 321
1694719761098 1.0352811285515509 322
1694719761342 0.29147325656978385 323
1694719761646 2.4804231346789676 324
1694719762063 1.055729354709544 325
1694719762324 0.006796388129725362 326
1694719762701 0.3027937846131004 327
1694719762982 0.06984352387012596 328
1694719763262 1.8464045893967047 329
1694719763529 0.7584859993419705 330
1694719763792 0.002633693619868408 331
1694719764136 0.8044934363623049 332
1694719764639 0.007237653484516026 333
1694719764979 4.317451360395391 334
1694719765262 0.29393139159641946 335
1694719765555 2.320122671557844 336
1694719765854 0.4212609338986652 337
1694719766179 2.735245813428688 338
1694719766498 0.006227061386114085 339
1694719766811 3.547235336449687 340
1694719767069 0.007255967055873497 341
1694719767320 0.008336987424102278 342
1694719767675 1.1462158314768944 343
1694719767993 2.639244686270372 344
1694719768278 0.5499200385297578 345
1694719768607 0.18981901780727242 346
1694719768882 0.41064740007352096 347
1694719769151 6.678646130887002 348
1694719769434 0.8323514084925617 349
1694719769717 0.19552653326869013 350
1694719770015 0.38624588370747176 351
1694719770264 3.2189942881141094 352
1694719770615 0.0038060175434783427 353
1694719770914 0.00016570465864683133 354
1694719771198 0.6570840596484689 355
1694719771485 0.9204654330689661 356
1694719771772 0.32975815081385507 357
1694719772116 0.16429418001431506 358
1694719772335 0.05250188045346321 359
1694719772567 0.6530975504948058 360
1694719772880 0.26055939071466294 361
1694719773183 0.5627215857530173 362
1694719773467 0.03632447228493479 363
1694719773751 0.38274086494985726 364
1694719774032 0.1576960246673658 365
1694719774316 5.6011334416578435 366
1694719774577 0.49018240317763456 367
1694719774838 0.9717951177354995 368
1694719775182 0.2673694253553604 369
1694719775437 2.2778456519479455 370
1694719775645 1.0941217277960635 371
1694719775954 0.25255638859129403 372
1694719776220 0.025091560010215935 373
1694719776499 0.1655889963374191 374
1694719776782 2.268271406194861 375
1694719777203 2.7706941034848716 376
1694719777540 1.1873124807018232 377
1694719777919 0.9259451806179945 378
1694719778390 0.0024775977284101467 379
1694719778704 0.018530483575538156 380
1694719778944 1.2094011449002509 381
1694719779228 1.3734255030581308 382
1694719779555 6.267975399035623 383
1694719779876 2.6319031379224835 384
1694719780157 1.5321379444822434 385
1694719780491 0.18609140543850597 386
1694719780730 0.029074237394195648 387
1694719781069 0.03126791917449754 388
1694719781311 1.0846417237039898 389
1694719781531 0.5878466320714403 390
1694719781768 0.007269575813882119 391
1694719782109 0.0007922455247854947 392
1694719782416 0.42677832737088434 393
1694719782688 1.3000504129817791 394
1694719782973 0.0035774151625708587 395
1694719783249 0.679357455383432 396
1694719783536 2.0130503037150307 397
1694719783799 0.8505765826904474 398
1694719784162 1.7083975409890442 399
1694719784435 0.4191709065932242 400
1694719784698 1.9439998398269926 401
1694719784962 0.36136143970079393 402
1694719785264 1.607994735193287 403
1694719785570 2.1176564327711778 404
1694719785814 0.26482955455798585 405
1694719786203 3.536840254407577e-05 406
1694719786516 0.010188273660798452 407
1694719786767 2.0186607969310315 408
1694719787017 1.2640773972268315 409
1694719787323 0.7519172122520373 410
1694719787632 0.050550331194321896 411
1694719787873 2.5307545232349815 412
1694719788102 0.0008125036612260886 413
1694719788403 4.010242125342339 414
1694719788709 0.9706719332872729 415
1694719788914 0.0025376370580723353 416
1694719789138 0.4079334396866103 417
1694719789461 0.02481424557377332 418
1694719789768 0.491166407761574 419
1694719790111 0.9845194586734431 420
1694719790411 1.239121749910949 421
1694719790777 0.7873289534495432 422
1694719791054 0.10835867401066453 423
1694719791349 2.882981797451817 424
1694719791634 0.338334591959507 425
1694719791850 0.3024928230428767 426
1694719792075 0.4506514263586912 427
1694719792379 0.008138036429868828 428
1694719792632 0.25904696890241924 429
1694719792937 0.12001680682193777 430
1694719793172 3.072786145024955 431
1694719793445 0.37051612840292164 432
1694719793748 4.873263041780853 433
1694719793958 3.0694459060027586 434
1694719794231 1.0994154816735657 435
1694719794502 0.2397825631386004 436
1694719794803 0.39129366104982616 437
1694719795151 0.13596267044214252 438
1694719795441 1.0992596003877397 439
1694719795732 3.775942742943575 440
1694719795979 0.0007622322651661965 441
1694719796249 0.09409324651596407 442
1694719796529 1.5672367160487863 443
1694719796827 0.2083405159072166 444
1694719797080 0.5144955448941311 445
1694719797422 2.313389645121415 446
1694719797711 0.01098741998410079 447
1694719797970 0.014214643286063018 448
1694719798206 0.7012178049103149 449
1694719798476 0.8287921072970988 450
1694719798759 3.256801594942012 451
1694719799023 0.40132793375522163 452
1694719799290 0.3004469826844168 453
1694719799666 0.05600100207731036 454
1694719799927 0.0030953579381714294 455
1694719800160 0.7733690502054653 456
1694719800484 0.020866149683592586 457
1694719800791 0.29997796469536614 458
1694719801051 2.473737575805135 459
1694719801334 0.021065209882287193 460
1694719801622 0.09633637336997625 461
1694719801949 0.003546265099147049 462
1694719802259 0.11670551499231563 463
1694719802576 0.449796354351915 464
1694719802858 0.005227377767894413 465
1694719803133 0.4248496644326416 466
1694719803436 0.33549637439885344 467
1694719803726 1.6328364381780938 468
1694719804032 0.18385547587200454 469
1694719804268 0.1263482398170833 470
1694719804550 3.282675989467212 471
1694719804830 0.11428544561524868 472
1694719805113 0.05545919096379405 473
1694719805419 3.987291840183625 474
1694719805713 0.9677367301915616 475
1694719805969 0.10168412167858916 476
1694719806321 4.131247035858405 477
1694719806606 3.1578254676628856 478
1694719806896 0.41366422518983165 479
1694719807107 0.24784653708927043 480
1694719807347 1.1423517872758342 481
1694719807753 0.0563590374869779 482
1694719808142 0.04102785641981322 483
1694719808331 0.35217345576436093 484
1694719808639 0.3274432378509972 485
1694719808897 2.9849773852656667 486
1694719809163 0.2172384529020184 487
1694719809423 0.2096585632613764 488
1694719809727 0.11614092892334914 489
1694719809976 1.1328870545743204 490
1694719810232 0.031086859887591745 491
1694719810649 0.0004142962520490666 492
1694719810942 0.2644007229966864 493
1694719811173 0.08757463009796744 494
1694719811463 1.2743625391624795 495
1694719811757 0.6313357807600202 496
1694719811988 0.07968604249931659 497
1694719812300 4.352275067774376 498
1694719812592 1.0157271144505295 499
