1694743605113 0.03719765160974728 0
1694743605525 4.1882566069554725 1
1694743605762 5.469196281715486 2
1694743605989 0.7991890240362298 3
1694743606296 0.2524358191916704 4
1694743606574 2.2419117095444516 5
1694743606925 1.4998310542603421 6
1694743607288 1.7153644489050894 7
1694743607570 0.1564457650459425 8
1694743607821 1.86966552697494 9
1694743608123 0.22641149641310326 10
1694743608448 0.11379317080713754 11
1694743608713 1.6821683467197244 12
1694743608968 1.738777058733779 13
1694743609327 7.821985714810849 14
1694743609708 10.765940162007642 15
1694743610121 16.049314894568838 16
1694743610474 0.8655632857680194 17
1694743610761 0.2496324832948245 18
1694743611120 5.8955646733215445 19
1694743611439 2.093605710853533 20
1694743611778 3.787014203210884 21
1694743612081 0.0010012426960757197 22
1694743612393 0.0004148340712429949 23
1694743612678 0.5560176547187722 24
1694743612992 0.18161481642769958 25
1694743613298 0.0007493306584119252 26
1694743613599 5.485789848948525 27
1694743613990 1.510108707599704 28
1694743614338 0.028848245797174547 29
1694743614628 0.018944585760240766 30
1694743614882 0.8800628016864982 31
