1694724219541 2.484431217667142 0
1694724219725 2.298588692277955 1
1694724219891 2.5057371926862584 2
1694724220062 2.5148213888969666 3
1694724220200 2.4415307972120637 4
1694724220321 3.3634619132320593 5
1694724220545 3.0081115985138047 6
1694724220755 2.582951003729057 7
1694724220983 3.060103836918092 8
1694724221196 2.4118227457185095 9
1694724221465 3.6319804390680033 10
1694724221743 2.0943541618239445 11
1694724221985 2.209561592132809 12
1694724222201 2.5341247112320877 13
1694724222432 2.0405905318865023 14
1694724222678 2.0400780758349044 15
1694724222826 2.4374061918296253 16
1694724222988 1.8096621599802474 17
1694724223269 2.317917394545264 18
1694724223527 3.651165009767407 19
1694724223913 2.380220044588844 20
1694724224194 2.166141647260367 21
1694724225342 1.836346237688988 22
1694724225673 2.193327330484627 23
1694724225950 1.9520274906017672 24
1694724226274 2.0286041346897568 25
1694724226630 3.396492291789817 26
1694724226975 1.6589878885548843 27
1694724227198 1.6346683452963482 28
1694724227396 1.3293020688194808 29
1694724227621 1.3090813247255115 30
1694724227858 2.4836250444185803 31
1694724228101 2.5080772672183667 32
1694724228360 3.0900825587172753 33
1694724228628 2.286640072471211 34
1694724228901 1.866961181422157 35
1694724229216 2.010779562197578 36
1694724229408 2.1398863030457966 37
1694724229645 2.7024427958904824 38
1694724229904 2.9986913060159406 39
1694724230116 1.5320872951054827 40
1694724230285 1.5174226465521023 41
1694724230495 2.6081295104382556 42
1694724230753 2.4402019559156227 43
1694724230975 2.207630628225793 44
1694724231185 2.9550173086790505 45
1694724231353 2.760197913701781 46
1694724231577 3.195610619849392 47
1694724231800 2.503341898216277 48
1694724232015 2.150451646894486 49
1694724232241 3.020839645023687 50
1694724232388 2.605912438132586 51
1694724232534 2.6976367139009567 52
1694724232796 2.338707360590366 53
1694724233044 2.241207908117898 54
1694724233271 2.1335084289417012 55
1694724233426 2.9113411885127136 56
1694724233720 2.823926147351719 57
1694724234030 2.0955611944577517 58
1694724234260 3.404262084340895 59
1694724234468 2.879946713391368 60
1694724234719 1.782129022037708 61
1694724235107 2.1802197505155476 62
1694724235332 2.242312182574577 63
1694724235582 2.3316178832994914 64
1694724235880 3.6267119577309495 65
1694724236106 2.096307398340296 66
1694724236304 2.452359455299255 67
1694724236525 1.9420249127448983 68
1694724236770 1.8679819278872924 69
1694724237014 2.9100242291380183 70
1694724237292 1.9347158651862648 71
1694724237465 1.9152236930502962 72
1694724237698 1.8743423429071064 73
1694724237911 1.6264021639631956 74
1694724238147 2.0093507318973622 75
1694724238334 1.6745161910920754 76
1694724238520 2.4322553930906543 77
1694724238726 1.665684891350267 78
1694724238960 1.1966392230670386 79
1694724239219 2.5238218680841 80
1694724239633 2.370202471374839 81
1694724239860 3.304958321096487 82
1694724240105 3.266887710788987 83
1694724240314 2.2820095195009964 84
1694724240454 2.353720412082513 85
1694724240627 2.5424280714567464 86
1694724240830 1.5483433004436105 87
1694724241026 2.2354840466539936 88
1694724241246 1.877269710908653 89
1694724241455 2.53672247402133 90
