1694746030388 62.79891181928963 0
1694746030576 23.178972083124933 1
1694746030779 8.569931976946798 2
1694746030990 3.7180939884871704 3
1694746031254 2.5628968053269428 4
1694746031481 3.121088840042416 5
1694746031756 2.2764231479399957 6
1694746031970 1.986681029242743 7
1694746032191 1.9599964145495916 8
1694746032385 3.6731238087443483 9
1694746032630 3.026124793106698 10
1694746032905 1.66089096543749 11
1694746033141 3.0020616183878546 12
1694746033362 3.251450598541669 13
1694746033597 3.390044515823894 14
1694746033885 2.2784512143180096 15
1694746034128 2.7053085149287197 16
1694746034295 3.0217128989183135 17
1694746034495 1.6129984621941589 18
