1694736919902 4.010286459778447 0
1694736920138 0.16452708992604623 1
1694736920365 0.25945592925580785 2
1694736920660 1.4222098984202707 3
1694736920941 2.5443622685401284 4
1694736921259 0.17049982398767105 5
1694736921582 0.028083613828613622 6
1694736921897 2.2548815646254754 7
1694736922115 0.07341747293748124 8
1694736922408 0.4920008422984939 9
1694736922734 0.48214444924770333 10
1694736922978 1.6527395638802111 11
1694736923278 9.180970295020987 12
1694736923574 2.1030707393806654 13
1694736923832 1.5344032278853672 14
1694736924256 20.13770224196102 15
1694736924578 4.361654383534848 16
1694736924852 4.083006264124116 17
1694736925141 0.015722143171746042 18
1694736925451 0.29445858117613627 19
1694736925805 9.973537247252658 20
1694736926038 0.3443978600919748 21
1694736926396 2.96553776225838 22
1694736926717 0.018927958443450483 23
1694736926990 0.10174763469790839 24
1694736927295 0.5552080599966972 25
1694736927650 0.6421643434341179 26
1694736927883 0.40162563195162754 27
1694736928215 1.5510414299537845 28
1694736928531 0.38357537876418424 29
1694736928965 1.7225112361421377 30
1694736929277 0.37150248378791284 31
1694736929595 0.06649336920489159 32
1694736929888 0.04802111529993187 33
1694736930176 1.8748588847943983 34
1694736930514 3.135427477375007 35
1694736930880 0.304210713708361 36
1694736931132 1.4648266052824013 37
1694736931379 1.4169157321521595 38
1694736931703 0.13701432942908054 39
1694736931994 1.2880199795183472e-05 40
1694736932307 0.2313410457685449 41
1694736932650 3.7655257897874788 42
1694736933005 0.3616829506060724 43
1694736933245 7.9201751743196285 44
1694736933457 2.0354646529744 45
1694736933743 0.040002586034956836 46
1694736934121 2.059261416693573 47
1694736934384 0.0002044420219887273 48
1694736934701 0.7002140319616522 49
1694736934961 4.681161204272262 50
1694736935292 0.719027986167419 51
1694736935579 1.9155208762199016 52
1694736935956 17.38906219975474 53
1694736936248 4.404506215731846 54
1694736936579 14.599458854528294 55
1694736936888 5.145631293081766 56
1694736937160 0.058451099702586544 57
1694736937484 3.7676438732962927 58
1694736937762 2.449214136744009 59
1694736938059 0.025214161324911274 60
1694736938317 1.480009730443806 61
1694736938634 1.0920911465354777 62
1694736938960 9.068489245902999 63
1694736939323 7.25185910514539 64
1694736939710 7.268252226585526 65
1694736940038 5.543952850620021 66
1694736940321 1.691781824589749 67
1694736940670 0.4358843501425911 68
1694736940975 2.857588178077277 69
1694736941249 1.2354605076703296 70
1694736941534 4.43848572986735 71
1694736941895 0.05757451580083779 72
1694736942228 1.887159830858144 73
1694736942534 1.7324525763077077 74
1694736942838 1.8437154638048037 75
1694736943181 20.41209411288575 76
1694736943447 0.39037391227324525 77
1694736943724 0.8900986177181233 78
1694736944165 2.390958965478793 79
1694736944424 2.2403369578152037 80
1694736944719 11.03100114500502 81
1694736945028 23.538278169146203 82
1694736945328 1.1292817242531938 83
1694736945663 3.460145749380848 84
1694736945938 4.300060476068676 85
1694736946312 3.547004217960247 86
1694736946660 0.5342685403248333 87
1694736946964 2.1378868970798974 88
1694736947262 0.6523651965620054 89
1694736947518 1.3876177928381448 90
1694736947829 0.06729187969184294 91
1694736948168 1.6660353284192562 92
1694736948453 0.333919695100651 93
1694736948815 0.11015199134612015 94
1694736949132 13.788835973716862 95
1694736949397 0.4201872357374939 96
1694736949824 0.025192408280376003 97
1694736950159 0.7966361683327935 98
1694736950435 0.0009957350241395608 99
1694736950771 0.009990982720296063 100
1694736951107 0.5217519216335433 101
1694736951442 4.609036967875347 102
1694736951767 0.008998854329267935 103
1694736952089 1.8639404060022318 104
1694736952355 0.04378765766634839 105
1694736952634 0.712028325819294 106
1694736953032 0.2314797400843979 107
1694736953339 6.137171128292672 108
1694736953589 0.06158023873641058 109
1694736953882 14.002025310979558 110
1694736954262 0.524909288470582 111
1694736954495 1.989689526801525 112
1694736954777 5.8202709955502385 113
1694736955076 1.600200375277593 114
1694736955422 3.5031079835979577 115
1694736955705 1.4653615897347054 116
1694736955983 0.4572949847191165 117
1694736956333 0.71051997711492 118
1694736956573 13.909419005609198 119
1694736956881 0.3243214954021907 120
1694736957204 0.9818011885318645 121
1694736957555 0.5441536035631336 122
1694736957859 0.23482884416408722 123
1694736958172 0.3766987611501477 124
1694736958480 2.2658457149640854 125
1694736958704 0.01603793314029894 126
1694736958959 0.1071209035799643 127
1694736959246 0.003405267656394246 128
1694736959501 0.015017680793308865 129
1694736959833 9.43574554295954 130
1694736960156 2.1062059710294125 131
1694736960452 0.48236365483691035 132
1694736960777 0.003771374625981812 133
1694736961088 2.385225105890078 134
1694736961405 9.482080158307191 135
1694736961680 1.4869245747350754 136
1694736962042 0.3018387619319856 137
1694736962355 0.23181911630360807 138
1694736962643 1.584924242894806 139
1694736962937 3.089450119786565 140
1694736963242 2.47247068696985 141
1694736963535 1.260697361826689 142
1694736963796 13.941975487236908 143
1694736964175 0.2717630340145283 144
1694736964487 0.6458551836395346 145
1694736964772 3.700016357085269 146
1694736965116 0.03298080700780474 147
1694736965392 7.122967110826374 148
1694736965695 9.20753331134059 149
1694736966024 2.1047835849754937 150
1694736966328 0.23290709425243628 151
1694736966617 0.5273680262156437 152
1694736966899 1.813623231652573 153
1694736967238 1.7913093480337015 154
1694736967543 11.959935134333962 155
1694736967829 0.14665967527518997 156
1694736968163 0.021726152566798995 157
1694736968520 0.38894013123552473 158
1694736968821 4.900535295166844 159
1694736969159 4.028575590447448 160
1694736969591 8.266624018713 161
1694736969840 0.9242008190909671 162
1694736970077 0.3281577330774498 163
1694736970377 0.2714768428767337 164
1694736970704 1.8890602391842497 165
1694736970957 0.022905482574238637 166
1694736971196 3.28599405894151 167
1694736971508 0.12346696708718102 168
1694736971801 0.4345000573623416 169
1694736972084 0.0721568584354837 170
1694736972411 0.3784156853536916 171
1694736972723 0.07784108944856402 172
1694736972999 3.86445392119603 173
1694736973269 0.028234194537369556 174
1694736973607 0.0001315637847534909 175
1694736973885 1.6211341115589706 176
1694736974192 0.6856067392423354 177
1694736974525 2.855416142719065 178
1694736974803 0.054240823360140675 179
1694736975149 6.44635605683249 180
1694736975438 0.0007778344373440805 181
1694736975748 6.137351396822427 182
1694736976000 1.523236841535204 183
1694736976236 0.40046085343831866 184
1694736976462 0.8023407257850012 185
1694736976733 2.8931179235855087 186
1694736976998 0.7481921531576332 187
1694736977214 0.41757714522534334 188
1694736977540 2.9125145159504635 189
1694736977824 2.436284495090335 190
1694736978084 0.35495882041238996 191
1694736978320 4.317775208912107 192
1694736978743 1.580769606662503 193
1694736979018 0.00023626052940004457 194
1694736979244 0.3543614242896166 195
1694736979491 1.064933260788241 196
1694736979797 0.06710017707328467 197
1694736980097 2.52249434266587 198
1694736980395 1.3753544487613651 199
1694736980645 0.6795883880138919 200
1694736980947 0.1264722508969062 201
1694736981198 1.7890633756247623 202
1694736981512 0.3021489649424655 203
1694736981864 20.792185545634386 204
1694736982207 0.6896841317260561 205
1694736982472 3.5291491661683843 206
1694736982794 0.12207212661123086 207
1694736983095 1.7824247356163672 208
1694736983421 0.31427075061600696 209
1694736983736 0.17325539729307618 210
1694736984137 0.04232147870176511 211
1694736984433 2.663336510937339 212
1694736984749 0.5358095455423112 213
1694736984989 1.1968351742835497 214
1694736985259 0.10470961262476138 215
1694736985611 8.977648099522531 216
1694736985978 1.8810750682234212 217
1694736986236 0.03831814029718188 218
1694736986602 1.9686616410160473 219
1694736986913 11.732514185130094 220
1694736987177 3.2052898106777246 221
1694736987464 3.879845599663351 222
1694736987745 0.011436758856167392 223
1694736988041 2.5683522321980785 224
1694736988294 7.046114450357776 225
1694736988641 6.426017092648972 226
1694736988967 0.10341929173761964 227
1694736989241 3.1869096397448855 228
1694736989574 0.0010028470880509687 229
1694736989909 0.41743977203996585 230
1694736990193 0.0015397073548859687 231
1694736990499 0.11558892369104065 232
1694736990861 3.9807172809364566 233
1694736991157 0.44635645220101067 234
1694736991383 3.5853438801212323 235
1694736991654 0.24847681676901853 236
1694736991898 7.654461911510213 237
1694736992177 2.357258959413182 238
1694736992424 1.102038252416217 239
1694736992691 1.2783660106390518 240
1694736992976 1.2871161133049447 241
1694736993226 0.18620100847663573 242
1694736993460 0.3304248523253977 243
1694736993785 0.9145567872141949 244
1694736994160 0.6333538375642728 245
1694736994400 0.004324128859226879 246
1694736994732 1.4672822296646364 247
1694736995046 3.407572834274238 248
1694736995377 34.35382200629575 249
1694736995838 0.9999845483331169 250
1694736996154 0.053375787013738664 251
1694736996399 9.121091115423027 252
1694736996662 0.012956938903769907 253
1694736996992 2.11042602143152 254
1694736997293 0.05795193259140062 255
1694736997582 3.6240398365756907 256
1694736997854 13.241937916306247 257
1694736998180 0.697756050246991 258
1694736998419 0.06301986096613015 259
1694736998667 0.02545205068550242 260
1694736998994 0.5290423189257719 261
1694736999294 1.5870772368375126 262
1694736999518 0.03475266821575136 263
1694736999877 1.185870144155979 264
1694737000205 0.07944306383164966 265
1694737000473 0.07334835890557398 266
1694737000727 0.41347647374050905 267
1694737001000 1.8015897569248518 268
1694737001310 0.15135343707804513 269
1694737001561 1.6059276521400712 270
1694737001961 1.4918285622570917 271
1694737002294 0.031386543186129406 272
1694737002555 1.1099553947281993 273
1694737002880 5.239007058828931 274
1694737003205 0.2548763004513115 275
1694737003486 3.67798397239528 276
1694737003732 1.469556963955169 277
1694737003991 0.012523518334748053 278
1694737004328 0.11672100010560331 279
1694737004592 0.1387782640911463 280
1694737004856 0.1258629301306025 281
1694737005124 5.137518744359853 282
1694737005440 2.2934172755786726 283
1694737005773 4.445397491840742 284
1694737006108 0.8259925695599643 285
1694737006488 0.04843894685554143 286
1694737006727 0.0002671116090675414 287
1694737006998 4.102304671042035 288
1694737007288 1.7978869134023807 289
1694737007575 0.06424311916651884 290
1694737007857 3.876616460080995 291
1694737008173 0.515230314196182 292
1694737008453 2.194142012996851 293
1694737008764 0.42330649647342666 294
1694737009032 0.58625483336613 295
1694737009326 1.4635212088326788 296
1694737009611 0.07540287731706044 297
1694737009929 0.09045200592202744 298
1694737010268 0.11898445234232997 299
1694737010543 0.4325784505090342 300
1694737010859 23.517373092629896 301
1694737011157 0.6504470248216885 302
1694737011477 0.23606348753549133 303
1694737011784 0.817601820545734 304
1694737012071 0.18070274182242216 305
1694737012399 0.2569032051358247 306
1694737012671 0.630016731502783 307
1694737013040 1.2999797467445091 308
1694737013361 0.040920485900315634 309
1694737013648 0.5810252295371386 310
1694737014006 1.856835869916097 311
1694737014363 2.248084279528176 312
1694737014650 2.4241183752119673 313
1694737014897 1.9423186986776921 314
1694737015256 3.441677276158953 315
1694737015603 0.05107091563596915 316
1694737015893 2.9459252264179927 317
1694737016135 0.015562599145943882 318
1694737016435 2.1185013690862315 319
1694737016702 0.0431710935079276 320
1694737016941 4.940844157676823 321
1694737017185 0.5387935420461154 322
1694737017573 4.895703472335322 323
1694737017823 1.21158022636446 324
1694737018106 14.260084440600359 325
1694737018404 4.313072982476278 326
1694737018704 1.077207878073073 327
1694737019023 0.3896957328030071 328
1694737019344 2.8237020880311183 329
1694737019732 0.36455012794514224 330
1694737020029 0.0026007123025804757 331
1694737020324 0.628000318249022 332
1694737020588 0.22295245199366678 333
1694737020888 12.204788167040052 334
1694737021202 2.4033766102609366 335
1694737021522 0.015201613457496922 336
1694737021811 3.3469779899015526 337
1694737022092 0.022233320242164595 338
1694737022351 0.5577077167776804 339
1694737022655 0.4973389823685251 340
1694737022894 1.9809146301133884 341
1694737023214 5.940993947254298 342
1694737023541 0.43916000688015633 343
1694737023820 0.6350625507356417 344
1694737024250 4.70531030852124 345
1694737024573 0.00017647411094986784 346
1694737024844 18.466354362211412 347
1694737025147 0.001845746618645455 348
1694737025452 0.4078331537862374 349
1694737025821 1.483960734172506 350
1694737026095 2.708916500553907 351
1694737026409 0.0009015445636239497 352
1694737026750 0.5824942637247252 353
1694737026971 11.333531173342838 354
1694737027286 0.16097281891805523 355
1694737027599 3.084943133262505 356
1694737027900 3.868963873824086 357
1694737028192 0.42305111215275076 358
1694737028504 0.2760283489139375 359
1694737028838 0.22351967224834837 360
1694737029072 1.540741155368139 361
1694737029355 0.5617765652312267 362
1694737029676 7.459689278099114 363
1694737029987 0.3503657275162997 364
1694737030268 0.4631428392454168 365
1694737030503 0.1371572861181958 366
1694737030835 0.38031070072057593 367
1694737031099 3.5705528718042276 368
1694737031436 0.3742782498432761 369
1694737031761 0.1477567660342792 370
1694737032024 0.0006589801687017041 371
1694737032297 0.03841068725716924 372
1694737032625 3.7779663481286363 373
1694737032921 7.8543880906907555 374
1694737033227 0.3078477599188047 375
1694737033547 0.00032505335393820715 376
1694737033852 6.268596785440186 377
1694737034203 0.8478920766448551 378
1694737034530 1.8669640632342648 379
1694737035016 8.663758051624091 380
1694737035397 0.3962803342708623 381
1694737035760 0.15988911269248535 382
1694737036052 0.4007948410001803 383
1694737036320 0.6739223160260085 384
1694737036648 0.00539287849117842 385
1694737036984 0.3859883631466615 386
1694737037226 0.025476056347729082 387
1694737037512 0.11986798745235536 388
1694737037793 4.43560148242574 389
1694737038039 2.6163994483165904 390
1694737038332 0.01194806457725184 391
1694737038835 0.8015015863477101 392
1694737039155 0.003293597162930813 393
1694737039421 2.8222732038888867 394
1694737039771 0.16679319908830945 395
1694737040101 2.4396978989111258 396
1694737040337 0.40706933228665293 397
1694737040584 0.7789875129356769 398
1694737040887 1.5358655953691274 399
1694737041184 0.12621574336420657 400
1694737041418 7.27483762560336 401
1694737041727 0.32090632671450026 402
1694737042080 0.10445186569340088 403
1694737042341 1.2006156833248771 404
1694737042605 0.6707855852005358 405
1694737042901 1.2538913716072968 406
1694737043157 0.2397883323614399 407
1694737043398 0.8375666440184546 408
1694737043668 0.6679739294084613 409
1694737043901 9.132566490354069 410
1694737044266 2.6170296758586824 411
1694737044548 0.19987885559946394 412
1694737044858 0.47255255690829956 413
1694737045162 0.7179306986398215 414
1694737045422 0.549275312308785 415
1694737045706 0.019547988753097607 416
1694737046085 0.9288982104573619 417
1694737046383 1.0364655546559047 418
1694737046730 0.08843245050309649 419
1694737047078 3.2884689953205233 420
1694737047365 0.00016308175159655808 421
1694737047649 11.447964140918137 422
1694737047942 0.19453578992468865 423
1694737048205 0.2972091312067915 424
1694737048484 0.6259293144523297 425
1694737048825 0.00013011793504080947 426
1694737049105 6.021112477820916 427
1694737049343 0.0196369059129159 428
1694737049625 1.8201011508295224 429
1694737049915 21.76743595926869 430
1694737050209 3.211164153644208 431
1694737050451 0.6981007209176642 432
1694737050795 0.40345821271377535 433
1694737051157 1.5475086403021128 434
1694737051387 0.02287530551781497 435
1694737051697 0.6962242794331054 436
1694737052010 0.45953235483991106 437
1694737052313 0.44826775320723905 438
1694737052604 0.006674088122967587 439
1694737052922 13.63005437159057 440
1694737053249 0.6990299962438536 441
1694737053516 0.10748085830621823 442
1694737053853 0.2616837088956293 443
1694737054225 0.00391467375787875 444
1694737054486 0.016609169447457932 445
1694737054827 0.01874388549438519 446
1694737055161 3.1626183873035894 447
1694737055522 1.0927251741324753 448
1694737055823 1.0785328048420992 449
1694737056209 5.205415552475209 450
1694737056463 1.6543710885572478 451
1694737056716 0.2209286786754817 452
1694737057034 0.2785306491100146 453
1694737057353 1.018203705975421 454
1694737057707 0.7188844254338745 455
1694737057996 3.0662243404054133 456
1694737058301 0.6049434359317216 457
1694737058580 0.0031558336211360495 458
1694737058848 1.6947164700513502 459
1694737059173 0.6098469835840102 460
1694737059500 0.36419818413793437 461
1694737059845 0.12397934211511365 462
1694737060172 0.6791244183135461 463
1694737060483 2.5148406432612345 464
1694737060780 1.4185835819326569 465
1694737061069 0.6222616428614248 466
1694737061360 1.3306381947152202 467
1694737061646 0.004787863376435685 468
1694737061977 0.11110169453677143 469
1694737062294 5.267497449847723 470
1694737062568 0.06041750677832988 471
1694737062800 0.9044837640327488 472
1694737063036 0.11090418122593158 473
1694737063382 0.006043823796207711 474
1694737063631 1.0355100795718004 475
1694737063924 19.899816448513054 476
1694737064341 0.25347737730923264 477
1694737064626 8.324754626664232 478
1694737064940 1.723718565176554 479
1694737065217 9.069746665371775e-05 480
1694737065541 0.014442242673175896 481
1694737065842 1.0996250982463684 482
1694737066128 1.3794880170211523 483
1694737066516 0.2527285409843593 484
1694737066792 0.23429819582317896 485
1694737067099 6.68413547836769 486
1694737067427 1.3126968818897076 487
1694737067766 0.9291381738270801 488
1694737068019 0.4214746988661267 489
1694737068347 0.13956536757305768 490
1694737068706 0.1102802092542018 491
1694737068979 0.43111095503126856 492
1694737069292 0.8465819756547002 493
1694737069565 0.8670354554371836 494
1694737069822 2.6618205840709894 495
1694737070138 4.666061844450558 496
1694737070451 0.06113769818844848 497
1694737070731 0.127618003934214 498
1694737071095 0.38955266778933945 499
