1694717567762 1.9928852776178723 0
1694717568001 2.139174388750897 1
1694717568250 2.4916266063219483 2
1694717568491 2.110149314871577 3
1694717568778 3.2239556532182103 4
1694717569064 2.265536230269443 5
1694717569329 2.3414430017097474 6
1694717569568 2.2363592423832728 7
1694717569780 2.291169533842255 8
1694717570017 1.50982631834294 9
1694717570265 1.7557586321112404 10
1694717570574 2.938230594889605 11
1694717570800 2.3379989089798845 12
1694717571012 2.9112406649524543 13
1694717571308 2.5691405543484107 14
1694717571569 3.7936990125919046 15
1694717571799 2.0814652246693455 16
1694717572008 1.343412397656739 17
1694717572310 1.456598147386165 18
1694717572613 2.7053307482373037 19
1694717572852 1.7442623700324114 20
1694717573082 2.370598411190166 21
1694717573462 1.854527752542228 22
1694717573744 2.7669879823314094 23
1694717573920 2.9376645066162292 24
1694717574087 2.716325992149969 25
1694717574326 2.4589047404873536 26
1694717574605 1.7886721446899876 27
1694717574863 2.023283707625313 28
1694717575110 2.8773894185966893 29
1694717575369 1.8998256423118913 30
1694717575649 3.751713725797454 31
1694717575900 2.246933312546953 32
1694717576146 2.5804816406224647 33
1694717576395 1.9804377182799089 34
1694717576644 2.8776660055704273 35
1694717576898 1.032852703185241 36
1694717577126 2.7932326920927717 37
1694717577326 2.768438596635853 38
1694717577529 1.8629854866643163 39
1694717577751 2.193710763059312 40
1694717578049 2.4045831881672535 41
1694717578286 2.7318979992516086 42
1694717578517 3.6837382778960484 43
1694717578824 1.5038755975748774 44
1694717579047 1.9523593944348676 45
1694717579307 2.8186089744005 46
1694717579559 2.172399862352011 47
1694717579832 2.7935700973226787 48
1694717580111 2.500288583808626 49
1694717580369 4.505910246992887 50
1694717580623 1.2004839993426462 51
1694717580866 1.7364655918642296 52
1694717581070 1.9204724527280956 53
1694717581315 1.8996117972275388 54
1694717581636 1.8560611002388998 55
1694717581893 2.562695492016141 56
1694717582057 2.2939000461315975 57
1694717582311 2.0079242451345 58
1694717582692 1.794714562085372 59
1694717582956 1.7228499837611013 60
1694717583158 1.9942700768280976 61
1694717583398 2.7951578727714885 62
1694717583636 1.4613841385651598 63
1694717583852 1.9942156418903103 64
1694717584032 1.9041384793380693 65
1694717584203 2.4973731919221667 66
1694717584393 2.299404211447643 67
1694717584584 3.3668380768994917 68
1694717584809 2.1887016368738568 69
1694717584982 1.9184562008044392 70
1694717585119 1.959526126152744 71
1694717585419 1.5542749316195754 72
1694717585697 2.3483924553541993 73
1694717585859 2.9662508217680945 74
1694717586011 2.278643442016787 75
1694717586173 1.7512521094678373 76
1694717586377 1.5339862062214804 77
1694717586598 1.804244820167358 78
1694717586882 1.309498419649876 79
1694717587048 1.4748070322680977 80
1694717587213 2.269144379768532 81
1694717587459 2.4608233895679135 82
1694717587720 1.1061155512433989 83
1694717587951 2.244334653224959 84
1694717588161 1.5096412811863045 85
1694717588376 1.6990474039227155 86
1694717588672 1.906990034213289 87
1694717588936 1.8673863145343264 88
1694717589181 2.3030970988828114 89
1694717589428 3.163195773839402 90
1694717589718 1.828297233022706 91
1694717589967 2.6685950907937936 92
1694717590130 1.8463420851966958 93
1694717590366 2.8569760389138446 94
1694717590640 1.8243877097905181 95
1694717590897 1.2675305747056587 96
1694717591137 1.5759362014456777 97
1694717591442 2.4620840104155515 98
1694717591676 1.6677784795709452 99
1694717591941 1.5044787248247988 100
1694717592107 1.7995371256473514 101
1694717592309 2.2018789552806797 102
1694717592522 2.159744446659216 103
1694717592728 1.8410174958535455 104
1694717592984 2.5190197158633034 105
1694717593227 1.81090311579612 106
1694717593491 3.1003566582123647 107
1694717593750 1.5235418639100498 108
1694717594005 2.077676659450418 109
1694717594239 1.6712768322088183 110
1694717594488 1.6197145504055748 111
1694717594732 2.329896533922613 112
1694717594996 2.0048103865483613 113
1694717595211 2.214251198378342 114
1694717595464 2.0035378453496353 115
1694717595707 1.6554286567498036 116
1694717596084 1.9869910551316885 117
1694717596326 2.1372455749998336 118
1694717596542 1.6244172864546311 119
1694717596781 1.901438033969059 120
1694717597036 2.393878708992527 121
1694717597198 2.035231080122733 122
1694717597440 2.642836372118781 123
1694717597665 2.03798733907693 124
1694717597876 1.7314105504339692 125
1694717598103 1.8967720887521486 126
1694717598303 2.1171565840958695 127
1694717598540 1.573425602397302 128
1694717598859 2.3901170864278365 129
1694717599096 2.264185236805056 130
1694717599340 2.245191070067971 131
1694717599580 0.8725155019659377 132
1694717599837 1.6841024932233326 133
1694717600059 2.6216000823031136 134
1694717600242 2.061549209265873 135
1694717600601 0.9660155561702295 136
1694717600854 2.1484540317388454 137
1694717601095 2.0343384521826438 138
1694717601308 1.6159219645787766 139
1694717601566 1.9109942287319064 140
1694717601805 1.549766956391126 141
1694717602052 2.1695752549153613 142
1694717602280 2.108207507282502 143
1694717602512 3.3651141026777567 144
1694717602836 0.9965946679763702 145
1694717603064 1.6976328977172863 146
1694717603227 2.26496037239537 147
1694717603413 1.76946229745166 148
1694717603637 1.7220156186622497 149
1694717603894 1.8496580517684633 150
1694717604111 2.153814834352498 151
1694717604323 2.0929254346230897 152
1694717604567 2.31915627134551 153
1694717604865 1.4381479240706783 154
1694717605128 2.550055476358989 155
1694717605322 2.150220525988234 156
1694717605559 1.572493932960296 157
1694717605760 1.45768456524406 158
1694717606001 1.0169340151695463 159
1694717606195 1.9481379519616049 160
1694717606345 1.7913495613821064 161
1694717606550 1.6609274718992193 162
1694717606800 1.975606100691296 163
1694717607048 2.1777611329055317 164
1694717607294 1.7942160474246436 165
1694717607540 2.506619706479215 166
1694717607777 1.7553954748617904 167
1694717608009 1.6052340730290688 168
1694717608216 1.615250223327529 169
1694717608431 1.4770784956724097 170
1694717608757 1.6141922335524765 171
1694717609026 2.3964999667633924 172
1694717609234 1.66223884934158 173
1694717609431 1.5551985779162418 174
1694717609701 1.2840703000504612 175
1694717609940 1.6929032039693972 176
1694717610188 1.1664707086962984 177
1694717610488 1.9444558720525114 178
1694717610711 1.64026955308318 179
1694717610924 2.170435967397955 180
1694717611164 2.4363501236072747 181
1694717611401 2.3288125929886845 182
1694717611742 2.100674107891333 183
1694717611986 1.1740326080873997 184
1694717612175 2.127017434069256 185
1694717612338 1.8714851126575593 186
1694717612564 1.9440409312577973 187
1694717612837 2.718876491207662 188
1694717613076 1.4543103548504943 189
1694717613287 1.6773001970051713 190
1694717613538 1.1268360348650974 191
1694717613788 1.9418226605087703 192
1694717614079 1.943160845830002 193
1694717614285 1.0452767967241992 194
1694717614532 1.378807445862974 195
1694717614779 2.2934323759305095 196
1694717615044 1.5723592259874455 197
1694717615261 2.8451159209289845 198
1694717615490 1.6029224851266304 199
1694717615740 1.872339489765622 200
1694717615955 1.7327059964465226 201
1694717616226 1.513916130720662 202
1694717616377 1.13925038766583 203
1694717616616 1.656369944383014 204
1694717616848 1.4979564032464234 205
1694717617110 1.0230179369041497 206
1694717617302 1.830096254090744 207
1694717617462 1.605322182591268 208
1694717617697 1.6774072730801897 209
1694717617944 1.4554146282818068 210
1694717618205 1.3963700643407446 211
1694717618427 1.4074359937209426 212
1694717618736 1.0063629381975807 213
1694717618946 2.4342116114055283 214
1694717619151 1.9295972927318077 215
1694717619400 1.8837280322881647 216
1694717619638 1.5393372758520374 217
1694717619888 2.13703114418395 218
1694717620131 1.914889231712481 219
1694717620382 2.491161656722231 220
1694717620664 1.6362043853740946 221
1694717620904 1.4698277416042598 222
1694717621117 1.3750279107175565 223
1694717621322 2.1790930434407674 224
1694717621557 1.357360274943879 225
1694717621791 1.789574779852262 226
1694717622011 1.5139016216262389 227
1694717622235 2.0175820646008122 228
1694717622440 1.9453646150441029 229
1694717622689 1.8095229646284507 230
1694717622984 1.6797918341230176 231
1694717623217 1.7166563997658901 232
1694717623405 1.0676713557882476 233
1694717623670 1.7997843521535724 234
1694717623926 2.802184363659806 235
1694717624176 1.7860689048491927 236
1694717624383 1.7461085296976855 237
1694717624554 1.5494002209157025 238
1694717624819 1.6891294948898086 239
1694717625098 1.2327882110089439 240
1694717625360 2.1782543037237256 241
1694717625561 1.8100221748840652 242
1694717625828 1.5193382523309866 243
1694717626069 2.149579720975112 244
1694717626370 1.062347124303414 245
1694717626723 1.4105356798850086 246
1694717627053 2.6818747194871624 247
1694717627322 1.8010140013738694 248
1694717627513 1.5625922549716005 249
1694717627763 2.112014112526463 250
1694717628023 2.667147248874869 251
1694717628253 2.9607951000878194 252
1694717628474 1.4345708902603225 253
1694717628780 1.1468995407093459 254
1694717629044 1.6126976510333275 255
1694717629284 1.5350969606581133 256
1694717629500 1.3460548630249063 257
1694717629805 2.1331657037144156 258
1694717630119 1.270305781410283 259
1694717630398 2.3088603534515078 260
1694717630638 2.7107512717444915 261
1694717630887 2.0368136465758 262
1694717631136 1.1847141385549735 263
1694717631348 2.395737056342573 264
1694717631534 1.1706277758103831 265
1694717631797 1.4658269483866806 266
1694717632082 1.5978755256006498 267
1694717632338 1.7004020633072876 268
1694717632507 2.5656916743780047 269
1694717632727 1.5538914067023477 270
1694717633021 1.5705852930550637 271
1694717633450 1.3227926981346485 272
1694717633615 1.4284059242655986 273
1694717633799 2.083843649431051 274
1694717634025 1.4876578480250722 275
1694717634302 1.3992268159449004 276
1694717634562 1.119248722786561 277
1694717634877 1.4770038325787813 278
1694717635124 1.9732171146746635 279
1694717635373 2.3556272614273217 280
1694717635620 2.321342264802131 281
1694717635869 2.0751786997678736 282
1694717636103 1.2636571382773143 283
1694717636390 1.6816598371017493 284
1694717636587 1.141989211057708 285
1694717636833 2.0278194579835565 286
1694717637071 1.632529145493492 287
1694717637307 1.4613287964602721 288
1694717637505 1.5652036279678028 289
1694717637725 1.8409112304339679 290
1694717637987 1.0092736261496604 291
1694717638244 1.352941942427941 292
1694717638469 1.361507543935515 293
1694717638761 1.8002727884558938 294
1694717639015 2.3242325973211653 295
1694717639259 1.6601653965725032 296
1694717639450 1.8311956755114231 297
1694717639590 1.6405300620409677 298
1694717639854 1.6746913318333234 299
1694717640104 1.6375414446611063 300
1694717640315 1.5510726816214087 301
1694717640594 1.1550010142041058 302
1694717640963 1.1106318916499596 303
1694717641221 1.6274972462771593 304
1694717641459 1.9320992329260873 305
1694717641670 1.4541983158248788 306
1694717641920 1.9427606319618076 307
1694717642147 1.4867169314049011 308
1694717642366 2.2731239054160888 309
1694717642560 1.192011559571222 310
1694717642794 1.5191103929326744 311
1694717643005 1.9639830069168602 312
1694717643310 1.7845034535725761 313
1694717643511 1.4407136256548938 314
1694717643741 1.8311519866616388 315
1694717643972 1.0142011349656832 316
1694717644218 0.8390108954765889 317
1694717644445 1.7292224200157533 318
1694717644604 1.7019059707743043 319
1694717644846 1.5435024033594325 320
1694717645089 2.4056493005570183 321
1694717645382 1.5261583846693894 322
1694717645575 1.548006044234084 323
1694717645782 2.9759555159006217 324
1694717646039 1.4557182192410156 325
1694717646299 1.4163666963042338 326
1694717646537 1.757457879241978 327
1694717646689 1.5084975042885738 328
1694717646873 1.3220334699430707 329
1694717647090 1.3928759860340338 330
1694717647346 1.5383247544573495 331
1694717647591 0.7783109397337786 332
1694717647832 1.2196889579742873 333
1694717648064 1.0811326899051066 334
1694717648289 1.708525314119953 335
1694717648520 1.3779304469882114 336
1694717648755 1.8764105175931796 337
1694717649021 0.8919158645135046 338
1694717649265 0.958233441790812 339
1694717649514 1.4668425465568684 340
1694717649677 1.0323052744065633 341
1694717649881 1.8528431935752572 342
1694717650106 0.9169765768752806 343
1694717650358 1.2084688491266171 344
1694717650629 1.337885353681948 345
1694717650879 1.5557704153870817 346
1694717651122 1.0921266493438684 347
1694717651370 1.596492149646277 348
1694717651589 0.8660024457164757 349
1694717651829 1.2431014423502431 350
1694717652099 1.8924243788155195 351
1694717652370 1.3204280667842219 352
1694717652584 1.594856501757251 353
1694717652807 1.7371097670171298 354
1694717653045 1.7856884776942163 355
1694717653280 1.2916989337294804 356
1694717653523 1.3363313342848373 357
1694717653716 1.6385083196571342 358
1694717653948 0.789188910699678 359
1694717654282 1.7172187411519577 360
1694717654537 1.006801986224018 361
1694717654736 1.255971053773583 362
1694717654981 1.1101241178135688 363
1694717655220 1.3502701525450116 364
1694717655435 1.2782708208321005 365
1694717655623 1.0399386473853252 366
1694717655890 1.6256721182292786 367
1694717656178 1.5047195094203667 368
1694717656433 1.2213832916420824 369
1694717656700 1.21211493197899 370
1694717656868 1.4598907248462631 371
1694717657101 1.8054752387027886 372
1694717657366 0.9690273319618721 373
1694717657539 1.9661050526989214 374
1694717657764 1.1554098416757714 375
1694717658003 1.4229833091163178 376
1694717658254 1.542881894713888 377
1694717658501 1.5659572837055011 378
1694717658793 1.0874613848965724 379
1694717659105 1.5615349753634986 380
1694717659376 1.2533860859106054 381
1694717659643 1.4338300732914573 382
1694717659907 0.9093205495584491 383
1694717660251 1.2663134412689065 384
1694717660621 1.4847439353288452 385
1694717660818 1.219971160944981 386
1694717661116 2.3745992121317703 387
1694717661398 1.4453246313528147 388
1694717661647 1.624883178042765 389
1694717661807 1.7073401223776008 390
1694717662002 1.3641419692714012 391
1694717662237 1.787518199627872 392
1694717662521 1.43885383797324 393
1694717662743 1.9011528685749595 394
1694717662912 1.5502661922458736 395
1694717663151 1.1613781556597271 396
1694717663465 1.0379771898184258 397
1694717663688 1.527798043537475 398
1694717663896 1.826114182721459 399
1694717664136 1.422732032464305 400
1694717664327 1.5836647651708402 401
1694717664549 1.1354266968149302 402
1694717664748 1.3417746915420707 403
1694717664964 1.857684089769712 404
1694717665294 1.473683272563292 405
