1694736302327 3.1937055505127927 0
1694736302601 4.195408551601854 1
1694736302883 1.2382774192289447 2
1694736303189 0.4446926048981228 3
1694736303592 2.469979838586653 4
1694736303824 10.72158270776959 5
1694736304132 0.9267062964541402 6
1694736304451 13.535679262165615 7
1694736304728 0.40826828978299057 8
1694736305028 8.183114907237368 9
1694736305547 2.734126082242327 10
1694736305809 22.31837707747561 11
1694736306079 3.6242261744372075 12
1694736306317 5.902887824486137 13
1694736306595 0.904658900141468 14
1694736306869 27.609108150578102 15
1694736307151 12.567998636107532 16
1694736307443 11.171335089664032 17
1694736307749 3.613087361886833 18
1694736308101 5.019413975638083 19
1694736308407 15.251759062746377 20
1694736308656 0.7781233421705411 21
1694736308976 0.49767791490510965 22
1694736309233 5.306665356200337 23
1694736309451 0.6427089723990248 24
1694736309672 0.8726316355445155 25
1694736310027 21.612656528349877 26
1694736310359 1.783230898927276 27
1694736310629 0.5638037293351915 28
1694736310916 18.400529054405897 29
1694736311403 8.658346767279076 30
1694736311728 16.23273920542021 31
1694736312022 0.7059348541010694 32
1694736312308 0.5090758175462569 33
1694736312595 0.45283870383550595 34
1694736312833 0.5873925125468862 35
1694736313158 5.329195680790614 36
1694736313443 5.141650979204758 37
1694736313737 7.468214254394503 38
1694736314067 0.6855017478081954 39
1694736314418 0.8258602603912706 40
1694736314713 36.93831741339207 41
1694736314990 9.754872816567092 42
1694736315381 0.1714970285725222 43
1694736315723 5.694809069019144 44
1694736315967 4.560785062208748 45
1694736316249 1.6989256601409084 46
1694736316626 0.07610632931195897 47
1694736316888 7.624111936049502 48
1694736317124 0.018907646156737214 49
1694736317442 4.016562078954152 50
1694736317717 1.6188326159569006 51
1694736317961 1.5692014095566467 52
1694736318268 4.7732649597522904e-05 53
1694736318679 2.7694223298426994 54
1694736318992 1.1046250763038448 55
1694736319285 0.04099691924087999 56
1694736319604 0.0038563382173189514 57
1694736319889 1.7937348277602672 58
1694736320177 0.11454300204001351 59
1694736320508 2.6201581359289667 60
1694736320772 27.143493027731523 61
1694736321055 3.3803057153053717 62
1694736321359 3.5637402196591177 63
1694736321668 1.2459584195578524 64
1694736321921 0.7710630187673227 65
1694736322221 0.06736321964221312 66
1694736322556 2.7327204508566862 67
1694736322847 31.734414245180627 68
1694736323162 0.00257998863083957 69
1694736323609 41.1117067473973 70
1694736323881 4.317641293127152 71
1694736324206 14.136888830688978 72
1694736324497 4.846272973076813 73
1694736324816 4.519772437574581 74
1694736325154 8.396630366063741 75
1694736325571 4.9785612236383225e-05 76
1694736325848 13.049668258506266 77
1694736326180 13.625888289354902 78
1694736326484 6.417690987392356 79
1694736326795 2.4223858509761853 80
1694736327051 1.4190998107987152 81
1694736327331 3.1844651575324985 82
1694736327641 7.034789994265409 83
1694736327977 2.047098568060846 84
1694736328312 3.3128612686984655 85
1694736328633 0.33765783264195365 86
1694736328997 4.070764333105592 87
1694736329302 10.13640598808368 88
1694736329612 12.452053956287367 89
1694736329891 5.958936349829255 90
1694736330187 6.0834633734151264e-05 91
1694736330495 0.40492479780663815 92
1694736330791 0.8379687084626372 93
1694736330998 3.9904014463718234 94
1694736331278 0.01028270883847603 95
1694736331561 16.11915979667234 96
1694736331820 9.59100539963744 97
1694736332073 0.30517256869915876 98
1694736332402 29.824525812718655 99
1694736332741 2.566606390553904 100
1694736332976 2.8411594347341134 101
1694736333258 1.4176677573678538 102
1694736333564 10.611661975441677 103
1694736333862 2.9875286995849777 104
1694736334167 0.00033506073078544635 105
1694736334529 0.7017074699752435 106
1694736334836 2.046743678325538 107
1694736335087 5.389310305993784 108
1694736335487 2.8148960333746076 109
1694736335799 4.252749135639095 110
1694736336062 6.1517249045420614 111
1694736336297 0.24807265331773215 112
1694736336673 0.3903571403689884 113
1694736336986 0.045603104938810805 114
1694736337231 2.5229878408705595 115
1694736337536 0.052190518699343026 116
1694736337848 1.2994289054567472 117
1694736338105 0.5237705369582617 118
1694736338433 0.15820087751087467 119
1694736338751 0.3104745276995978 120
1694736339071 10.654310866896974 121
1694736339357 7.843522023643762 122
1694736339709 3.0763276422211363 123
1694736340004 9.758999289544107 124
1694736340232 2.930278433526039 125
1694736340478 0.20640122051429022 126
1694736340805 6.705843958196943 127
1694736341164 7.393728022195498 128
1694736341455 5.8898073516034435 129
1694736341778 9.566881915698909 130
1694736342072 8.643262922938392 131
1694736342355 5.093150863408649 132
1694736342631 7.751320802035386 133
1694736342927 7.519140585488911 134
1694736343198 2.2920675047163943 135
1694736343560 7.891007666214011 136
1694736343874 4.261341967775261 137
1694736344150 3.8761677630882168 138
1694736344406 1.467107466675987 139
1694736344649 5.449855627204503 140
1694736344884 9.566635750449784 141
1694736345187 0.049634186123922404 142
1694736345601 24.97334159338689 143
1694736345925 0.26577674478849417 144
1694736346235 1.3409184843861315 145
1694736346548 1.1379998253898127 146
1694736346828 24.280796583393478 147
1694736347081 28.364817155722818 148
1694736347362 0.9485222832011976 149
1694736347642 30.536376879208227 150
1694736347981 3.7163365613647095 151
1694736348251 8.84991344860641 152
1694736348552 1.508091631472585 153
1694736348829 6.496904006014689 154
1694736349120 9.572590436354984 155
1694736349412 0.4795691550259497 156
1694736349718 4.584869626619304 157
1694736350084 7.075389781285912 158
1694736350410 0.5977110504987654 159
1694736350723 0.31163369942478986 160
1694736351020 2.8506401300223976 161
1694736351287 19.145621613738854 162
1694736351607 0.5134318869572606 163
1694736351919 1.5460611091406462 164
1694736352246 0.06802921547987115 165
1694736352559 5.530008073551894 166
1694736352867 5.1364459750749445 167
1694736353168 3.851936173796126 168
1694736353542 1.677889656326132 169
1694736353895 0.004884428997386905 170
1694736354201 8.580339220161619 171
1694736354550 6.810750442919126 172
1694736354852 1.0443010443550296 173
1694736355138 0.06196708215896607 174
1694736355411 6.6452300351913935 175
1694736355704 0.205688016447251 176
1694736356012 0.02016851044729061 177
1694736356283 3.398064278838468 178
1694736356654 10.323749268431213 179
1694736356953 0.9378366161896176 180
1694736357304 0.16871133809169753 181
1694736357596 5.652057519660486 182
1694736357946 11.970629165132536 183
1694736358250 0.23443513030993615 184
1694736358473 11.078039357504817 185
1694736358837 8.145723514631214 186
1694736359166 0.4930090654887365 187
1694736359402 0.11326339508655878 188
1694736359695 0.8505648976682182 189
1694736360034 17.427836591982526 190
1694736360338 1.500079832174503 191
1694736360569 1.8556499807263205 192
1694736360914 1.4850497410776675 193
1694736361265 7.783121318655133 194
1694736361472 4.266804365685646 195
1694736361704 1.475459976433866 196
1694736362026 4.437098762609083 197
1694736362337 15.327610857999257 198
1694736362606 4.158267864177567 199
1694736362929 1.287169969379727 200
1694736363321 2.258180064528467 201
1694736363648 0.42301158370582537 202
1694736364022 9.943536997528318 203
1694736364337 0.2457577163479708 204
1694736364664 0.7518037697727393 205
1694736364983 0.343548655935293 206
1694736365344 5.023262640922677 207
1694736365649 0.7751550943334627 208
1694736365944 0.7187651500507424 209
1694736366282 0.10829037953325839 210
1694736366577 4.10311796049934 211
1694736366895 8.742211953467022 212
1694736367197 1.8998579864012175 213
1694736367484 0.5650026394571154 214
1694736367839 1.0741628495279847 215
1694736368158 17.29144941989361 216
1694736368456 0.03815863404970087 217
1694736368779 9.235252847202023 218
1694736369094 0.5166350632102811 219
1694736369401 10.053006165398063 220
1694736369714 0.2811118189003138 221
1694736370108 4.404448037564806 222
1694736370437 1.3777844020912349 223
1694736370706 1.7757294516589865 224
1694736371034 2.5684904591645163 225
1694736371328 18.486514516851326 226
1694736371549 0.09832078214353387 227
1694736371827 3.1259261833034446 228
1694736372180 0.23558230870919405 229
1694736372479 0.29105229593436444 230
1694736372780 1.6717072011299114 231
1694736373090 7.313291357551831 232
1694736373420 2.937268982691658 233
1694736373720 3.654591065844287 234
1694736373987 2.1197814475420094 235
1694736374363 0.6993569889831018 236
1694736374645 1.0046903763692785 237
1694736374934 3.1688790774541156 238
1694736375198 1.0394923725777574 239
1694736375513 0.050973400386509826 240
1694736375766 0.06408010346256401 241
1694736376022 0.7210613834330429 242
1694736376270 0.1155962507841876 243
1694736376585 1.9884412646719538 244
1694736376898 7.782266167774314 245
1694736377212 1.4660384072419896 246
1694736377541 7.360863378126367 247
1694736377823 3.5345746452853124 248
1694736378092 0.2958729769017328 249
1694736378384 3.027699280229081 250
1694736378855 0.7095401117714408 251
1694736379108 0.0002058747403060584 252
1694736379407 0.5207057972846345 253
1694736379673 3.112242520588269 254
1694736379962 0.38048851955951246 255
1694736380246 6.412229228072644 256
1694736380538 1.722244192325373 257
1694736380873 0.01228492969825344 258
1694736381292 20.949118876077105 259
1694736381553 3.548734990776223 260
1694736381828 0.2587745173037622 261
1694736382109 3.8865001675937263 262
1694736382449 5.0006603324415195 263
1694736382730 1.8761792229661325 264
1694736383114 3.1620881800979643 265
1694736383726 0.0006734034350384312 266
1694736384142 25.524813131075618 267
1694736384573 0.057761952208829036 268
1694736384872 1.1243846882974118 269
1694736385242 4.594148122104059 270
1694736385754 0.31374526263801217 271
1694736386466 6.679434428598422 272
1694736386820 0.22797500692285375 273
1694736387193 3.573807557907163 274
1694736387540 0.7408467953102614 275
1694736387879 21.194979519630206 276
1694736388209 1.0541804679097209 277
1694736388514 0.0015472083271178747 278
1694736388831 0.9730458169512446 279
1694736389088 6.091881698596664 280
1694736389382 5.8996345233544325 281
1694736389719 27.116927571173992 282
1694736389983 3.8002108557401755 283
1694736390324 0.38601688020303604 284
1694736390654 6.038225054551801 285
1694736390958 1.0147485131912173 286
1694736391227 2.170151864922186 287
1694736391559 4.66714531578867 288
1694736391852 1.5407509209914005 289
1694736392095 0.5703508568723271 290
1694736392380 6.795848068938387 291
1694736392710 1.2155361323026104 292
1694736392975 0.10837341854422934 293
1694736393208 12.994120037718591 294
1694736393463 0.8340169346112387 295
1694736393739 0.5735430598360892 296
1694736394011 0.6625599709054849 297
1694736394298 0.021080684901813657 298
1694736394671 19.46140745563065 299
1694736394994 0.39297267650094014 300
1694736395231 0.0702049531434875 301
1694736395549 0.34476059262702985 302
1694736395886 4.73941384860164 303
1694736396183 2.0723018392347448 304
1694736396465 1.1467301447028523e-06 305
1694736396830 0.0632439064699491 306
1694736397152 7.485050446955186 307
1694736397435 0.3205332645407944 308
1694736397750 11.357475718545905 309
1694736398076 12.96424231932633 310
1694736398341 0.043649578887214005 311
1694736398652 2.039559262334209e-05 312
1694736399127 9.120968075103079 313
1694736399393 1.8737310633505255 314
1694736399677 3.538062025832673 315
1694736400031 0.7644396396758156 316
1694736400309 18.152594246364853 317
1694736400542 0.011973025494033458 318
1694736400807 4.762765327472143 319
1694736401127 0.3891891676617043 320
1694736401447 31.31843940563229 321
1694736401690 6.902931584710983 322
1694736401935 3.1341609121813643 323
1694736402234 0.9408647158428795 324
1694736402493 1.1552270030326803 325
1694736402767 0.09029861140068698 326
1694736403082 2.666920740058379 327
1694736403345 8.775197669859036 328
1694736403761 0.23882890236820623 329
1694736404099 0.021992141669176474 330
1694736404358 8.319546530183132 331
1694736404645 1.466995258485939 332
1694736404963 17.06044745724797 333
1694736405328 0.14301870872444902 334
1694736405733 11.84746441982744 335
1694736406086 0.023009362358899273 336
1694736406361 5.147425944171178 337
1694736406647 3.4081405618332807 338
1694736406929 14.91416296403231 339
1694736407233 1.2694777222557565 340
1694736407480 1.2969147801826741 341
1694736407813 0.09050764662467797 342
1694736408138 7.622092769595596 343
1694736408438 2.063496854854853 344
1694736408744 3.3334303996052803 345
1694736409065 0.6222524261756971 346
1694736409365 7.555225118657302 347
1694736409644 0.002691308114413775 348
1694736409955 3.2005695710564166 349
1694736410308 10.795928512597364 350
1694736410554 0.05008619497977716 351
1694736410885 20.298914658511755 352
1694736411180 0.8516387101461821 353
1694736411486 6.873675082281239 354
1694736411784 21.67744271486212 355
1694736412097 0.27492457314539365 356
1694736412395 7.002545528645303 357
1694736412706 0.01995727272992783 358
1694736413043 31.256905711888045 359
1694736413291 12.16766912667438 360
1694736413555 9.341427585217517 361
1694736413818 2.9394771997051725 362
1694736414071 4.669728982198169 363
1694736414357 15.554893857431162 364
1694736414678 0.18510077899931035 365
1694736415007 0.010557794446126856 366
1694736415340 3.9941755516392567 367
1694736415570 0.9478404657624563 368
1694736415814 14.283489372917858 369
1694736416089 5.4036720378532666 370
1694736416391 0.32027426006290255 371
1694736416748 2.586119660895341 372
1694736417120 4.591963910091438 373
1694736417448 0.62015212223115 374
1694736417684 2.3485318943125795 375
1694736417914 5.385679436888307 376
1694736418185 4.535799571754354 377
1694736418507 13.093015951719332 378
1694736418721 5.733807218923054 379
1694736419016 13.007321646322714 380
1694736419397 9.027988635998696 381
1694736419687 0.4546781108516759 382
1694736419950 0.37252134199928866 383
1694736420274 2.4866269816132314 384
1694736420611 0.10205037319897421 385
1694736420828 7.998104800540054 386
1694736421147 0.152967131975291 387
1694736421514 0.004145004452076438 388
1694736421742 1.1666438429054784 389
1694736421983 3.1014714543540634 390
1694736422235 2.128633048793757 391
1694736422473 0.1791075870603294 392
1694736422749 4.876563976397489 393
1694736423051 7.109749292422549 394
1694736423342 8.187361655840082 395
1694736423820 0.15195628822875124 396
1694736424136 2.12916717866705 397
1694736424454 4.512731951325976 398
1694736424733 0.05573311432702918 399
1694736424964 0.37468265594103667 400
1694736425228 0.2633643529792151 401
1694736425549 9.231846186956382 402
1694736425847 0.3065811271317605 403
1694736426182 0.21382775721146524 404
1694736426418 6.120357035897204 405
1694736426693 23.384293885603885 406
1694736426945 0.817086107892233 407
1694736427237 4.7889808470338755 408
1694736427518 1.9054648860162156 409
1694736427867 4.331298074470748 410
1694736428252 14.310632561986464 411
1694736428569 0.31286924655115905 412
1694736428806 1.0244001814978139 413
1694736429045 6.05678687560402 414
1694736429353 2.41366809950303 415
1694736429680 1.3911041177414853 416
1694736429911 4.55638588494468 417
1694736430204 0.45700939835353366 418
1694736430575 5.4147566014096 419
1694736430843 0.6858881162857247 420
1694736431087 6.973392742253031 421
1694736431348 0.22946511821760318 422
1694736431635 0.3679125103361811 423
1694736431926 0.9044755701339677 424
1694736432270 0.633134616632716 425
1694736432661 12.726628353734329 426
1694736432915 1.9209415327075074 427
1694736433174 0.05103545050174395 428
1694736433542 0.27775748173096626 429
1694736433835 2.1433059460251473 430
1694736434094 0.12089394297944045 431
1694736434463 0.0030055547088223295 432
1694736434878 0.03452238763459311 433
1694736435149 2.9074209483566507 434
1694736435531 0.6254773486473673 435
1694736435854 6.247588008149552 436
1694736436125 0.021796449403863657 437
1694736436443 3.88360011638704e-06 438
1694736436768 4.1971484276007205 439
1694736437125 0.00346291061816035 440
1694736437441 0.005475066236278225 441
1694736437807 0.18577134897780362 442
1694736438076 9.660702018443567 443
1694736438410 1.219282034317569 444
1694736438785 0.7137651450171966 445
1694736439052 0.9005997839446294 446
1694736439385 6.587375270530565 447
1694736439705 3.336358202095527 448
1694736439990 8.186300235450346 449
1694736440251 0.2835190102272116 450
1694736440540 2.6953877318257997 451
1694736440764 0.1715604884742635 452
1694736441001 3.245209853812589 453
1694736441321 0.002692253236079643 454
1694736441673 11.35870162227253 455
1694736441977 0.013003327684970273 456
1694736442281 1.3121235049766065 457
1694736442524 3.3228319623845515 458
1694736442837 0.734608478532525 459
1694736443089 3.937541409731061 460
1694736443401 0.43533946619159947 461
1694736443819 0.020640766236759717 462
1694736444147 1.2492000553645293 463
1694736444420 0.8977466845614743 464
1694736444684 0.15401935233666214 465
1694736444976 0.9394157065048454 466
1694736445300 4.62361670604815e-05 467
1694736445642 4.788428336594151 468
1694736446013 2.163073663915476 469
1694736446323 8.386088242863957 470
1694736446644 1.1632798358195737 471
1694736446919 2.6586529218313117 472
1694736447166 0.9991608754329856 473
1694736447495 5.897497642504567 474
1694736447784 0.004455637331461441 475
1694736448031 0.01431504680510853 476
1694736448295 1.841491232642412 477
1694736448582 0.913464063580975 478
1694736448858 2.048060964598618 479
1694736449126 1.0776029794283701 480
1694736449374 0.0033431140351094925 481
1694736449700 2.872052539462447 482
1694736450020 0.024596787824847498 483
1694736450281 1.3482772568457067 484
1694736450566 8.535045633725044 485
1694736450844 6.190870671465869 486
1694736451105 7.245339843937621e-05 487
1694736451362 2.429366940329165 488
1694736451700 0.2636679156681254 489
1694736452027 0.28545075173652984 490
1694736452273 2.259224566426545 491
1694736452575 5.4917012485314745 492
1694736452877 0.00020178304072612189 493
1694736453135 0.32203085208490495 494
1694736453399 0.808825123432346 495
1694736453829 2.418023195439058 496
1694736454035 0.22456604500873156 497
1694736454283 5.6965056155812235 498
1694736454594 3.190980502858744 499
