1694739467438 168.8278829759285 0
1694739467863 131.50267249840803 1
1694739468182 102.57100382310547 2
1694739468507 80.12405467878926 3
1694739468870 62.70804776423774 4
1694739469173 49.19515643628776 5
1694739469524 38.71041924851723 6
1694739469824 30.57504239720679 7
1694739470105 24.262415364204898 8
1694739470438 19.363989044997712 9
1694739470749 15.562804878765164 10
1694739471077 12.6129593877248 11
1694739471441 10.323673227229337 12
1694739471762 8.546932280163093 13
1694739472088 7.167899842268019 14
1694739472448 6.097478544780275 15
1694739472809 5.266539988014238 16
1694739473116 4.621448144830066 17
1694739473518 4.120586441825452 18
1694739473865 3.731663473261442 19
1694739474127 3.429622764178435 20
1694739474406 3.1950211455106725 21
1694739474703 3.0127706725024006 22
1694739474967 2.871162576663613 23
1694739475253 2.761110017812071 24
1694739475605 2.6755605809734027 25
1694739476013 2.609040461977586 26
1694739476294 2.557300818369021 27
1694739476746 2.51704338175838 28
1694739477048 2.4857075630018373 29
1694739477370 2.461305265411494 30
1694739477759 2.4422927117662607 31
1694739478119 2.427470988497604 32
1694739478405 2.415908870449781 33
1694739478691 2.4068829325986667 34
1694739478991 2.3998310745675995 35
1694739479338 2.3943164522454157 36
1694739479684 2.3899994845676154 37
1694739479992 2.3866161262239656 38
1694739480346 2.3839610025733813 39
1694739480650 2.381874317653867 40
1694739480949 2.380231690254618 41
1694739481260 2.3789362623817714 42
1694739481614 2.3779125713658242 43
1694739481929 2.377101790844135 44
1694739482202 2.3764580342888633 45
1694739482556 2.3759454833670044 46
1694739482885 2.375536156657838 47
1694739483177 2.3752081755616166 48
1694739483518 2.374944416285713 49
1694739483845 2.3747314616655952 50
1694739484141 2.374558785877416 51
1694739484427 2.3744181200754833 52
1694739484834 2.3743029586102025 53
1694739485201 2.3742081745018906 54
1694739485472 2.3741297198463123 55
1694739485796 2.3740643922612765 56
1694739486135 2.3740096527012615 57
1694739486398 2.3739634832410563 58
1694739486734 2.373924275971249 59
1694739487014 2.3738907461219267 60
1694739487353 2.3738618640634477 61
1694739487671 2.373836802023353 62
1694739488043 2.373814892282899 63
1694739488316 2.373795594334913 64
1694739488627 2.3737784690427 65
1694739489001 2.373763158273417 66
1694739489301 2.3737493688165126 67
1694739489709 2.3737368596599526 68
