1694731753690 6.3574629168572745 0
1694731753905 0.03331822639261476 1
1694731754246 1.8290521142660157 2
1694731754526 2.1480005398356923 3
1694731754764 0.9979771708914751 4
1694731755058 0.053579930657711626 5
1694731755303 4.25282938865923 6
1694731755603 0.07174230047764832 7
1694731755918 3.5408258793939895 8
1694731756279 0.6623739182635391 9
1694731756510 1.3484374641258459 10
1694731756816 2.786547261569769 11
1694731757099 1.1429968347072041 12
1694731757324 0.6838738926232032 13
1694731757533 1.076841480465627 14
1694731757912 2.408154008741861 15
1694731758143 3.311189271542125 16
1694731758413 0.0016361982072465417 17
1694731758722 0.7448402299689687 18
1694731758942 2.1777755791926334 19
1694731759172 0.014350146785158844 20
1694731759436 0.8074993997174337 21
1694731759752 2.971167419072086e-05 22
1694731760093 18.650846336942863 23
1694731760339 1.4969549644439013 24
1694731760588 1.1327269324933777 25
1694731760894 1.0789399671885014 26
1694731761211 0.9615947979552052 27
1694731761477 2.4588293764945424 28
1694731761918 0.23446843103501785 29
1694731762253 0.5900788062344126 30
1694731762486 0.13534346615535323 31
1694731762944 0.022220348355290125 32
1694731763185 4.431710356748543 33
1694731763459 0.07972020570737766 34
1694731763681 7.113128534904304 35
1694731763899 0.05853360231887925 36
1694731764168 1.0335161359798382 37
1694731764438 0.0683721176175016 38
1694731764664 0.7939821103925081 39
1694731764884 0.5770983384864328 40
1694731765216 0.026394648812077676 41
1694731765471 0.04116830553754158 42
1694731765758 7.232441880226612 43
1694731766057 1.5375918762015508 44
1694731766386 0.1198475229117063 45
1694731766615 0.7830723863030506 46
1694731766932 1.7035365959460957 47
1694731767232 0.5663209341014106 48
1694731767508 1.5223605033923653 49
1694731767779 0.006369490489958836 50
1694731768078 5.353944329036778 51
1694731768377 0.44357876213414965 52
1694731768621 2.9672622026877784 53
1694731768969 0.04984038851202607 54
1694731769259 0.7331185710415146 55
1694731769559 0.7233919274270245 56
1694731769818 1.1705017687809716 57
1694731770145 3.0757328961694532 58
1694731770480 0.0016060594373330235 59
1694731770712 0.10133753591875122 60
1694731771014 0.7314760116338622 61
1694731771326 0.4938570362241948 62
1694731771630 0.549942165002739 63
1694731771903 0.37114194743976764 64
1694731772132 0.17162742758569377 65
1694731772388 0.06930360520119783 66
1694731772623 0.4978239589153867 67
1694731772863 0.20246561390886092 68
1694731773087 0.010735904774153603 69
1694731773314 2.8073376905219196 70
1694731773578 0.16450387703198746 71
1694731773814 0.12835257157565694 72
1694731774130 0.13881955540549681 73
1694731774432 0.002789637741658416 74
1694731774719 8.342153983595903 75
1694731775001 0.3869268003485043 76
1694731775261 1.6037033259841782 77
1694731775514 0.08282626182199891 78
1694731775768 7.063680133537547 79
1694731776009 0.031817065473492785 80
1694731776373 9.326954733665824 81
1694731776670 2.040257891855592 82
1694731776915 1.3736722061806086 83
1694731777168 1.3475881683246842 84
1694731777505 0.8139427630192014 85
1694731777748 0.1274847872438525 86
1694731778040 7.532136570581207 87
1694731778315 0.515613822651798 88
1694731778657 0.4338397284952109 89
1694731778878 3.214659788162849 90
1694731779115 2.1512653362705523 91
1694731779367 0.2959865072950953 92
1694731779607 1.6223911744837634 93
1694731779845 0.004877328351857115 94
1694731780213 1.1738705494656998 95
1694731780510 2.8990151517108727 96
1694731780816 6.603045077120155 97
1694731781086 0.22155420427696665 98
1694731781318 0.00037636025423697247 99
1694731781592 2.890980672579116 100
1694731781864 3.4599384838211726 101
1694731782113 3.233542715819866 102
1694731782377 1.9319426704689742 103
1694731782725 6.953867173651703 104
1694731783014 0.30952272885184784 105
1694731783346 4.8277993465878914 106
1694731783659 0.17011572016233903 107
1694731783888 0.013849447281830742 108
1694731784184 0.11390989031900962 109
1694731784486 1.9871234093645158 110
1694731784784 1.1555492474202524 111
1694731785022 0.382611569341804 112
1694731785377 2.161461663518362 113
1694731785653 0.08317392132920824 114
1694731785889 0.8611906520746507 115
1694731786112 3.3474175826137302 116
1694731786429 0.026151901813907318 117
1694731786733 0.48791054254519234 118
1694731786946 1.455482085984879 119
1694731787194 0.7534950621280458 120
1694731787552 0.0032759714916141334 121
1694731787911 2.6028647594112617 122
1694731788232 2.126534666771846 123
1694731788582 1.1456629925221626 124
1694731788870 2.008402451449832 125
1694731789122 0.017852964533273282 126
1694731789427 9.256207342563735 127
1694731789806 1.1034338653398537 128
1694731790114 0.9258073743262566 129
1694731790394 22.18120934934261 130
1694731790768 0.6504141691185324 131
1694731791097 3.505955566627181 132
1694731791411 0.5325342887438345 133
1694731791856 1.5379417132819926 134
1694731792165 1.0592114621655098 135
1694731792485 6.157142786249383 136
1694731792792 4.041338477137595 137
1694731793059 0.11092748159197706 138
1694731793355 5.01477852582554 139
1694731793642 0.04510646151706551 140
1694731793942 0.008715063469751034 141
1694731794250 4.023016916681555 142
1694731794514 1.212243252543895 143
1694731794777 0.39148701585700013 144
1694731795036 0.6305733989266905 145
1694731795294 2.1332951721616022 146
1694731795615 0.03431098009961791 147
1694731795932 4.273006080313695 148
1694731796300 0.10029130589237308 149
1694731796638 0.10462171453627386 150
1694731796942 0.008424854543556787 151
1694731797182 0.08964024558571519 152
1694731797548 9.102450354387575 153
1694731797842 4.417432098742492 154
1694731798117 0.5741091340101321 155
1694731798395 2.255058698065291 156
1694731798736 1.1393965580476395 157
1694731799024 3.3037275125107404 158
1694731799245 0.11048668395608717 159
1694731799520 6.863335512821425 160
1694731799785 2.359104125419785 161
1694731800154 0.6060978142318727 162
1694731800394 0.24266458339467703 163
1694731800688 1.7839871244936525 164
1694731801039 0.5074582105966433 165
1694731801273 0.003480423532708473 166
1694731801579 1.1844669954052924 167
1694731801949 0.2639294720434836 168
1694731802204 0.533124910117515 169
1694731802452 1.8155510113802116 170
1694731802687 0.0767525128870178 171
1694731802978 3.7097027078583125 172
1694731803258 0.18877686678326186 173
1694731803505 0.06425631236913955 174
1694731803755 5.232643944695908 175
1694731804002 0.2504871180346521 176
1694731804239 2.3826983630858773 177
1694731804480 21.727501238837753 178
1694731804765 0.011418994218905108 179
1694731805092 2.4496140322318904 180
1694731805363 0.3862877375135275 181
1694731805571 2.317489577747148 182
1694731805771 1.5962161010389764 183
1694731805969 0.00020326753066077127 184
1694731806210 3.2796644042930176 185
1694731806454 7.236842366090701 186
1694731806703 0.45091899968382937 187
1694731806958 0.046060940200808496 188
1694731807207 0.1378590989975863 189
1694731807503 9.89753947100147 190
1694731807798 0.1000745936268818 191
1694731808098 1.7659489295893191 192
1694731808421 3.4673079670451394 193
1694731808736 9.043608518031292 194
1694731809032 0.5961605223692729 195
1694731809294 0.5866750167346642 196
1694731809635 12.838210850058845 197
1694731810004 1.1670845310104496 198
1694731810325 0.21699992668474416 199
1694731810564 1.2670994764481238 200
1694731810816 1.605714783398307 201
1694731811106 1.6292885784439852 202
1694731811400 1.9171899630383529 203
1694731811718 0.01349550492067358 204
1694731812083 0.0037602416523457504 205
1694731812403 2.029378835715549 206
1694731812771 0.008601128144475495 207
1694731813086 0.009256140975883058 208
1694731813393 2.0302425188298465 209
1694731813692 0.032440103387298254 210
1694731814008 0.011738840170384877 211
1694731814332 0.5228775085223382 212
1694731814588 1.6279816927805564 213
1694731814865 1.3376169322009004 214
1694731815178 0.43287622094916656 215
1694731815411 1.0739300621281775 216
1694731815676 1.9716807240803138 217
1694731815984 0.5694653657010786 218
1694731816322 0.5932522900092599 219
1694731816600 0.4604440659263907 220
1694731816889 0.19236454401852768 221
1694731817195 0.05971616039645759 222
1694731817464 0.2355275046951729 223
1694731817834 0.009980336601882507 224
1694731818173 2.9687173135545044 225
1694731818409 1.1216182130078558 226
1694731818782 21.8902811321064 227
1694731819065 1.3688138979992321 228
1694731819345 1.388354982368302 229
1694731819577 1.4101112292778937 230
1694731819840 0.21246458972851076 231
1694731820217 9.348909668943913 232
1694731820513 0.5046296418543688 233
1694731820888 0.28316109870424605 234
1694731821198 0.28318722871373364 235
1694731821480 3.6756447506851013 236
1694731821827 1.7811618999426901 237
1694731822132 6.823189528035899 238
1694731822422 1.284845129400859 239
1694731822728 3.388638933688272 240
1694731823110 2.04757506986726 241
1694731823394 0.6336320124149697 242
1694731823901 0.029479919518704135 243
1694731824142 0.6070997286425431 244
1694731824366 0.9624727665890649 245
1694731824602 0.14614771843740051 246
1694731824888 0.9402877722997197 247
1694731825239 7.408322808736514 248
1694731825500 19.738163306569632 249
1694731825796 0.14642087055352573 250
1694731826103 1.4014563452594528 251
1694731826383 6.644279165327596 252
1694731826679 1.4020499705677774 253
1694731826991 0.09871201843979104 254
1694731827321 6.729468346411164 255
1694731827626 0.2503094258729565 256
1694731827917 0.5086602837624971 257
1694731828209 0.004214343994340622 258
1694731828502 0.5900171579537264 259
1694731828822 0.24022031606489577 260
1694731829101 3.1381728712798793 261
1694731829422 0.011687883623355669 262
1694731829743 1.1132438892705583 263
1694731830112 0.1469753380035929 264
1694731830414 1.2362972874312517 265
1694731830674 1.598949325950376 266
1694731830985 3.9832129742085622 267
1694731831297 0.4463555011116548 268
1694731831563 4.454357756669073 269
1694731831930 2.3092330372059227 270
1694731832232 3.8038191633168505 271
1694731832484 0.2622258702813782 272
1694731832793 0.4129973055465266 273
1694731833156 7.532679666735711 274
1694731833441 12.88455171618274 275
1694731833674 0.6706300643392394 276
1694731833901 0.6248397319880796 277
1694731834178 2.2073472334714688 278
1694731834417 1.846436616107121 279
1694731834641 0.38630509076398617 280
1694731834913 12.248677323526305 281
1694731835212 4.2809009312183735 282
1694731835479 0.19355621993050545 283
1694731835695 11.365968682880947 284
1694731835981 1.442224394023812 285
1694731836312 0.13508478823805958 286
1694731836578 3.018179318888382 287
1694731836889 0.030567256800529446 288
1694731837194 0.9752448926152208 289
1694731837486 1.3508690778815469 290
1694731837760 3.190435928166629 291
1694731838083 0.19053449395137712 292
1694731838382 0.8824423240522917 293
1694731838673 0.11910741877387453 294
1694731839003 2.5761124529974895 295
1694731839369 0.1664653347436813 296
1694731839604 10.333422388229533 297
1694731839877 0.6181111929852249 298
1694731840221 0.7119417714237627 299
1694731840524 0.010641386249115776 300
1694731840800 0.037792875259998436 301
1694731841045 0.23788349221647073 302
1694731841367 0.08921037481074298 303
1694731841597 2.835229973590054 304
1694731841893 2.206282407388212 305
1694731842179 0.7482746911338184 306
1694731842413 0.6843608998509301 307
1694731842630 10.247339470639863 308
1694731842870 0.7177842335233289 309
1694731843142 1.2133386181126211 310
1694731843444 9.360013963758396 311
1694731843671 0.8664546263984781 312
1694731843904 0.16742084913295205 313
1694731844131 4.8657425777602 314
1694731844482 6.258876097816528 315
1694731844749 0.6684389823835863 316
1694731845061 0.19286206826488136 317
1694731845418 0.1541709678485738 318
1694731845658 0.2596892000629409 319
1694731845933 1.5734559512661157 320
1694731846213 1.2074558921188026 321
1694731846502 0.36813706504386323 322
1694731846733 0.8358031747940379 323
1694731846977 0.18929513985939042 324
1694731847284 0.5354694535130036 325
1694731847663 0.0993817442217548 326
1694731847982 0.1294290826913156 327
1694731848305 1.5023830277848138 328
1694731848579 0.3236950282382475 329
1694731848801 1.0130268921496262 330
1694731849074 0.060138809593410024 331
1694731849362 0.023016720053567002 332
1694731849738 0.0841899908714016 333
1694731850110 0.03210562940713673 334
1694731850434 3.065472656993164 335
1694731850724 2.149521758952727 336
1694731850966 3.472531476019532 337
1694731851249 3.144828388212725 338
1694731851490 0.7072039152397739 339
1694731851811 4.787395547756292 340
1694731852163 1.7132071204879495 341
1694731852482 0.007120167851949473 342
1694731852754 4.942246797841653 343
1694731853082 28.98068820817845 344
1694731853367 0.6004058663581657 345
1694731853662 0.21257261413649148 346
1694731853907 0.07378184059947196 347
1694731854261 1.6683271434781568 348
1694731854597 0.024601450139115966 349
1694731854822 0.3919431601201839 350
1694731855164 0.5029726236084612 351
1694731855557 0.05674371756286808 352
1694731855792 1.5474830827308903 353
1694731856051 7.445841576158667 354
1694731856364 0.637944143715144 355
1694731856699 3.8899268574971697 356
1694731856931 1.2183728484958973 357
1694731857211 1.8643089231492926 358
1694731857541 5.418400058556223 359
1694731857858 2.0124213439954546 360
1694731858146 2.1868963527639824 361
1694731858397 0.024426026852065547 362
1694731858770 2.8603675007669502 363
1694731858976 1.1118221438360507 364
1694731859202 0.4358498989943775 365
1694731859486 1.0653711136950255 366
1694731859813 0.48887784783343385 367
1694731860166 0.9615639458357967 368
1694731860481 1.3324998783250301 369
1694731860835 0.24748881228947311 370
1694731861047 5.198558495932584 371
1694731861345 0.008548107734135422 372
1694731861596 0.040059218360001245 373
1694731861934 0.038954883790069714 374
1694731862151 2.8412575828799156 375
1694731862409 12.067914334545465 376
1694731862721 5.452828256045416 377
1694731863075 1.710397455122688 378
1694731863329 0.4890178120681833 379
1694731863637 0.5434570482106554 380
1694731863912 0.8997389800473395 381
1694731864170 0.67218768071093 382
1694731864455 0.16994759154484967 383
1694731864739 0.03118859980244193 384
1694731865203 0.09292069903056857 385
1694731865536 0.2464552241603269 386
1694731865834 0.4811712235963662 387
1694731866104 4.100434197566405 388
1694731866387 0.3013926213261908 389
1694731866703 2.684065632205133 390
1694731867040 2.1001441271829777 391
1694731867353 1.8637637461731076 392
1694731867700 0.003791931560031254 393
1694731867998 12.659195363564068 394
1694731868242 1.1152087889911833 395
1694731868477 0.04577066985889252 396
1694731868719 1.9313952076654652 397
1694731869003 0.6082795515936164 398
1694731869267 6.567768505437504 399
1694731869598 7.185537164406249 400
1694731869966 2.1987936320437775 401
1694731870267 0.4211132330140541 402
1694731870593 1.0210783095379432 403
1694731870893 5.7914614646554226 404
1694731871162 0.7377799128990884 405
1694731871413 0.0017623604567317624 406
1694731871625 0.2826449252668329 407
1694731872026 0.8907144455244344 408
1694731872253 3.9259695966595762 409
1694731872536 1.6320684959746339 410
1694731872838 0.18708743130253497 411
1694731873138 0.19787418941528728 412
1694731873423 0.00020919827906338865 413
1694731873720 0.17434900441820292 414
1694731874042 0.4280171407440057 415
1694731874316 0.23848179106262518 416
1694731874631 2.1527095817253676 417
1694731874957 2.700441345583777 418
1694731875233 4.365307710497296 419
1694731875547 0.7774151601387844 420
1694731875870 1.4116310459858497 421
1694731876171 0.3334062785516024 422
1694731876457 0.32035982922000633 423
1694731876705 0.9364051044949441 424
1694731876956 0.42386998809589693 425
1694731877226 1.9801641115848554 426
1694731877481 13.264396324492928 427
1694731877876 0.7014209853673481 428
1694731878198 0.627131249968768 429
1694731878423 3.137062281249217 430
1694731878732 0.7918408978737713 431
1694731879025 0.5929321410743411 432
1694731879303 2.3584064092435515 433
1694731879572 5.036868121260551 434
1694731879805 2.974409602242027 435
1694731880205 0.6394565227633157 436
1694731880446 0.09675977026569742 437
1694731880801 0.704048885563934 438
1694731881110 4.352110042382242 439
1694731881359 4.375747899663249 440
1694731881586 0.5726306003224204 441
1694731881831 0.25470664879568594 442
1694731882142 4.838810547435144 443
1694731882400 4.469288226967749 444
1694731882643 0.5599838972579873 445
1694731882873 0.19840583969220218 446
1694731883190 1.8398437404970442 447
1694731883491 0.011556885224352883 448
1694731883797 1.9180877714223452 449
1694731884109 5.395648894386037 450
1694731884404 5.936012439757391 451
1694731884721 27.57397570298112 452
1694731885041 0.15231697339136258 453
1694731885407 0.17973791432910977 454
1694731885703 0.011105412748392196 455
1694731886009 2.1115298612122935 456
1694731886333 2.9656175242900527 457
1694731886552 4.585067846330312 458
1694731886790 0.5182520703858413 459
1694731887097 0.9211090119582486 460
1694731887446 0.6978668060181817 461
1694731887766 0.58063925263018 462
1694731888055 2.026579009673603 463
1694731888357 0.14523807637863498 464
1694731888653 0.0005523085070225464 465
1694731888926 2.987338296978678 466
1694731889225 0.058110579471097754 467
1694731889543 0.46052632872840954 468
1694731889868 0.3849436025847666 469
1694731890239 0.010729611116284668 470
1694731890517 0.2632889069239381 471
1694731890830 5.470802415624456 472
1694731891138 5.2227869944658405 473
1694731891432 1.4808381104729829 474
1694731891722 28.26270649228997 475
1694731892103 5.857191417628244 476
1694731892405 9.763318344045931 477
1694731892680 0.1255141035020812 478
1694731892931 1.4648440054961969 479
1694731893218 0.18580594950796595 480
1694731893486 2.748635278990618 481
1694731893751 0.5320230400082155 482
1694731894028 2.3630281259730435 483
1694731894376 0.5754814274364038 484
1694731894596 0.15622310034580997 485
1694731894815 0.6912102024034162 486
1694731895053 2.069457185233945 487
1694731895379 0.35927617878187945 488
1694731895610 5.034165907710609 489
1694731895891 1.1800274357145721 490
1694731896170 0.008577866578760852 491
1694731896538 0.9037614674577136 492
1694731896831 0.10750474707020242 493
1694731897143 0.24225313895995051 494
1694731897493 6.191759739900138 495
1694731897766 3.4992206886432307 496
1694731898063 3.7347886942189836 497
1694731898377 1.8821413262864781 498
1694731898712 2.2169316716544833 499
