1694718563431 24.070828778318077 0
1694718563722 4.839247207760656 1
1694718563990 2.201455479321323 2
1694718564185 2.748425971718597 3
1694718564446 3.401757548604536 4
1694718564692 2.473087537320341 5
1694718564889 2.017523134393681 6
1694718565093 2.439685374911327 7
1694718565344 2.8212323355094653 8
1694718565656 2.690045279520863 9
1694718566078 1.8708906839851462 10
1694718566432 3.6160534609571084 11
1694718566674 2.574466270147684 12
1694718566894 2.630160112366107 13
1694718567134 2.6701817342145624 14
1694718567386 2.779135533322338 15
1694718567699 2.724719510538782 16
