1694715892613 169.27708987141918 0
1694715892995 8.495556320374241 1
1694715893451 2.5969649963953247 2
1694715893803 2.380167610805293 3
1694715894460 2.3718037704490653 4
1694715894941 2.3710863209218878 5
1694715895388 2.37064949810852 6
1694715895846 2.3702230930482044 7
1694715896250 2.3697971932390005 8
1694715896712 2.369371435008495 9
1694715897157 2.3689458049777388 10
1694715897675 2.368520302618114 11
1694715898139 2.368094927872421 12
1694715898591 2.367669680700768 13
1694715899067 2.367244561063908 14
1694715899516 2.3668195689226326 15
1694715899858 2.3663947042377425 16
1694715900260 2.3659699669700553 17
1694715900747 2.3655453570803986 18
1694715901350 2.3651208745296133 19
1694715901813 2.364696519278552 20
1694715902191 2.364272291288082 21
1694715902585 2.36384819051908 22
1694715902970 2.3634242169324375 23
1694715903364 2.3630003704890576 24
1694715903828 2.362576651149856 25
1694715904147 2.362153058875761 26
1694715904593 2.361729593627713 27
1694715904970 2.3613062553666664 28
1694715905270 2.360883044053585 29
1694715905568 2.3604599596494484 30
1694715905976 2.3600370021152464 31
1694715906436 2.3596141714119816 32
1694715906905 2.3591914675006707 33
1694715907273 2.3587688903423407 34
1694715907806 2.3583464398980323 35
1694715908203 2.3579241161287983 36
1694715908723 2.3575019189957045 37
1694715909078 2.357079848459827 38
1694715909609 2.356657904482257 39
1694715909989 2.3562360870240964 40
1694715910376 2.355814396046462 41
1694715910792 2.355392831510478 42
1694715911153 2.3549713933772867 43
1694715911587 2.3545500816080396 44
1694715912010 2.354128896163901 45
1694715912328 2.3537078370060476 46
1694715912788 2.353286904095669 47
1694715913306 2.3528660973939677 48
1694715914002 2.3524454168621567 49
1694715914481 2.3520248624614633 50
1694715915041 2.351604434153126 51
1694715915492 2.3511841318983957 52
1694715916005 2.3507639556585365 53
1694715916606 2.3503439053948245 54
1694715917451 2.349923981068548 55
1694715917879 2.3495041826410077 56
1694715918373 2.349084510073516 57
1694715918703 2.348664963327399 58
1694715919093 2.3482455423639945 59
1694715919434 2.3478262471446523 60
1694715919704 2.347407077630735 61
1694715919989 2.346988033783617 62
1694715920471 2.3465691155646855 63
1694715921082 2.34615032293534 64
1694715921421 2.3457316558569925 65
1694715921857 2.3453131142910664 66
1694715922219 2.3448946981989987 67
1694715922559 2.3444764075422375 68
1694715923143 2.344058242282244 69
1694715923437 2.3436402023804916 70
1694715923744 2.3432222877984654 71
1694715924083 2.3428044984976637 72
1694715924416 2.342386834439596 73
1694715924763 2.341969295585785 74
1694715925094 2.341551881897766 75
1694715925508 2.341134593337085 76
1694715925869 2.340717429865302 77
1694715926199 2.3403003914439875 78
1694715926489 2.3398834780347264 79
1694715926804 2.339466689599113 80
1694715927068 2.3390500260987572 81
1694715927456 2.3386334874952794 82
1694715927862 2.338217073750312 83
1694715928199 2.337800784825499 84
1694715928522 2.3373846206824984 85
1694715928819 2.33696858128298 86
1694715929186 2.336552666588625 87
1694715929497 2.336136876561128 88
1694715929810 2.335721211162194 89
1694715930186 2.335305670353542 90
1694715930526 2.3348902540969023 91
1694715930888 2.3344749623540175 92
1694715931219 2.334059795086643 93
1694715931549 2.3336447522565456 94
1694715931875 2.333229833825505 95
1694715932223 2.3328150397553125 96
1694715932637 2.3324003700077713 97
1694715933018 2.331985824544698 98
1694715933312 2.3315714033279202 99
1694715933666 2.3311571063192784 100
1694715934023 2.330742933480625 101
1694715934307 2.3303288847738255 102
1694715934728 2.329914960160755 103
1694715935063 2.329501159603303 104
1694715935348 2.329087483063371 105
1694715935633 2.328673930502872 106
1694715935938 2.3282605018837303 107
1694715936330 2.327847197167885 108
1694715936829 2.327434016317285 109
1694715937167 2.327020959293892 110
1694715937596 2.3266080260596804 111
1694715937948 2.3261952165766346 112
1694715938321 2.3257825308067552 113
1694715938653 2.325369968712051 114
1694715939001 2.324957530254544 115
1694715939411 2.32454521539627 116
1694715939771 2.324133024099273 117
1694715940095 2.3237209563256154 118
1694715940400 2.323309012037365 119
1694715940694 2.322897191196606 120
1694715940980 2.3224854937654333 121
1694715941286 2.322073919705953 122
1694715941614 2.321662468980285 123
1694715942000 2.321251141550561 124
1694715942465 2.320839937378923 125
1694715942797 2.320428856427527 126
1694715943141 2.3200178986585405 127
1694715943514 2.319607064034143 128
1694715943829 2.319196352516525 129
1694715944232 2.3187857640678917 130
1694715944634 2.3183752986504578 131
1694715944947 2.3179649562264504 132
1694715945244 2.317554736758111 133
1694715945520 2.317144640207689 134
1694715945833 2.31673466653745 135
1694715946161 2.3163248157096685 136
1694715946529 2.315915087686633 137
1694715946852 2.315505482430644 138
1694715947112 2.3150959999040115 139
1694715947418 2.314686640069061 140
1694715947743 2.314277402888128 141
1694715948062 2.3138682883235595 142
1694715948414 2.313459296337716 143
1694715948795 2.3130504268929704 144
1694715949199 2.312641679951704 145
1694715949547 2.312233055476315 146
1694715949900 2.3118245534292106 147
1694715950249 2.3114161737728094 148
1694715950548 2.3110079164695447 149
1694715950841 2.3105997814818595 150
1694715951182 2.31019176877221 151
1694715951477 2.3097838783030635 152
1694715951772 2.309376110036899 153
1694715952099 2.308968463936209 154
1694715952439 2.308560939963497 155
1694715952698 2.3081535380812785 156
1694715953047 2.30774625825208 157
1694715953454 2.3073391004384423 158
1694715953795 2.3069320646029157 159
1694715954137 2.3065251507080635 160
1694715954570 2.3061183587164606 161
1694715954964 2.305711688590695 162
1694715955389 2.3053051402933655 163
1694715955870 2.3048987137870824 164
1694715956270 2.3044924090344683 165
1694715956654 2.3040862259981587 166
1694715957010 2.3036801646408005 167
1694715957355 2.303274224925051 168
1694715957727 2.302868406813582 169
1694715958170 2.302462710269075 170
1694715958621 2.302057135254224 171
1694715958984 2.301651681731735 172
1694715959363 2.301246349664327 173
1694715959654 2.3008411390147296 174
1694715959973 2.300436049745684 175
1694715960451 2.3000310818199434 176
1694715960731 2.2996262352002734 177
1694715961046 2.299221509849452 178
1694715961416 2.2988169057302685 179
1694715961673 2.298412422805523 180
1694715961926 2.2980080610380287 181
1694715962207 2.29760382039061 182
1694715962570 2.2971997008261043 183
1694715962942 2.296795702307359 184
1694715963226 2.2963918247972344 185
1694715963602 2.2959880682586036 186
1694715963929 2.295584432654348 187
1694715964312 2.2951809179473663 188
1694715964701 2.294777524100564 189
1694715965106 2.2943742510768614 190
1694715965471 2.2939710988391897 191
1694715965717 2.29356806735049 192
1694715966011 2.2931651565737186 193
1694715966300 2.292762366471842 194
1694715966632 2.292359697007838 195
1694715966911 2.2919571481446965 196
1694715967292 2.29155471984542 197
1694715967801 2.2911524120730213 198
1694715968242 2.2907502247905263 199
1694715968548 2.2903481579609726 200
1694715968882 2.2899462115474085 201
1694715969159 2.2895443855128947 202
1694715969492 2.289142679820504 203
1694715969937 2.2887410944333206 204
1694715970201 2.28833962931444 205
1694715970461 2.28793828442697 206
1694715970730 2.287537059734032 207
1694715971180 2.287135955198754 208
1694715971510 2.2867349707842806 209
1694715972556 2.2863341064537672 210
1694715972888 2.2859333621703786 211
1694715973161 2.285532737897294 212
1694715973562 2.2851322335977025 213
1694715973770 2.2847318492348068 214
1694715974442 2.2843315847718193 215
1694715974662 2.283931440171964 216
1694715975421 2.2835314153984805 217
1694715975708 2.2831315104146146 218
1694715976085 2.2827317251836274 219
1694715976548 2.28233205966879 220
1694715976793 2.2819325138333872 221
1694715977127 2.281533087640712 222
1694715977436 2.281133781054074 223
1694715977771 2.2807345940367894 224
1694715978024 2.2803355265521894 225
1694715978375 2.279936578563616 226
1694715979083 2.2795377500344216 227
1694715979488 2.2791390409279724 228
1694715979869 2.2787404512076455 229
1694715980177 2.2783419808368284 230
1694715980585 2.277943629778922 231
1694715980819 2.2775453979973377 232
1694715981206 2.2771472854554986 233
1694715981552 2.2767492921168406 234
1694715982675 2.2763514179448103 235
1694715984702 2.275953662902865 236
1694715984936 2.2755560269544755 237
1694715985228 2.275158510063123 238
1694715985569 2.274761112192301 239
1694715986540 2.2743638333055145 240
1694715987049 2.27396667336628 241
1694715987507 2.2735696323381243 242
1694715987948 2.273172710184588 243
1694715988426 2.272775906869222 244
1694715988823 2.27237922235559 245
1694715989444 2.271982656607266 246
1694715989927 2.2715862095878343 247
1694715990397 2.271189881260895 248
1694715990783 2.270793671590056 249
1694715991155 2.270397580538938 250
1694715991652 2.270001608071173 251
1694715991995 2.269605754150406 252
1694715992408 2.2692100187402913 253
1694715992822 2.2688144018044967 254
1694715993104 2.2684189033067 255
1694715993386 2.2680235232105925 256
1694715993955 2.267628261479875 257
1694715995093 2.26723311807826 258
1694715997194 2.266838092969474 259
1694715997695 2.2664431861172516 260
1694715998183 2.2660483974853416 261
1694715998473 2.265653727037503 262
1694715998915 2.265259174737507 263
1694716004320 2.264864740549135 264
1694716004654 2.2644704244361824 265
1694716004977 2.2640762263624534 266
1694716005233 2.263682146291765 267
1694716005582 2.263288184187947 268
1694716005927 2.262894340014837 269
1694716006224 2.2625006137362886 270
1694716006532 2.2621070053161634 271
1694716006876 2.2617135147183367 272
1694716007141 2.2613201419066935 273
1694716007546 2.260926886845132 274
1694716007843 2.26053374949756 275
1694716008254 2.2601407298278993 276
1694716008633 2.259747827800081 277
1694716008987 2.259355043378048 278
1694716009364 2.2589623765257554 279
1694716009628 2.2585698272071695 280
1694716009988 2.2581773953862676 281
1694716010264 2.2577850810270395 282
1694716010574 2.257392884093485 283
1694716010988 2.257000804549616 284
1694716011249 2.2566088423594564 285
1694716011564 2.256216997487041 286
1694716011909 2.2558252698964165 287
1694716012276 2.2554336595516395 288
1694716012881 2.255042166416781 289
1694716013218 2.25465079045592 290
1694716013493 2.254259531633149 291
1694716013775 2.253868389912571 292
1694716014042 2.253477365258301 293
1694716014309 2.2530864576344665 294
1694716014596 2.2526956670052036 295
1694716014917 2.2523049933346613 296
1694716015205 2.251914436587001 297
1694716015594 2.251523996726394 298
1694716015940 2.2511336737170233 299
1694716016238 2.2507434675230846 300
1694716016506 2.2503533781087826 301
1694716016832 2.2499634054383346 302
1694716017141 2.24957354947597 303
1694716017525 2.249183810185929 304
1694716017967 2.248794187532462 305
1694716018284 2.248404681479833 306
1694716018531 2.2480152919923153 307
1694716018825 2.247626019034195 308
1694716019162 2.247236862569769 309
1694716019542 2.2468478225633444 310
1694716019914 2.2464588989792422 311
1694716020323 2.2460700917817924 312
1694716020659 2.245681400935338 313
1694716021026 2.245292826404232 314
1694716021334 2.244904368152839 315
1694716021675 2.2445160261455355 316
1694716022079 2.2441278003467087 317
1694716022385 2.243739690720758 318
1694716022716 2.243351697232093 319
1694716023081 2.2429638198451363 320
1694716023362 2.2425760585243193 321
1694716023696 2.2421884132340866 322
1694716024013 2.2418008839388937 323
1694716024318 2.241413470603206 324
1694716024621 2.2410261731915035 325
1694716024972 2.2406389916682743 326
1694716025293 2.2402519259980185 327
1694716025635 2.239864976145249 328
1694716026000 2.239478142074488 329
1694716026319 2.239091423750269 330
1694716026715 2.2387048211371394 331
1694716027116 2.2383183341996555 332
1694716027576 2.2379319629023846 333
1694716027936 2.2375457072099065 334
1694716028231 2.237159567086812 335
1694716028524 2.2367735424977027 336
1694716028888 2.236387633407192 337
1694716029293 2.2360018397799037 338
1694716029771 2.2356161615804737 339
1694716030288 2.235230598773549 340
1694716030642 2.2348451513237877 341
1694716031005 2.2344598191958585 342
1694716031310 2.2340746023544416 343
1694716031585 2.2336895007642297 344
1694716031874 2.2333045143899253 345
1694716032233 2.2329196431962424 346
1694716032544 2.232534887147906 347
1694716032833 2.232150246209653 348
1694716033182 2.2317657203462313 349
1694716033478 2.231381309522399 350
1694716033801 2.2309970137029276 351
1694716034185 2.230612832852597 352
1694716034603 2.2302287669362 353
1694716034978 2.229844815918541 354
1694716035312 2.2294609797644345 355
1694716035786 2.2290772584387053 356
1694716036095 2.228693651906192 357
1694716036455 2.2283101601317425 358
1694716036819 2.2279267830802163 359
1694716037140 2.2275435207164835 360
1694716037568 2.227160373005427 361
1694716037927 2.2267773399119384 362
1694716038222 2.2263944214009235 363
1694716038560 2.2260116174372957 364
1694716038845 2.2256289279859827 365
1694716039281 2.225246353011921 366
1694716039568 2.22486389248006 367
1694716039821 2.224481546355359 368
1694716040148 2.22409931460279 369
1694716040430 2.223717197187333 370
1694716040765 2.2233351940739827 371
1694716041110 2.2229533052277426 372
1694716041446 2.222571530613629 373
1694716041806 2.222189870196667 374
1694716042160 2.2218083239418944 375
1694716042519 2.2214268918143607 376
1694716042935 2.2210455737791253 377
1694716043271 2.2206643698012587 378
1694716043560 2.2202832798458427 379
1694716043986 2.2199023038779715 380
1694716044395 2.2195214418627476 381
1694716044687 2.219140693765287 382
1694716045064 2.2187600595507155 383
1694716045390 2.2183795391841707 384
1694716045744 2.2179991326308004 385
1694716046151 2.217618839855765 386
1694716046473 2.2172386608242345 387
1694716046808 2.21685859550139 388
1694716047199 2.2164786438524247 389
1694716047658 2.2160988058425417 390
1694716048123 2.2157190814369563 391
1694716048538 2.2153394706008935 392
1694716048918 2.21495997329959 393
1694716049335 2.214580589498295 394
1694716049675 2.2142013191622656 395
1694716050036 2.213822162256771 396
1694716050394 2.2134431187470947 397
1694716050779 2.2130641885985263 398
1694716051171 2.2126853717763697 399
1694716051522 2.2123066682459385 400
1694716051873 2.211928077972557 401
1694716052197 2.211549600921562 402
1694716052505 2.2111712370583008 403
1694716052888 2.2107929863481295 404
1694716053303 2.210414848756418 405
1694716053581 2.210036824248546 406
1694716053873 2.2096589127899042 407
1694716054168 2.209281114345895 408
1694716054470 2.2089034288819303 409
1694716054771 2.2085258563634347 410
1694716055170 2.208148396755842 411
1694716055560 2.2077710500245984 412
1694716055850 2.207393816135161 413
1694716056213 2.2070166950529964 414
1694716056565 2.2066396867435842 415
1694716056910 2.2062627911724126 416
1694716057238 2.205886008304984 417
1694716057620 2.2055093381068076 418
1694716058014 2.205132780543407 419
1694716058404 2.2047563355803153 420
1694716058720 2.2043800031830765 421
1694716059061 2.2040037833172454 422
1694716059493 2.2036276759483893 423
1694716059826 2.2032516810420835 424
1694716060219 2.202875798563917 425
1694716060578 2.2025000284794882 426
1694716060937 2.202124370754407 427
1694716061315 2.201748825354294 428
1694716061665 2.201373392244781 429
1694716062053 2.2009980713915094 430
1694716062473 2.2006228627601336 431
1694716062798 2.200247766316317 432
1694716063130 2.1998727820257353 433
1694716063484 2.199497909854075 434
1694716063836 2.1991231497670305 435
1694716064188 2.1987485017303126 436
1694716064713 2.198373965709638 437
1694716065256 2.1979995416707365 438
1694716065577 2.1976252295793492 439
1694716065897 2.1972510294012264 440
1694716066228 2.1968769411021305 441
1694716066584 2.1965029646478347 442
1694716066905 2.196129100004122 443
1694716067352 2.1957553471367883 444
1694716067750 2.1953817060116374 445
1694716068134 2.195008176594487 446
1694716068515 2.1946347588511634 447
1694716068835 2.1942614527475044 448
1694716069220 2.1938882582493604 449
1694716069737 2.193515175322589 450
1694716070104 2.193142203933062 451
1694716070491 2.1927693440466602 452
1694716070831 2.1923965956292752 453
1694716071167 2.1920239586468107 454
1694716071506 2.1916514330651804 455
1694716071879 2.191279018850308 456
1694716072205 2.1909067159681297 457
1694716072567 2.190534524384591 458
1694716072921 2.190162444065649 459
1694716073267 2.189790474977271 460
1694716073601 2.1894186170854364 461
1694716073897 2.189046870356134 462
1694716074281 2.188675234755364 463
1694716074602 2.1883037102491367 464
1694716074945 2.187932296803474 465
1694716075306 2.187560994384408 466
1694716075620 2.1871898029579824 467
1694716075917 2.186818722490251 468
1694716076323 2.1864477529472772 469
1694716076759 2.1860768942951383 470
1694716077083 2.185706146499919 471
1694716077562 2.1853355095277167 472
1694716078013 2.1849649833446394 473
1694716078363 2.184594567916805 474
1694716078671 2.184224263210342 475
1694716079051 2.183854069191392 476
1694716079518 2.1834839858261037 477
1694716079807 2.1831140130806395 478
1694716080151 2.182744150921171 479
1694716080480 2.1823743993138818 480
1694716080762 2.182004758224964 481
1694716081053 2.1816352276206232 482
1694716081501 2.181265807467073 483
1694716081790 2.180896497730539 484
1694716082071 2.1805272983772586 485
1694716082412 2.1801582093734773 486
1694716082752 2.1797892306854543 487
1694716083128 2.179420362279457 488
1694716083470 2.1790516041217645 489
1694716083873 2.178682956178667 490
1694716084232 2.1783144184164644 491
1694716084552 2.177945990801468 492
1694716084897 2.177577673299999 493
1694716085326 2.177209465878391 494
1694716085801 2.1768413685029864 495
1694716086201 2.176473381140138 496
1694716086590 2.176105503756212 497
1694716086888 2.175737736317583 498
1694716087224 2.1753700787906363 499
