1694724249758 2.599831990469854 0
1694724249962 2.988957585360229 1
1694724250189 2.8345959221932717 2
1694724250408 2.1385267761321067 3
1694724250602 2.005428137388872 4
1694724250847 1.6663795349110992 5
1694724251040 3.1764471633118014 6
1694724251276 2.79271866827957 7
1694724251484 2.3169609217375036 8
1694724251675 1.7753634823777178 9
1694724251901 2.5996985521951403 10
1694724252097 2.5234496970386933 11
1694724252290 2.7862042011382218 12
1694724252470 2.593646110864373 13
1694724252666 1.8124027291219942 14
1694724252966 2.541238454997638 15
1694724253197 2.2506262184456367 16
1694724253428 2.0397419747403838 17
1694724253595 3.1758846117512674 18
1694724253820 3.742349925498483 19
1694724254083 4.183193102424677 20
1694724254290 1.7543584309586064 21
1694724254480 2.543351472015887 22
1694724254647 1.5189863618834911 23
1694724254847 2.3975661446947267 24
1694724255101 2.4586944568056777 25
1694724255367 3.002697409728046 26
1694724255572 2.4896902478459437 27
1694724255849 2.3374811913398204 28
1694724256073 1.593947534792436 29
1694724256324 2.1687028840402514 30
1694724256526 3.207893284038175 31
1694724256682 1.6068025152780605 32
1694724256988 1.8931766291092105 33
1694724257211 2.151283919903368 34
1694724257499 2.1518762832020646 35
1694724257734 1.9575515286376208 36
1694724257930 1.7418098039460992 37
1694724258186 2.131316195743455 38
1694724258409 2.2652700408369517 39
1694724258638 2.1257659119123686 40
1694724258865 1.8442136516421872 41
1694724259114 2.00690240862039 42
1694724259351 1.7255094381031724 43
1694724259578 2.7686524560789842 44
1694724259808 2.4804397144060513 45
1694724260059 2.599515032286342 46
1694724260335 2.4850615695102016 47
1694724260551 2.059073534839916 48
1694724260786 2.6388619528400286 49
1694724261019 1.7550936482534003 50
1694724261247 2.344171010734924 51
1694724261473 1.6041454912056872 52
1694724261701 2.1802154367581954 53
1694724261981 1.2673447336925958 54
1694724262164 3.0577982000017183 55
1694724262381 2.564859518522104 56
1694724262587 2.12150639132974 57
1694724262794 2.086763422719686 58
1694724262998 2.1902245598993115 59
1694724263162 2.290837189788133 60
1694724263382 1.7715025734467758 61
1694724263577 2.0149915002928194 62
1694724263887 1.8831139035746676 63
1694724264255 2.412478176442361 64
1694724264484 1.6929250601780959 65
