1694717885773 2.09270582113669 0
1694717886037 3.2807920207286188 1
1694717886247 1.8295443641184308 2
1694717886420 1.9095696845067742 3
1694717886671 2.570126930271483 4
1694717886908 2.2972421858840897 5
1694717887144 2.5756187614341868 6
1694717887429 2.468987936599987 7
1694717887685 2.028988921618503 8
1694717887909 2.3827533851273026 9
1694717888137 2.0751268200216426 10
1694717888341 1.5817551626476352 11
1694717888572 1.8529834655320518 12
1694717888854 1.594097509956849 13
1694717889139 2.7768893443260474 14
1694717889370 2.0821119248049507 15
1694717889667 2.0347194408609517 16
1694717889942 2.3220616938585503 17
1694717890201 1.2414687197587142 18
1694717890418 2.15895621595535 19
1694717890671 1.5923969034252885 20
1694717890942 1.872082787262783 21
1694717891187 2.2928858939619743 22
1694717891378 1.1772183192009198 23
1694717891589 1.7239224114571645 24
1694717891876 1.600133901511171 25
1694717892139 1.5841964580968533 26
1694717892331 1.8334193370343055 27
1694717892535 1.65236122099484 28
1694717892765 1.7154250037062777 29
1694717892984 1.8260615914282 30
1694717893218 1.7852001194644036 31
1694717893394 1.427567471318999 32
1694717893612 1.1106447007455946 33
1694717893854 2.248071164240273 34
1694717894142 2.0043539826972707 35
1694717894367 1.2811404062552423 36
1694717894591 1.6533860725755964 37
1694717894802 1.8772320636131539 38
1694717895051 1.5968068742455834 39
1694717895308 1.3220238537072642 40
1694717895526 1.4658457307915918 41
1694717895726 1.9441239746595336 42
1694717896002 0.9323900357020901 43
1694717896302 2.0703069109174383 44
1694717896517 2.247022390421375 45
1694717896766 1.5529966009806697 46
1694717897013 1.7093532881195959 47
1694717897250 1.1496751642858452 48
1694717897468 1.1974944634194762 49
1694717897707 1.6650720429396266 50
1694717897955 1.6693677238691338 51
1694717898202 0.8354237773808624 52
1694717898408 1.5401639797020958 53
1694717898715 1.3970487433809013 54
1694717899036 1.278278170156338 55
1694717899263 1.0889317114076724 56
1694717899447 1.3070929495602732 57
1694717899667 1.1813621266103056 58
1694717899927 1.9958328916526469 59
1694717900166 1.7063047120019992 60
1694717900396 0.7528466440101669 61
1694717900570 0.9782117045312315 62
1694717900888 0.7465258572182147 63
1694717901129 1.1411467374444515 64
1694717901370 0.8632285021308608 65
1694717901540 1.018347381142978 66
1694717901805 1.0333019564107446 67
1694717902047 1.501480915927126 68
1694717902284 1.06281575014526 69
1694717902479 0.7971803348632319 70
1694717902686 1.3720733398846516 71
1694717902964 1.432051226839391 72
1694717903206 1.4875122358381485 73
1694717903438 1.259300151701339 74
1694717903662 0.7616388793000338 75
1694717903914 0.9373526341436911 76
1694717904126 1.3302800069205667 77
1694717904372 0.5495960059173075 78
1694717904532 1.1607402552088046 79
1694717904710 1.1337912351289265 80
1694717904963 1.0145023528715134 81
1694717905231 0.8416906938814764 82
1694717905472 0.7015262249500024 83
1694717905650 0.8691595431735041 84
1694717905885 1.2323102858141477 85
1694717906121 1.0833138613292774 86
1694717906353 1.000783220526132 87
1694717906536 0.8720539243203936 88
1694717906742 0.7963139083403634 89
1694717906965 1.0857811090713232 90
1694717907214 0.7261524870630772 91
1694717907469 1.1221589659131324 92
1694717907717 0.9797553409066575 93
1694717907941 0.6956835918982964 94
1694717908153 1.2334615173847014 95
1694717908406 0.7597895911938523 96
1694717908558 1.2742472516824728 97
1694717908734 1.1150525246023528 98
1694717909040 1.9425652943356404 99
1694717909328 1.2570466967555707 100
1694717909511 1.4449543746209716 101
1694717909784 0.983931057747424 102
1694717910043 0.7509865552216564 103
1694717910282 0.9298264725071371 104
1694717910517 0.8602745181350223 105
1694717910811 1.2660740972754099 106
1694717911048 1.2579112761336162 107
1694717911276 0.9375586699137403 108
1694717911504 1.173077011188557 109
1694717911709 0.5369591820173588 110
1694717911986 1.0989458615619803 111
1694717912226 1.0367338814295108 112
1694717912481 1.0020352765922744 113
1694717912632 0.7807821483386944 114
1694717912833 0.9429358013943118 115
1694717913075 0.8990902531802187 116
1694717913308 0.7448212884629104 117
1694717913544 1.2044903715833788 118
1694717913727 0.9867587669186962 119
1694717913948 1.2467244860787141 120
1694717914229 0.8979851027612096 121
1694717914485 1.4434440623271112 122
1694717914693 0.47948868266251593 123
1694717914912 1.0265233632586703 124
1694717915148 0.7669644583058058 125
1694717915379 0.9713332949966907 126
1694717915573 0.9619224893802419 127
1694717915779 1.1488070767253367 128
1694717916006 1.2515153854375145 129
1694717916203 0.8687109431980978 130
1694717916495 0.9957394229683629 131
1694717916657 0.8624195097430633 132
1694717916902 1.0999496693727793 133
1694717917136 0.7638225721352856 134
1694717917374 1.1157303217083119 135
1694717917557 0.8571110839861262 136
1694717917774 0.9050398888298695 137
1694717918010 1.000549338163274 138
1694717918170 0.8793105807812678 139
1694717918338 0.794311204209292 140
1694717918552 0.5266670074578473 141
1694717918751 1.0592977696700372 142
1694717919055 1.4093502442594605 143
1694717919288 0.711080534227882 144
1694717919528 0.8270829424253923 145
1694717919687 1.1279285435817403 146
1694717919934 1.2028494493234834 147
1694717920217 0.7427916405384827 148
1694717920469 0.8678041152198176 149
1694717920677 0.8576648757904186 150
1694717921082 0.8358066577222356 151
1694717921327 1.1617076023192299 152
1694717921562 0.790505636864606 153
1694717921762 1.243781506351645 154
1694717922008 1.1439260345371522 155
1694717922244 0.820518586476644 156
1694717922549 0.5846752433341701 157
1694717922762 0.8383559150456099 158
1694717923077 1.081358981361024 159
1694717923458 1.018714052896302 160
1694717923812 0.8600136840009368 161
1694717924092 1.1040393248777345 162
1694717924383 0.9783243097819843 163
1694717924759 0.9242750071716719 164
1694717925128 1.0784486282254382 165
1694717925526 0.7837205011610222 166
1694717925846 0.92463455228004 167
1694717926259 1.0746071440433596 168
1694717926704 0.7005951716382658 169
1694717926999 0.7938117609100814 170
1694717927290 0.9314897068184284 171
1694717927568 0.8911490834152076 172
1694717927880 1.4577255302054042 173
1694717928192 0.8714468078917396 174
1694717928457 1.201167210169362 175
1694717928694 0.9396186663607488 176
1694717929023 0.8931987686944715 177
1694717929312 0.8804368587317573 178
1694717929608 1.1412122558656315 179
1694717929838 0.7735590033463531 180
1694717930008 1.2623659139540573 181
1694717930273 0.8377225617198542 182
1694717930521 0.8136122929339688 183
1694717930845 1.1457735357350929 184
1694717931309 1.2096571869045427 185
1694717931571 0.7313824967993391 186
1694717931793 0.8497454950867359 187
1694717932020 1.2213351959024505 188
1694717932265 0.9857644661161323 189
1694717932544 1.0587141526704509 190
1694717932806 0.6925908463210502 191
1694717933062 0.7546742693228777 192
1694717933530 1.5980149691808172 193
1694717933774 1.0235393763262497 194
1694717934069 0.605867715324952 195
1694717934443 0.9605583184420059 196
1694717934647 1.1443324240696058 197
1694717934858 0.5443685143230195 198
1694717935134 0.7274756447820395 199
1694717935417 1.0242729650385212 200
1694717935669 0.6978901934338175 201
1694717935840 1.166302672256271 202
1694717935996 1.1711724597436812 203
1694717936248 0.852461800287866 204
1694717936534 0.946104242194381 205
1694717936848 0.9795290126276951 206
1694717937230 0.913144875945065 207
1694717937490 0.5961953664757454 208
1694717937714 0.8694067173392229 209
1694717937941 1.305929485467154 210
1694717938206 0.9325324135345534 211
1694717938474 1.1095913072216306 212
1694717938668 0.9933828098251883 213
1694717938908 0.9627954521371321 214
1694717939216 0.9908337663104053 215
1694717939538 0.7923955186241392 216
1694717939752 0.8878427873885482 217
1694717939967 0.7870189293876629 218
1694717940265 1.1767958647626184 219
1694717940460 1.0484242256988825 220
1694717940745 0.5802462247086316 221
1694717940919 1.3347882420448054 222
1694717941133 0.6748574991383345 223
1694717941490 0.8578112989526384 224
1694717941775 0.9917867061251343 225
1694717941945 0.7741517516426044 226
1694717942149 0.9668518285956013 227
1694717942334 0.9337540708386158 228
1694717942590 0.8725645985183341 229
1694717942805 1.1657863439983798 230
1694717942985 0.797088665608282 231
1694717943161 0.8524225491959877 232
1694717943425 1.1075617568928433 233
1694717943677 1.1415963319510871 234
1694717943887 1.1424791367955554 235
1694717944129 0.9561789101755426 236
1694717944330 1.287699483503068 237
1694717944558 0.7877395952410584 238
1694717944786 1.016620412111808 239
1694717945003 0.6447179500601741 240
1694717945190 0.8086959674640818 241
1694717945441 0.968797150378535 242
1694717945684 1.1418961883293433 243
1694717945876 0.8045084737967935 244
1694717946063 1.5072953723661666 245
1694717946363 0.9583182087833414 246
1694717946590 1.4349026986753657 247
1694717946815 0.7276169116666434 248
1694717946985 1.0318590975518405 249
1694717947249 1.0997616551656098 250
1694717947559 1.396202656935536 251
1694717947845 0.9331354982282333 252
1694717948069 0.924853648297812 253
1694717948284 1.013813286491662 254
1694717948510 1.0184418593011086 255
1694717948706 0.8259213373467228 256
1694717948916 0.7843323724673122 257
1694717949117 1.3242488139457411 258
1694717949313 0.7238327195759776 259
1694717949531 0.9265883232055462 260
1694717949757 0.6951847184214749 261
1694717949992 0.8019779861390771 262
1694717950241 0.8304201142961573 263
1694717950483 1.4126113211362121 264
1694717950809 0.8516984339622001 265
1694717950988 1.0107712225208145 266
1694717951248 1.205408746128239 267
1694717951514 0.6496359049691787 268
1694717951743 1.5337958934251894 269
1694717951920 1.1803568676908671 270
1694717952177 1.115192858951476 271
1694717952396 1.1602479603152194 272
1694717952599 0.809633894301506 273
1694717952850 0.9271639805238957 274
1694717953075 1.2104613747570871 275
1694717953288 1.4929882603642322 276
1694717953559 1.0082092462675165 277
1694717953807 1.150683849012007 278
1694717954033 0.83755327254281 279
1694717954289 0.9072250663591502 280
1694717954557 0.5923677311620392 281
1694717954791 0.8453281918938754 282
1694717954985 1.4159888633722926 283
1694717955299 1.0118723962382947 284
1694717955567 0.6593896383872099 285
1694717955776 1.0622002989476824 286
1694717956133 0.510987392435939 287
1694717956379 0.6567349648742016 288
1694717956631 0.7274714500345635 289
1694717956876 0.6730447926653422 290
1694717957051 0.7794246233393318 291
1694717957313 0.9015197586227925 292
1694717957626 1.105946953302201 293
1694717957889 0.8178666572893185 294
1694717958103 1.022330648300373 295
1694717958351 0.7644908614876359 296
1694717958589 0.8925018740111216 297
1694717958853 1.251261794582507 298
1694717959130 0.7381085278024608 299
1694717959389 1.2063191390753711 300
1694717959667 0.9806289830093574 301
1694717959924 1.556077446266105 302
1694717960168 0.8851349189095806 303
1694717960435 1.2724993585405768 304
1694717960760 1.2576154156794577 305
1694717960966 0.8498175963372937 306
1694717961129 0.77499883068618 307
1694717961331 0.8500235675550369 308
1694717961586 1.0338154387463012 309
1694717961875 0.9226350965410104 310
1694717962058 1.2242816490482689 311
1694717962297 0.734858368514942 312
1694717962544 1.0863507332636926 313
1694717962797 0.9170548008067044 314
1694717963052 1.282346267456736 315
1694717963267 0.8533854490835026 316
1694717963517 1.4395143811292044 317
1694717963683 0.7720482695963639 318
1694717963891 0.840680190850263 319
1694717964153 1.037301238319017 320
1694717964426 0.9329461067713734 321
1694717964682 0.8760065647979723 322
1694717964928 0.9616037032165557 323
1694717965131 0.8930070078285391 324
1694717965353 1.22834371840448 325
1694717965577 1.0858388907894632 326
1694717965800 1.0093063533252131 327
1694717965989 0.6816455392602708 328
1694717966215 1.0265455402952177 329
1694717966514 1.0934410157036953 330
1694717966756 0.9723701829787798 331
1694717966984 1.0487500709097866 332
1694717967263 0.7256676497107989 333
1694717967524 0.6422167454241945 334
1694717967778 0.7202484410980031 335
1694717968013 1.057403455624306 336
1694717968219 0.5465260828053887 337
1694717968440 0.975186365211613 338
1694717968723 0.7613472127424185 339
1694717969026 0.8877589452158853 340
1694717969283 1.0257116699900193 341
1694717969514 1.1485175644393404 342
1694717969742 0.9878796777013199 343
1694717969995 1.299683908129792 344
1694717970166 1.0179028409597057 345
1694717970360 0.8118607600251018 346
1694717970648 0.885103781437282 347
1694717970951 1.0958275967416597 348
1694717971129 0.7623542556197584 349
1694717971348 0.8040908110312247 350
1694717971613 1.5274800139877407 351
1694717971866 0.5844238747316056 352
1694717972063 1.4814643179450098 353
1694717972279 0.9777162629701787 354
1694717972573 0.6486143137361065 355
1694717972844 0.7775167276908362 356
1694717973106 1.0382113474051669 357
1694717973360 0.9742793897824065 358
1694717973604 1.067797365579952 359
1694717973852 0.931052103856722 360
1694717974045 0.9471615615159227 361
1694717974296 0.8317899863689013 362
1694717974549 1.1851245058401843 363
1694717974815 0.9225351226004422 364
1694717975046 1.1310598062602055 365
1694717975243 0.8707176355193592 366
1694717975543 0.932164189332019 367
1694717975716 0.8978447996674265 368
1694717975938 0.7165867973100477 369
1694717976136 0.7739084260416066 370
1694717976324 0.833271366119746 371
1694717976558 1.0276679423081276 372
1694717976789 1.0112359622956506 373
1694717977044 1.3188440691233045 374
1694717977298 1.0434019334656106 375
1694717977606 1.1615977151132453 376
1694717977889 1.0770587829568277 377
1694717978146 0.9120972573601742 378
1694717978400 0.9989001271599344 379
1694717978648 0.8343102955310919 380
1694717978927 0.8845749046755911 381
1694717979223 0.9839273354472929 382
1694717979485 1.0842785397806534 383
1694717979750 0.760257424069387 384
1694717980058 1.048167699865404 385
1694717980248 1.1627394518148737 386
1694717980438 0.8004917705130957 387
1694717980678 1.1319474468775963 388
1694717980940 1.191527974530985 389
1694717981162 1.45463403684907 390
1694717981389 0.7284599359953612 391
1694717981609 0.7161742812200038 392
1694717981855 0.6609178530562865 393
1694717982132 0.8484956278803978 394
1694717982345 0.896189267879293 395
1694717982544 1.3990553921705027 396
1694717982781 1.1514579460814638 397
1694717983014 0.9683884842628762 398
1694717983273 0.9189823330096241 399
1694717983549 1.1153277805758017 400
1694717983797 0.6868421421129073 401
1694717984093 0.8154464429912457 402
1694717984285 1.3468614703337847 403
1694717984556 0.9448084684867863 404
1694717984758 1.029124590274597 405
1694717984979 0.7236021848785823 406
1694717985172 1.080605353791505 407
1694717985403 0.7623755843331846 408
1694717985719 0.9777472924322635 409
1694717985977 0.8298525898571509 410
1694717986207 1.0552322613461398 411
1694717986440 0.7835861131511331 412
1694717986729 1.1927463345123106 413
1694717986994 0.8078791611318321 414
1694717987188 0.9452411692976886 415
1694717987414 1.0467832719256223 416
1694717987736 0.8807433558967604 417
1694717987976 1.0737253824730608 418
1694717988238 0.9821314876196142 419
1694717988475 0.9806143097822165 420
1694717988743 0.9721462286464154 421
1694717989097 0.8996995882708666 422
1694717989260 0.8568324409686688 423
1694717989492 0.9073020823279524 424
1694717989742 1.4534126032158519 425
1694717990005 1.3677457197336962 426
1694717990211 1.4175903613996095 427
1694717990445 0.7225817291458351 428
1694717990763 1.0349799765143068 429
1694717991047 0.7350409889328353 430
1694717991303 0.8991235280128582 431
1694717991525 0.7243264782231703 432
1694717991756 0.7673039859444709 433
1694717991935 0.9041006408139222 434
1694717992140 1.0290831328235563 435
1694717992374 0.9910674296591598 436
1694717992628 0.8593339972560385 437
1694717992926 0.8947375729464236 438
1694717993199 1.3208618883969714 439
1694717993415 0.9106782995679223 440
1694717993617 0.8623173586293428 441
1694717993842 0.8245840237322982 442
1694717994073 0.8042828636433855 443
1694717994279 0.8630531871600198 444
1694717994464 1.0837540234954013 445
1694717994692 0.9698427259257093 446
1694717994911 0.46611649666843924 447
1694717995060 1.1001542949791514 448
1694717995269 0.9189856808329123 449
1694717995476 1.0094648497259306 450
1694717995777 0.9721338164541988 451
1694717996029 1.0801206363511346 452
1694717996292 0.7671656428480208 453
1694717996562 0.8800740939558135 454
1694717996811 1.138987702229491 455
1694717997068 1.1500784254485317 456
1694717997275 1.2064697517522696 457
1694717997482 0.9278597107816605 458
1694717997801 1.0083717552579883 459
1694717998129 0.5765075839457733 460
1694717998345 1.0633522715905006 461
1694717998634 0.7451268404205228 462
1694717998904 1.1166592907958202 463
1694717999160 0.7690690281878748 464
1694717999336 0.7993306220040788 465
1694717999616 0.9247196343441858 466
1694717999866 1.0122059083179689 467
1694718000159 1.105901704981545 468
1694718000361 1.1926818398617514 469
1694718000563 1.0363952084316919 470
1694718000821 0.7775166747861002 471
1694718001042 1.5014279162677087 472
1694718001259 0.9138505112692387 473
1694718001422 0.8799856819130669 474
1694718001683 0.9016752117162042 475
1694718002020 1.2855808834970894 476
1694718002271 0.8719480839500767 477
1694718002510 0.7186350972581087 478
1694718002802 0.8056097921259951 479
1694718003027 0.9903676710062004 480
1694718003292 0.5553374847408515 481
1694718003469 0.910407713927893 482
1694718003682 1.258309066846084 483
1694718003926 0.7522713208409538 484
1694718004198 0.9390584400090102 485
1694718004408 0.6567732945531087 486
1694718004670 0.8813785091542007 487
1694718004941 0.9082049062424883 488
1694718005184 0.9258903083971255 489
1694718005367 1.2034651761425623 490
1694718005536 1.3831529237825297 491
1694718005728 0.898286334049224 492
1694718005917 1.089155261325981 493
1694718006185 1.3217391000210614 494
1694718006392 0.939217494793826 495
1694718006583 0.6656369786988477 496
1694718006808 0.8531175002157011 497
1694718007044 0.6747225654113297 498
1694718007210 0.8042205809101918 499
