1694750552847 nan 0
1694750553157 nan 1
1694750553442 nan 2
1694750553718 nan 3
1694750554014 nan 4
1694750554339 nan 5
1694750554641 nan 6
1694750554913 nan 7
1694750555166 nan 8
1694750555460 nan 9
1694750555713 nan 10
1694750556024 nan 11
1694750556317 nan 12
1694750556690 nan 13
1694750556966 nan 14
1694750557285 nan 15
1694750557589 nan 16
1694750557801 nan 17
1694750558068 nan 18
1694750558386 nan 19
1694750558669 nan 20
1694750558949 nan 21
1694750559281 nan 22
1694750559603 nan 23
1694750559838 nan 24
1694750560105 nan 25
1694750560420 nan 26
1694750560713 nan 27
1694750561026 nan 28
1694750561337 nan 29
1694750561661 nan 30
1694750561937 nan 31
1694750562332 nan 32
1694750562675 nan 33
1694750562917 nan 34
1694750563212 nan 35
1694750563547 nan 36
1694750563814 nan 37
1694750564095 nan 38
1694750564400 nan 39
1694750564759 nan 40
1694750565010 nan 41
1694750565321 nan 42
1694750565677 nan 43
1694750565928 nan 44
1694750566188 nan 45
1694750566546 nan 46
1694750566843 nan 47
1694750567136 nan 48
1694750567425 nan 49
1694750567784 nan 50
1694750568034 nan 51
1694750568270 nan 52
1694750568594 nan 53
1694750568867 nan 54
1694750569117 nan 55
1694750569461 nan 56
1694750569798 nan 57
1694750570114 nan 58
1694750570374 nan 59
1694750570714 nan 60
1694750570944 nan 61
1694750571221 nan 62
1694750571637 nan 63
1694750571918 nan 64
1694750572258 nan 65
1694750572564 nan 66
1694750572867 nan 67
1694750573127 nan 68
1694750573389 nan 69
1694750573643 nan 70
1694750573911 nan 71
1694750574149 nan 72
1694750574501 nan 73
1694750574897 nan 74
1694750575177 nan 75
1694750575480 nan 76
1694750575785 nan 77
1694750576049 nan 78
1694750576265 nan 79
1694750576656 nan 80
1694750576933 nan 81
1694750577159 nan 82
1694750577424 nan 83
1694750577735 nan 84
1694750578050 nan 85
1694750578337 nan 86
1694750578585 nan 87
1694750578869 nan 88
1694750579204 nan 89
1694750579490 nan 90
1694750579804 nan 91
1694750580112 nan 92
1694750580389 nan 93
1694750580661 nan 94
1694750580887 nan 95
1694750581220 nan 96
1694750581506 nan 97
1694750581812 nan 98
1694750582101 nan 99
1694750582423 nan 100
1694750582724 nan 101
1694750583007 nan 102
1694750583208 nan 103
1694750583525 nan 104
1694750583828 nan 105
1694750584123 nan 106
1694750584424 nan 107
1694750584739 nan 108
1694750585075 nan 109
1694750585298 nan 110
1694750585612 nan 111
1694750585912 nan 112
1694750586188 nan 113
1694750586558 nan 114
1694750586852 nan 115
1694750587129 nan 116
1694750587378 nan 117
1694750587693 nan 118
1694750588032 nan 119
1694750588293 nan 120
1694750588525 nan 121
1694750588795 nan 122
1694750589094 nan 123
1694750589386 nan 124
1694750589691 nan 125
1694750590040 nan 126
1694750590375 nan 127
1694750590616 nan 128
1694750590920 nan 129
1694750591188 nan 130
1694750591381 nan 131
1694750591618 nan 132
1694750591872 nan 133
1694750592245 nan 134
1694750592472 nan 135
1694750592716 nan 136
1694750592977 nan 137
1694750593252 nan 138
1694750593476 nan 139
1694750593786 nan 140
1694750594101 nan 141
1694750594406 nan 142
1694750594723 nan 143
1694750595162 nan 144
1694750595425 nan 145
1694750595697 nan 146
1694750596077 nan 147
1694750596457 nan 148
1694750596966 nan 149
1694750597493 nan 150
1694750597875 nan 151
1694750598290 nan 152
1694750598651 nan 153
1694750599075 nan 154
1694750599556 nan 155
1694750599925 nan 156
1694750600370 nan 157
1694750600899 nan 158
1694750601355 nan 159
1694750601754 nan 160
1694750602249 nan 161
1694750602649 nan 162
1694750603021 nan 163
1694750603319 nan 164
1694750603738 nan 165
1694750604082 nan 166
1694750604428 nan 167
1694750604797 nan 168
1694750605187 nan 169
1694750605552 nan 170
1694750605913 nan 171
1694750606297 nan 172
1694750606649 nan 173
1694750606998 nan 174
1694750607593 nan 175
1694750607853 nan 176
1694750608215 nan 177
1694750608571 nan 178
1694750608994 nan 179
1694750609371 nan 180
1694750609798 nan 181
1694750610193 nan 182
1694750610508 nan 183
1694750610779 nan 184
1694750611061 nan 185
1694750611383 nan 186
1694750611665 nan 187
1694750611898 nan 188
1694750612214 nan 189
1694750612566 nan 190
1694750612926 nan 191
1694750613203 nan 192
1694750613491 nan 193
1694750613751 nan 194
1694750613984 nan 195
1694750614202 nan 196
1694750614464 nan 197
1694750614773 nan 198
1694750615098 nan 199
1694750615334 nan 200
1694750615630 nan 201
1694750615917 nan 202
1694750616225 nan 203
1694750616620 nan 204
1694750616873 nan 205
1694750617219 nan 206
1694750617551 nan 207
1694750617862 nan 208
1694750618104 nan 209
1694750618379 nan 210
1694750618784 nan 211
1694750619117 nan 212
1694750619491 nan 213
1694750619763 nan 214
1694750620020 nan 215
1694750620293 nan 216
1694750620613 nan 217
1694750620952 nan 218
1694750621267 nan 219
1694750621635 nan 220
1694750621996 nan 221
1694750622311 nan 222
1694750622592 nan 223
1694750622853 nan 224
1694750623165 nan 225
1694750623486 nan 226
1694750623817 nan 227
1694750624114 nan 228
1694750624436 nan 229
1694750624801 nan 230
1694750625136 nan 231
1694750625388 nan 232
1694750625629 nan 233
1694750625903 nan 234
1694750626221 nan 235
1694750626437 nan 236
1694750626760 nan 237
1694750627015 nan 238
1694750627294 nan 239
1694750627618 nan 240
1694750627889 nan 241
1694750628184 nan 242
1694750628572 nan 243
1694750628905 nan 244
1694750629176 nan 245
1694750629504 nan 246
1694750629812 nan 247
1694750630088 nan 248
1694750630402 nan 249
1694750630787 nan 250
1694750631017 nan 251
1694750631326 nan 252
1694750631666 nan 253
1694750631938 nan 254
1694750632190 nan 255
1694750632463 nan 256
1694750632780 nan 257
1694750633086 nan 258
1694750633387 nan 259
1694750633701 nan 260
1694750633997 nan 261
1694750634390 nan 262
1694750634750 nan 263
1694750635200 nan 264
1694750635543 nan 265
1694750635851 nan 266
1694750636147 nan 267
1694750636484 nan 268
1694750636844 nan 269
1694750637145 nan 270
1694750637675 nan 271
1694750638131 nan 272
1694750638497 nan 273
1694750638847 nan 274
1694750639125 nan 275
1694750639400 nan 276
1694750639812 nan 277
1694750640139 nan 278
1694750640432 nan 279
1694750640776 nan 280
1694750641065 nan 281
1694750641374 nan 282
1694750641799 nan 283
1694750642194 nan 284
1694750642504 nan 285
1694750642804 nan 286
1694750643161 nan 287
1694750643471 nan 288
1694750643791 nan 289
1694750644066 nan 290
1694750644381 nan 291
1694750644707 nan 292
1694750645074 nan 293
1694750645364 nan 294
1694750645662 nan 295
1694750645939 nan 296
1694750646238 nan 297
1694750646658 nan 298
1694750646981 nan 299
1694750647263 nan 300
1694750647574 nan 301
1694750647921 nan 302
1694750648260 nan 303
1694750648581 nan 304
1694750648952 nan 305
1694750649192 nan 306
1694750649503 nan 307
1694750649800 nan 308
1694750650137 nan 309
1694750650450 nan 310
1694750650756 nan 311
1694750651053 nan 312
1694750651360 nan 313
1694750651675 nan 314
1694750651995 nan 315
1694750652319 nan 316
1694750652654 nan 317
1694750652970 nan 318
1694750653297 nan 319
1694750653622 nan 320
1694750653902 nan 321
1694750654171 nan 322
1694750654389 nan 323
1694750654724 nan 324
1694750655071 nan 325
1694750655342 nan 326
1694750655762 nan 327
1694750656103 nan 328
1694750656382 nan 329
1694750656732 nan 330
1694750657053 nan 331
1694750657308 nan 332
1694750657591 nan 333
1694750657958 nan 334
1694750658213 nan 335
1694750658444 nan 336
1694750658731 nan 337
1694750659061 nan 338
1694750659325 nan 339
1694750659672 nan 340
1694750660063 nan 341
1694750660425 nan 342
1694750660734 nan 343
1694750661064 nan 344
1694750661454 nan 345
1694750661725 nan 346
1694750662055 nan 347
1694750662448 nan 348
1694750662740 nan 349
1694750663063 nan 350
1694750663365 nan 351
1694750663681 nan 352
1694750663998 nan 353
1694750664313 nan 354
1694750664618 nan 355
1694750664922 nan 356
1694750665200 nan 357
1694750665450 nan 358
1694750665765 nan 359
1694750666059 nan 360
1694750666340 nan 361
1694750666769 nan 362
1694750667077 nan 363
1694750667353 nan 364
1694750667614 nan 365
1694750667937 nan 366
1694750668228 nan 367
1694750668447 nan 368
1694750668714 nan 369
1694750669056 nan 370
1694750669350 nan 371
1694750669676 nan 372
1694750670154 nan 373
1694750670495 nan 374
1694750670933 nan 375
1694750671366 nan 376
1694750671631 nan 377
1694750672006 nan 378
1694750672360 nan 379
1694750672655 nan 380
1694750672987 nan 381
1694750673315 nan 382
1694750673594 nan 383
1694750673839 nan 384
1694750674142 nan 385
1694750674427 nan 386
1694750674692 nan 387
1694750675119 nan 388
1694750675442 nan 389
1694750675810 nan 390
1694750676139 nan 391
1694750676442 nan 392
1694750676769 nan 393
1694750677089 nan 394
1694750677418 nan 395
1694750677678 nan 396
1694750678057 nan 397
1694750678400 nan 398
1694750678644 nan 399
1694750678885 nan 400
1694750679241 nan 401
1694750679563 nan 402
1694750679830 nan 403
1694750680159 nan 404
1694750680495 nan 405
1694750680731 nan 406
1694750681007 nan 407
1694750681256 nan 408
1694750681608 nan 409
1694750681943 nan 410
1694750682289 nan 411
1694750682627 nan 412
1694750682971 nan 413
1694750683409 nan 414
1694750683713 nan 415
1694750684022 nan 416
1694750684336 nan 417
1694750684723 nan 418
1694750684989 nan 419
1694750685223 nan 420
1694750685518 nan 421
1694750685783 nan 422
1694750686013 nan 423
1694750686230 nan 424
1694750686553 nan 425
1694750686891 nan 426
1694750687204 nan 427
1694750687530 nan 428
1694750687826 nan 429
1694750688135 nan 430
1694750688437 nan 431
1694750688749 nan 432
1694750689123 nan 433
1694750689372 nan 434
1694750689621 nan 435
1694750689854 nan 436
1694750690091 nan 437
1694750690369 nan 438
1694750690576 nan 439
1694750690868 nan 440
1694750691162 nan 441
1694750691480 nan 442
1694750691779 nan 443
1694750692039 nan 444
1694750692291 nan 445
1694750692515 nan 446
1694750692791 nan 447
1694750693039 nan 448
1694750693350 nan 449
1694750693701 nan 450
1694750693954 nan 451
1694750694175 nan 452
1694750694449 nan 453
1694750694728 nan 454
1694750695018 nan 455
1694750695316 nan 456
1694750695659 nan 457
1694750696150 nan 458
1694750696640 nan 459
1694750696873 nan 460
1694750697141 nan 461
1694750697480 nan 462
1694750697792 nan 463
1694750698081 nan 464
1694750698367 nan 465
1694750698702 nan 466
1694750699006 nan 467
1694750699344 nan 468
1694750699671 nan 469
1694750699925 nan 470
1694750700262 nan 471
1694750700539 nan 472
1694750700860 nan 473
1694750701133 nan 474
1694750701453 nan 475
1694750701766 nan 476
1694750702042 nan 477
1694750702472 nan 478
1694750702828 nan 479
1694750703080 nan 480
1694750703405 nan 481
1694750703722 nan 482
1694750703991 nan 483
1694750704221 nan 484
1694750704502 nan 485
1694750704916 nan 486
1694750705327 nan 487
1694750705584 nan 488
1694750705893 nan 489
1694750706208 nan 490
1694750706643 nan 491
1694750707001 nan 492
1694750707230 nan 493
1694750707443 nan 494
1694750707801 nan 495
1694750708100 nan 496
1694750708351 nan 497
1694750708648 nan 498
1694750708881 nan 499
