1694726644225 3.2181723605151913e-06 0
1694726644497 0.007093084076168955 1
1694726644784 2.5803741211671607 2
1694726645062 2.4002246378247327 3
1694726645376 0.04585869704201021 4
1694726645630 2.1635952348043777 5
1694726646008 1.82960787071601 6
1694726646384 0.34467970687084787 7
1694726646666 0.0006551581682755457 8
1694726646996 2.516602013192214 9
1694726647311 2.6077734560436205 10
1694726647614 4.067454654024928 11
1694726647863 5.144822734195587 12
1694726648241 6.835949654686597 13
1694726648556 2.3524814536462157 14
1694726648808 8.595605061135368 15
1694726649128 0.5129951999815181 16
1694726649454 4.539292599673138 17
1694726649702 0.01258435003993048 18
1694726649955 0.7252868008907052 19
1694726650272 1.491689263919227 20
1694726650616 4.180347861528827 21
1694726650934 0.13105442522385896 22
1694726651242 13.339407333295064 23
1694726651548 0.05364320099615863 24
1694726651876 0.06131597612622098 25
1694726652209 0.26783912310156105 26
1694726652549 1.722118284805223 27
1694726652897 0.09025368341333798 28
1694726653243 0.026097030099619 29
1694726653556 0.14532897786638518 30
1694726653819 0.033578602311270495 31
1694726654102 0.21120274580120135 32
1694726654415 0.5133730428413382 33
1694726654695 0.22507150893496722 34
1694726655092 0.02197354366088913 35
1694726655384 3.0490280635337896 36
1694726655683 1.281826940740358 37
1694726656040 1.0486353580870786 38
1694726656351 1.9315226867670032 39
1694726656672 0.7113756048487172 40
1694726656962 6.6245732069007515 41
1694726657437 0.005710265988282449 42
1694726657788 0.5334807841236394 43
1694726658063 2.6826982550576854 44
1694726658340 7.42659822263117 45
1694726658639 2.456427715367445 46
1694726658897 0.6722887377709379 47
1694726659268 4.622791934381018 48
1694726659665 0.5343907023028638 49
1694726659925 0.4728295258292487 50
1694726660246 0.1987350322360427 51
1694726660574 1.412932378099685 52
1694726660815 0.08007280257301076 53
1694726661103 0.7722640984934747 54
1694726661438 10.202964655286223 55
1694726661835 0.884734168270953 56
1694726662128 29.964395607031925 57
1694726662470 12.40149897319685 58
1694726662797 1.5375530563912647 59
1694726663081 1.8932491409712264 60
1694726663392 4.27901436762691 61
1694726663710 4.011508334304742 62
1694726664025 0.9977194273175438 63
1694726664300 0.24461146842673437 64
1694726664610 4.311476583646549 65
1694726664946 22.529166031689627 66
1694726665255 0.02570681124572975 67
1694726665560 0.995019847586708 68
1694726665954 0.0023799534415148366 69
1694726666300 0.3389741198599399 70
1694726666613 1.4201812240695533 71
1694726666936 1.5808364931791823 72
1694726667254 0.2309568379741787 73
1694726667639 0.8889431041735087 74
1694726667958 0.21315679605498272 75
1694726668301 2.1121229858360513 76
1694726668657 0.386956448048972 77
1694726668983 9.21021904712142 78
1694726669259 1.357664845584744 79
1694726669549 2.335712648560087 80
1694726669853 3.236997798501078 81
1694726670179 5.198869038143572 82
1694726670476 1.5384759602721927 83
1694726670804 1.3142568796994443 84
1694726671067 4.706275165453109 85
1694726671350 3.6764825266713568 86
1694726671610 8.265604655030891 87
1694726671933 0.09043855817300031 88
1694726672157 0.3678854689692343 89
1694726672417 0.039501343905357374 90
1694726672734 7.558277419060126 91
1694726673068 0.4939246359305799 92
1694726673350 4.837645648069173 93
1694726673647 9.899712207353845 94
1694726673947 4.177137368375347 95
1694726674189 0.9230371416693574 96
1694726674514 7.65964503366126 97
1694726674770 0.023621542664241473 98
1694726675101 7.944965231583584 99
1694726675421 0.2407405223484156 100
1694726675734 1.916681734492614 101
1694726676047 1.6171209838070837 102
1694726676325 0.07475885915601063 103
1694726676658 0.56414940852617 104
1694726676980 0.2144408077035106 105
1694726677305 0.8166923809388895 106
1694726677599 0.08168698726096363 107
1694726677920 2.7977032910427493 108
1694726678196 10.358742198262917 109
1694726678523 6.685631533641114 110
1694726678849 0.1790802407141262 111
1694726679135 3.304095977252036 112
1694726679370 0.16058950122415633 113
1694726679657 0.026137601427103307 114
1694726679980 0.8506531772953613 115
1694726680269 1.8769221627779655 116
1694726680596 1.3304873585928854 117
1694726680915 0.0009515203096445848 118
1694726681173 0.00010771294740472848 119
1694726681466 3.644433239546175 120
1694726681841 1.2017085080800711 121
1694726682149 0.2361266716834768 122
1694726682418 0.24197635681829477 123
1694726682726 4.821349509465399 124
1694726683035 1.935021294683886 125
1694726683266 0.41545777348372726 126
1694726683587 1.1182917104455228 127
1694726683896 1.1297170647115813 128
1694726684203 3.8353795871043572 129
1694726684444 0.20275358589473436 130
1694726684751 0.9218564574272604 131
1694726685140 1.0399904882438513 132
1694726685406 1.2145971831147628 133
1694726685688 0.1682951558021435 134
1694726686104 0.07258754625958684 135
1694726686397 0.06923228270241648 136
1694726686710 2.307105896021267 137
1694726687045 0.021419554586571004 138
1694726687326 1.2400988905793373 139
1694726687702 4.408592261489453 140
1694726688011 0.002521821384851183 141
1694726688342 0.8382592874519206 142
1694726688644 0.08419418279669087 143
1694726688968 0.5529045982965176 144
1694726689335 3.237047932818519 145
1694726689777 3.23512306820853 146
1694726690043 1.0544137356983705 147
1694726690313 0.40226487702522795 148
1694726690696 0.3772077471978205 149
1694726691001 0.36732013201817115 150
1694726691268 0.2788006565072028 151
1694726691549 0.1235700663253094 152
1694726691802 0.0073354075690644435 153
1694726692113 1.2500068627278258 154
1694726692414 1.5692997411870206 155
1694726692780 4.64945728321935 156
1694726693080 2.5565092752467242 157
1694726693366 1.1771974724530472 158
1694726693679 0.007504649875896328 159
1694726694000 0.08929379225975353 160
1694726694280 1.7686853677129095 161
1694726694516 4.009450555053424 162
1694726694797 0.44978627526187354 163
1694726695111 0.9245759441914939 164
1694726695371 0.0033401534811834865 165
1694726695634 0.059883064816591065 166
1694726696015 8.811992745082067 167
1694726696252 1.865309626717204 168
1694726696490 5.0370638930982645 169
1694726696737 0.03265361677579206 170
1694726697023 0.5089451189279086 171
1694726697344 1.2807033300554294 172
1694726697694 0.34177514230567557 173
1694726698027 2.8055409279183805 174
1694726698336 0.42001259558440734 175
1694726698623 0.844391373998507 176
1694726698943 3.3104086629488876 177
1694726699233 0.33767025455284216 178
1694726699540 11.352579057073568 179
1694726699769 3.7740933809164883 180
1694726700046 0.12341343356151009 181
1694726700323 0.28199670720729797 182
1694726700611 1.1644136813438153 183
1694726700924 0.8675321099531057 184
