1694743273514 1.1435707014395582 0
1694743273818 1.91202256692154 1
1694743274109 1.7285650870138995 2
1694743274382 0.26138759055415434 3
1694743274655 1.8336231177663114 4
1694743274981 0.3798318158276182 5
1694743275261 1.7539871463535706 6
1694743275551 11.406436457221684 7
1694743275886 0.0890796682267953 8
1694743276202 1.3056366687978518 9
1694743276470 1.7714147795449975 10
1694743276746 1.6883914957164325 11
1694743277079 0.09044308497952386 12
1694743277399 7.891058514926548 13
1694743277666 1.178139220348512 14
1694743277985 1.2311943727259773 15
1694743278238 0.1320538726672781 16
1694743278571 0.0017764398788152975 17
1694743278912 2.626904691612933 18
1694743279293 0.002674168705424751 19
1694743279650 0.020444111216894056 20
1694743279956 1.5575649573310115 21
1694743280347 2.6085368054622684 22
1694743280678 0.9420429756558432 23
1694743281001 0.5879427370515024 24
1694743281344 0.41994505917186026 25
1694743281574 0.11362027881974146 26
1694743281858 0.10650159957530572 27
1694743282158 0.31425706980536383 28
1694743282782 0.1350416512910241 29
1694743283101 4.842821931616214 30
1694743283414 2.813371355152232 31
1694743283652 13.826069807765204 32
1694743283974 0.35676757494128913 33
1694743284320 5.875094011359064 34
1694743284598 0.5104160041417063 35
1694743284961 0.497133723698991 36
1694743285288 6.759469978077373 37
1694743285574 0.980500794060728 38
1694743285841 3.6007643324943754 39
1694743286127 0.14382317989476717 40
1694743286457 0.4246873874138987 41
1694743286692 10.672448536021733 42
1694743286972 6.219759301322943 43
1694743287309 0.1866005229195928 44
1694743287605 0.724428185122064 45
1694743287918 0.8763851869586193 46
1694743288372 2.3786394199083722 47
1694743288706 0.022291112649343435 48
1694743289125 0.01166064231085922 49
1694743289557 3.3467928583319155 50
1694743289826 1.1011561257893605 51
1694743290142 1.9404129591220953 52
1694743290485 2.519217344818074 53
1694743290756 2.926713642774451 54
1694743291024 0.005423471728137627 55
1694743291361 2.095633093966707 56
1694743291680 0.14450562540282783 57
1694743291939 0.08031272002180931 58
1694743292223 0.5177512612776003 59
1694743292559 0.8382277599066109 60
1694743292816 1.6747085658534984 61
1694743293075 3.457743894960027 62
1694743293366 1.1916839874857963 63
1694743293734 3.95505317102054 64
1694743293988 0.024968455868432465 65
1694743294272 0.003773868354794922 66
1694743294585 0.43244185675202257 67
1694743294885 1.660676878090311 68
1694743295162 0.05495841273816878 69
1694743295442 0.8364411640781767 70
1694743295841 1.355912557177151 71
1694743296139 0.45978057408465267 72
1694743296459 0.08348539819298757 73
