1694725381539 0.33535563586194905 0
1694725381790 10.519562286125291 1
1694725382101 2.11469096855995 2
1694725382436 0.18264870515891848 3
1694725382781 4.054155904526448 4
1694725383208 1.7727021076226894 5
1694725383498 0.7370079445425747 6
1694725383790 1.8812421054254906 7
1694725384028 2.9163024283697414 8
1694725384364 0.055653662440670604 9
1694725384649 8.167062719420617 10
1694725384978 12.875659363508749 11
1694725385487 0.3152647260209347 12
1694725385799 0.21660549532144868 13
1694725386089 0.43225644428270193 14
1694725386356 3.292368048571801 15
1694725386688 1.719541241311299 16
1694725386943 4.270732638252413 17
1694725387235 1.9007453926890479 18
1694725387637 0.2523140573951072 19
1694725387875 4.268061996773954 20
1694725388113 0.3706585523584449 21
1694725388418 0.01573501359704861 22
1694725388720 0.8037673108168865 23
1694725388956 0.3340737212700419 24
1694725389193 1.3297233991162891 25
1694725389533 4.913640425704357 26
1694725389962 0.09609213279828063 27
1694725390275 5.030025849544863 28
1694725390614 2.127343211527274 29
1694725391034 10.753669066180501 30
1694725391345 2.1236004997437314 31
1694725391656 1.417010637900254 32
1694725391933 0.00018050664898997467 33
1694725392304 0.021882573845563535 34
1694725392629 0.017150972870852394 35
1694725392883 0.188453358758047 36
1694725393189 0.03944081005612911 37
1694725393505 0.6892191795245614 38
1694725393795 4.106261775496588 39
1694725394118 0.3570296395741642 40
1694725394492 2.7614810768500466 41
1694725394862 0.5471296034376897 42
1694725395164 0.3092335965507551 43
1694725395471 2.209971517424549 44
1694725395794 1.297392235892912 45
1694725396106 2.393898034588829 46
1694725396443 1.9195747325275672 47
1694725396823 0.04777859848952171 48
1694725397255 2.559372738534299 49
1694725397575 5.327623744124934 50
1694725397842 0.5091609357632036 51
1694725398152 0.09292719480732596 52
1694725398487 1.2294851860737142 53
1694725398829 0.3720428752970827 54
1694725399155 0.11968564330957084 55
1694725399480 0.11119155923508743 56
1694725399779 0.9193152682332196 57
1694725400026 29.73211694358932 58
1694725400301 0.077510186121004 59
1694725400648 11.944193621141917 60
1694725400928 1.3497417489496937 61
1694725401283 1.1629917642895862 62
1694725401624 4.681541197810203 63
1694725401917 1.292420191589022 64
1694725402238 0.43160614292201577 65
1694725402601 1.0932991666917269 66
1694725402909 3.8342870012285357 67
1694725403211 11.333538393674727 68
1694725403543 5.22299648000455 69
1694725403871 0.32504291458034934 70
1694725404196 5.015988792118247 71
1694725404519 3.922197803268285 72
1694725404926 0.015794425582483156 73
1694725405225 0.046215380229200166 74
1694725405595 0.0519125090023551 75
1694725405913 0.2874026120547992 76
1694725406201 2.177970815629555 77
1694725406524 0.39778946860115105 78
1694725406884 0.0645137707241601 79
1694725407144 0.05369375395600838 80
