1694743902523 168.8278829759285 0
1694743902789 131.5141095392943 1
1694743903077 118.56945067064699 2
1694743903375 105.84866780582686 3
1694743903757 94.58468621692032 4
1694743904153 84.54364757940922 5
1694743904447 75.59676208351509 6
1694743904773 67.62453239284393 7
1694743905113 60.52076735522584 8
1694743905398 54.19083206981141 9
1694743905657 48.55040621938301 10
1694743905924 43.52435880866113 11
1694743906334 39.04574667927445 12
1694743906616 35.05492211423016 13
1694743906966 31.498737712725635 14
1694743907343 28.329837928869622 15
1694743907654 25.506027828467317 16
1694743907999 22.98971064733632 17
1694743908401 20.747386652022666 18
1694743908714 18.749206621175972 19
1694743909010 16.96857399413912 20
1694743909333 15.38179038222055 21
1694743909723 13.967739716299427 22
1694743910074 12.707606819575018 23
1694743910404 11.584626653280772 24
1694743910719 10.583860892161432 25
1694743911043 9.691998850911531 26
1694743911550 8.897180107454304 27
1694743911853 8.188836458231421 28
1694743912190 7.557551098432814 29
1694743912509 6.994933149759553 30
1694743912829 6.493505862943526 31
1694743913170 6.04660700457423 32
1694743913464 5.64830010023589 33
1694743913798 5.293295350704794 34
1694743914170 4.976879166925347 35
1694743914454 4.694851384395708 36
1694743914711 4.443469319980329 37
1694743914978 4.219397925393541 38
1694743915353 4.019665372882013 39
1694743915633 3.841623481057268 40
1694743915932 3.6829124533595934 41
1694743916281 3.5414294591305415 42
1694743916609 3.4153006385008955 43
1694743916925 3.302856157946276 44
1694743917267 3.202607984033014 45
1694743917601 3.113230079114325 46
1694743917912 3.0335407550244793 47
1694743918238 2.9624869495872614 48
1694743918630 2.899130216387746 49
1694743918952 2.8426342410955 50
1694743919247 2.79225371797697 51
1694743919610 2.747324438366469 52
1694743919998 2.7072544590206293 53
1694743920347 2.6715162326757493 54
1694743920741 2.6396395959530867 55
1694743921096 2.6112055211849956 56
1694743921497 2.5858405489169325 57
1694743921807 2.5632118269128 58
1694743922076 2.543022689574751 59
1694743922456 2.525008718891078 60
1694743922758 2.508934234443372 61
1694743923071 2.4945891657222803 62
1694743923482 2.4817862650959785 63
1694743923745 2.470358624315169 64
1694743924073 2.4601574614831585 65
1694743924428 2.4510501490236094 66
1694743924795 2.4429184563897453 67
1694743925126 2.4356569841199955 68
1694743925469 2.429171768394475 69
1694743925782 2.4233790375182322 70
1694743926088 2.4182041037811755 71
1694743926420 2.4135803759479693 72
1694743926706 2.409448479238111 73
1694743927130 2.405755471088058 74
1694743927437 2.402454142263075 75
1694743927766 2.3995023940230773 76
1694743928122 2.3968626830596174 77
1694743928488 2.3945015268235643 78
1694743928832 2.392389062667149 79
1694743929210 2.3904986549404827 80
1694743929611 2.3888065448210885 81
1694743929887 2.3872915382237916 82
1694743930199 2.385934727645156 83
1694743930569 2.3847192442482887 84
1694743930859 2.3836300368962173 85
1694743931217 2.3826536752006056 86
1694743931636 2.38177817397208 87
1694743931968 2.380992836743086 88
1694743932324 2.3802881162878746 89
1694743932640 2.379655490290245 90
1694743932928 2.3790873505110404 91
1694743933245 2.3785769039868816 92
1694743933563 2.378118084951503 93
1694743933949 2.377705476313555 94
1694743934336 2.3773342396516903 95
1694743934655 2.377000052800886 96
1694743935008 2.376699054204764 97
1694743935334 2.3764277932984905 98
1694743935689 2.3761831862669003 99
1694743935984 2.3759624765937795 100
1694743936295 2.3757631998818414 101
1694743936632 2.3755831524795257 102
1694743936939 2.375420363501245 103
1694743937267 2.3752730698726623 104
1694743937619 2.375139694072661 105
1694743937903 2.375018824279375 106
1694743938217 2.3749091966594773 107
1694743938640 2.3748096795682843 108
1694743938919 2.3747192594534887 109
1694743939218 2.374637028277873 110
1694743939678 2.3745621722964176 111
1694743939998 2.3744939620411025 112
1694743940329 2.3744317433826296 113
1694743940708 2.374374929552521 114
1694743941051 2.3743229940216826 115
1694743941407 2.374275464142818 116
1694743941733 2.374231915474126 117
1694743941993 2.374191966710679 118
1694743942338 2.3741552751578623 119
1694743942671 2.37412153268838 120
1694743943002 2.3740904621306558 121
1694743943301 2.374061814042146 122
1694743943581 2.374035363826084 123
1694743943855 2.374010909154702 124
1694743944150 2.3739882676659403 125
1694743944506 2.3739672749042735 126
1694743944811 2.373947782479411 127
1694743945124 2.373929656419507 128
1694743945505 2.37391277569802 129
1694743945791 2.373897030915624 130
1694743946127 2.373882323120575 131
1694743946484 2.373868562752743 132
1694743946793 2.3738556686981003 133
1694743947109 2.3738435674418836 134
