1694741786064 2.936703744534947 0
1694741786316 3.2623438105714286 1
1694741786529 1.9167114129403542 2
1694741786765 2.2259877665987395 3
1694741787012 2.747153532051373 4
1694741787191 2.9138965238582974 5
1694741787373 3.4658340071895153 6
1694741787629 2.298066086857871 7
1694741787901 1.8491968862748174 8
1694741788091 1.5960203942193167 9
1694741788272 2.4170273220507235 10
1694741788582 2.8265225032757164 11
1694741788814 2.0272974434781603 12
1694741789003 2.6422009466500853 13
1694741789159 2.7728202408764733 14
1694741789396 2.433074976787936 15
1694741789607 2.0309417695781704 16
1694741789815 2.2286287793321233 17
1694741790045 2.6840419233784454 18
1694741790250 3.205083651953279 19
1694741790485 3.664801455237529 20
1694741790777 1.922145786957802 21
1694741790992 3.0002126088541954 22
1694741791186 2.2663443942692343 23
1694741791431 2.3553687917837887 24
1694741791676 4.5520126792364035 25
1694741791940 2.50893996089204 26
1694741792110 3.038123528803774 27
1694741792308 1.2911696441919445 28
1694741792517 1.676719376593313 29
1694741792766 2.655465705712521 30
1694741793027 2.2588244476713135 31
1694741793215 2.6858835964374124 32
1694741793431 3.0883613273779282 33
1694741793610 2.741350912419847 34
1694741793857 2.44859444346066 35
1694741794107 2.1395465453176508 36
1694741794287 2.374187462882471 37
1694741794522 1.8742056252626782 38
1694741794756 2.7608412249738503 39
1694741795181 2.3561058234818 40
1694741795443 2.659161856988749 41
1694741795679 1.8058212711724158 42
1694741795913 2.373643627684295 43
1694741796113 3.196526161430467 44
1694741796264 1.8947695987860698 45
1694741796432 2.887569450650983 46
1694741796664 3.0153499969475566 47
1694741796893 1.843904835578161 48
1694741797137 1.9102255006991884 49
1694741797350 2.460554009678122 50
1694741797598 1.940194524686256 51
1694741797913 4.972659188261752 52
1694741798158 2.2619728068390623 53
1694741798387 1.9041823395788062 54
1694741798622 2.39876711044493 55
1694741798887 1.5573095752726533 56
1694741799202 1.8202378127517276 57
1694741799488 2.7375258372776443 58
1694741799761 2.0007508534107585 59
1694741800031 1.2597231526291777 60
1694741800229 2.358475877380382 61
1694741800431 3.0165101139493897 62
1694741800638 1.7360592806747075 63
1694741800839 2.1523344228310863 64
1694741801063 2.399699640072151 65
1694741801249 2.852927337527516 66
1694741801551 2.019663283129401 67
1694741801776 1.6744022295059477 68
1694741802024 1.724675596030683 69
1694741802224 3.7960188576312937 70
1694741802418 2.146125850891339 71
1694741802620 3.532388914663684 72
1694741802871 2.682836649208292 73
1694741803089 2.545677020582238 74
1694741803255 2.268522639553084 75
1694741803438 2.6015572431949963 76
1694741803644 2.4841779958020647 77
1694741803872 1.4832947200966025 78
1694741804160 1.7141206737211105 79
1694741804335 2.329463755726689 80
1694741804538 3.0760240701313726 81
1694741804748 1.9499361616683035 82
1694741805009 1.868789968802607 83
1694741805198 3.092859196261746 84
1694741805326 2.7900156098605726 85
1694741805453 1.7979077267578918 86
1694741805631 2.9106268725358637 87
1694741805864 2.2244268088570407 88
1694741806109 3.0215035767037794 89
1694741806380 3.259236867007508 90
1694741806593 2.3239224333575534 91
1694741806822 1.9020204275953663 92
1694741807060 2.3991764141946583 93
1694741807235 2.4958683080941193 94
1694741807362 1.7203464647115478 95
1694741807585 1.810400219742646 96
1694741807869 1.4836869124857575 97
1694741808088 2.635147859727675 98
1694741808257 2.3866845267297743 99
1694741808505 2.1733760656921977 100
1694741808742 2.67620767501256 101
1694741808965 3.2778921246404398 102
1694741809212 1.9031142813723128 103
1694741809405 2.0853761048128194 104
1694741809622 2.8430529717240662 105
1694741809884 1.0162046745498416 106
1694741810111 3.7385486069003186 107
1694741810311 3.76395164619427 108
1694741810553 1.5693512910422893 109
1694741810843 3.055095691741026 110
1694741811077 2.2489652087704277 111
1694741811293 2.0527499049278046 112
1694741811544 2.6997149321453096 113
1694741811771 2.600955766058061 114
1694741812007 2.5455017159941664 115
1694741812256 3.320391313023519 116
1694741812456 2.5781859897170216 117
1694741812695 1.7369636602446814 118
1694741812974 2.1689162492490355 119
1694741813215 1.8913163515668343 120
1694741813369 1.5979438529235503 121
1694741813607 3.025519279035054 122
1694741813839 1.833975359739271 123
1694741814053 2.6263692803769367 124
1694741814251 1.3524466078019297 125
1694741814390 2.9844237022830646 126
1694741814609 2.447668320647138 127
1694741814847 2.9427388678405695 128
1694741815075 2.855357525987244 129
1694741815300 3.4920656726231534 130
1694741815531 5.045224865319535 131
1694741815773 2.1033948741599513 132
1694741816033 3.6295727389468553 133
1694741816271 1.5411495204745447 134
1694741816432 2.21559279704676 135
1694741816604 3.1943160194937854 136
1694741816827 1.8440230244595837 137
1694741817029 1.3790360852526733 138
1694741817202 2.44012857697614 139
1694741817465 2.0290216812615145 140
1694741817725 3.147614891383931 141
1694741817990 2.2080331991697535 142
1694741818227 2.1618995477167986 143
1694741818467 1.6347850531641615 144
1694741818688 1.7769729589287786 145
1694741818879 3.547981352528052 146
1694741819114 2.188422638934391 147
1694741819340 1.7804790005434492 148
1694741819657 1.5026324505353652 149
1694741819911 1.7055144477322497 150
1694741820151 3.409218323223018 151
1694741820359 2.893291062979376 152
1694741820548 1.7393792059489757 153
1694741820761 2.8981887643098725 154
1694741821013 1.871358620555308 155
1694741821249 3.307050542888461 156
1694741821482 2.0207677576026284 157
1694741821725 2.181340215679535 158
1694741821985 2.3177431295092545 159
1694741822202 2.7117154922645943 160
1694741822402 1.9122334947290092 161
1694741822562 1.5002969833563262 162
1694741822742 3.050673142656319 163
1694741822919 3.2412249536570332 164
1694741823153 1.8589615398422639 165
1694741823378 1.8238876556335075 166
1694741823612 2.085887569039497 167
1694741823825 2.1232035951831474 168
1694741824103 2.4426102987050715 169
1694741824340 2.9369090783069476 170
1694741824489 2.268798076903822 171
1694741824692 3.1357917697778834 172
1694741824887 2.436414383735528 173
1694741825091 1.8062377286958742 174
1694741825336 2.826868366717747 175
1694741825540 2.1735516500965906 176
1694741825729 2.8102205351317586 177
1694741825932 2.6153433468040017 178
1694741826170 1.6223873970106477 179
1694741826405 1.771616481573463 180
1694741826558 1.4233457451885727 181
1694741826765 2.897029850883913 182
1694741826976 2.039976376139665 183
1694741827159 3.7972616461069038 184
1694741827356 2.260554363844812 185
1694741827514 2.69322828587897 186
1694741827686 2.8581557811560376 187
1694741827913 2.595553558308026 188
