1694730656764 2.7535027680051414 0
1694730657000 3.0266892648948533 1
1694730657278 2.6569856908402145 2
1694730657537 1.9259084787288565 3
1694730657848 1.927394496590475 4
1694730658083 2.747227994086093 5
1694730658346 1.9983699126200076 6
1694730658574 1.529541799662487 7
1694730658791 2.155803989498744 8
1694730659051 1.719173506022475 9
1694730659583 2.0671478043175333 10
1694730659875 1.6450912305240921 11
1694730660064 2.234130825407811 12
1694730660230 2.978478897478812 13
1694730660478 1.903324343162147 14
1694730660754 2.2444477192408883 15
1694730661113 2.1296091316353642 16
1694730661460 2.258018275200727 17
1694730661693 4.055305766257828 18
1694730661947 3.212344120962651 19
1694730662114 2.775120623917564 20
1694730662357 2.397655937573522 21
1694730662712 3.1333666574435957 22
1694730662936 1.3904728397013797 23
1694730663155 2.0145846801052705 24
1694730663390 1.1927893515631307 25
1694730663652 2.501101569473846 26
1694730663841 1.7496177148661387 27
1694730664076 3.283195496268352 28
1694730664365 1.804229298857109 29
1694730664630 2.3422684439718844 30
1694730664849 2.0924275708031073 31
1694730665009 3.5012831323965 32
1694730665276 1.9809508363956827 33
1694730665541 1.7774235514926224 34
1694730665722 1.509372592497372 35
1694730665908 2.9355831109125776 36
1694730666070 1.618371311630771 37
1694730666282 2.3263502061137706 38
1694730666526 2.15271720168369 39
1694730666738 2.853797600389199 40
1694730666937 2.036887961422988 41
1694730667096 2.2451121783649137 42
1694730667359 1.7034303795495807 43
1694730667604 1.8636985618389663 44
1694730667880 2.752668324570841 45
1694730668089 3.0542039858678924 46
1694730668327 1.765820258901973 47
1694730668565 2.6997709189350525 48
1694730668894 1.800536142640059 49
1694730669233 1.6369396442671706 50
1694730669543 1.9587715757124897 51
1694730669877 2.608702959907408 52
1694730670147 1.7427390297535001 53
1694730670395 1.4460254234167982 54
1694730670794 3.8036954214382135 55
1694730671248 2.5931368049074472 56
1694730671477 1.972835870470654 57
1694730671741 1.7795602007498168 58
1694730671911 1.3887034103512348 59
1694730672125 4.286918707539929 60
1694730672396 1.9047732601467924 61
1694730672732 2.4431768479120133 62
1694730672929 1.7719309107129757 63
1694730673202 2.202873322165271 64
1694730673601 2.476135758588529 65
1694730673927 2.3654554824756344 66
1694730674240 2.2659239630504766 67
1694730674637 3.793703100004549 68
1694730674984 2.122940072858677 69
1694730675291 1.7345051373061924 70
1694730675523 2.2913264276155374 71
1694730675722 2.0762971940520796 72
1694730675893 1.5470441794976042 73
1694730676192 2.6961952091812846 74
1694730676535 1.0057163598859697 75
1694730676829 2.7213923340497463 76
1694730677156 2.9224124840754624 77
1694730677526 1.7378756320209392 78
1694730677989 1.8463118895562731 79
1694730678363 1.8283656817345437 80
1694730678695 1.685488043151171 81
1694730678945 2.7846571280704024 82
1694730679157 3.4612273948435983 83
1694730679518 2.116453417775395 84
1694730679886 2.4195521219705043 85
1694730680174 1.5039072708156977 86
1694730680478 2.7893319302930273 87
1694730680745 2.8765625072337757 88
1694730681028 2.05918912032066 89
1694730681229 1.7472673356401571 90
1694730681481 2.1830521975034234 91
1694730681796 2.488779914638702 92
1694730682072 2.6865023562449752 93
1694730682273 2.215955258940356 94
1694730682560 1.4998432189128381 95
1694730682980 2.986578581159274 96
1694730683244 3.541539324312975 97
1694730683493 2.083309560661693 98
1694730683888 1.7960946184555642 99
1694730684251 1.7669755747168232 100
1694730684591 1.9491212687298256 101
1694730684995 2.425915639055236 102
1694730685251 2.030444618116781 103
1694730685504 2.128366212457033 104
1694730685770 2.9473906200396227 105
1694730686129 1.9379481844526254 106
1694730686475 2.361745235784772 107
1694730686815 1.841018288851172 108
1694730687093 1.8543759288362964 109
1694730687270 4.071467194548982 110
1694730687439 2.1310871706934664 111
1694730687670 2.5105995383226287 112
1694730687928 2.915880011333689 113
1694730688241 1.9349591665349357 114
1694730688502 1.5294788642926327 115
1694730688834 1.2359454959728464 116
1694730689125 2.8135578305314457 117
1694730689558 2.488202509506518 118
1694730689887 1.456447278284179 119
1694730690170 2.4499548501425616 120
1694730690492 1.6507233448497869 121
1694730690829 2.196295818665849 122
1694730691167 2.972831847590277 123
1694730691339 1.2495884310469376 124
1694730691666 1.5395775201393598 125
1694730692102 2.6223971877940375 126
1694730692297 2.2716279732285654 127
1694730692510 2.4889271052823094 128
1694730692716 2.660367090672384 129
1694730692895 1.791392413831851 130
1694730693167 1.4644230192321608 131
1694730693557 3.078386320223173 132
1694730693838 2.389556219853502 133
1694730694183 3.1668297418221054 134
1694730694480 2.5154336861769733 135
1694730694749 2.1666787319954293 136
1694730695022 3.7421935770744734 137
1694730695257 2.521704610710919 138
1694730695529 2.0455756179740785 139
1694730695924 1.3022288402693334 140
1694730696293 1.6398192782557375 141
