1694749103658 180.2229345967275 0
1694749103979 31296.980979762986 1
1694749104306 5610230.496530474 2
1694749104655 1005859003.507646 3
1694749104993 180340781189.0166 4
1694749105417 32333356293982.297 5
1694749105718 5797057783455557.0 6
1694749106061 1.039356342693786e+18 7
1694749106386 1.8634653085239257e+20 8
1694749106708 3.341012907153856e+22 9
1694749106997 5.990112718873484e+24 10
1694749107337 1.073969223763838e+27 11
1694749107697 1.9255228536147048e+29 12
1694749107947 3.452276078078575e+31 13
1694749108292 6.189596813613516e+33 14
1694749108632 1.1097347908634624e+36 15
1694749108932 1.989647053171804e+38 16
1694749109297 3.5672445604008357e+40 17
1694749109644 6.395724173000113e+42 18
1694749109986 1.1466914310047088e+45 19
1694749110256 2.055906731391813e+47 20
1694749110554 3.6860417492426627e+49 21
1694749110899 6.608716032541912e+51 22
1694749111259 1.1848788095726268e+54 23
1694749111592 2.1243730044703527e+56 24
1694749111861 3.808795149058467e+58 25
1694749112289 6.828800995382714e+60 26
1694749112719 1.2243379128979275e+63 27
1694749113037 2.1951193569307456e+65 28
1694749113356 3.935636510484969e+67 29
1694749113752 7.056215277660175e+69 30
1694749114071 1.2651110922474248e+72 31
1694749114467 2.26822172049461e+74 32
1694749114826 4.066701971748527e+76 33
1694749115119 7.29120296203541e+78 34
1694749115549 1.3072421092794376e+81 35
1694749115894 2.343758555579014e+83 36
1694749116207 4.2021322047816564e+85 37
1694749116516 7.534016259665806e+87 38
1694749116875 1.350776183012978e+90 39
1694749117192 2.4218109355076518e+92 40
1694749117565 4.3420725662055084e+94 41
1694749117854 7.784915780901984e+96 42
1694749118199 1.3957600383610973e+99 43
1694749118510 2.5024626335264665e+101 44
1694749118815 4.486673253340478e+103 45
1694749119190 8.044170814999677e+105 46
1694749119514 1.4422419562805206e+108 47
1694749119859 2.5858002127170732e+110 48
1694749120123 4.636089465412237e+112 49
1694749120464 8.312059619146622e+114 50
1694749120832 1.4902718255913634e+117 51
1694749121177 2.671913118904498e+119 52
1694749121592 4.790481570126336e+121 53
1694749121915 8.588869717114611e+123 54
1694749122259 1.5399011965225638e+126 55
1694749122609 2.7608937766589496e+128 56
1694749122923 4.950015275790084e+130 57
1694749123274 8.874898207857403e+132 58
1694749123707 1.5911833360404916e+135 59
1694749124065 2.852837688494678e+137 60
1694749124388 5.114861809166501e+139 61
1694749124726 9.17045208438567e+141 62
1694749125014 1.6441732850201417e+144 63
1694749125343 2.9478435373723654e+146 64
1694749125675 5.285198099251176e+148 65
1694749126014 9.475848563261028e+150 66
1694749126317 1.6989279173202267e+153 67
1694749126641 3.046013292615059e+155 68
1694749127004 5.461206967169289e+157 69
1694749127364 9.791415425063121e+159 70
1694749127712 1.755506000825626e+162 71
1694749128060 3.147452319351381e+164 72
1694749128477 5.643077322396685e+166 73
1694749128872 1.0117491366194912e+169 74
1694749129155 1.813968260522675e+171 75
1694749129497 3.252269491603406e+173 76
1694749129825 5.8310043655155016e+175 77
1694749130090 1.0454426362403974e+178 78
1694749130442 1.8743774436750003e+180 79
1694749130894 3.3605773091406204e+182 80
1694749131172 6.0251897977219775e+184 81
1694749131488 1.0802582044409667e+187 82
1694749131804 1.9367983871698579e+189 83
1694749132134 3.472492018225404e+191 84
1694749132479 6.225842037311464e+193 85
1694749132829 1.1162332086039808e+196 86
1694749133157 2.0012980871072542e+198 87
1694749133532 3.5881337363795696e+200 88
1694749133944 6.433176443372695e+202 89
1694749134262 1.1534062605292857e+205 90
1694749134583 2.0679457707065392e+207 91
1694749134945 3.707626581305941e+209 92
1694749135370 6.647415546931735e+211 93
1694749135778 1.1918172578756656e+214 94
1694749136067 2.136812970607655e+216 95
1694749136361 3.831098804103275e+218 96
1694749136665 6.868789289793434e+220 97
1694749136993 1.2315074269827972e+223 98
1694749137272 2.2079736016467604e+225 99
1694749137638 3.958682926917553e+227 100
1694749137979 7.097535271336845e+229 101
1694749138257 1.27251936711929e+232 102
1694749138608 2.2815040401886925e+234 103
1694749138977 4.090515885177387e+236 104
1694749139302 7.333899003529569e+238 105
1694749139678 1.3148970962042744e+241 106
1694749140079 2.3574832061013405e+243 107
1694749140367 4.226739174566134e+245 108
1694749140682 7.578134174434509e+247 109
1694749141029 1.3586860980516275e+250 110
1694749141396 2.435992647459966e+252 111
1694749141768 4.36749900288855e+254 112
1694749142118 7.830502920492071e+256 113
1694749142505 1.4039333711875265e+259 114
1694749142856 2.517116628072355e+261 115
1694749143158 4.512946446994914e+263 116
1694749143644 8.091276107869956e+265 117
1694749143982 1.4506874792937454e+268 118
1694749144322 2.6009422179187695e+270 119
1694749144721 4.6632376149311134e+272 120
1694749145045 8.360733623182543e+274 121
1694749145334 1.4989986033308262e+277 122
1694749145691 2.6875593866037336e+279 123
1694749146009 4.81853381348864e+281 124
1694749146285 8.639164673891841e+283 125
1694749146636 1.5489185953970616e+286 126
1694749146990 2.7770610999199954e+288 127
1694749147275 4.979001721334417e+290 128
1694749147579 8.926868098712442e+292 129
1694749147891 1.600501034381096e+295 130
1694749148182 2.8695434196282425e+297 131
1694749148532 5.1448135679061844e+299 132
1694749148845 9.224152688353722e+301 133
1694749149227 1.6538012834679e+304 134
1694749149618 inf 135
