1694728344338 170.70832942054233 0
1694728344743 8.661853989116771 1
1694728345056 2.6541993404549817 2
1694728345412 2.394849476003266 3
1694728345800 2.3904879765366247 4
1694728346207 2.388734992143331 5
1694728346592 2.388465043845013 6
1694728346936 2.3879828086484447 7
1694728347359 2.3875460819087397 8
1694728347788 2.3871018148820844 9
1694728348235 2.3866602449153196 10
1694728348623 2.3862193685061754 11
1694728348979 2.3857795732534437 12
1694728349408 2.385340780592375 13
1694728349758 2.3849030028839784 14
1694728350107 2.3844662347647914 15
1694728350473 2.384030474335872 16
1694728350860 2.3835957190304407 17
1694728351214 2.3831619664197605 18
1694728351617 2.382729214055947 19
1694728351934 2.3822974595026047 20
1694728352239 2.381866700328822 21
1694728352619 2.381436934110329 22
1694728353000 2.3810081584292413 23
1694728353466 2.38058037087409 24
1694728353907 2.380153569039793 25
1694728354321 2.3797277505276395 26
1694728354701 2.379302912945268 27
1694728355071 2.378879053906649 28
1694728355439 2.3784561710320653 29
1694728355894 2.378034261948097 30
1694728356356 2.377613324287598 31
1694728356759 2.37719335568968 32
1694728357108 2.3767743537996933 33
1694728357577 2.3763563162692103 34
1694728358063 2.375939240756004 35
1694728358567 2.3755231249240323 36
1694728358915 2.375107966443418 37
1694728359303 2.3746937629904328 38
1694728359728 2.3742805122474757 39
1694728360098 2.37386821190306 40
1694728360533 2.37345685965179 41
1694728360899 2.3730464531943465 42
1694728361258 2.372636990237468 43
1694728361644 2.3722284684939337 44
1694728361979 2.3718208856825416 45
1694728362284 2.371414239528099 46
1694728362670 2.371008527761396 47
1694728363008 2.3706037481191937 48
1694728363395 2.370199898344205 49
1694728363790 2.3697969761850763 50
1694728364109 2.3693949793963722 51
1694728364461 2.368993905738554 52
1694728364856 2.368593752977969 53
1694728365236 2.3681945188868276 54
1694728365630 2.367796201243187 55
1694728365958 2.3673987978309365 56
1694728366281 2.3670023064397796 57
1694728366676 2.366606724865216 58
1694728367008 2.3662120509085236 59
1694728367456 2.365818282376746 60
1694728367842 2.3654254170826703 61
1694728368108 2.365033452844814 62
1694728368450 2.3646423874874074 63
1694728368844 2.364252218840376 64
1694728369185 2.363862944739325 65
1694728369632 2.3634745630255223 66
1694728370008 2.363087071545881 67
1694728370311 2.3627004681529455 68
1694728370600 2.362314750704873 69
1694728370986 2.3619299170654164 70
1694728371306 2.361545965103911 71
1694728371717 2.3611628926952575 72
1694728372072 2.3607806977199015 73
1694728372425 2.3603993780638235 74
1694728372812 2.3600189316185194 75
1694728373153 2.3596393562809843 76
1694728373535 2.359260649953699 77
1694728373949 2.358882810544612 78
1694728374322 2.3585058359671223 79
1694728374748 2.3581297241400683 80
1694728375139 2.3577544729877076 81
1694728375513 2.357380080439703 82
1694728375908 2.3570065444311052 83
1694728376254 2.356633862902342 84
1694728376638 2.3562620337991964 85
1694728376980 2.355891055072796 86
1694728377425 2.355520924679594 87
1694728377817 2.3551516405813566 88
1694728378125 2.354783200745146 89
1694728378510 2.3544156031433063 90
1694728378897 2.354048845753447 91
1694728379302 2.3536829265584265 92
1694728379700 2.353317843546342 93
1694728380051 2.352953594710509 94
1694728380344 2.3525901780494496 95
1694728380687 2.3522275915668747 96
1694728381064 2.3518658332716713 97
1694728381478 2.3515049011778886 98
1694728381838 2.351144793304718 99
1694728382140 2.350785507676484 100
1694728382465 2.3504270423226283 101
1694728382810 2.3500693952776905 102
1694728383141 2.3497125645812984 103
1694728383584 2.3493565482781538 104
1694728384015 2.3490013444180127 105
1694728384316 2.348646951055676 106
1694728384637 2.348293366250972 107
1694728384939 2.3479405880687443 108
1694728385366 2.3475886145788345 109
1694728385805 2.3472374438560704 110
1694728386269 2.34688707398025 111
1694728386629 2.346537503036129 112
1694728386955 2.3461887291134045 113
1694728387351 2.3458407503067025 114
1694728387706 2.3454935647155635 115
1694728388073 2.3451471704444278 116
1694728388462 2.34480156560262 117
1694728388754 2.3444567483043417 118
1694728389045 2.3441127166686466 119
1694728389339 2.3437694688194375 120
1694728389725 2.343427002885444 121
1694728390063 2.343085317000216 122
1694728390386 2.3427444093021035 123
1694728390795 2.3424042779342464 124
1694728391186 2.3420649210445608 125
1694728391542 2.3417263367857233 126
1694728391916 2.3413885233151612 127
1694728392273 2.341051478795033 128
1694728392652 2.3407152013922228 129
1694728393112 2.3403796892783193 130
1694728393465 2.340044940629606 131
1694728393809 2.3397109536270486 132
1694728394163 2.3393777264562803 133
1694728394543 2.3390452573075873 134
1694728394924 2.3387135443758997 135
1694728395414 2.3383825858607725 136
1694728395791 2.3380523799663786 137
1694728396135 2.337722924901491 138
1694728396455 2.3373942188794703 139
1694728396813 2.337066260118255 140
1694728397227 2.3367390468403455 141
1694728397763 2.3364125772727915 142
1694728398082 2.33608684964718 143
1694728398345 2.335761862199622 144
1694728398680 2.335437613170739 145
1694728399067 2.3351141008056517 146
1694728399427 2.3347913233539663 147
1694728399785 2.334469279069761 148
1694728400137 2.334147966211576 149
1694728400408 2.3338273830423972 150
1694728400665 2.3335075278296475 151
1694728400977 2.333188398845171 152
1694728401337 2.332869994365222 153
1694728401723 2.3325523126704533 154
1694728402111 2.332235352045903 155
1694728402507 2.331919110780979 156
1694728402916 2.331603587169454 157
1694728403279 2.3312887795094466 158
1694728403621 2.330974686103411 159
1694728403894 2.330661305258126 160
1694728404247 2.3303486352846816 161
1694728404597 2.330036674498467 162
1694728404992 2.3297254212191585 163
1694728405424 2.329414873770708 164
1694728405914 2.329105030481331 165
1694728406286 2.3287958896834926 166
1694728406695 2.3284874497138985 167
1694728407143 2.3281797089134817 168
1694728407565 2.3278726656273894 169
1694728407916 2.3275663182049744 170
1694728408314 2.3272606649997782 171
1694728408627 2.3269557043695257 172
1694728409015 2.326651434676108 173
1694728409589 2.326347854285573 174
1694728409980 2.3260449615681145 175
1694728410331 2.3257427548980583 176
1694728410682 2.3254412326538536 177
1694728411154 2.3251403932180574 178
1694728411530 2.324840234977328 179
1694728411922 2.324540756322409 180
1694728412274 2.3242419556481204 181
1694728412576 2.3239438313533465 182
1694728412939 2.3236463818410256 183
1694728413261 2.3233496055181355 184
1694728413613 2.323053500795687 185
1694728414006 2.3227580660887077 186
1694728414375 2.3224632998162344 187
1694728414672 2.3221692004012997 188
1694728414984 2.321875766270924 189
1694728415345 2.3215829958560987 190
1694728415619 2.3212908875917813 191
1694728416007 2.320999439916881 192
1694728416377 2.320708651274247 193
1694728416757 2.320418520110661 194
1694728417169 2.320129044876822 195
1694728417596 2.319840224027338 196
1694728417964 2.319552056020716 197
1694728418367 2.3192645393193483 198
1694728418679 2.3189776723895035 199
1694728419003 2.318691453701315 200
1694728419446 2.318405881728772 201
1694728419762 2.3181209549497055 202
1694728420061 2.3178366718457806 203
1694728420400 2.317553030902486 204
1694728420716 2.31727003060912 205
1694728421049 2.3169876694587823 206
1694728421328 2.316705945948365 207
1694728421632 2.31642485857854 208
1694728421998 2.316144405853747 209
1694728422347 2.3158645862821867 210
1694728422684 2.315585398375809 211
1694728423040 2.3153068406503 212
1694728423452 2.3150289116250766 213
1694728423858 2.314751609823272 214
1694728424165 2.3144749337717276 215
1694728424487 2.3141988820009813 216
1694728424810 2.313923453045258 217
1694728425134 2.313648645442462 218
1694728425463 2.3133744577341595 219
1694728425759 2.3131008884655784 220
1694728426195 2.3128279361855895 221
1694728426526 2.312555599446702 222
1694728426978 2.312283876805051 223
1694728427495 2.3120127668203874 224
1694728427853 2.3117422680560695 225
1694728428297 2.3114723790790515 226
1694728428649 2.311203098459874 227
1694728429041 2.3109344247726553 228
1694728429460 2.3106663565950796 229
1694728429796 2.3103988925083883 230
1694728430129 2.3101320310973708 231
1694728430502 2.3098657709503545 232
1694728430933 2.309600110659193 233
1694728431266 2.3093350488192583 234
1694728431614 2.3090705840294308 235
1694728431961 2.3088067148920914 236
1694728432299 2.3085434400131093 237
1694728432643 2.3082807580018327 238
1694728432979 2.3080186674710803 239
1694728433314 2.307757167037131 240
1694728433609 2.3074962553197156 241
1694728434014 2.307235930942006 242
1694728434353 2.306976192530607 243
1694728434677 2.306717038715545 244
1694728434998 2.3064584681302605 245
1694728435361 2.306200479411599 246
1694728435731 2.3059430711997986 247
1694728436062 2.3056862421384854 248
1694728436424 2.3054299908746607 249
1694728436716 2.3051743160586917 250
1694728436991 2.304919216344305 251
1694728437429 2.304664690388576 252
1694728437810 2.3044107368519176 253
1694728438213 2.304157354398076 254
1694728438542 2.303904541694115 255
1694728438833 2.3036522974104146 256
1694728439214 2.3034006202206547 257
1694728439553 2.3031495088018126 258
1694728439939 2.3028989618341487 259
1694728440323 2.302648978001199 260
1694728440634 2.3023995559897696 261
1694728440990 2.3021506944899226 262
1694728441332 2.301902392194971 263
1694728441675 2.3016546478014677 264
1694728442012 2.301407460009199 265
1694728442433 2.3011608275211723 266
1694728442784 2.3009147490436113 267
1694728443122 2.300669223285945 268
1694728443425 2.300424248960798 269
1694728443709 2.300179824783984 270
1694728444207 2.299935949474498 271
1694728444595 2.2996926217545037 272
1694728444921 2.299449840349328 273
1694728445260 2.2992076039874516 274
1694728445582 2.298965911400501 275
1694728445888 2.298724761323239 276
1694728446235 2.2984841524935566 277
1694728446607 2.2982440836524654 278
1694728446967 2.2980045535440867 279
1694728447424 2.297765560915647 280
1694728447756 2.2975271045174646 281
1694728448061 2.2972891831029463 282
1694728448457 2.2970517954285765 283
1694728448839 2.2968149402539066 284
1694728449291 2.296578616341553 285
1694728449663 2.2963428224571834 286
1694728450005 2.296107557369509 287
1694728450410 2.2958728198502785 288
1694728450779 2.295638608674269 289
1694728451140 2.2954049226192783 290
1694728451605 2.295171760466115 291
1694728452022 2.2949391209985923 292
1694728452409 2.2947070030035195 293
1694728452722 2.294475405270692 294
1694728453065 2.2942443265928865 295
1694728453426 2.2940137657658513 296
1694728453751 2.2937837215882975 297
1694728454152 2.293554192861892 298
1694728454504 2.29332517839125 299
1694728454846 2.293096676983927 300
1694728455224 2.292868687450408 301
1694728455611 2.292641208604104 302
1694728455932 2.2924142392613422 303
1694728456412 2.2921877782413578 304
1694728456754 2.2919618243662865 305
1694728457124 2.2917363764611554 306
1694728457625 2.2915114333538797 307
1694728457944 2.291286993875249 308
1694728458300 2.2910630568589236 309
1694728458700 2.290839621141425 310
1694728459012 2.2906166855621306 311
1694728459395 2.290394248963262 312
1694728459779 2.290172310189882 313
1694728460157 2.2899508680898824 314
1694728460598 2.289729921513981 315
1694728461029 2.289509469315709 316
1694728461459 2.28928951035141 317
1694728461770 2.2890700434802262 318
1694728462167 2.288851067564093 319
1694728462555 2.2886325814677333 320
1694728462960 2.2884145840586494 321
1694728463409 2.288197074207113 322
1694728463911 2.2879800507861616 323
1694728464373 2.2877635126715874 324
1694728464723 2.287547458741934 325
1694728465122 2.287331887878485 326
1694728465534 2.287116798965259 327
1694728465864 2.2869021908890037 328
1694728466234 2.286688062539184 329
1694728466666 2.286474412807979 330
1694728466991 2.286261240590275 331
1694728467420 2.2860485447836525 332
1694728467824 2.285836324288387 333
1694728468239 2.2856245780074373 334
1694728468682 2.2854133048464376 335
1694728469067 2.285202503713693 336
1694728469489 2.2849921735201715 337
1694728469808 2.2847823131794955 338
1694728470230 2.2845729216079373 339
1694728470668 2.2843639977244106 340
1694728471014 2.2841555404504623 341
1694728471376 2.2839475487102683 342
1694728471744 2.2837400214306247 343
1694728472057 2.283532957540941 344
1694728472436 2.283326355973233 345
1694728472834 2.2831202156621164 346
1694728473145 2.2829145355448013 347
1694728473513 2.2827093145610813 348
1694728473835 2.282504551653332 349
1694728474210 2.282300245766499 350
1694728474648 2.282096395848094 351
1694728475019 2.281893000848189 352
1694728475377 2.2816900597194048 353
1694728475768 2.281487571416911 354
1694728476155 2.281285534898415 355
1694728476546 2.2810839491241532 356
1694728476895 2.280882813056891 357
1694728477308 2.2806821256619085 358
1694728477775 2.280481885907001 359
1694728478094 2.280282092762467 360
1694728478468 2.280082745201105 361
1694728478809 2.279883842198204 362
1694728479329 2.2796853827315386 363
1694728479926 2.2794873657813643 364
1694728480331 2.279289790330406 365
1694728480725 2.279092655363857 366
1694728481343 2.278895959869368 367
1694728481733 2.278699702837044 368
1694728482183 2.278503883259436 369
1694728482555 2.2783085001315344 370
1694728482923 2.2781135524507645 371
1694728483340 2.277919039216977 372
1694728483736 2.2777249594324447 373
1694728484071 2.277531312101855 374
1694728484543 2.277338096232303 375
1694728484902 2.277145310833285 376
1694728485262 2.2769529549166925 377
1694728485654 2.276761027496809 378
1694728485984 2.2765695275902975 379
1694728486313 2.276378454216199 380
1694728486732 2.276187806395926 381
1694728487064 2.2759975831532535 382
1694728487451 2.275807783514316 383
1694728487802 2.2756184065075984 384
1694728488060 2.275429451163933 385
1694728488410 2.27524091651649 386
1694728488816 2.2750528016007743 387
1694728489235 2.2748651054546176 388
1694728489643 2.274677827118173 389
1694728490030 2.2744909656339085 390
1694728490421 2.274304520046601 391
1694728490756 2.274118489403332 392
1694728491121 2.2739328727534787 393
1694728491591 2.2737476691487095 394
1694728491951 2.273562877642979 395
1694728492283 2.2733784972925184 396
1694728492631 2.2731945271558347 397
1694728492984 2.2730109662937017 398
1694728493376 2.2728278137691538 399
1694728493763 2.2726450686474813 400
1694728494128 2.2724627299962235 401
1694728494529 2.2722807968851644 402
1694728494908 2.2720992683863255 403
1694728495268 2.2719181435739597 404
1694728495673 2.271737421524547 405
1694728496083 2.271557101316788 406
1694728496463 2.2713771820315967 407
1694728496842 2.271197662752097 408
1694728497154 2.2710185425636165 409
1694728497633 2.2708398205536784 410
1694728497996 2.2706614958120004 411
1694728498275 2.270483567430483 412
1694728498717 2.2703060345032102 413
1694728499286 2.2701288961264385 414
1694728499673 2.269952151398594 415
1694728499960 2.269775799420267 416
1694728500292 2.269599839294205 417
1694728500702 2.2694242701253073 418
1694728501138 2.2692490910206207 419
1694728501593 2.2690743010893333 420
1694728502021 2.268899899442767 421
1694728502562 2.268725885194376 422
1694728503078 2.2685522574597377 423
1694728503641 2.268379015356548 424
1694728504097 2.2682061580046184 425
1694728504491 2.268033684525866 426
1694728504907 2.2678615940443114 427
1694728505259 2.267689885686073 428
1694728505729 2.2675185585793614 429
1694728506149 2.2673476118544715 430
1694728506516 2.2671770446437796 431
1694728506899 2.26700685608174 432
1694728507210 2.2668370453048747 433
1694728507596 2.2666676114517714 434
1694728507966 2.266498553663076 435
1694728508294 2.266329871081492 436
1694728508756 2.266161562851768 437
1694728509203 2.2659936281207 438
1694728509580 2.2658260660371177 439
1694728509986 2.2656588757518885 440
1694728510270 2.2654920564179055 441
1694728510646 2.2653256071900847 442
1694728510996 2.265159527225359 443
1694728511350 2.2649938156826743 444
1694728512152 2.2648284717229847 445
1694728512575 2.264663494509244 446
1694728512985 2.2644988832064037 447
1694728513456 2.264334636981408 448
1694728513926 2.264170755003185 449
1694728514262 2.264007236442647 450
1694728514630 2.263844080472682 451
1694728515037 2.2636812862681484 452
1694728515393 2.2635188530058707 453
1694728515733 2.2633567798646363 454
1694728516111 2.263195066025186 455
1694728516432 2.263033710670214 456
1694728516749 2.2628727129843593 457
1694728517535 2.262712072154204 458
1694728518071 2.2625517873682632 459
1694728518401 2.262391857816986 460
1694728518874 2.2622322826927457 461
1694728519212 2.2620730611898376 462
1694728519622 2.2619141925044755 463
1694728520087 2.26175567583478 464
1694728520505 2.2615975103807835 465
1694728520872 2.261439695344416 466
1694728521271 2.261282229929507 467
1694728521577 2.261125113341776 468
1694728521956 2.260968344788831 469
1694728522349 2.260811923480162 470
1694728522729 2.2606558486271373 471
1694728523102 2.260500119442996 472
1694728523474 2.260344735142847 473
1694728523821 2.2601896949436617 474
1694728524183 2.2600349980642696 475
1694728524666 2.2598806437253542 476
1694728525071 2.2597266311494475 477
1694728525460 2.2595729595609275 478
1694728525831 2.2594196281860097 479
1694728526222 2.259266636252746 480
1694728526622 2.2591139829910167 481
1694728527133 2.258961667632529 482
1694728527826 2.2588096894108114 483
1694728528286 2.2586580475612066 484
1694728528776 2.2585067413208715 485
1694728529211 2.2583557699287677 486
1694728529644 2.258205132625661 487
1694728530047 2.2580548286541138 488
1694728530384 2.257904857258483 489
1694728530742 2.2577552176849123 490
1694728531009 2.257605909181332 491
1694728531439 2.25745693099745 492
1694728531769 2.257308282384751 493
1694728532109 2.2571599625964875 494
1694728532507 2.257011970887682 495
1694728532862 2.256864306515116 496
1694728533220 2.256716968737328 497
1694728533657 2.256569956814612 498
1694728534065 2.256423270009005 499
