1694733027689 0.27686262042103327 0
1694733027943 2.0792375254022506 1
1694733028211 1.4958622133625992 2
1694733028491 1.2382830876034883 3
1694733028763 1.1236716386181305 4
1694733029030 0.12804464591851153 5
1694733029271 4.578504869173008 6
1694733029565 13.00711921459007 7
1694733029879 0.4376540303101816 8
1694733030126 0.3182342068597458 9
1694733030438 0.3830602860217411 10
1694733030789 1.1546342108293568 11
1694733031135 2.5611256993229214 12
1694733031377 0.6408204297253308 13
1694733031648 1.3551077967051013 14
1694733031948 0.17847079317359887 15
1694733032180 0.10148357350253341 16
1694733032423 0.7590456023515659 17
1694733032808 0.1345166649516187 18
1694733033120 0.6143881443293908 19
1694733033453 0.170391816538686 20
1694733033773 1.3761637862364071 21
1694733034066 0.0004962497851669029 22
1694733034289 0.08188407425137643 23
1694733034587 0.2764772456557766 24
1694733034864 0.8543240887911091 25
1694733035167 5.819776656011703 26
1694733035401 2.4075060709039735 27
1694733035743 0.3750870932492683 28
1694733036049 2.264637612850808 29
1694733036287 4.3377557876484865 30
1694733036761 1.0398835601987757 31
1694733037056 3.213423766451032 32
1694733037419 1.421102664008592 33
1694733037749 5.256662114377529 34
1694733038011 1.7821672438313156 35
1694733038213 0.6113708648574067 36
1694733038439 0.5563133213433344 37
1694733038680 0.4535072286099834 38
1694733038971 4.306699573141795 39
1694733039295 0.9292440598260934 40
1694733039690 4.435755171767837 41
1694733040004 1.7605994043799689 42
1694733040271 8.815415376548358 43
1694733040563 0.21958216095657992 44
1694733040866 9.503488614202427 45
1694733041192 2.1518670300169034 46
1694733041435 1.1796373058974599 47
1694733041711 0.338307377410577 48
1694733041989 0.12898651923727208 49
1694733042294 1.0150668416116815 50
1694733042615 0.009910214579797755 51
1694733042909 1.506122403318216 52
1694733043205 1.2852887933400783 53
1694733043485 0.7089036428652297 54
1694733043804 1.153064263597161 55
1694733044179 0.7323385488182724 56
1694733044469 3.0871606506900577 57
1694733044785 4.3148914424381 58
1694733045102 1.2428152872559304 59
1694733045405 0.02669031404837048 60
1694733045721 0.004241832095317518 61
1694733045994 0.008681735706098674 62
1694733046314 0.05605718607759015 63
1694733046594 2.106337382022364 64
1694733046902 1.1094993986949895 65
1694733047244 1.4162759486952283 66
1694733047580 0.0041458523073178415 67
1694733047890 2.751540310980298 68
1694733048195 3.681076402981187 69
1694733048517 0.6106907141755549 70
1694733048829 1.0894327512882018 71
1694733049137 2.670686649186941 72
1694733049384 1.8108722990658037 73
1694733049699 0.6477718811972759 74
1694733050012 0.21035981355818478 75
1694733050289 2.516937075214677 76
1694733050589 2.794476330475009 77
1694733050960 0.026077975295461315 78
1694733051280 0.1823827429889583 79
1694733051612 2.4227885483165843 80
1694733051955 8.991532876165993 81
1694733052266 0.5512098159802482 82
1694733052495 0.8069641411360159 83
1694733052931 0.006162569272390404 84
1694733053253 0.037968908743070594 85
1694733053540 4.565528200701368 86
1694733053875 0.1518909392307755 87
1694733054193 0.6458786316521692 88
1694733054464 0.8001109118102628 89
1694733054773 0.9480185638910195 90
1694733055093 4.189034698477084 91
1694733055385 2.1579269121434512 92
1694733055601 1.5135214227163252 93
1694733055879 0.8579865788487406 94
1694733056185 0.00015522454698302317 95
1694733056433 3.2187055298688962 96
1694733056751 0.12804146077953937 97
1694733057065 2.09981621426277 98
1694733057413 1.825213817724614 99
1694733057628 0.47074525737234435 100
1694733057892 1.075624759132404 101
1694733058218 0.9051642099977069 102
1694733058454 0.0022371360032137923 103
1694733058741 0.9272063714953299 104
1694733059032 1.241062114350086 105
1694733059356 0.6000412224102434 106
1694733059688 0.12217338626045318 107
1694733059955 11.34724190554291 108
1694733060255 1.5804214241362433 109
1694733060518 0.6459992152664004 110
1694733060765 0.28076954350657424 111
1694733061095 1.734659782430483 112
1694733061429 0.5330190720355348 113
1694733061768 2.9905442084798444 114
1694733062095 1.5038088908102523 115
1694733062433 0.25726457425043264 116
1694733062719 0.32191219713439856 117
1694733062950 3.3492357974662843 118
1694733063194 0.09871153546610525 119
1694733063513 0.05618304052945718 120
1694733063752 0.23069044365710706 121
1694733064038 0.5574642106492029 122
1694733064273 7.5518044394106365 123
1694733064554 14.119149003137142 124
1694733064806 0.6366728587280122 125
1694733065156 0.08711850169992916 126
1694733065474 0.03882079147235126 127
1694733065731 0.4736487020301181 128
1694733065958 0.9837246476896693 129
1694733066311 0.4854763616417614 130
1694733066625 2.5335267400905184 131
1694733066856 0.611225560382186 132
1694733067134 0.016894111300014062 133
1694733067446 1.8508847633546546 134
1694733067725 0.3544889982534277 135
1694733068034 0.10932652234499492 136
1694733068366 2.480405162614238 137
1694733068667 0.05632280729195548 138
1694733068924 0.7079749858399522 139
1694733069165 8.817256006698345 140
1694733069488 0.3980334574502434 141
1694733069734 8.546184976265566 142
1694733069995 5.625446398082254 143
1694733070228 1.0901765242784676 144
1694733070524 3.690676477121477 145
1694733070808 1.1539892541858765 146
1694733071144 0.5382934398867361 147
1694733071385 2.9449782543631704 148
1694733071633 1.2813965483040302 149
1694733071904 1.1037333069493516 150
1694733072254 0.0002726614631623837 151
1694733072566 2.473620902872949 152
1694733072936 0.20048928026865157 153
1694733073222 3.80941940959271 154
1694733073525 0.30920941186199347 155
1694733073772 3.79192396740068 156
1694733074078 3.5427126369918107 157
1694733074388 0.07569808433002971 158
1694733074667 10.374378473135785 159
1694733074950 3.519846985039319 160
1694733075333 0.3610665226514438 161
1694733075732 2.0993660511589165 162
1694733076104 2.0944870018049015 163
1694733076516 0.08932327331858787 164
1694733076880 0.38796319982567784 165
1694733077211 0.11968732149092569 166
1694733077595 4.011628191933822 167
1694733077962 0.9326434738392387 168
1694733078296 24.94413025203973 169
1694733078626 2.6852237378016723 170
1694733078902 0.7565051156695451 171
1694733079219 0.09558425795972104 172
1694733079588 0.5602074003692449 173
1694733079849 0.8145803933753466 174
1694733080113 1.1022562946658057 175
1694733080442 0.1984207356291329 176
1694733080838 0.045574857185305954 177
1694733081149 0.12273397329874396 178
1694733081432 1.0932342316687178 179
1694733081841 1.1341398310853656 180
1694733082197 0.9512391962738138 181
1694733082496 0.0017636588033667373 182
1694733082847 0.0841883995132435 183
1694733083105 0.8424316513083095 184
1694733083372 0.12431184551880892 185
1694733083613 0.052815255325625046 186
1694733083848 0.5533195459459451 187
1694733084173 2.5317415622029475 188
1694733084427 0.34355647431325864 189
1694733084703 2.0269329978235424 190
1694733084982 8.156274729636895 191
1694733085305 6.339753139453661 192
1694733085615 4.583896875255811 193
1694733085857 3.5955506114821816 194
1694733086120 0.9752827951244133 195
1694733086524 0.00026274502949138367 196
1694733086814 1.0907843285401269 197
1694733087040 0.12024936340259093 198
1694733087289 2.5348851494091345 199
1694733087625 11.010197064763334 200
1694733087893 4.108223949853399 201
1694733088168 2.044530135421429 202
1694733088606 0.3447904337609614 203
1694733088881 1.147907415723771 204
1694733089101 0.41555755044429543 205
1694733089315 1.148495540941617 206
1694733089660 2.7828613568376017 207
1694733089917 0.12913482637923954 208
1694733090228 3.253795759785286 209
1694733090519 0.7439581014861805 210
1694733090885 2.315331219838007 211
1694733091206 4.886632328726522 212
1694733091446 0.4880287040766184 213
1694733091707 2.103844894408621 214
1694733091947 12.025805820686658 215
1694733092202 1.3832319208368105 216
1694733092446 0.3756098763099019 217
1694733092758 0.314445085560075 218
1694733093049 0.03297999671226444 219
1694733093355 0.007656505693353496 220
1694733093666 3.37306994770983 221
1694733093984 2.019928350129826 222
1694733094280 0.3739672680196919 223
1694733094585 0.0010838138966763982 224
1694733094922 0.45388576678699827 225
1694733095297 0.5360923189170722 226
1694733095590 0.07092513865841679 227
1694733095834 6.660352928526844 228
1694733096116 1.7996349677888723 229
1694733096401 6.6829941363457115 230
1694733096701 0.00274209441718296 231
1694733096998 0.1543959687752942 232
1694733097329 0.050250152941762716 233
1694733097702 0.15090236828034645 234
1694733097987 18.59654054845875 235
1694733098247 1.7566326737747275 236
1694733098527 8.309564149402656 237
1694733098836 0.5346241219403669 238
1694733099172 2.896383139636499 239
1694733099470 0.27327901778235314 240
1694733099840 0.8311989729720267 241
1694733100119 1.557703764413026 242
1694733100424 3.9435561023007843 243
1694733100741 5.006465080282515 244
1694733101024 0.012207121460871226 245
1694733101306 0.5017687905204262 246
1694733101621 1.2047326391313278 247
1694733101981 0.5870794200664466 248
1694733102242 0.3287386935463049 249
1694733102570 6.778609796213733 250
1694733102910 0.2956080369243487 251
1694733103146 0.3111074994457907 252
1694733103476 0.08514971938838908 253
1694733103756 0.011186304715685966 254
1694733104054 3.079548903748052 255
1694733104363 3.295059520933891 256
1694733104672 0.019316064036477624 257
1694733104985 0.0025180275878807497 258
1694733105230 2.7505962299210025 259
1694733105539 0.7838100232420201 260
1694733105783 0.00240304748850453 261
1694733106064 0.09171915635960025 262
1694733106399 3.3155718056811545 263
1694733106715 0.03530646806758425 264
1694733107023 1.0053483731286221 265
1694733107313 0.02587884667724629 266
1694733107555 1.785564448400692 267
1694733107898 4.528755132572704 268
1694733108168 2.2313196337684738 269
1694733108500 0.8668181201276182 270
1694733108849 1.8577709579118664 271
1694733109158 10.518172090807923 272
1694733109393 0.19122465299980596 273
1694733109624 0.5875379455580746 274
1694733109880 1.0567501970510709 275
1694733110103 2.9317372061962317 276
1694733110344 0.6573782917800209 277
1694733110687 6.570640693040907 278
1694733111100 0.883399342067307 279
1694733111348 2.8539826244771023 280
1694733111657 0.010590229244107076 281
1694733111982 0.21849377624166091 282
1694733112260 0.19519355997832258 283
1694733112542 3.689318489479165 284
1694733112975 0.2584621435044768 285
1694733113277 0.007540367701855787 286
1694733113583 0.21699538396986282 287
1694733113912 0.1002060777825344 288
1694733114225 2.0810861192409362 289
1694733114508 0.03674438321364594 290
1694733114827 0.2853749394354672 291
1694733115139 7.456912300621506 292
1694733115432 4.121130621302963 293
1694733115713 1.4082104042295007 294
1694733116025 0.44887641891054914 295
1694733116338 9.645738860416571 296
1694733116662 2.5261919424573365 297
1694733116956 0.452291274794497 298
1694733117281 0.23359423654509096 299
1694733117612 0.7078878047953164 300
1694733117904 0.28593976422055734 301
1694733118195 6.0841733906513475 302
1694733118501 0.14123054566567783 303
1694733118808 2.940312984870521 304
1694733119110 0.7784168517437011 305
1694733119392 1.8959613246854687 306
1694733119660 0.06495044593850345 307
1694733119931 0.03224562944247352 308
1694733120247 9.305223654492309 309
1694733120488 3.5592657471355773 310
1694733120758 0.12292156479425459 311
1694733121159 0.5114946370748804 312
1694733121424 2.121257876668981 313
1694733121738 2.3080769024946326 314
1694733122106 0.5734123557501069 315
1694733122396 1.095450694711999 316
1694733122734 1.7001236615156525 317
1694733123027 1.3667042254431836 318
1694733123329 0.284317247030305 319
1694733123636 0.30545668020258376 320
1694733123957 0.012456459023627759 321
1694733124317 2.2842159490192597 322
1694733124565 2.560753665663173 323
1694733124870 1.5789308425901427 324
1694733125190 0.44954591377759534 325
1694733125475 1.473452823138698 326
1694733125727 8.634320454942378 327
1694733126041 1.8002292189540974 328
1694733126371 0.12499825661450625 329
1694733126641 1.5344989653602714 330
1694733126951 0.009073539150630458 331
1694733127266 0.22737513883233929 332
1694733127525 0.7127191521544988 333
1694733127753 1.147603671469847 334
1694733128093 5.386098417298683 335
1694733128447 0.011277400646551866 336
1694733128704 0.04469359545038388 337
1694733128966 2.1143051870113063 338
1694733129278 1.595007356662953 339
1694733129544 3.3767809937376563 340
1694733129821 1.8584213848240176 341
1694733130148 0.11781100107712175 342
1694733130464 1.4440145853189907 343
1694733130730 1.6540547797902274 344
1694733131164 0.008280678130181383 345
1694733131480 0.12342725535069714 346
1694733131718 0.09228872093195695 347
1694733132024 0.12590477412731566 348
1694733132328 0.24512870769717668 349
1694733132749 9.45186346407117 350
1694733133113 0.18020923482405674 351
1694733133458 0.5645551829394256 352
1694733133689 0.0018539700627688423 353
1694733133964 2.1764132864693733 354
1694733134283 4.309283646183553 355
1694733134585 8.829100076027801 356
1694733134823 4.327203077622865 357
1694733135187 0.32092503548528284 358
1694733135504 1.71753555158207 359
1694733135740 5.14031132124467 360
1694733135963 0.443899109440675 361
1694733136196 0.17253613496194262 362
1694733136441 3.096570908898691 363
1694733136708 1.8354090193195571 364
1694733136997 1.800017445280082 365
1694733137332 0.6032257613079787 366
1694733137674 1.5652437455546395 367
1694733138018 0.17467572180595847 368
1694733138362 0.027033566970224254 369
1694733138690 0.16393455163612555 370
1694733138980 0.29369573210452843 371
1694733139260 1.8525037075477038 372
1694733139621 0.3348640199687754 373
1694733139905 0.4408347975778136 374
1694733140209 11.000561855393762 375
1694733140516 0.0944584316779043 376
1694733140801 0.037286169321623305 377
1694733141183 4.797623070981943 378
1694733141523 0.04591814165666 379
1694733141866 0.16715895235781358 380
1694733142193 1.1170430854522924 381
1694733142613 0.758498139348212 382
1694733142933 1.5867365183271465 383
1694733143282 0.02181257569468492 384
1694733143549 0.248624775259346 385
1694733143805 0.3362867463211337 386
1694733144115 0.16831829203768522 387
1694733144423 0.2617056536346605 388
1694733144656 0.005803263837676609 389
1694733144900 6.8532807979829515 390
1694733145320 1.4237915851942906 391
1694733145657 0.012336078984257936 392
1694733145925 3.047672449364204 393
1694733146268 9.640363645452126 394
1694733146615 2.745885943762493 395
1694733146875 0.043305546544471454 396
1694733147174 1.3343880736004943 397
1694733147496 1.9357486661838648 398
1694733147770 5.237652148810199 399
1694733148025 4.182733890820542 400
1694733148334 2.0744111595695887 401
1694733148714 2.1282247414668443 402
1694733148977 2.4941422015305723 403
1694733149308 0.47204923092598955 404
1694733149632 0.010287016307794019 405
1694733149920 5.54379351818835 406
1694733150224 1.8615296128225949 407
1694733150541 0.20745544625137627 408
1694733150897 7.697671113171261 409
1694733151245 4.857714922161762 410
1694733151584 4.416615333378117 411
1694733151918 0.19852760949793025 412
1694733152203 3.373409250165409 413
1694733152522 5.244636982309818 414
1694733152952 2.2009285216871985 415
1694733153257 4.897646959337062 416
1694733153574 1.008221006845641 417
1694733153963 4.6747447790810055 418
1694733154216 1.2763170427736863 419
1694733154454 2.265370179906074 420
1694733154769 0.037395412628890685 421
1694733155139 1.9297763109300692 422
1694733155456 0.008194156379417596 423
1694733155739 0.0008062596781583215 424
1694733155984 0.494277371600001 425
1694733156270 2.334459714121859 426
1694733156558 7.897838287704376 427
1694733156875 0.4177552685413446 428
1694733157128 0.7705512675704334 429
1694733157460 0.16566601734669648 430
1694733157745 0.036238451677428556 431
1694733158016 0.7805715666531592 432
1694733158265 0.06452206932734408 433
1694733158581 0.2624492260709614 434
1694733158893 0.09575272296274416 435
1694733159176 0.03576405066598703 436
1694733159468 2.0330938650445565 437
1694733159791 0.3096842688503502 438
1694733160057 1.6607281981029558 439
1694733160379 0.02190721259231366 440
1694733160673 0.10162111919946955 441
1694733161015 0.2047759064670199 442
1694733161315 0.046397140632244385 443
1694733161582 3.1276923246502584 444
1694733161928 2.6541314587221856 445
1694733162179 0.41850608643114423 446
1694733162496 0.24871644879055152 447
1694733162835 1.5393796447578432 448
1694733163117 0.1836454963686985 449
1694733163327 1.681534327911131 450
1694733163557 0.5739052689076084 451
1694733163821 3.2157064418754335 452
1694733164152 0.24060331022885503 453
1694733164376 2.536506063855428 454
1694733164735 6.475007517252097 455
1694733165056 0.5051045773285858 456
1694733165311 1.3848433315941122 457
1694733165582 12.991149967195836 458
1694733165929 2.0964707696622757 459
1694733166228 0.0018746243964807136 460
1694733166545 0.09597070501026288 461
1694733166832 0.6750032037921503 462
1694733167148 0.09731311239630504 463
1694733167365 3.1179178804469267 464
1694733167613 0.12471746271963667 465
1694733167891 2.8250709976724004 466
1694733168193 20.08044953787884 467
1694733168562 1.1457951079565722 468
1694733168901 0.3639157524631907 469
1694733169200 1.50023176324079 470
1694733169449 1.6619906093634196 471
1694733169719 1.9859991400367616 472
1694733169986 0.9796212955455549 473
1694733170253 2.914621630370187 474
1694733170582 0.006154658934703102 475
1694733170901 0.04809130590770584 476
1694733171260 0.7826662779459324 477
1694733171499 0.824900797005543 478
1694733171746 0.4656360963530081 479
1694733172070 0.45081095948963795 480
1694733172325 3.6378060921277795 481
1694733172577 0.44761989270943164 482
1694733172977 0.8271155509431375 483
1694733173291 16.587662124992175 484
1694733173595 0.4837819053704686 485
1694733173907 9.209469852851031 486
1694733174213 3.487017383365315 487
1694733174453 0.3973598087857393 488
1694733174723 0.5313301429240731 489
1694733174961 0.49764739800666674 490
1694733175338 2.2645750047993514 491
1694733175670 5.066489729878386 492
1694733175974 0.6299338165993354 493
1694733176265 0.09789848906879105 494
1694733176566 0.14204808582434147 495
1694733176881 0.7961342287157801 496
1694733177149 2.4844093787958044 497
1694733177462 1.7932402741910607 498
1694733177743 2.7531474065381936 499
