1694733530530 168.8726089431785 0
1694733530804 8.479276888182845 1
1694733531141 69.47322442382195 2
1694733531553 11.65688531312651 3
1694733531892 32.52298565783128 4
1694733532253 10.597725480023902 5
1694733532653 17.153676261615317 6
1694733533013 8.337921473414609 7
1694733533387 10.099361076860447 8
1694733533703 6.30192930693964 9
1694733534050 6.595746787006258 10
1694733534390 4.828908686469513 11
1694733534736 4.750638317063746 12
1694733535010 3.861321638574112 13
1694733535286 3.7381718228639684 14
1694733535555 3.256943253829221 15
1694733535837 3.1668938820652865 16
1694733536127 2.89008006148903 17
1694733536389 2.8384437506854936 18
1694733536682 2.6712157167272754 19
1694733537097 2.647131661856037 20
1694733537420 2.5421012387912234 21
1694733537765 2.534609531332301 22
1694733538101 2.466531066448576 23
1694733538393 2.4678808200927937 24
1694733538676 2.4225686880806188 25
1694733538989 2.427985318036849 26
1694733539433 2.3971232869509804 27
1694733539826 2.403911805085109 28
1694733540142 2.3824576401617112 29
1694733540443 2.3892183804690523 30
1694733540748 2.3740291427821947 31
1694733541107 2.3801157078809516 32
1694733541498 2.369184766652311 33
1694733541816 2.3743646109527416 34
1694733542139 2.36638253793319 35
1694733542473 2.3706362012944235 36
1694733542731 2.364730864671847 37
1694733543075 2.3681382006600433 38
1694733543363 2.363717393158261 39
1694733543646 2.3663957782872194 40
1694733544000 2.363050031250211 41
1694733544354 2.36512258446965 42
1694733544649 2.3625640342828 43
1694733544874 2.364144638967345 44
1694733545154 2.362167868429734 45
1694733545513 2.3633552817092505 46
1694733545780 2.361811775047783 47
1694733546136 2.362688422855056 48
1694733546496 2.361469592081826 49
1694733546795 2.362102598542522 50
1694733547137 2.361128297383794 51
1694733547494 2.3615714234405036 52
1694733547816 2.360782036170774 53
1694733548168 2.361077841246458 54
1694733548549 2.360428742477958 55
1694733548842 2.360610638166136 56
1694733549136 2.360068253692009 57
1694733549468 2.360162310724732 58
1694733549796 2.3597012787318086 59
1694733550150 2.3597277485423427 60
1694733550522 2.359328849817628 61
