1694734089303 168.8278829759285 0
1694734089666 164.98254936373823 1
1694734090065 163.0723381756603 2
1694734090444 161.17346543058142 3
1694734090762 159.2971158691563 4
1694734091090 157.44295542931505 5
1694734091468 155.61072199587525 6
1694734091814 153.80015614938074 7
1694734092165 152.01100154263756 8
1694734092540 150.24300486191527 9
1694734092819 148.49591579106155 10
1694734093075 146.76948697602614 11
1694734093351 145.06347398980537 12
1694734093798 143.37763529780128 13
1694734094156 141.71173222359062 14
1694734094510 140.0655289150993 15
1694734094804 138.43879231117694 16
1694734095100 136.83129210856717 17
1694734095415 135.24280072926868 18
1694734095708 133.67309328828276 19
1694734096097 132.12194756174233 20
1694734096452 130.58914395541854 21
1694734096786 129.07446547359967 22
1694734097122 127.57769768833857 23
1694734097448 126.09862870906423 24
1694734097741 124.63704915255265 25
1694734098112 123.1927521132534 26
1694734098616 121.76553313396735 27
1694734098982 120.3551901768711 28
1694734099341 118.96152359488501 29
1694734099734 117.5843361033794 30
1694734100044 116.22343275221596 31
1694734100389 114.87862089812016 32
1694734100693 113.54971017738043 33
1694734100981 112.23651247887042 34
1694734101296 110.93884191739083 35
1694734101632 109.65651480732642 36
1694734102048 108.38934963661507 37
1694734102348 107.13716704102471 38
1694734102704 105.89978977873486 39
1694734103061 104.67704270521885 40
1694734103407 103.46875274842348 41
1694734103766 102.27474888424224 42
1694734104075 101.09486211227906 43
1694734104416 99.92892543189865 44
1694734104704 98.77677381856041 45
1694734105014 97.63824420043254 46
1694734105321 96.51317543528266 47
1694734105672 95.40140828764223 48
1694734105980 94.302785406241 49
1694734106263 93.21715130170864 50
1694734106594 92.14435232454035 51
1694734106879 91.08423664332301 52
1694734107178 90.03665422321932 53
1694734107526 89.00145680470641 54
1694734107816 87.97849788256605 55
1694734108144 86.96763268512368 56
1694734108487 85.968718153733 57
1694734108758 84.98161292250342 58
1694734108995 84.0061772982675 59
1694734109279 83.0422732407853 60
1694734109575 82.0897643431833 61
1694734109959 81.14851581262445 62
1694734110326 80.21839445120744 63
1694734110644 79.2992686370916 64
1694734110933 78.3910083058455 65
1694734111244 77.49348493201613 66
1694734111579 76.60657151091628 67
1694734111930 75.73014254062745 68
1694734112323 74.86407400421577 69
1694734112709 74.0082433521583 70
1694734113013 73.16252948497753 71
1694734113345 72.32681273608117 72
1694734113731 71.50097485480521 73
1694734114025 70.68489898965751 74
1694734114366 69.8784696717599 75
1694734114736 69.08157279848602 76
1694734114979 68.29409561729301 77
1694734115246 67.51592670974442 78
1694734115561 66.74695597572226 79
1694734115865 65.98707461782587 80
1694734116182 65.23617512595551 81
1694734116491 64.49415126207835 82
1694734116843 63.760898045174656 83
1694734117181 63.03631173636238 84
1694734117504 62.320289824197594 85
1694734117836 61.6127310101489 86
1694734118151 60.913535194243956 87
1694734118504 60.22260346088556 88
1694734118845 59.53983806483591 89
1694734119227 58.865142417366535 90
1694734119578 58.19842107257222 91
1694734119894 57.53957971384692 92
1694734120231 56.88852514051968 93
1694734120576 56.24516525464875 94
1694734120883 55.60940904797195 95
1694734121183 54.981166589011615 96
1694734121586 54.36034901033194 97
1694734122039 53.746868495947325 98
1694734122357 53.140638268879655 99
1694734122716 52.541572578862755 100
1694734123037 51.94958669019257 101
1694734123357 51.36459686972097 102
1694734123810 50.78652037499169 103
1694734124135 50.21527544251673 104
1694734124496 49.65078127619139 105
1694734124852 49.09295803584655 106
1694734125129 48.54172682593636 107
1694734125447 47.99700968435978 108
1694734125792 47.45872957141449 109
1694734126164 46.92681035888143 110
1694734126508 46.4011768192387 111
1694734126821 45.88175461500288 112
1694734127128 45.36847028819668 113
1694734127423 44.861251249941134 114
1694734127719 44.36002577017103 115
1694734128036 43.86472296747202 116
1694734128412 43.37527279903801 117
1694734128766 42.891606050747434 118
1694734129135 42.413654327356916 119
1694734129460 41.94135004281106 120
1694734129844 41.47462641066686 121
1694734130138 41.01341743463145 122
1694734130495 40.55765789921186 123
1694734130811 40.107283360475435 124
1694734131193 39.662230136919575 125
1694734131563 39.222435300449455 126
1694734131934 38.787836667462784 127
1694734132238 38.358372790039695 128
1694734132606 37.93398294723727 129
1694734132961 37.51460713648681 130
1694734133326 37.10018606509308 131
1694734133737 36.690661141834056 132
1694734134036 36.28597446866021 133
1694734134325 35.88606883249193 134
1694734134650 35.490887697114026 135
1694734134977 35.10037519516616 136
1694734135276 34.714476120228156 137
1694734135635 34.333135918998856 138
1694734135985 33.95630068356759 139
1694734136286 33.58391714377713 140
1694734136586 33.21593265967699 141
1694734136942 32.85229521406607 142
1694734137223 32.49295340512353 143
1694734137572 32.13785643912686 144
1694734137887 31.78695412325617 145
1694734138210 31.440196858483677 146
1694734138554 31.097535632547178 147
1694734138861 30.758922013006867 148
1694734139173 30.42430814038423 149
1694734139506 30.09364672138209 150
1694734139865 29.766891022185064 151
1694734140176 29.443994861839055 152
1694734140507 29.124912605709365 153
1694734140859 28.809599159015992 154
1694734141159 28.498009960445597 155
1694734141529 28.190100975838956 156
1694734141984 27.885828691953222 157
1694734142345 27.58515011029797 158
1694734142705 27.288022741044095 159
1694734143091 26.99440459700496 160
1694734143357 26.704254187688644 161
1694734143708 26.417530513420648 162
1694734144012 26.134193059536102 163
1694734144384 25.854201790640772 164
1694734144760 25.577517144939932 165
1694734145086 25.30410002863436 166
1694734145393 25.033911810382648 167
1694734145773 24.7669143158291 168
1694734146125 24.503069822196316 169
1694734146525 24.242341052941793 170
1694734146970 23.984691172477813 171
1694734147278 23.730083780953716 172
1694734147624 23.478482909100034 173
1694734147955 23.229853013133567 174
1694734148261 22.984158969722753 175
1694734148608 22.741366071012674 176
1694734148987 22.501440019708905 177
1694734149284 22.26434692421952 178
1694734149585 22.03005329385461 179
1694734149877 21.798526034082638 180
1694734150178 21.569732441842888 181
1694734150503 21.34364020091341 182
1694734150821 21.120217377333773 183
1694734151214 20.899432414882 184
1694734151558 20.681254130604998 185
1694734151978 20.465651710401964 186
1694734152358 20.252594704659906 187
1694734152700 20.04205302394098 188
1694734153079 19.83399693472076 189
1694734153387 19.628397055176997 190
1694734153754 19.425224351028156 191
1694734154119 19.224450131421243 192
1694734154406 19.02604604486831 193
1694734154737 18.829984075231017 194
1694734155097 18.6362365377527 195
1694734155409 18.444776075137433 196
1694734155735 18.255575653675482 197
1694734156104 18.068608559414596 198
1694734156414 17.8838483943766 199
1694734156733 17.70126907281881 200
1694734157091 17.520844817539636 201
1694734157400 17.34255015622791 202
1694734157720 17.166359917855484 203
1694734158009 16.992249229112385 204
1694734158462 16.820193510884316 205
1694734158766 16.650168474771725 206
1694734159083 16.482150119650083 207
1694734159395 16.316114728270943 208
1694734159728 16.152038863903133 209
1694734160014 15.98989936701374 210
1694734160273 15.829673351988372 211
1694734160574 15.671338203890208 212
1694734160932 15.514871575257441 213
1694734161262 15.360251382938545 214
1694734161556 15.207455804965111 215
1694734161960 15.056463277461564 216
1694734162274 14.907252491591558 217
1694734162555 14.759802390540418 218
1694734162940 14.614092166533352 219
1694734163311 14.470101257888889 220
1694734163700 14.327809346107294 221
1694734164059 14.1871963529933 222
1694734164347 14.048242437812986 223
1694734164633 13.910927994484272 224
1694734164887 13.775233648800649 225
1694734165245 13.641140255687796 226
1694734165549 13.508628896492608 227
1694734165860 13.377680876304348 228
1694734166184 13.248277721307486 229
1694734166460 13.120401176165885 230
1694734166778 12.994033201437883 231
1694734167124 12.869155971022023 232
1694734167446 12.745751869632999 233
1694734167853 12.62380349030743 234
1694734168165 12.503293631939218 235
1694734168516 12.384205296843998 236
1694734168948 12.266521688352467 237
1694734169283 12.150226208432162 238
1694734169590 12.03530245533739 239
1694734169941 11.921734221286954 240
1694734170280 11.809505490169393 241
1694734170616 11.698600435275353 242
1694734170963 11.589003417056778 243
1694734171311 11.480698980912647 244
1694734171595 11.373671855000904 245
1694734171959 11.267906948076257 246
1694734172317 11.163389347353617 247
1694734172613 11.060104316396753 248
1694734172957 10.958037293032 249
1694734173255 10.857173887286557 250
1694734173501 10.757499879351322 251
1694734173828 10.659001217567702 252
1694734174143 10.561664016438327 253
1694734174454 10.465474554661254 254
1694734174739 10.370419273187467 255
1694734175071 10.276484773301357 256
1694734175367 10.1836578147239 257
1694734175679 10.091925313738287 258
1694734175987 10.001274341337755 259
1694734176325 9.911692121395303 260
1694734176590 9.823166028855079 261
1694734176937 9.735683587945182 262
1694734177284 9.6492324704116 263
1694734177603 9.563800493773035 264
1694734177906 9.4793756195964 265
1694734178234 9.395945951792704 266
1694734178589 9.313499734933105 267
1694734178937 9.232025352584941 268
1694734179334 9.151511325667332 269
1694734179616 9.071946310826378 270
1694734179898 8.993319098829474 271
1694734180225 8.915618612978683 272
1694734180557 8.838833907542876 273
1694734180831 8.762954166208425 274
1694734181148 8.687968700548193 275
1694734181480 8.613866948508694 276
1694734181839 8.540638472915127 277
1694734182152 8.468272959994087 278
1694734182464 8.396760217913801 279
1694734182803 8.32609017534156 280
1694734183113 8.25625288001833 281
1694734183493 8.18723849735011 282
1694734183863 8.11903730901606 283
1694734184125 8.051639711593017 284
1694734184404 7.985036215196367 285
1694734184695 7.919217442136918 286
1694734185028 7.854174125593717 287
1694734185345 7.7898971083025765 288
1694734185647 7.726377341260068 289
1694734185941 7.663605882442914 290
1694734186316 7.601573895542491 291
1694734186620 7.540272648714312 292
1694734186966 7.4796935133423235 293
1694734187303 7.419827962817808 294
1694734187586 7.360667571332742 295
1694734187921 7.302204012687426 296
1694734188301 7.244429059112223 297
1694734188642 7.187334580103262 298
1694734188934 7.130912541271874 299
1694734189252 7.075155003207685 300
1694734189587 7.020054120355133 301
1694734189865 6.965602139903282 302
1694734190146 6.911791400688803 303
1694734190487 6.858614332111884 304
1694734190850 6.806063453065013 305
1694734191158 6.7541313708744095 306
1694734191485 6.702810780253983 307
1694734191803 6.652094462271683 308
1694734192145 6.601975283328074 309
1694734192500 6.552446194146984 310
1694734192809 6.503500228778102 311
1694734193183 6.4551305036113975 312
1694734193501 6.407330216403155 313
1694734193907 6.3600926453136 314
1694734194203 6.3134111479558355 315
1694734194512 6.267279160456086 316
1694734194828 6.221690196525052 317
1694734195147 6.17663784654023 318
1694734195464 6.132115776639115 319
1694734195760 6.088117727823106 320
1694734196084 6.044637515072056 321
1694734196432 6.001669026469247 322
1694734196729 5.9592062223367686 323
1694734197056 5.917243134381071 324
1694734197364 5.875773864848686 325
1694734197706 5.834792585691886 326
1694734198020 5.794293537744275 327
1694734198353 5.754271029906045 328
1694734198663 5.714719438338982 329
1694734198971 5.675633205670901 330
1694734199340 5.637006840209535 331
1694734199658 5.598834915165734 332
1694734199979 5.561112067885846 333
1694734200289 5.523832999093154 334
1694734200620 5.486992472138333 335
1694734200895 5.450585312258759 336
1694734201219 5.414606405846546 337
1694734201539 5.379050699725309 338
1694734201881 5.343913200435401 339
1694734202262 5.309188973527711 340
1694734202625 5.2748731428657125 341
1694734202926 5.240960889935838 342
1694734203229 5.20744745316601 343
1694734203560 5.17432812725216 344
1694734203887 5.141598262492842 345
1694734204185 5.10925326413161 346
1694734204543 5.077288591707209 347
1694734204884 5.045699758411471 348
1694734205236 5.014482330454813 349
1694734205577 4.9836319264392 350
1694734205856 4.953144216738561 351
1694734206201 4.92301492288653 352
1694734206557 4.8932398169714215 353
1694734206870 4.863814721038376 354
1694734207190 4.834735506498559 355
1694734207546 4.805998093545389 356
1694734207885 4.77759845057763 357
1694734208226 4.749532593629307 358
1694734208674 4.721796585806421 359
1694734208995 4.694386536730277 360
1694734209392 4.667298601987402 361
1694734209753 4.640528982585994 362
1694734210025 4.614073924418787 363
1694734210332 4.587929717732269 364
1694734210650 4.5620926966021935 365
1694734210984 4.536559238415274 366
1694734211367 4.511325763357033 367
1694734211749 4.486388733905683 368
1694734212140 4.461744654332042 369
1694734212498 4.437390070205301 370
1694734212803 4.413321567904695 371
1694734213140 4.38953577413692 372
1694734213517 4.3660293554592755 373
1694734213878 4.342799017808423 374
1694734214144 4.319841506034763 375
1694734214466 4.297153603442283 376
1694734214776 4.274732131333848 377
1694734215060 4.252573948561894 378
1694734215336 4.23067595108444 379
1694734215605 4.2090350715263245 380
1694734215894 4.187648278745636 381
1694734216216 4.1665125774053084 382
1694734216550 4.145625007549751 383
1694734216883 4.124982644186476 384
1694734217211 4.104582596872723 385
1694734217567 4.0844220093069366 386
1694734217879 4.064498058925075 387
1694734218271 4.04480795650172 388
1694734218682 4.025348945755878 389
1694734218971 4.006118302961479 390
1694734219242 3.9871133365624356 391
1694734219551 3.9683313867922965 392
1694734219870 3.9497698252983766 393
1694734220130 3.931426054770354 394
1694734220469 3.913297508573244 395
1694734220876 3.8953816503847105 396
1694734221143 3.877675973836677 397
1694734221419 3.8601780021611956 398
1694734221727 3.8428852878404616 399
1694734222119 3.825795412261006 400
1694734222475 3.808905985371977 401
1694734222832 3.7922146453474186 402
1694734223202 3.775719058252621 403
1694734223547 3.759416917714331 404
1694734223943 3.7433059445949515 405
1694734224259 3.727383886670508 406
1694734224572 3.7116485183125 407
1694734224854 3.696097640173476 408
1694734225146 3.6807290788763183 409
1694734225507 3.6655406867072435 410
1694734225817 3.6505303413123973 411
1694734226079 3.6356959453980604 412
1694734226349 3.621035426434374 413
1694734226625 3.606546736362621 414
1694734226941 3.592227851305902 415
1694734227248 3.5780767712832895 416
1694734227638 3.564091519927342 417
1694734227921 3.5502701442049514 418
1694734228206 3.5366107141415033 419
1694734228474 3.523111322548311 420
1694734228748 3.5097700847532356 421
1694734229030 3.4965851383345448 422
1694734229305 3.4835546428578636 423
1694734229636 3.4706767796162925 424
1694734229965 3.4579497513735538 425
1694734230297 3.4453717821102017 426
1694734230609 3.4329411167728354 427
1694734230928 3.4206560210262493 428
1694734231254 3.4085147810085523 429
1694734231617 3.396515703089164 430
1694734232056 3.3846571136296695 431
1694734232381 3.3729373587475284 432
1694734232697 3.3613548040825396 433
1694734233023 3.349907834566101 434
1694734233285 3.3385948541931816 435
1694734233681 3.327414285796985 436
1694734234052 3.3163645708263214 437
1694734234357 3.3054441691255403 438
1694734234692 3.2946515587171286 439
1694734235006 3.283985235586854 440
1694734235301 3.2734437134714587 441
1694734235614 3.2630255236488384 442
1694734235954 3.2527292147307407 443
1694734236274 3.2425533524578887 444
1694734236630 3.2324965194975475 445
1694734237000 3.2225573152434626 446
1694734237311 3.2127343556181875 447
1694734237664 3.203026272877714 448
1694734237973 3.193431715418469 449
1694734238270 3.183949347586537 450
1694734238572 3.1745778494891823 451
1694734238914 3.1653159168085643 452
1694734239245 3.1561622606176862 453
1694734239561 3.1471156071985034 454
1694734239906 3.138174697862187 455
1694734240182 3.1293382887715175 456
1694734240498 3.1206051507653703 457
1694734240824 3.1119740691852806 458
1694734241097 3.103443843704069 459
1694734241399 3.095013288156477 460
1694734241799 3.086681230371821 461
1694734242143 3.078446512008613 462
1694734242486 3.070307988391145 463
1694734242851 3.0622645283479994 464
1694734243147 3.054315014052483 465
1694734243410 3.046458340864929 466
1694734243798 3.0386934171768822 467
1694734244137 3.031019164257107 468
1694734244430 3.023434516099441 469
1694734244757 3.0159384192724197 470
1694734245093 3.0085298327707113 471
1694734245398 3.001207727868278 472
1694734245716 2.993971087973297 473
1694734246027 2.9868189084847794 474
1694734246385 2.9797501966508997 475
1694734246710 2.972763971428983 476
1694734247011 2.9658592633471743 477
1694734247349 2.95903511436772 478
1694734247672 2.9522905777518735 479
1694734248005 2.9456247179264006 480
1694734248353 2.9390366103516627 481
1694734248702 2.932525341391259 482
1694734249033 2.9260900081832033 483
1694734249300 2.9197297185126483 484
1694734249644 2.9134435906860876 485
1694734249955 2.907230753407046 486
1694734250243 2.9010903456532726 487
1694734250578 2.895021516555341 488
1694734250967 2.889023425276725 489
1694734251266 2.8830952408952553 490
1694734251680 2.8772361422860193 491
1694734252086 2.8714453180055997 492
1694734252433 2.865721966177727 493
1694734252789 2.860065294380248 494
1694734253084 2.8544745195334507 495
1694734253383 2.848948867789709 496
1694734253750 2.843487574424423 497
1694734254084 2.838089883728248 498
1694734254375 2.8327550489006157 499
