1694746641442 nan 0
1694746641806 nan 1
1694746642083 nan 2
1694746642370 nan 3
1694746642680 nan 4
1694746642980 nan 5
1694746643312 nan 6
1694746643607 nan 7
1694746644003 nan 8
1694746644215 nan 9
1694746644418 nan 10
1694746644657 nan 11
1694746644876 nan 12
1694746645142 nan 13
1694746645483 nan 14
1694746645788 nan 15
1694746646097 nan 16
1694746646348 nan 17
1694746646582 nan 18
1694746646806 nan 19
1694746647030 nan 20
1694746647321 nan 21
1694746647544 nan 22
1694746647764 nan 23
1694746648038 nan 24
1694746648418 nan 25
1694746648662 nan 26
1694746648970 nan 27
1694746649296 nan 28
1694746649566 nan 29
1694746649832 nan 30
1694746650139 nan 31
1694746650511 nan 32
1694746650917 nan 33
1694746651193 nan 34
1694746651523 nan 35
1694746651799 nan 36
1694746652049 nan 37
1694746652364 nan 38
1694746652675 nan 39
1694746652952 nan 40
1694746653285 nan 41
1694746653605 nan 42
1694746653821 nan 43
1694746654119 nan 44
1694746654410 nan 45
1694746654708 nan 46
1694746655001 nan 47
1694746655349 nan 48
1694746655669 nan 49
1694746655896 nan 50
1694746656175 nan 51
1694746656441 nan 52
1694746656735 nan 53
1694746657006 nan 54
1694746657352 nan 55
1694746657706 nan 56
1694746657943 nan 57
1694746658148 nan 58
1694746658392 nan 59
1694746658670 nan 60
1694746658904 nan 61
1694746659124 nan 62
1694746659375 nan 63
1694746659667 nan 64
1694746659913 nan 65
1694746660186 nan 66
1694746660495 nan 67
1694746660787 nan 68
1694746661060 nan 69
1694746661283 nan 70
1694746661512 nan 71
1694746661922 nan 72
1694746662154 nan 73
1694746662401 nan 74
1694746662706 nan 75
1694746663027 nan 76
1694746663372 nan 77
1694746663664 nan 78
1694746663903 nan 79
1694746664252 nan 80
1694746664557 nan 81
1694746664860 nan 82
1694746665123 nan 83
1694746665426 nan 84
1694746665723 nan 85
1694746665955 nan 86
1694746666274 nan 87
1694746666612 nan 88
1694746666841 nan 89
1694746667075 nan 90
1694746667406 nan 91
1694746667655 nan 92
1694746667905 nan 93
1694746668129 nan 94
1694746668346 nan 95
1694746668655 nan 96
1694746668891 nan 97
1694746669155 nan 98
1694746669450 nan 99
1694746669695 nan 100
1694746669959 nan 101
1694746670235 nan 102
1694746670490 nan 103
1694746670877 nan 104
1694746671104 nan 105
1694746671385 nan 106
1694746671737 nan 107
1694746671977 nan 108
1694746672228 nan 109
1694746672436 nan 110
1694746672693 nan 111
1694746672988 nan 112
1694746673315 nan 113
1694746673570 nan 114
1694746673854 nan 115
1694746674149 nan 116
1694746674455 nan 117
1694746674690 nan 118
1694746674938 nan 119
1694746675207 nan 120
1694746675531 nan 121
1694746675839 nan 122
1694746676081 nan 123
1694746676317 nan 124
1694746676575 nan 125
1694746676863 nan 126
1694746677118 nan 127
1694746677425 nan 128
1694746677680 nan 129
1694746677969 nan 130
1694746678270 nan 131
1694746678570 nan 132
1694746678881 nan 133
1694746679143 nan 134
1694746679387 nan 135
1694746679749 nan 136
1694746680035 nan 137
1694746680279 nan 138
1694746680584 nan 139
1694746680802 nan 140
1694746681055 nan 141
1694746681303 nan 142
1694746681679 nan 143
1694746682033 nan 144
1694746682284 nan 145
1694746682519 nan 146
1694746682808 nan 147
1694746683076 nan 148
1694746683422 nan 149
1694746683684 nan 150
1694746684015 nan 151
1694746684238 nan 152
1694746684504 nan 153
1694746684733 nan 154
1694746684984 nan 155
1694746685208 nan 156
1694746685444 nan 157
1694746685705 nan 158
1694746685937 nan 159
1694746686326 nan 160
1694746686705 nan 161
1694746687027 nan 162
1694746687286 nan 163
1694746687595 nan 164
1694746687911 nan 165
1694746688288 nan 166
1694746688651 nan 167
1694746688939 nan 168
1694746689246 nan 169
1694746689555 nan 170
1694746689858 nan 171
1694746690149 nan 172
1694746690389 nan 173
1694746690647 nan 174
1694746690899 nan 175
1694746691170 nan 176
1694746691403 nan 177
1694746691708 nan 178
1694746692000 nan 179
1694746692252 nan 180
1694746692563 nan 181
1694746692908 nan 182
1694746693230 nan 183
1694746693555 nan 184
1694746693870 nan 185
1694746694146 nan 186
1694746694413 nan 187
1694746694711 nan 188
1694746694994 nan 189
1694746695284 nan 190
1694746695599 nan 191
1694746695936 nan 192
1694746696190 nan 193
1694746696403 nan 194
1694746696693 nan 195
1694746696968 nan 196
1694746697243 nan 197
1694746697576 nan 198
1694746697872 nan 199
1694746698163 nan 200
1694746698426 nan 201
1694746698745 nan 202
1694746699045 nan 203
1694746699280 nan 204
1694746699620 nan 205
1694746700045 nan 206
1694746700347 nan 207
1694746700659 nan 208
1694746700975 nan 209
1694746701237 nan 210
1694746701509 nan 211
1694746701908 nan 212
1694746702150 nan 213
1694746702362 nan 214
1694746702602 nan 215
1694746702932 nan 216
1694746703238 nan 217
1694746703601 nan 218
1694746703916 nan 219
1694746704324 nan 220
1694746704540 nan 221
1694746704815 nan 222
1694746705114 nan 223
1694746705392 nan 224
1694746705674 nan 225
1694746706022 nan 226
1694746706380 nan 227
1694746706603 nan 228
1694746706835 nan 229
1694746707167 nan 230
1694746707442 nan 231
1694746707742 nan 232
1694746708032 nan 233
1694746708362 nan 234
1694746708630 nan 235
1694746708891 nan 236
1694746709166 nan 237
1694746709478 nan 238
1694746709792 nan 239
1694746710097 nan 240
1694746710400 nan 241
1694746710708 nan 242
1694746711007 nan 243
1694746711319 nan 244
1694746711653 nan 245
1694746711987 nan 246
1694746712252 nan 247
1694746712581 nan 248
1694746712938 nan 249
1694746713262 nan 250
1694746713640 nan 251
1694746713941 nan 252
1694746714251 nan 253
1694746714495 nan 254
1694746714800 nan 255
1694746715142 nan 256
1694746715450 nan 257
1694746715670 nan 258
1694746715973 nan 259
1694746716255 nan 260
1694746716490 nan 261
1694746716698 nan 262
1694746716995 nan 263
1694746717298 nan 264
1694746717622 nan 265
1694746717945 nan 266
1694746718265 nan 267
1694746718526 nan 268
1694746718756 nan 269
1694746719056 nan 270
1694746719372 nan 271
1694746719683 nan 272
1694746720053 nan 273
1694746720353 nan 274
1694746720546 nan 275
1694746720805 nan 276
1694746721124 nan 277
1694746721446 nan 278
1694746721850 nan 279
1694746722159 nan 280
1694746722467 nan 281
1694746722752 nan 282
1694746723038 nan 283
1694746723369 nan 284
1694746723653 nan 285
1694746723991 nan 286
1694746724341 nan 287
1694746724620 nan 288
1694746724892 nan 289
1694746725194 nan 290
1694746725498 nan 291
1694746725719 nan 292
1694746725954 nan 293
1694746726234 nan 294
1694746726492 nan 295
1694746726698 nan 296
1694746726899 nan 297
1694746727114 nan 298
1694746727330 nan 299
1694746727630 nan 300
1694746727837 nan 301
1694746728046 nan 302
1694746728275 nan 303
1694746728625 nan 304
1694746728849 nan 305
1694746729086 nan 306
1694746729410 nan 307
1694746729712 nan 308
1694746729939 nan 309
1694746730245 nan 310
1694746730562 nan 311
1694746730868 nan 312
1694746731146 nan 313
1694746731437 nan 314
1694746731769 nan 315
1694746732000 nan 316
1694746732308 nan 317
1694746732596 nan 318
1694746732895 nan 319
1694746733217 nan 320
1694746733603 nan 321
1694746733899 nan 322
1694746734184 nan 323
1694746734454 nan 324
1694746734742 nan 325
1694746735112 nan 326
1694746735431 nan 327
1694746735667 nan 328
1694746735934 nan 329
1694746736268 nan 330
1694746736581 nan 331
1694746736848 nan 332
1694746737098 nan 333
1694746737404 nan 334
1694746737707 nan 335
1694746737931 nan 336
1694746738221 nan 337
1694746738516 nan 338
1694746738802 nan 339
1694746739060 nan 340
1694746739336 nan 341
1694746739592 nan 342
1694746739849 nan 343
1694746740180 nan 344
1694746740504 nan 345
1694746740766 nan 346
1694746740981 nan 347
1694746741249 nan 348
1694746741532 nan 349
1694746741920 nan 350
1694746742198 nan 351
1694746742460 nan 352
1694746742746 nan 353
1694746742979 nan 354
1694746743310 nan 355
1694746743675 nan 356
1694746743961 nan 357
1694746744296 nan 358
1694746744576 nan 359
1694746744847 nan 360
1694746745060 nan 361
1694746745325 nan 362
1694746745641 nan 363
1694746745923 nan 364
1694746746202 nan 365
1694746746537 nan 366
1694746746815 nan 367
1694746747013 nan 368
1694746747240 nan 369
1694746747521 nan 370
1694746747852 nan 371
1694746748118 nan 372
1694746748443 nan 373
1694746748765 nan 374
1694746749042 nan 375
1694746749287 nan 376
1694746749572 nan 377
1694746749914 nan 378
1694746750130 nan 379
1694746750528 nan 380
1694746750882 nan 381
1694746751235 nan 382
1694746751562 nan 383
1694746751911 nan 384
1694746752154 nan 385
1694746752493 nan 386
1694746752738 nan 387
1694746753090 nan 388
1694746753376 nan 389
1694746753676 nan 390
1694746753981 nan 391
1694746754255 nan 392
1694746754617 nan 393
1694746754912 nan 394
1694746755235 nan 395
1694746755547 nan 396
1694746755864 nan 397
1694746756137 nan 398
1694746756504 nan 399
1694746756818 nan 400
1694746757112 nan 401
1694746757382 nan 402
1694746757661 nan 403
1694746757902 nan 404
1694746758136 nan 405
1694746758381 nan 406
1694746758612 nan 407
1694746758862 nan 408
1694746759142 nan 409
1694746759369 nan 410
1694746759769 nan 411
1694746760173 nan 412
1694746760458 nan 413
1694746760749 nan 414
1694746761042 nan 415
1694746761265 nan 416
1694746761546 nan 417
1694746761953 nan 418
1694746762224 nan 419
1694746762466 nan 420
1694746762724 nan 421
1694746763023 nan 422
1694746763284 nan 423
1694746763586 nan 424
1694746763843 nan 425
1694746764219 nan 426
1694746764513 nan 427
1694746764821 nan 428
1694746765101 nan 429
1694746765388 nan 430
1694746765697 nan 431
1694746766008 nan 432
1694746766332 nan 433
1694746766712 nan 434
1694746767005 nan 435
1694746767260 nan 436
1694746767513 nan 437
1694746767838 nan 438
1694746768149 nan 439
1694746768462 nan 440
1694746768716 nan 441
1694746768960 nan 442
1694746769259 nan 443
1694746769577 nan 444
1694746769893 nan 445
1694746770186 nan 446
1694746770397 nan 447
1694746770768 nan 448
1694746771087 nan 449
1694746771344 nan 450
1694746771651 nan 451
1694746771983 nan 452
1694746772286 nan 453
1694746772489 nan 454
1694746772722 nan 455
1694746773105 nan 456
1694746773410 nan 457
1694746773672 nan 458
1694746773993 nan 459
1694746774290 nan 460
1694746774530 nan 461
1694746774849 nan 462
1694746775184 nan 463
1694746775458 nan 464
1694746775702 nan 465
1694746776026 nan 466
1694746776336 nan 467
1694746776570 nan 468
1694746776813 nan 469
1694746777147 nan 470
1694746777421 nan 471
1694746777731 nan 472
1694746777998 nan 473
1694746778278 nan 474
1694746778575 nan 475
1694746778875 nan 476
1694746779187 nan 477
1694746779464 nan 478
1694746779870 nan 479
1694746780246 nan 480
1694746780498 nan 481
1694746780799 nan 482
1694746781043 nan 483
1694746781242 nan 484
1694746781511 nan 485
1694746781941 nan 486
1694746782221 nan 487
1694746782478 nan 488
1694746782706 nan 489
1694746782962 nan 490
1694746783248 nan 491
1694746783529 nan 492
1694746783814 nan 493
1694746784169 nan 494
1694746784483 nan 495
1694746784732 nan 496
1694746784978 nan 497
1694746785283 nan 498
1694746785596 nan 499
