1694713951103 0.054816885901129514 0
1694713951593 0.002381141758416036 1
1694713951997 0.32753780458750636 2
1694713952437 0.3522510067407678 3
1694713953005 9.342281424612644 4
1694713953514 0.0031291171138327703 5
1694713954035 2.1987844144361812 6
1694713954288 1.5069707676490067 7
1694713954499 7.156978198759283e-06 8
1694713954749 0.7367250990177315 9
1694713955148 3.237009330373895 10
1694713955491 0.14277391335325035 11
1694713956027 0.0012462524551415685 12
1694713956359 1.0010300464586988 13
1694713956709 0.0503357689672682 14
1694713957034 0.2277982147527236 15
1694713957335 0.9200192658096865 16
1694713957689 1.0276608751769916 17
1694713958032 0.019437569820004903 18
1694713958324 1.5502719697136504 19
1694713958689 0.3102731648292077 20
1694713959002 7.088564107483835 21
1694713959294 2.107368904462485e-05 22
1694713959560 0.042407552382224156 23
1694713959961 1.3510998423725493 24
1694713960272 0.023409110323639848 25
1694713960543 1.3140604987092448 26
1694713960766 0.24366432663954687 27
1694713961110 0.03393061804425562 28
1694713961591 0.3081026311524591 29
1694713961866 0.8584069226594415 30
1694713962646 0.40972618904485403 31
1694713963085 0.023534276152110126 32
1694713963570 0.24917863092608644 33
1694713963893 0.019521731282954136 34
1694713964254 1.7481130242652283 35
1694713964666 0.6038253278156026 36
1694713965335 0.13860070542946468 37
1694713965635 0.13694405070880533 38
1694713965909 3.6103199500432837 39
1694713966179 1.0293155276432209 40
1694713966452 1.06008946169032 41
1694713966678 1.4060762943552314 42
1694713966946 4.701401023788064 43
1694713967465 0.26562250871442744 44
1694713967793 2.387201299249386 45
1694713968112 4.459561119380998 46
1694713968477 1.6089056436468776 47
1694713969074 0.11837936211039993 48
1694713969401 0.01816798939155469 49
1694713969680 0.7550844787713068 50
1694713969937 1.5124871628866154 51
1694713970186 1.1432173850845113 52
1694713970439 1.265949861015295 53
1694713970715 2.257593013809338 54
1694713971005 1.2652982343631363 55
1694713971498 0.5558319147125985 56
1694713971762 0.02428215653465146 57
1694713972056 2.4303846925096653 58
1694713972377 0.26906283632295425 59
1694713972657 0.021632525666492264 60
1694713972854 0.11206856486055379 61
1694713973059 0.060116142081549966 62
1694713973369 1.3040300579672102 63
1694713973654 2.8737111316142556 64
1694713973943 0.07277103449219596 65
1694713974317 3.156758193265449 66
1694713974595 0.43880033110839356 67
1694713974817 0.3162723559080287 68
1694713975073 0.36703553422442536 69
1694713975335 4.3678903113234 70
1694713975620 5.898587965164721 71
1694713975879 1.2786003888210153 72
1694713976168 1.1810878917603425 73
1694713976468 0.06485188314336907 74
1694713976752 0.5415600752228323 75
1694713976966 0.8725840178058122 76
1694713977225 0.060933535621060395 77
1694713977512 0.005827520460461635 78
1694713977799 0.015084957634737356 79
1694713978138 0.5825259681520787 80
1694713978479 1.5477671805561595 81
1694713978760 0.0003256293639377479 82
1694713979019 0.05666583797753969 83
1694713979309 0.04472745170829358 84
1694713979642 0.2022189970058598 85
1694713979915 1.5977031561779085 86
1694713980196 1.252769206578689 87
1694713980460 1.2257559315538102 88
1694713980761 0.035288848024222184 89
1694713981005 0.0019834365833796626 90
1694713981326 1.273586826512252 91
1694713981682 0.03660513184407658 92
1694713981967 0.21466018128248632 93
1694713982269 0.30805431949166806 94
1694713982575 2.277701142656972 95
1694713982878 0.07903209255146633 96
1694713983115 5.639925967293807 97
1694713983408 2.1805386169062637 98
1694713983675 1.1573122571036993 99
1694713984017 2.403875025209681 100
1694713984371 0.7692965544231088 101
1694713984691 0.03463941813978862 102
1694713984995 1.206719881160672 103
1694713985308 4.734337322145591 104
1694713985657 0.14389562727437896 105
1694713987542 0.30844766992311584 106
1694713987834 0.33861515827776556 107
1694713988149 0.11665131951755726 108
1694713988380 2.661361116831181 109
1694713988608 0.40767312242105963 110
1694713988913 0.1782279261021304 111
1694713989189 0.016135922685439463 112
1694713989422 0.05063315950905415 113
1694713989696 0.012088215439632944 114
1694713989989 0.11471239517762905 115
1694713990361 0.617101922338427 116
1694713990711 1.9054654406257734 117
1694713991008 0.37899612551842293 118
1694713991279 0.34847908424995555 119
1694713991596 0.3592608171605343 120
1694713991923 0.020716887799206076 121
1694713992197 2.849239935073523e-07 122
1694713992470 2.415237520594317 123
1694713992734 1.0133325444080965 124
1694713993021 0.003355508466944563 125
1694713993308 0.9287003137244808 126
1694713993578 0.01962063442143676 127
1694713993863 0.3418401147214888 128
1694713994166 0.8544211133685945 129
1694713994410 0.3351075098203159 130
1694713994636 1.3746911536430244 131
1694713994905 0.10700118346530071 132
1694713995172 0.1425430214175708 133
1694713995395 1.1572379409771185 134
1694713995629 0.13359199085954004 135
1694713995921 1.1335612811083575 136
1694713996224 0.499877645806078 137
1694713996702 0.08866401903500706 138
1694713996996 1.9133173327604551 139
1694713997313 0.4142627812990308 140
1694713997751 0.8765921815627007 141
1694713998009 5.430356531492733 142
1694713998309 0.029622586544318187 143
1694713998498 1.2408193428581993 144
1694713998979 0.3534479143845059 145
1694713999299 0.11489918883771957 146
1694713999533 0.14553598841384388 147
1694713999791 0.4483873567757944 148
1694714000102 0.1550350412666748 149
1694714000363 0.0770780594087098 150
1694714000623 0.05306623899456654 151
1694714000927 0.541163737240677 152
1694714001226 0.09980747970470485 153
1694714001520 1.7207284258298134 154
1694714001778 5.59090342778842 155
1694714002133 0.01565313078751953 156
1694714002493 2.4519205034602836 157
1694714002837 0.7262535702778202 158
1694714003109 0.29131766443434814 159
1694714003418 0.05254025172385794 160
1694714003623 1.2528898686596532 161
1694714003848 0.14900502151063502 162
1694714004120 1.2950029955311886 163
1694714004400 0.39725540999751013 164
1694714004666 2.1603938309122053 165
1694714004884 0.051646180317043704 166
1694714005168 0.01939859913578802 167
1694714005461 0.6611194311772562 168
1694714005712 0.24474351523831925 169
1694714005980 2.734557210321961 170
1694714006279 0.5926884102195125 171
1694714006507 0.7634471271360178 172
1694714006756 0.28383169706890626 173
1694714007037 1.1233546053266075 174
1694714007388 0.021250658032718597 175
1694714007728 1.255957221649386 176
1694714008049 1.7749232453525814 177
1694714008364 1.4284724679133225 178
1694714008615 0.26817957650938434 179
1694714008976 0.20176624074639748 180
1694714009278 0.6001450031825823 181
1694714009554 0.6885157649195616 182
1694714009829 0.8726142994070768 183
1694714010163 2.024480387969884 184
1694714010461 2.95052199820165 185
1694714010737 0.9960776701083917 186
1694714011023 0.045794237698678325 187
1694714011319 0.020063357047947553 188
1694714011610 0.4174015943038058 189
1694714011913 0.03335254194603295 190
1694714012214 0.13032243489541717 191
1694714012519 0.9307512004855524 192
1694714012815 0.04924601195561325 193
1694714013113 0.8454417485205442 194
1694714013395 0.7390202257959139 195
1694714013687 0.9874529476740519 196
1694714014005 0.14891934493840697 197
1694714014326 1.7628285184070673 198
1694714014585 0.014678949559373313 199
1694714015161 0.7230040458213307 200
1694714015452 0.3943679607931659 201
1694714015704 1.53994176607042 202
1694714016009 0.43365300764521514 203
1694714016334 0.01158280844570587 204
1694714016764 0.02307823981771365 205
1694714017330 0.009226026272079095 206
1694714017586 0.10207846668040217 207
1694714018233 0.8010550566077236 208
1694714018560 0.022485990618611704 209
1694714018921 1.21782561516749 210
1694714019237 0.27793524244608675 211
1694714019516 0.09376563540123797 212
1694714019832 7.561411422678391e-06 213
1694714020104 6.2835544703262265 214
1694714020440 1.7420037386249778 215
1694714020684 0.957616364402845 216
1694714020913 2.305481264102713 217
1694714021197 0.002053263750289814 218
1694714021508 4.353030139898195 219
1694714021761 1.6296326184366758 220
1694714022040 2.0370066491043524 221
1694714022346 0.006862669559601914 222
1694714022680 0.17746813384230903 223
1694714022988 1.3941014352633316 224
1694714023409 3.2893491229613043 225
1694714023760 0.000101906616273865 226
1694714024133 1.2063656511689977 227
1694714024505 0.01088037885382275 228
1694714024875 0.4229752065797161 229
1694714025242 0.2036347129420476 230
1694714025549 0.28762710451281065 231
1694714025783 0.06396748792704364 232
1694714026069 0.029567869023572734 233
1694714026906 0.0025272803350650692 234
1694714027233 1.2410003101331315 235
1694714027542 2.2508643877347674 236
1694714027852 0.07280472289555741 237
1694714028164 0.9119189309459559 238
1694714028480 0.28788251176238383 239
1694714028924 0.0008446414576341372 240
1694714029322 0.011419842877000475 241
1694714029633 0.1388520529664262 242
1694714030005 0.8010086183401322 243
1694714030282 0.721927396832293 244
1694714030769 0.08966011953317368 245
1694714031039 1.3159730443619517 246
1694714031382 0.054766392711773804 247
1694714031696 0.6555536047951057 248
1694714031909 1.3844787571615846 249
1694714032193 2.570306109586646 250
1694714032546 1.6773222065886169 251
1694714032858 0.4390024550655272 252
1694714033128 0.03351297322264319 253
1694714033427 0.18110822553449982 254
1694714033749 1.0313764108365555 255
1694714033961 0.07736282183315744 256
1694714034203 0.23047198022783574 257
1694714034523 0.23356893583956723 258
1694714034839 0.10983787818800456 259
1694714035083 0.13138589412527352 260
1694714035416 0.3917161086398206 261
1694714035688 0.4329479912366953 262
1694714035965 1.2380542317390117 263
1694714036359 0.3748563131291589 264
1694714036700 0.02732635122010508 265
1694714036939 0.22737534934176093 266
1694714037145 0.3263556547329481 267
1694714037386 0.05777189326390131 268
1694714037634 1.0016477070591057 269
1694714037929 0.12021251632515903 270
1694714038208 0.8198847986188608 271
1694714038654 2.4860101898487064 272
1694714038944 0.28067987884411466 273
1694714039231 0.2647879271882556 274
1694714039526 0.6951979795318441 275
1694714039855 0.0164235090949267 276
1694714040134 2.0041608045089294 277
1694714040425 0.02331225210046439 278
1694714040787 0.778347756524777 279
1694714041072 0.3469228202721487 280
1694714041300 0.23190585831703034 281
1694714041616 0.2325061386063699 282
1694714041925 0.45589648348137546 283
1694714042174 0.43825556714157 284
1694714042461 0.2792315142471082 285
1694714042769 0.5607377856351049 286
1694714043063 0.009896807602888535 287
1694714043409 2.1435264831424696 288
1694714043799 1.582864173183135 289
1694714044077 0.7030017195201471 290
1694714044425 0.16832152863755667 291
1694714044726 0.7696569044181084 292
1694714045026 1.2159635006549578 293
1694714045341 0.3513070462608024 294
1694714045678 0.5231687334471509 295
1694714046012 3.4080241728658662 296
1694714046293 0.5317208348196029 297
1694714046560 1.166384185419856 298
1694714046842 0.009386720994942591 299
1694714047109 0.16963532378153276 300
1694714047476 1.657758897772969 301
1694714047731 0.4847937006992789 302
1694714048040 3.4795148938551446 303
1694714048329 0.34357105793685994 304
1694714048647 0.3903023704975398 305
1694714048941 1.627514921124106 306
1694714049247 0.556895340898594 307
1694714049538 2.9340378625123043 308
1694714049909 1.2236062017149685 309
1694714050149 0.8201913783374373 310
1694714050520 0.23583037188510794 311
1694714050857 0.278641793784901 312
1694714051136 1.1759959991423057 313
1694714051397 0.013699709886948856 314
1694714051872 1.7989758570430872 315
1694714052163 0.9225294406207742 316
1694714052497 0.8283439980978431 317
1694714052903 0.023891955728891065 318
1694714053191 0.03388590927308911 319
1694714053492 0.725919780257215 320
1694714053831 1.3462311319489713 321
1694714054102 0.14320629349547345 322
1694714054371 0.25134202517554805 323
1694714054770 0.6987710852351648 324
1694714055061 0.4796461127790379 325
1694714055414 0.2819023659312942 326
1694714055879 1.5514406149382318 327
1694714056229 0.23898535067683965 328
1694714056565 1.5427310002681554 329
1694714056862 0.7234114256411726 330
1694714057141 0.42609098271924384 331
1694714057466 1.5818117056137537 332
1694714057806 0.4972631713894835 333
1694714058091 4.338469792530827 334
1694714058373 0.03378517103354039 335
1694714058683 2.93525984959683 336
1694714058975 0.932341652544745 337
1694714059217 0.7391911011439981 338
1694714059638 0.11741102557865939 339
1694714059978 0.7949513048299879 340
1694714060211 4.806993185056063 341
1694714060456 0.6287716182495392 342
1694714060784 0.34630996118107626 343
1694714061122 1.537310786353132 344
1694714061367 0.0024290100994918368 345
1694714061815 0.4313179522982086 346
1694714062143 0.0837234115739886 347
1694714062405 0.38839769927595286 348
1694714062697 1.0913075696083858 349
1694714063015 0.007209120323091559 350
1694714063298 2.1108714385091187 351
1694714063660 0.24234639627147164 352
1694714063943 0.017945478538866966 353
1694714064216 0.826544845540666 354
1694714064438 1.1358483190713606 355
1694714064746 0.22247450775821917 356
1694714065023 0.12691851713402763 357
1694714065247 0.5171536579033221 358
1694714065540 0.01317627539082727 359
1694714065879 0.02185354125407439 360
1694714066217 1.5994643219045357 361
1694714066505 3.4028702021338533 362
1694714066813 0.605723363939197 363
1694714067101 0.9678010836037784 364
1694714067345 2.5937207389237966 365
1694714067617 0.48439027050346306 366
1694714067958 4.004671353448879 367
1694714068233 0.24129283858283135 368
1694714068551 1.4476822524717297 369
1694714068837 0.04393251783355906 370
1694714069135 0.9952423624928917 371
1694714069362 1.8673206648869607 372
1694714069625 0.07303939963455137 373
1694714069929 3.9851738668508485 374
1694714070218 0.02258311658711642 375
1694714070422 0.3276090304514967 376
1694714070651 1.3251290489616983 377
1694714070956 1.3193108150261985 378
1694714071233 0.18887554139628912 379
1694714071442 0.006803948165423792 380
1694714071661 0.4161582166202285 381
1694714071874 0.372980704244791 382
1694714072087 0.7096803000729568 383
1694714072335 0.2459338565100483 384
1694714072589 1.0683712890775485 385
1694714072865 0.21099577231890504 386
1694714073185 0.18892601635061043 387
1694714073405 0.024736937585568407 388
1694714073636 3.0506991820507476 389
1694714073861 2.2028934684168524 390
1694714074127 1.6637433201560219 391
1694714074370 1.8978241171268646 392
1694714074592 0.0022611496586756232 393
1694714074868 0.01988931036890145 394
1694714075193 2.143647678582916 395
1694714075468 0.556810774834828 396
1694714075727 0.43083320472263803 397
1694714076049 0.1795335344995195 398
1694714076338 0.5166015274833327 399
1694714076610 0.7758033899282879 400
1694714076869 1.4222853723561517 401
1694714077153 1.4614055213026669 402
1694714077453 0.05705445256720391 403
1694714077776 0.10999558076731948 404
1694714078061 0.1627347903828425 405
1694714078335 2.435268605311617 406
1694714078657 0.24855033330309878 407
1694714078947 0.04535821883311925 408
1694714079235 0.8686931532372401 409
1694714079506 0.3126792391834582 410
1694714079814 3.2064642367979337 411
1694714080098 0.27866588947509263 412
1694714080366 0.05430005166952178 413
1694714080631 7.249384038463177 414
1694714080915 0.04487488974097084 415
1694714081196 7.388061086358032 416
1694714081448 0.15791046876194306 417
1694714081717 0.620373910885949 418
1694714082097 0.9098120353622042 419
1694714082381 1.139596059224225 420
1694714082651 0.20106529224786496 421
1694714083015 0.48704075688783943 422
1694714083327 0.49318211173695503 423
1694714083521 0.19928715339857495 424
1694714083786 0.45699497525377303 425
1694714084038 0.3589235683478482 426
1694714084363 0.5267551269813336 427
1694714084578 1.0401187510675867 428
1694714084876 0.16976750450650888 429
1694714085120 0.6168158021997351 430
1694714085401 1.7231452925652169 431
1694714085607 4.41675083038987 432
1694714085868 0.09559906133816913 433
1694714086112 0.2939890438920278 434
1694714086349 0.18427510839669012 435
1694714086607 0.06772570196913713 436
1694714086813 1.4862516575603975 437
1694714087100 1.0020974204012267 438
1694714087388 0.008223312209464607 439
1694714087650 0.1203230621332568 440
1694714087873 0.2864737258841678 441
1694714088137 0.008181008281831064 442
1694714088432 0.6080199862178992 443
1694714088696 2.3088979969020382 444
1694714088943 0.2925699229942718 445
1694714089194 2.214766070014781 446
1694714089404 1.4836691815491916 447
1694714089617 1.1785560821451402 448
1694714089835 0.5903340163270945 449
1694714090136 0.017026373038864194 450
1694714090408 0.4571776741304157 451
1694714090647 0.31355274534598676 452
1694714090852 1.4304384294903423 453
1694714091121 0.020530378220989708 454
1694714091470 1.933134949405757 455
1694714091677 0.0642760803542443 456
1694714091942 0.10974914026201195 457
1694714092252 0.22600618679928428 458
1694714092504 2.7761165022218974 459
1694714092706 0.9572814164008615 460
1694714092977 0.1309642241070203 461
1694714093359 0.0016322992380235057 462
1694714093625 0.3368775687521963 463
1694714093839 0.5486595713735473 464
1694714094106 2.946544853232883 465
1694714094460 0.23569673336907065 466
1694714094712 0.005078087172411522 467
1694714094999 1.525499858603981 468
1694714095287 0.16117351900902763 469
1694714095684 0.8487573044176633 470
1694714096082 0.15283523184674355 471
1694714096358 0.5041339432872869 472
1694714096642 0.005272885519153369 473
1694714096880 0.0005370590308252888 474
1694714097158 0.2115629152778277 475
1694714097431 0.9450137323474823 476
1694714097805 2.1183568782895126 477
1694714098123 0.5507172731767129 478
1694714098415 0.7499091070906453 479
1694714098715 0.09556801050200962 480
1694714098941 1.5637636963883204 481
1694714099160 0.2477636798516878 482
1694714099453 0.09961934223810161 483
1694714099723 1.633878559471255 484
1694714100051 0.0026044457251527446 485
1694714100365 0.012773637205465285 486
1694714100643 1.34016564028611 487
1694714100894 0.039470718765718026 488
1694714101164 3.1246561037099836 489
1694714101442 0.09760019284968717 490
1694714101691 2.8289343076153757 491
1694714101962 0.24514264122668028 492
1694714102280 0.03714741458148797 493
1694714102584 0.35551630997894973 494
1694714102804 3.374602269379953 495
1694714103089 0.12334562531638432 496
1694714103353 0.8258322446238692 497
1694714103596 0.07599665029170931 498
1694714103823 0.019472666878333253 499
