1694752647679 168.8278829759285 0
1694752648139 6285.422035625501 1
1694752648450 1331754.6748800487 2
1694752648754 257172154.18540475 3
1694752649042 49831744696.97193 4
1694752649315 9654575437183.824 5
1694752649632 1870519821267565.2 6
1694752649949 3.6240265681647386e+17 7
1694752650260 7.0213469555057525e+19 8
1694752650565 1.3603463476435413e+22 9
1694752650864 2.6355942774095126e+24 10
1694752651173 5.10631517270897e+26 11
1694752651487 9.893197472209712e+28 12
1694752651803 1.9167511779773732e+31 13
1694752652116 3.713597235471994e+33 14
1694752652407 7.194885066854534e+35 15
1694752652796 1.3939683773667745e+38 16
1694752653084 2.70073506253807e+40 17
1694752653409 5.2325217676751834e+42 18
1694752653743 1.0137715627487138e+45 19
1694752654052 1.9641251906240843e+47 20
1694752654407 3.8053817114224357e+49 21
1694752654722 7.372712309151305e+51 22
1694752655061 1.4284214019936725e+54 23
1694752655367 2.767485853396124e+56 24
1694752655693 5.36184765788156e+58 25
1694752656043 1.0388277241254937e+61 26
1694752656448 2.012670089247045e+63 27
1694752656893 3.899434712872904e+65 28
1694752657257 7.554934691580132e+67 29
1694752657536 1.4637259602171807e+70 30
1694752657866 2.835886442541307e+72 31
1694752658307 5.494369939162875e+74 32
1694752658680 1.0645031682342097e+77 33
1694752659104 2.0624148132139065e+79 34
1694752659463 3.995812308215032e+81 35
1694752659822 7.741660843485596e+83 36
1694752660133 1.4999030983597635e+86 37
1694752660456 2.9059776060356466e+88 38
1694752660787 5.63016761283811e+90 39
1694752661115 1.09081320113457e+93 40
1694752661523 2.1133890171515615e+95 41
1694752662054 4.094571951614873e+97 42
1694752662485 7.933002079071974e+99 43
1694752662822 1.5369743829202975e+102 44
1694752663155 2.9778011277536143e+104 45
1694752663433 5.769321632805987e+106 46
1694752663827 1.1177735071875876e+109 47
1694752664204 2.1656230886243187e+111 48
1694752664520 4.1957725172633366e+113 49
1694752664902 8.129072463761613e+115 50
1694752665222 1.574961913430633e+118 51
1694752665531 3.051399824290979e+120 52
1694752665934 5.911914953804439e+122 53
1694752666245 1.1454001584055826e+125 54
1694752666696 2.219148166249029e+127 55
1694752667051 4.299474334473283e+129 56
1694752667429 8.329988882193483e+131 57
1694752667776 1.6138883356299326e+134 58
1694752668194 3.126817570489354e+136 59
1694752668536 6.058032580863028e+138 60
1694752668961 1.1737096240333073e+141 61
1694752669292 2.2739961582579586e+143 62
1694752669608 4.405739223643969e+145 63
1694752669941 8.535871107902309e+147 64
1694752670314 1.6537768549646076e+150 65
1694752670666 3.204099325591561e+152 66
1694752671043 6.207761619977447e+154 67
1694752671438 1.202718780365842e+157 68
1694752671775 2.3301997615204097e+159 69
1694752672135 4.514630533114427e+161 70
1694752672569 8.746841874719903e+163 71
1694752672964 1.694651250421924e+166 72
1694752673327 3.2832911600434677e+168 73
1694752673714 6.36119133003657e+170 74
1694752674071 1.2324449208091785e+173 75
1694752674395 2.387792481034537e+175 76
1694752674786 4.626213176927728e+177 77
1694752675145 8.963026949941298e+179 78
1694752675442 1.736535888705524e+182 79
1694752675843 3.3644402829582397e+184 80
1694752676164 6.518413176032923e+186 81
1694752676540 1.2629057661894322e+189 82
1694752676850 2.4468086499008678e+191 83
1694752677221 4.740553673528558e+193 84
1694752677567 9.184555209299096e+195 85
1694752677954 1.779455738761292e+198 86
1694752678363 3.447595070259413e+200 87
1694752678726 6.679520883588245e+202 88
1694752679104 1.2941194753168721e+205 89
1694752679442 2.507283449789504e+207 90
1694752679775 4.857720185417255e+209 91
1694752680132 9.411558713790951e+211 92
1694752680541 1.8234363866622337e+214 93
1694752680887 3.532805093519472e+216 94
1694752681246 6.84461049482666e+218 95
1694752681599 1.3261046558110409e+221 96
1694752681904 2.569252931913189e+223 97
1694752682277 4.977782559783962e+225 98
1694752682603 9.644172788405949e+227 99
1694752682893 1.8685040508612816e+230 100
1694752683204 3.6201211495113496e+232 101
1694752683521 7.013780425629005e+234 102
1694752683856 1.3588803751934324e+237 103
1694752684221 2.6327540385187374e+239 104
1694752684567 5.100812370147046e+241 105
1694752684921 9.882536102796659e+243 106
1694752685268 1.9146855978210375e+246 107
1694752685631 3.7095952904901185e+248 108
1694752685957 7.187131524301929e+250 109
1694752686331 1.392466172254328e+253 110
1694752686731 2.6978246249096515e+255 111
1694752687060 5.226882959020683e+257 112
1694752687452 1.0126790753945224e+260 113
1694752687837 1.9620085580298664e+262 114
1694752688246 3.801280855223304e+264 115
1694752688542 7.364767131697318e+266 116
1694752688840 1.4268820687005743e+269 117
1694752689168 2.764503482013022e+271 118
1694752689496 5.356069481636939e+273 119
1694752689860 1.037708235087238e+276 120
1694752690310 2.010501142413792e+278 121
1694752690666 3.895232500787999e+280 122
1694752691053 7.54679314281748e+282 123
1694752691457 1.4621485810912508e+285 124
1694752691761 2.832830359504216e+287 125
1694752692194 5.488448950748564e+289 126
1694752692520 1.0633560101440373e+292 127
1694752692814 2.0601922591540684e+294 128
1694752693085 3.9915062351539415e+296 129
1694752693459 7.73331806994298e+298 130
1694752693784 1.4982867330683273e+301 131
1694752694132 2.9028459895030735e+303 132
1694752694512 inf 133
