1694731286545 0.4935912435846653 0
1694731286807 8.149453261024439 1
1694731287042 0.5551078027401775 2
1694731287330 26.376351529624092 3
1694731287688 3.2243034769456593 4
1694731287982 3.350467010646716 5
1694731288285 0.7817449607921679 6
1694731288698 1.6748959923324245 7
1694731288967 20.84297741928703 8
1694731289204 0.015253758360423282 9
1694731289520 0.3114997694780117 10
1694731289910 1.8035918547756495 11
1694731290167 52.00006250817481 12
1694731290490 51.40948792233728 13
1694731290878 19.209047939076132 14
1694731291110 0.1300908115817568 15
1694731291411 13.61567008641441 16
1694731291665 3.9168434874737867 17
1694731291975 13.827166317414008 18
1694731292255 0.025043935227918524 19
1694731292530 3.590894609128454 20
1694731292899 0.20219909803798516 21
1694731293171 7.525977301576891 22
1694731293466 1.519052158770867 23
1694731293781 8.577496528350874 24
1694731294047 13.823277783824825 25
1694731294306 18.624126847342236 26
1694731294670 1.9391597814925614 27
1694731295007 3.3017101054662112 28
1694731295292 9.606298585055812 29
1694731295566 1.0995997710196652 30
1694731296019 25.963681861465403 31
1694731296331 7.229499429586184 32
1694731296662 13.283781551467053 33
1694731296979 21.630820607671485 34
1694731297314 18.92488456269187 35
1694731297646 17.51779463741436 36
1694731297976 1.6706108867725624 37
1694731298259 41.257609051271636 38
1694731298531 6.995934060379311 39
1694731298779 4.391694976917868 40
1694731299079 23.411722672584844 41
1694731299331 0.5360441652599546 42
1694731299709 2.4297140803275137 43
1694731300030 5.312162660108472 44
1694731300261 13.139440427612824 45
1694731300528 2.403369660169162 46
1694731300805 16.918417965891027 47
1694731301127 0.12042871985179258 48
1694731301464 28.24663362508179 49
1694731301793 0.24432836066426836 50
1694731302141 127.13462086125256 51
1694731302381 22.56452825462366 52
1694731302711 43.883878175833 53
1694731303038 6.6141773049908545 54
1694731303303 0.1477155743738231 55
1694731303539 5.770483728266097 56
1694731303768 41.560838869603145 57
1694731304032 6.961997551461141 58
1694731304354 14.856132689878944 59
1694731304695 8.800887023519802 60
1694731305008 0.08081349753874703 61
1694731305297 1.0645895766970144 62
1694731305573 32.308372664516554 63
1694731305913 1.3165507294800336 64
1694731306277 24.709929408412634 65
1694731306584 19.715646929033284 66
1694731306971 5.908917283752861 67
1694731307275 1.1196256324889096 68
1694731307538 1.2412474338293589 69
1694731307915 16.784659126004033 70
1694731308197 22.218899871886656 71
1694731308532 0.193158283396407 72
1694731308846 22.14965619208617 73
1694731309178 1.290850490867625 74
1694731309462 34.67511566237676 75
1694731309854 3.4272937413938074 76
1694731310194 74.193225895132 77
1694731310455 23.870267039326045 78
1694731310777 26.86217730172625 79
1694731311099 7.490823001301514 80
1694731311452 1.1042345794527297 81
1694731311756 6.436598481749914 82
1694731312164 19.595917650606605 83
1694731312486 0.8321962876959155 84
1694731312804 0.6647926124197228 85
1694731313181 6.965949954068949 86
1694731313458 0.04658128641014559 87
1694731313696 20.44358340812161 88
1694731313941 63.42667920259637 89
1694731314231 6.902070557800877 90
1694731314545 22.719077994699457 91
1694731314836 7.273803200674039 92
1694731315178 31.30187491159682 93
1694731315499 6.670435441377209 94
1694731315805 6.234798530628794 95
1694731316103 14.978226445510176 96
1694731316410 19.743940128237533 97
1694731316654 16.78361565846855 98
1694731316912 2.1865682848428616 99
1694731317228 0.35521980763902505 100
1694731317558 0.696098988449017 101
1694731317792 1.475577321071564 102
1694731318064 42.37871509055869 103
1694731318386 0.11737217968515622 104
1694731318646 6.996503543841324 105
1694731318903 25.386453440258162 106
1694731319215 26.894815679721173 107
1694731319568 0.017479311025648737 108
1694731319920 25.947551784027127 109
1694731320237 3.4473928534305753 110
1694731320541 33.518159696890116 111
1694731320881 1.5263781655239883 112
1694731321185 0.0750574046580995 113
1694731321541 12.675020935847192 114
1694731321928 20.48954386593643 115
1694731322240 0.5184137110053311 116
1694731322525 6.0788343566197955 117
1694731322849 6.923174971398578 118
1694731323171 16.48518597940847 119
1694731323496 10.34782925514981 120
1694731323744 9.602234668975377 121
1694731324063 14.675482818518025 122
1694731324409 53.336429359942386 123
1694731324692 4.854213048611039 124
1694731325028 1.3401335069827127 125
1694731325346 0.6209965528771744 126
1694731325656 30.229642366051134 127
1694731325974 30.596867729058363 128
1694731326361 37.2214285089326 129
1694731326661 1.942099836503951 130
1694731326893 4.29008724943639 131
1694731327208 0.0024484526435188995 132
1694731327533 0.013494252881218976 133
1694731327826 9.68606559310505 134
1694731328147 0.5938375701971332 135
1694731328545 33.449269075331536 136
1694731328787 19.108864976033868 137
1694731329057 5.431569263798545 138
1694731329357 1.095672144526564 139
1694731329624 5.406856646126168 140
1694731329897 6.3962350518291435 141
1694731330215 1.5580745809294345 142
1694731330562 76.3822531084579 143
1694731330935 20.423538283130547 144
1694731331227 23.542133143884197 145
1694731331614 1.1292600610480885 146
1694731331897 23.594720950826837 147
1694731332157 2.0692299516914847 148
1694731332429 7.8607544890081975 149
1694731332752 1.1420403705787034 150
1694731333032 1.554114664030779 151
1694731333383 46.289950346618156 152
1694731333731 10.743265663988268 153
1694731333984 27.169189996599027 154
1694731334299 4.0068374525548744 155
1694731334617 7.397847186138379 156
1694731334892 2.4490129267889187 157
1694731335254 29.43604559050038 158
1694731335593 0.7903894736458691 159
1694731335882 1.1483565895782817 160
1694731336234 0.03626551691331646 161
1694731336532 0.8910688744115567 162
1694731336855 3.180472143146312 163
1694731337163 9.724451685370445 164
1694731337572 15.087833700346392 165
1694731337969 0.5782689809156315 166
1694731338292 5.250006219819993 167
1694731338632 49.85273616496824 168
1694731338959 0.8741753259808629 169
1694731339369 0.9430710519781652 170
1694731339820 25.184922711413094 171
1694731340103 44.621322010113246 172
1694731340440 0.9862790228921949 173
1694731340753 0.6319183459292573 174
1694731341022 1.1826600546651638 175
1694731341266 15.447804413779998 176
1694731341648 3.374246445463191 177
1694731341969 0.12242215327902564 178
1694731342239 0.10879114795002783 179
1694731342520 1.3681609568012696 180
1694731342838 18.055886795344335 181
1694731343133 2.3682471453506366 182
1694731343446 0.012358722277864194 183
1694731343756 1.6533910419024875 184
1694731344008 2.4852401364543177 185
1694731344345 19.649698319188445 186
1694731344654 43.55598038304802 187
1694731344974 30.2071732793622 188
1694731345224 43.05113499468592 189
1694731345482 17.417413740588742 190
1694731345870 12.332213548832927 191
1694731346182 15.774520686765129 192
1694731346572 0.39243197254433815 193
1694731346926 16.649712875388566 194
1694731347167 102.4216640846975 195
1694731347491 19.3744861519564 196
1694731347788 4.3715083078510455 197
1694731348066 1.930399171484527 198
1694731348340 34.52768237222489 199
1694731348695 9.834122459949574 200
1694731349024 0.5000025145460597 201
1694731349274 4.810090922538646 202
1694731349712 12.646983025126579 203
1694731350053 2.1997726858059607 204
1694731350267 0.03243646240481476 205
1694731350524 1.996905128219288 206
1694731350843 7.778913350683063 207
1694731351152 0.06311985421717012 208
1694731351455 18.860160845552112 209
1694731351767 0.07586307589021174 210
1694731352099 1.4540161552397897 211
1694731352436 7.839628426446924 212
1694731352754 31.447450104118843 213
1694731353104 6.352185721565391 214
1694731353400 7.128143615071452 215
1694731353747 13.983303154701268 216
1694731354052 2.386043700492353 217
1694731354319 30.178977897770427 218
1694731354641 21.55153700610697 219
1694731354938 1.280190325731778 220
1694731355189 3.6636122272837626 221
1694731355538 1.073417772621817 222
1694731355827 15.72591077428822 223
1694731356115 60.50975829341602 224
1694731356445 2.771239496861709 225
1694731356748 0.7796148270745381 226
1694731357071 13.41587119480551 227
1694731357375 0.36992805648668003 228
1694731357781 2.9491808421766224 229
1694731358088 118.05384695863 230
1694731358320 24.928333792174044 231
1694731358591 56.68624179029943 232
1694731358895 0.5921543946768693 233
1694731359154 27.239959109547254 234
1694731359427 1.6339034227667246 235
1694731359723 8.073350111512923 236
1694731360055 5.748603799932399 237
1694731360317 3.9005382631801107 238
1694731360637 2.674840092206289 239
1694731360982 38.81077405630891 240
1694731361255 8.489583944605688 241
1694731361641 23.367315261883526 242
1694731361970 19.556334682658083 243
1694731362308 22.306210034330448 244
1694731362636 0.00045141045522574275 245
1694731362920 0.401964185761573 246
1694731363165 1.1973198593320162 247
1694731363416 0.21198314349620126 248
1694731363707 28.108291620547742 249
1694731364020 0.5654765141703858 250
1694731364348 1.0674949771176367 251
1694731364658 3.502134144406463 252
1694731364939 1.3401132997658072 253
1694731365220 0.6189305680570819 254
1694731365456 20.30124327224365 255
1694731365714 9.534479967031801 256
1694731366026 58.56510248902003 257
1694731366353 7.9049155259621955 258
1694731366736 5.382085628510625 259
1694731367053 0.033901807056274706 260
1694731367354 10.507320159970686 261
1694731367692 6.763418806912592 262
1694731368039 0.9366843653087472 263
1694731368374 3.7499536105745714 264
1694731368717 1.2143630603799775 265
1694731369073 10.103626391413322 266
1694731369351 18.545920847906462 267
1694731369683 17.282965816015697 268
1694731370072 1.304600750338392 269
1694731370397 6.217207804868412 270
1694731370681 0.45977570247453264 271
1694731371055 16.491038344100115 272
1694731371332 7.832016544101228 273
1694731371629 16.07842257483534 274
1694731371872 0.9811141145989943 275
1694731372154 31.762454464088634 276
1694731372390 2.6900442342570434 277
1694731372776 5.020532514826872 278
1694731373113 15.297589443238364 279
1694731373413 22.378806474462316 280
1694731373688 33.1460829417729 281
1694731373990 2.279444620650785 282
1694731374279 25.98185164590721 283
1694731374540 89.26371581720826 284
1694731374837 32.685769083062894 285
1694731375169 0.00011488849481426079 286
1694731375470 10.866569237012406 287
1694731375733 12.004847428110704 288
1694731376021 1.0483673701453309 289
1694731376326 3.626628830849761 290
1694731376658 35.1594128677826 291
1694731376953 5.411682146434449 292
1694731377271 22.175699113503704 293
1694731377539 1.2183158846587914 294
1694731377918 41.413237549886716 295
1694731378255 16.727726460351974 296
1694731378509 0.10540281687063169 297
1694731378773 2.499444203463236 298
1694731379036 4.425737293812903 299
1694731379357 7.75297734840076 300
1694731379636 20.75664038324037 301
1694731380047 22.936436489977837 302
1694731380353 1.6021370560333608 303
1694731380590 10.482393341144647 304
1694731380821 9.761293652521223 305
1694731381099 13.674638643256241 306
1694731381448 0.5856787992719942 307
1694731381711 0.05644778158794843 308
1694731381963 5.736936610086695 309
1694731382339 9.913049351355873 310
1694731382622 2.724341508383323 311
1694731382895 5.092697350276064 312
1694731383228 1.4081546871716355 313
1694731383567 7.123179132826768 314
1694731383853 3.4310241904574283 315
1694731384155 19.700413210769078 316
1694731384552 3.488988611834219 317
1694731384818 13.473736192633492 318
1694731385124 0.31211112734194857 319
1694731385402 0.9117922656182295 320
1694731385682 18.010852579577993 321
1694731385983 8.620517625038698 322
1694731386263 0.1635447438914804 323
1694731386608 4.791243657617344 324
1694731386866 1.0528141524747592 325
1694731387102 24.775348637769067 326
1694731387430 2.677431823095895 327
1694731387748 54.20216776616075 328
1694731388006 0.3558321499196287 329
1694731388316 4.087328994309226 330
1694731388641 7.641368078276132 331
1694731388977 1.9565324992560242 332
1694731389269 1.3293715662549885 333
1694731389554 2.7921404911533285 334
1694731389890 6.178018745531233 335
1694731390233 33.3459685315075 336
1694731390555 3.324369549748535 337
1694731390860 14.856868637508203 338
1694731391205 0.724978161361956 339
1694731391557 0.14005812722828184 340
1694731391862 1.3567216022890496 341
1694731392154 0.34101526150851125 342
1694731392476 12.481010295169542 343
1694731392785 19.740016022938605 344
1694731393072 2.0126635403110202 345
1694731393368 17.017459495945012 346
1694731393645 38.869107614990114 347
1694731393989 13.470093849919563 348
1694731394313 12.432800527853134 349
1694731394635 6.299255441289825 350
1694731394909 1.8074375982821163 351
1694731395252 0.14513092291645532 352
1694731395631 4.7004416902708455 353
1694731395903 3.233724555860396 354
1694731396245 27.66309874454913 355
1694731396575 0.04456995938436977 356
1694731396892 0.06191524201757829 357
1694731397177 0.6440267743550266 358
1694731397486 6.216174446865415 359
1694731397968 10.320700741903835 360
1694731398286 6.193168643217248 361
1694731398616 4.928760878244279 362
1694731398897 16.033561160920538 363
1694731399217 54.37328426943025 364
1694731399547 4.268986201504655 365
1694731399901 0.02149001545586733 366
1694731400208 40.55961412231599 367
1694731400507 0.02591356466346445 368
1694731400824 101.14168387136641 369
1694731401071 9.92621042636361 370
1694731401432 2.72211881119534 371
1694731401712 14.781374240985867 372
1694731401991 38.60363862394971 373
1694731402288 0.0007162815816765903 374
1694731402605 9.720359783996159 375
1694731402998 9.866832754855084 376
1694731403237 0.16792667629366817 377
1694731403524 4.038686836648596 378
1694731403907 80.20488338464892 379
1694731404235 25.617519814101087 380
1694731404631 0.9784501890698492 381
1694731404957 46.24064829960517 382
1694731405284 0.0001264794650947745 383
1694731405601 7.524213717961647 384
1694731405922 0.3459110579439019 385
1694731406200 7.701273801909145 386
1694731406514 13.819625080138207 387
1694731406867 22.628755179423585 388
1694731407132 1.557434879830044 389
1694731407449 0.5787228901945525 390
1694731407769 7.490751170027203 391
1694731408086 104.20765866146063 392
1694731408381 25.11766204133099 393
1694731408698 1.6301631099444052 394
1694731409054 33.75520988251476 395
1694731409342 33.04834779336927 396
1694731409642 45.92487069939246 397
1694731410032 62.33378107749554 398
1694731410280 0.2370088600104997 399
1694731410583 6.336670266418239 400
1694731410907 1.2341631189078222 401
1694731411278 29.254276174529863 402
1694731411601 17.038242674558454 403
1694731411914 0.3322776478377639 404
1694731412205 26.063153011478875 405
1694731412497 1.6588722958000304 406
1694731412801 15.69661929095211 407
1694731413121 8.338107581624342 408
1694731413392 1.0303434461989267 409
1694731413720 0.45266573000851984 410
1694731414035 7.600075739940886 411
1694731414335 1.8546315760516878 412
1694731414680 7.3857462123935536 413
1694731415008 9.115593188749356 414
1694731415314 21.436126303745485 415
1694731415696 13.86278747893336 416
1694731416033 0.28139529255854767 417
1694731416315 84.87415039008974 418
1694731416629 1.2562262695921949 419
1694731416965 1.6850650040164183 420
1694731417276 18.874829984761128 421
1694731417559 13.698671560876408 422
1694731417928 0.8494322117951956 423
1694731418249 12.81561991913468 424
1694731418504 3.8465289705323267 425
1694731418802 7.215391933705482 426
1694731419129 14.313411383989083 427
1694731419375 19.989441563291717 428
1694731419702 1.9444442273549118 429
1694731420100 13.171990418302903 430
1694731420430 8.263804753228234 431
1694731420713 13.375505749820746 432
1694731421045 0.3037757979195144 433
1694731421352 10.402337780228509 434
1694731421646 1.3355738833450335 435
1694731421943 0.3133251598384163 436
1694731422295 14.702440018577436 437
1694731422619 0.11606937331985978 438
1694731422893 9.07097980604825 439
1694731423185 5.654842374427744 440
1694731423480 50.999619065971906 441
1694731423705 1.040432247293104 442
1694731423998 12.884477506466629 443
1694731424345 9.328198717636877 444
1694731424639 1.3285806085814695 445
1694731424934 6.357344626389055 446
1694731425238 0.023201589073473687 447
1694731425534 0.3033979724804583 448
1694731425775 0.7163811937578732 449
1694731426098 0.7127564280288556 450
1694731426418 13.660868054975056 451
1694731426679 5.897025665811176 452
1694731427035 37.87586473173812 453
1694731427348 0.42493115804651993 454
1694731427647 2.7499192729728814 455
1694731427903 0.30800653165253633 456
1694731428200 2.0996973544082014 457
1694731428518 4.986734183290726 458
1694731428771 1.0043300562557247 459
1694731429110 4.1567220187890355 460
1694731429439 0.08086104875827879 461
1694731429723 9.44835377091019 462
1694731430048 61.19992061342377 463
1694731430381 28.744798264110376 464
1694731430774 27.664631489158563 465
1694731431102 8.142505936301408 466
1694731431542 3.3656867966220627 467
1694731431812 28.13926259439909 468
1694731432141 5.701764250806606 469
1694731432463 15.549381402772378 470
1694731432735 45.44578446969011 471
1694731433051 40.15323217780042 472
1694731433513 10.584111165025393 473
1694731433843 11.387302365949044 474
1694731434181 6.266622580587625 475
1694731434510 1.9457449536466043 476
1694731434762 44.05673840456368 477
1694731435032 5.721286768750172 478
1694731435362 19.559760103808536 479
1694731435731 5.330131824375484 480
1694731436079 6.164621793188789 481
1694731436399 39.303112335256394 482
1694731436688 0.22175543679015336 483
1694731436985 27.146225103229597 484
1694731437325 3.372053856142791 485
1694731437654 3.788981737379813 486
1694731438005 0.2786442306064764 487
1694731438333 13.4268357291669 488
1694731438631 27.431635000755808 489
1694731438927 4.406515647613779 490
1694731439244 28.878812287901166 491
1694731439576 9.954181567203033 492
1694731439907 0.07375591540155756 493
1694731440249 4.216861246986006 494
1694731440561 0.9109177233863714 495
1694731440862 4.177952700310567 496
1694731441179 0.040415894385503214 497
1694731441563 9.208464069396904 498
1694731441843 4.846826022896069 499
