1694753954026 nan 0
1694753954227 nan 1
1694753954464 nan 2
1694753954655 nan 3
1694753954890 nan 4
1694753955158 nan 5
1694753955425 nan 6
1694753955645 nan 7
1694753955876 nan 8
1694753956101 nan 9
1694753956357 nan 10
1694753956568 nan 11
1694753956819 nan 12
1694753957045 nan 13
1694753957315 nan 14
1694753957623 nan 15
1694753957832 nan 16
1694753958009 nan 17
1694753958202 nan 18
1694753958439 nan 19
1694753958623 nan 20
1694753958844 nan 21
1694753959059 nan 22
1694753959368 nan 23
1694753959566 nan 24
1694753959859 nan 25
1694753960107 nan 26
1694753960295 nan 27
1694753960523 nan 28
1694753960704 nan 29
1694753960934 nan 30
1694753961153 nan 31
1694753961395 nan 32
1694753961612 nan 33
1694753961789 nan 34
1694753962093 nan 35
1694753962346 nan 36
1694753962599 nan 37
1694753962969 nan 38
1694753963221 nan 39
1694753963470 nan 40
1694753963725 nan 41
1694753963966 nan 42
1694753964257 nan 43
1694753964534 nan 44
1694753964741 nan 45
1694753964967 nan 46
1694753965210 nan 47
1694753965460 nan 48
1694753965668 nan 49
1694753965899 nan 50
1694753966124 nan 51
1694753966360 nan 52
1694753966637 nan 53
1694753966864 nan 54
1694753967067 nan 55
1694753967334 nan 56
1694753967625 nan 57
1694753967802 nan 58
1694753967997 nan 59
1694753968221 nan 60
1694753968457 nan 61
1694753968670 nan 62
1694753968867 nan 63
1694753969131 nan 64
1694753969387 nan 65
1694753969619 nan 66
1694753969799 nan 67
1694753969997 nan 68
1694753970186 nan 69
1694753970414 nan 70
1694753970641 nan 71
1694753970807 nan 72
1694753971043 nan 73
1694753971291 nan 74
1694753971517 nan 75
1694753971706 nan 76
1694753971920 nan 77
1694753972202 nan 78
1694753972447 nan 79
1694753972692 nan 80
1694753972999 nan 81
1694753973289 nan 82
1694753973597 nan 83
1694753973805 nan 84
1694753974055 nan 85
1694753974328 nan 86
1694753974571 nan 87
1694753974774 nan 88
1694753975076 nan 89
1694753975485 nan 90
1694753975775 nan 91
1694753976011 nan 92
1694753976357 nan 93
1694753976723 nan 94
1694753977312 nan 95
1694753977921 nan 96
1694753978270 nan 97
1694753978623 nan 98
1694753978956 nan 99
1694753979202 nan 100
1694753979460 nan 101
1694753979716 nan 102
1694753979897 nan 103
1694753980089 nan 104
1694753980384 nan 105
1694753980672 nan 106
1694753980937 nan 107
1694753981227 nan 108
1694753981523 nan 109
1694753981740 nan 110
1694753981984 nan 111
1694753982271 nan 112
1694753982611 nan 113
1694753982840 nan 114
1694753983102 nan 115
1694753983369 nan 116
1694753983612 nan 117
1694753983818 nan 118
1694753983986 nan 119
1694753984231 nan 120
1694753984463 nan 121
1694753984718 nan 122
1694753984927 nan 123
1694753985054 nan 124
1694753985227 nan 125
1694753985436 nan 126
1694753985631 nan 127
1694753985902 nan 128
1694753986130 nan 129
1694753986393 nan 130
1694753986652 nan 131
1694753987050 nan 132
1694753987486 nan 133
1694753987792 nan 134
1694753988021 nan 135
1694753988410 nan 136
1694753988768 nan 137
1694753988983 nan 138
1694753989280 nan 139
1694753989585 nan 140
1694753989862 nan 141
1694753990081 nan 142
1694753990292 nan 143
1694753990595 nan 144
1694753990862 nan 145
1694753991057 nan 146
1694753991248 nan 147
1694753991522 nan 148
1694753991848 nan 149
1694753992096 nan 150
1694753992283 nan 151
1694753992452 nan 152
1694753992654 nan 153
1694753992867 nan 154
1694753993110 nan 155
1694753993338 nan 156
1694753993528 nan 157
1694753993801 nan 158
1694753994039 nan 159
1694753994224 nan 160
1694753994471 nan 161
1694753994721 nan 162
1694753994919 nan 163
1694753995137 nan 164
1694753995362 nan 165
1694753995582 nan 166
1694753995850 nan 167
1694753996144 nan 168
1694753996417 nan 169
1694753996789 nan 170
1694753997066 nan 171
1694753997310 nan 172
1694753997605 nan 173
1694753997860 nan 174
1694753998087 nan 175
1694753998426 nan 176
1694753998694 nan 177
1694753998932 nan 178
1694753999205 nan 179
1694753999522 nan 180
1694753999895 nan 181
1694754000139 nan 182
1694754000341 nan 183
1694754000804 nan 184
1694754001199 nan 185
1694754001701 nan 186
1694754002062 nan 187
1694754002321 nan 188
1694754002597 nan 189
1694754002836 nan 190
1694754003108 nan 191
1694754003375 nan 192
1694754003617 nan 193
1694754003881 nan 194
1694754004067 nan 195
1694754004336 nan 196
1694754004674 nan 197
1694754004955 nan 198
1694754005236 nan 199
1694754005635 nan 200
1694754006001 nan 201
1694754006359 nan 202
1694754006689 nan 203
1694754006964 nan 204
1694754007173 nan 205
1694754007412 nan 206
1694754007830 nan 207
1694754008035 nan 208
1694754008201 nan 209
1694754008393 nan 210
1694754008584 nan 211
1694754008884 nan 212
1694754009086 nan 213
1694754009387 nan 214
1694754009676 nan 215
1694754009960 nan 216
1694754010134 nan 217
1694754010273 nan 218
1694754010500 nan 219
1694754010710 nan 220
1694754010950 nan 221
1694754011212 nan 222
1694754011464 nan 223
1694754011667 nan 224
1694754011913 nan 225
1694754012125 nan 226
1694754012342 nan 227
1694754012607 nan 228
1694754012866 nan 229
1694754013085 nan 230
1694754013296 nan 231
1694754013558 nan 232
1694754013803 nan 233
1694754014034 nan 234
1694754014203 nan 235
1694754014425 nan 236
1694754014605 nan 237
1694754014776 nan 238
1694754014973 nan 239
1694754015227 nan 240
1694754015437 nan 241
1694754015706 nan 242
1694754015945 nan 243
1694754016179 nan 244
1694754016484 nan 245
1694754016773 nan 246
1694754017009 nan 247
1694754017216 nan 248
1694754017499 nan 249
1694754017776 nan 250
1694754018019 nan 251
1694754018267 nan 252
1694754018511 nan 253
1694754018803 nan 254
1694754019091 nan 255
1694754019332 nan 256
1694754019611 nan 257
1694754019886 nan 258
1694754020132 nan 259
1694754020288 nan 260
1694754020541 nan 261
1694754020779 nan 262
1694754021047 nan 263
1694754021309 nan 264
1694754021576 nan 265
1694754021857 nan 266
1694754022100 nan 267
1694754022265 nan 268
1694754022469 nan 269
1694754022729 nan 270
1694754022972 nan 271
1694754023196 nan 272
1694754023490 nan 273
1694754023771 nan 274
1694754024022 nan 275
1694754024224 nan 276
1694754024391 nan 277
1694754024678 nan 278
1694754025097 nan 279
1694754025352 nan 280
1694754025709 nan 281
1694754025945 nan 282
1694754026157 nan 283
1694754026375 nan 284
1694754026630 nan 285
1694754026889 nan 286
1694754027129 nan 287
1694754027394 nan 288
1694754027708 nan 289
1694754028051 nan 290
1694754028344 nan 291
1694754028686 nan 292
1694754028996 nan 293
1694754029404 nan 294
1694754029703 nan 295
1694754030016 nan 296
1694754030298 nan 297
1694754030573 nan 298
1694754030831 nan 299
1694754031077 nan 300
1694754031293 nan 301
1694754031542 nan 302
1694754031768 nan 303
1694754032011 nan 304
1694754032227 nan 305
1694754032466 nan 306
1694754032724 nan 307
1694754032964 nan 308
1694754033206 nan 309
1694754033346 nan 310
1694754033496 nan 311
1694754033755 nan 312
1694754033984 nan 313
1694754034244 nan 314
1694754034408 nan 315
1694754034680 nan 316
1694754034914 nan 317
1694754035169 nan 318
1694754035356 nan 319
1694754035496 nan 320
1694754035673 nan 321
1694754035891 nan 322
1694754036132 nan 323
1694754036338 nan 324
1694754036517 nan 325
1694754036758 nan 326
1694754037068 nan 327
1694754037437 nan 328
1694754037762 nan 329
1694754038133 nan 330
1694754038367 nan 331
1694754038617 nan 332
1694754038912 nan 333
1694754039273 nan 334
1694754039474 nan 335
1694754039640 nan 336
1694754039791 nan 337
1694754040029 nan 338
1694754040269 nan 339
1694754040498 nan 340
1694754040734 nan 341
1694754040947 nan 342
1694754041196 nan 343
1694754041432 nan 344
1694754041710 nan 345
1694754041932 nan 346
1694754042178 nan 347
1694754042371 nan 348
1694754042549 nan 349
1694754042732 nan 350
1694754042927 nan 351
1694754043132 nan 352
1694754043380 nan 353
1694754043649 nan 354
1694754043930 nan 355
1694754044208 nan 356
1694754044417 nan 357
1694754044663 nan 358
1694754044915 nan 359
1694754045185 nan 360
1694754045546 nan 361
1694754045893 nan 362
1694754046225 nan 363
1694754046468 nan 364
1694754046740 nan 365
1694754046966 nan 366
1694754047257 nan 367
1694754047492 nan 368
1694754047807 nan 369
1694754048147 nan 370
1694754048574 nan 371
1694754048832 nan 372
1694754049132 nan 373
1694754049423 nan 374
1694754049802 nan 375
1694754050129 nan 376
1694754050474 nan 377
1694754050826 nan 378
1694754051156 nan 379
1694754051633 nan 380
1694754051848 nan 381
1694754052119 nan 382
1694754052355 nan 383
1694754052570 nan 384
1694754052755 nan 385
1694754052977 nan 386
1694754053162 nan 387
1694754053325 nan 388
1694754053530 nan 389
1694754053685 nan 390
1694754053831 nan 391
1694754053998 nan 392
1694754054211 nan 393
1694754054389 nan 394
1694754054553 nan 395
1694754054758 nan 396
1694754054965 nan 397
1694754055219 nan 398
1694754055411 nan 399
1694754055591 nan 400
1694754055723 nan 401
1694754055907 nan 402
1694754056126 nan 403
1694754056365 nan 404
1694754056549 nan 405
1694754056701 nan 406
1694754056845 nan 407
1694754057016 nan 408
1694754057219 nan 409
1694754057525 nan 410
1694754057719 nan 411
1694754057923 nan 412
1694754058131 nan 413
1694754058354 nan 414
1694754058585 nan 415
1694754058830 nan 416
1694754059034 nan 417
1694754059312 nan 418
1694754059574 nan 419
1694754059827 nan 420
1694754059971 nan 421
1694754060116 nan 422
1694754060309 nan 423
1694754060472 nan 424
1694754060649 nan 425
1694754060806 nan 426
1694754061010 nan 427
1694754061331 nan 428
1694754061641 nan 429
1694754061918 nan 430
1694754062140 nan 431
1694754062475 nan 432
1694754062681 nan 433
1694754062841 nan 434
1694754063012 nan 435
1694754063182 nan 436
1694754063382 nan 437
1694754063605 nan 438
1694754063813 nan 439
1694754064040 nan 440
1694754064237 nan 441
1694754064435 nan 442
1694754064635 nan 443
1694754064843 nan 444
1694754065125 nan 445
1694754065338 nan 446
1694754065573 nan 447
1694754065787 nan 448
1694754065997 nan 449
1694754066218 nan 450
1694754066439 nan 451
1694754066591 nan 452
1694754066717 nan 453
1694754066851 nan 454
1694754067044 nan 455
1694754067260 nan 456
1694754067540 nan 457
1694754067770 nan 458
1694754067962 nan 459
1694754068165 nan 460
1694754068411 nan 461
1694754068657 nan 462
1694754068807 nan 463
1694754069025 nan 464
1694754069254 nan 465
1694754069476 nan 466
1694754069736 nan 467
1694754069990 nan 468
1694754070322 nan 469
1694754070827 nan 470
1694754071086 nan 471
1694754071341 nan 472
1694754071532 nan 473
1694754071735 nan 474
1694754071975 nan 475
1694754072199 nan 476
1694754072398 nan 477
1694754072602 nan 478
1694754072806 nan 479
1694754073061 nan 480
1694754073361 nan 481
1694754073628 nan 482
1694754073861 nan 483
1694754074136 nan 484
1694754074354 nan 485
1694754074578 nan 486
1694754074758 nan 487
1694754074979 nan 488
1694754075228 nan 489
1694754075485 nan 490
1694754075698 nan 491
1694754076034 nan 492
1694754076358 nan 493
1694754076613 nan 494
1694754076847 nan 495
1694754077098 nan 496
1694754077334 nan 497
1694754077668 nan 498
1694754077826 nan 499
