1694722317744 169.40086482210376 0
1694722318086 8.491348065473655 1
1694722318457 69.1771005958189 2
1694722318750 11.608361535288402 3
1694722319070 32.09070453312919 4
1694722319452 10.520694062193295 5
1694722319712 16.769730420999505 6
1694722320027 8.26329400878874 7
1694722320350 9.799122445575016 8
1694722320652 6.243837091534734 9
1694722320942 6.3727067918671985 10
1694722321271 4.789797804403649 11
1694722321631 4.588999019185697 12
1694722321961 3.838282057611681 13
1694722322359 3.6225093782930218 14
1694722322691 3.2455972741238583 15
1694722323053 3.084620763913305 16
1694722323424 2.886377713200609 17
1694722323743 2.7800027565974 18
1694722324215 2.6720264607203275 19
1694722324569 2.605532959024026 20
1694722324843 2.545245529063898 21
1694722325168 2.504852155852344 22
1694722325483 2.4706072668003998 23
1694722325824 2.4464345916411157 24
1694722326134 2.4267420151083017 25
1694722326584 2.412377863548393 26
1694722326977 2.400941885506803 27
1694722327340 2.392418189208405 28
1694722327687 2.3857129409252353 29
1694722327989 2.3806359129113304 30
1694722328345 2.3766580078356783 31
1694722328756 2.3736042229432712 32
1694722329088 2.3712047432888883 33
1694722329481 2.3693348672064394 34
1694722329879 2.367851068846597 35
1694722330370 2.366672643500198 36
1694722330747 2.36572083933809 37
1694722331158 2.3649457907064138 38
1694722331501 2.36430335273405 39
1694722331782 2.3637634697962624 40
1694722332031 2.3633010443116924 41
1694722332314 2.3628982134224725 42
1694722332686 2.3625405787237264 43
1694722333049 2.362217610468849 44
1694722333487 2.3619210011748 45
1694722333764 2.36164457391971 46
1694722334042 2.36138351852373 47
1694722334336 2.3611342220641776 48
1694722334689 2.3608938932748944 49
1694722334987 2.3606604226536154 50
1694722335314 2.360432188302533 51
1694722335704 2.3602079598458956 52
1694722336041 2.3599867940864807 53
1694722336368 2.3597679738672093 54
1694722336817 2.359550950405837 55
1694722337166 2.359335305852448 56
1694722337499 2.3591207208093654 57
1694722337819 2.358906951874931 58
1694722338191 2.3586938131203756 59
1694722338558 2.358481162781751 60
1694722338854 2.3582688926124384 61
1694722339143 2.3580569200516526 62
1694722339496 2.3578451820736315 63
1694722339823 2.357633630598217 64
1694722340107 2.3574222289267404 65
1694722340499 2.3572109490592847 66
1694722340824 2.356999769625535 67
1694722341106 2.356788674318969 68
1694722341486 2.3565776506942115 69
1694722341817 2.35636668925398 70
1694722342084 2.3561557827495796 71
1694722342460 2.3559449256487768 72
1694722342849 2.355734113728763 73
1694722343227 2.355523343766142 74
1694722343611 2.355312613300017 75
1694722343898 2.355101920451413 76
1694722344276 2.3548912637853614 77
1694722344632 2.3546806422057314 78
1694722345040 2.354470054874936 79
1694722345363 2.35425950115269 80
1694722345687 2.3540489805492517 81
1694722346027 2.3538384926897664 82
1694722346385 2.353628037287043 83
1694722346759 2.3534176141207843 84
1694722347087 2.353207223021739 85
1694722347476 2.352996863859609 86
1694722347795 2.35278653653382 87
1694722348081 2.3525762409664774 88
1694722348439 2.352365977096998 89
1694722348751 2.3521557448780026 90
1694722349027 2.351945544272194 91
1694722349352 2.3517353752499632 92
1694722349731 2.3515252377875715 93
1694722350051 2.351315131865759 94
1694722350392 2.351105057468683 95
1694722350704 2.350895014583109 96
1694722350982 2.350685003197792 97
1694722351284 2.3504750233030083 98
1694722351656 2.3502650748901925 99
1694722352048 2.3500551579516626 100
1694722352462 2.349845272480414 101
1694722352817 2.3496354184699566 102
1694722353131 2.349425595914194 103
1694722353454 2.3492158048073306 104
1694722353851 2.3490060451438 105
1694722354194 2.3487963169182113 106
1694722354605 2.348586620125308 107
1694722354963 2.3483769547599342 108
1694722355338 2.348167320817015 109
1694722355752 2.347957718291533 110
1694722356099 2.3477481471785184 111
1694722356479 2.347538607473036 112
1694722356839 2.347329099170177 113
1694722357182 2.3471196222650557 114
1694722357499 2.346910176752799 115
1694722357824 2.34670076262855 116
1694722358092 2.346491379887458 117
1694722358349 2.346282028524682 118
1694722358655 2.3460727085353876 119
1694722359000 2.3458634199147426 120
1694722359347 2.34565416265792 121
1694722359732 2.345444936760097 122
1694722360042 2.345235742216451 123
1694722360342 2.345026579022164 124
1694722360655 2.344817447172417 125
1694722360990 2.344608346662395 126
1694722361368 2.344399277487283 127
1694722361706 2.3441902396422685 128
1694722362028 2.343981233122538 129
1694722362438 2.3437722579232814 130
1694722362783 2.343563314039687 131
1694722363061 2.3433544014669474 132
1694722363358 2.3431455202002525 133
1694722363735 2.3429366702347956 134
1694722364041 2.34272785156577 135
1694722364413 2.3425190641883686 136
1694722364945 2.342310308097788 137
1694722365303 2.342101583289223 138
1694722365645 2.34189288975787 139
1694722366048 2.3416842274989262 140
1694722366408 2.34147559650759 141
1694722366792 2.34126699677906 142
1694722367157 2.341058428308535 143
1694722367513 2.3408498910912168 144
1694722367844 2.340641385122306 145
1694722368197 2.3404329103970043 146
1694722368540 2.3402244669105134 147
1694722368873 2.3400160546580384 148
1694722369191 2.3398076736347826 149
1694722369539 2.339599323835951 150
1694722369852 2.3393910052567497 151
1694722370158 2.3391827178923843 152
1694722370510 2.338974461738063 153
1694722370896 2.3387662367889934 154
1694722371216 2.3385580430403845 155
1694722371568 2.3383498804874456 156
1694722371898 2.338141749125387 157
1694722372209 2.33793364894942 158
1694722372653 2.3377255799547556 159
1694722373026 2.3375175421366072 160
1694722373312 2.337309535490189 161
1694722373669 2.3371015600107126 162
1694722374007 2.3368936156933953 163
1694722374400 2.336685702533452 164
1694722374778 2.3364778205260985 165
1694722375158 2.336269969666553 166
1694722375516 2.3360621499500325 167
1694722375871 2.3358543613717555 168
1694722376178 2.3356466039269423 169
1694722376536 2.3354388776108133 170
1694722376928 2.3352311824185885 171
1694722377227 2.33502351834549 172
1694722377682 2.334815885386741 173
1694722378058 2.334608283537564 174
1694722378340 2.334400712793183 175
1694722378676 2.3341931731488232 176
1694722379068 2.33398566459971 177
1694722379374 2.33377818714107 178
1694722379734 2.3335707407681294 179
1694722380112 2.3333633254761166 180
1694722380360 2.3331559412602605 181
1694722380667 2.33294858811579 182
1694722380984 2.332741266037935 183
1694722381335 2.332533975021927 184
1694722381705 2.332326715062998 185
1694722382178 2.3321194861563788 186
1694722382584 2.3319122882973033 187
1694722382924 2.331705121481007 188
1694722383257 2.331497985702722 189
1694722383668 2.3312908809576847 190
1694722383983 2.3310838072411326 191
1694722384341 2.330876764548301 192
1694722384681 2.330669752874428 193
1694722385107 2.3304627722147524 194
1694722385523 2.330255822564513 195
1694722385877 2.33004890391895 196
1694722386228 2.3298420162733047 197
1694722386508 2.3296351596228178 198
1694722386927 2.3294283339627317 199
1694722387276 2.3292215392882905 200
1694722387640 2.3290147755947355 201
1694722388035 2.3288080428773137 202
1694722388347 2.32860134113127 203
1694722388593 2.328394670351849 204
1694722388972 2.3281880305342986 205
1694722389344 2.3279814216738663 206
1694722389648 2.3277748437658 207
1694722389968 2.3275682968053504 208
1694722390278 2.3273617807877645 209
1694722390599 2.327155295708295 210
1694722390976 2.3269488415621926 211
1694722391336 2.3267424183447094 212
1694722391683 2.326536026051099 213
1694722392029 2.326329664676613 214
1694722392384 2.326123334216509 215
1694722392719 2.325917034666039 216
1694722393079 2.3257107660204612 217
1694722393386 2.32550452827503 218
1694722393726 2.325298321425005 219
1694722394033 2.3250921454656432 220
1694722394372 2.3248860003922034 221
1694722394713 2.3246798861999456 222
1694722395044 2.3244738028841305 223
1694722395360 2.3242677504400184 224
1694722395679 2.324061728862872 225
1694722396092 2.3238557381479543 226
1694722396429 2.323649778290527 227
1694722396915 2.323443849285857 228
1694722397286 2.3232379511292067 229
1694722397707 2.3230320838158436 230
1694722398141 2.3228262473410326 231
1694722398529 2.3226204417000424 232
1694722398882 2.32241466688814 233
1694722399246 2.322208922900595 234
1694722399547 2.322003209732676 235
1694722399879 2.321797527379653 236
1694722400267 2.321591875836798 237
1694722400606 2.3213862550993825 238
1694722400954 2.321180665162678 239
1694722401330 2.320975106021959 240
1694722401600 2.3207695776724995 241
1694722401911 2.320564080109573 242
1694722402258 2.3203586133284557 243
1694722402664 2.3201531773244244 244
1694722403035 2.3199477720927555 245
1694722403360 2.3197423976287266 246
1694722403691 2.3195370539276166 247
1694722404046 2.3193317409847043 248
1694722404432 2.31912645879527 249
1694722404748 2.3189212073545953 250
1694722405093 2.3187159866579603 251
1694722405457 2.3185107967006484 252
1694722405792 2.3183056374779416 253
1694722406150 2.318100508985124 254
1694722406482 2.3178954112174814 255
1694722406874 2.3176903441702974 256
1694722407254 2.3174853078388584 257
1694722407565 2.3172803022184514 258
1694722407890 2.3170753273043636 259
1694722408218 2.316870383091884 260
1694722408492 2.3166654695763023 261
1694722408807 2.3164605867529056 262
1694722409205 2.316255734616987 263
1694722409528 2.316050913163836 264
1694722409918 2.315846122388746 265
1694722410380 2.3156413622870087 266
1694722410682 2.315436632853919 267
1694722411012 2.3152319340847693 268
1694722411380 2.315027265974857 269
1694722411723 2.3148226285194755 270
1694722412059 2.3146180217139225 271
1694722412513 2.3144134455534955 272
1694722412788 2.3142089000334916 273
1694722413123 2.31400438514921 274
1694722413461 2.3137999008959516 275
1694722413729 2.313595447269014 276
1694722414048 2.3133910242637006 277
1694722414405 2.313186631875312 278
1694722414761 2.312982270099151 279
1694722415085 2.31277793893052 280
1694722415458 2.3125736383647246 281
1694722415788 2.3123693683970683 282
1694722416121 2.3121651290228575 283
1694722416461 2.3119609202373974 284
1694722416741 2.311756742035996 285
1694722417127 2.311552594413961 286
1694722417481 2.3113484773666 287
1694722417784 2.3111443908892233 288
1694722418118 2.31094033497714 289
1694722418453 2.3107363096256615 290
1694722418759 2.3105323148300987 291
1694722419148 2.3103283505857646 292
1694722419498 2.310124416887971 293
1694722419789 2.309920513732033 294
1694722420086 2.3097166411132637 295
1694722420419 2.3095127990269795 296
1694722420737 2.3093089874684964 297
1694722421055 2.3091052064331294 298
1694722421425 2.308901455916198 299
1694722421837 2.3086977359130194 300
1694722422177 2.3084940464189128 301
1694722422602 2.3082903874291976 302
1694722422941 2.3080867589391945 303
1694722423282 2.3078831609442245 304
1694722423613 2.3076795934396093 305
1694722424022 2.3074760564206724 306
1694722424398 2.307272549882736 307
1694722424720 2.307069073821126 308
1694722425058 2.3068656282311655 309
1694722425445 2.3066622131081815 310
1694722425798 2.306458828447499 311
1694722426148 2.306255474244446 312
1694722426571 2.306052150494351 313
1694722426986 2.3058488571925415 314
1694722427394 2.3056455943343472 315
1694722427789 2.3054423619150985 316
1694722428126 2.305239159930126 317
1694722428480 2.305035988374761 318
1694722428814 2.3048328472443362 319
1694722429107 2.3046297365341855 320
1694722429435 2.304426656239641 321
1694722429764 2.3042236063560386 322
1694722430095 2.3040205868787127 323
1694722430450 2.3038175978030004 324
1694722430884 2.303614639124238 325
1694722431204 2.303411710837763 326
1694722431518 2.3032088129389128 327
1694722431856 2.3030059454230276 328
1694722432205 2.302803108285447 329
1694722432664 2.3026003015215117 330
1694722433055 2.3023975251265623 331
1694722433448 2.3021947790959407 332
1694722433747 2.3019920634249904 333
1694722434082 2.301789378109054 334
1694722434490 2.301586723143477 335
1694722434792 2.3013840985236036 336
1694722435117 2.3011815042447785 337
1694722435549 2.3009789403023495 338
1694722436013 2.300776406691663 339
1694722436318 2.300573903408068 340
1694722436658 2.300371430446912 341
1694722436946 2.300168987803545 342
1694722437212 2.2999665754733165 343
1694722437525 2.299764193451578 344
1694722437866 2.2995618417336816 345
1694722438186 2.299359520314978 346
1694722438511 2.2991572291908224 347
1694722438809 2.2989549683565667 348
1694722439140 2.298752737807567 349
1694722439456 2.2985505375391773 350
1694722439749 2.2983483675467546 351
1694722440150 2.2981462278256557 352
1694722440486 2.2979441183712375 353
1694722440775 2.2977420391788583 354
1694722441083 2.2975399902438776 355
1694722441418 2.2973379715616553 356
1694722441753 2.297135983127551 357
1694722442116 2.2969340249369266 358
1694722442569 2.296732096985144 359
1694722442874 2.296530199267566 360
1694722443209 2.296328331779556 361
1694722443569 2.2961264945164777 362
1694722443876 2.2959246874736965 363
1694722444251 2.2957229106465777 364
1694722444710 2.2955211640304887 365
1694722444998 2.295319447620795 366
1694722445310 2.2951177614128655 367
1694722445682 2.2949161054020695 368
1694722446018 2.294714479583774 369
1694722446402 2.294512883953352 370
1694722446751 2.2943113185061716 371
1694722447107 2.2941097832376056 372
1694722447456 2.293908278143027 373
1694722447787 2.2937068032178076 374
1694722448092 2.2935053584573226 375
1694722448409 2.2933039438569445 376
1694722448720 2.2931025594120498 377
1694722449000 2.292901205118014 378
1694722449369 2.2926998809702144 379
1694722449689 2.292498586964028 380
1694722450020 2.292297323094833 381
1694722450369 2.292096089358009 382
1694722450746 2.2918948857489347 383
1694722451019 2.291693712262991 384
1694722451306 2.2914925688955576 385
1694722451690 2.2912914556420185 386
1694722451976 2.2910903724977554 387
1694722452342 2.290889319458152 388
1694722452750 2.2906882965185913 389
1694722453088 2.2904873036744586 390
1694722453431 2.2902863409211394 391
1694722453792 2.2900854082540203 392
1694722454141 2.2898845056684887 393
1694722454505 2.289683633159931 394
1694722454827 2.2894827907237367 395
1694722455140 2.2892819783552936 396
1694722455508 2.2890811960499935 397
1694722455822 2.288880443803227 398
1694722456181 2.288679721610383 399
1694722456546 2.288479029466856 400
1694722456907 2.288278367368039 401
1694722457256 2.288077735309324 402
1694722457606 2.2878771332861065 403
1694722457924 2.287676561293781 404
1694722458252 2.2874760193277432 405
1694722458618 2.2872755073833897 406
1694722458946 2.2870750254561187 407
1694722459288 2.286874573541327 408
1694722459639 2.286674151634414 409
1694722459948 2.2864737597307783 410
1694722460313 2.286273397825821 411
1694722460678 2.286073065914942 412
1694722460993 2.2858727639935448 413
1694722461285 2.2856724920570297 414
1694722461610 2.285472250100801 415
1694722461896 2.2852720381202625 416
1694722462168 2.2850718561108176 417
1694722462578 2.2848717040678737 418
1694722462908 2.284671581986835 419
1694722463338 2.284471489863109 420
1694722463693 2.284271427692103 421
1694722464014 2.2840713954692253 422
1694722464411 2.283871393189885 423
1694722464741 2.2836714208494913 424
1694722465036 2.283471478443455 425
1694722465347 2.2832715659671874 426
1694722465697 2.2830716834161002 427
1694722466057 2.2828718307856057 428
1694722466404 2.2826720080711183 429
1694722466775 2.2824722152680503 430
1694722467098 2.2822724523718176 431
1694722467419 2.2820727193778363 432
1694722467772 2.2818730162815206 433
1694722468107 2.2816733430782903 434
1694722468443 2.2814736997635605 435
1694722468771 2.281274086332751 436
1694722469154 2.2810745027812813 437
1694722469502 2.28087494910457 438
1694722469853 2.2806754252980386 439
1694722470220 2.2804759313571084 440
1694722470536 2.280276467277201 441
1694722470861 2.28007703305374 442
1694722471175 2.279877628682148 443
1694722471516 2.27967825415785 444
1694722471878 2.279478909476271 445
1694722472220 2.279279594632836 446
1694722472711 2.279080309622972 447
1694722472990 2.278881054442106 448
1694722473261 2.2786818290856665 449
1694722473567 2.2784826335490815 450
1694722473932 2.2782834678277797 451
1694722474273 2.2780843319171926 452
1694722474586 2.27788522581275 453
1694722474968 2.2776861495098837 454
1694722475220 2.277487103004026 455
1694722475522 2.2772880862906097 456
1694722475837 2.2770890993650696 457
1694722476189 2.2768901422228387 458
1694722476566 2.2766912148593526 459
1694722476905 2.2764923172700473 460
1694722477217 2.2762934494503595 461
1694722477635 2.276094611395726 462
1694722477989 2.275895803101586 463
1694722478260 2.2756970245633776 464
1694722478598 2.2754982757765396 465
1694722478956 2.2752995567365137 466
1694722479213 2.2751008674387396 467
1694722479542 2.2749022078786596 468
1694722479902 2.2747035780517164 469
1694722480253 2.2745049779533524 470
1694722480609 2.274306407579012 471
1694722480979 2.2741078669241395 472
1694722481289 2.273909355984181 473
1694722481652 2.2737108747545807 474
1694722482029 2.2735124232307875 475
1694722482322 2.2733140014082474 476
1694722482728 2.273115609282409 477
1694722483071 2.2729172468487215 478
1694722483406 2.2727189141026347 479
1694722483758 2.2725206110395986 480
1694722484128 2.2723223376550643 481
1694722484522 2.272124093944483 482
1694722484849 2.271925879903309 483
1694722485122 2.2717276955269945 484
1694722485435 2.2715295408109926 485
1694722485796 2.2713314157507605 486
1694722486104 2.2711333203417503 487
1694722486465 2.270935254579421 488
1694722486850 2.2707372184592285 489
1694722487131 2.2705392119766303 490
1694722487447 2.270341235127084 491
1694722487850 2.27014328790605 492
1694722488131 2.269945370308988 493
1694722488428 2.2697474823313573 494
1694722488782 2.2695496239686195 495
1694722489168 2.2693517952162376 496
1694722489634 2.269153996069673 497
1694722490221 2.2689562265243897 498
1694722490493 2.268758486575851 499
