1694726498399 0.026567581349125062 0
1694726498781 0.7024087215681714 1
1694726499053 2.8169117274950817 2
1694726499306 2.596646621417502 3
1694726499681 0.4867866775676823 4
1694726499990 1.9724582162756052 5
1694726500270 2.0383091848743327 6
1694726500513 0.02728916863155776 7
1694726500770 0.02854255422849386 8
1694726501084 0.331027272880856 9
1694726501309 0.9150398585607994 10
1694726501527 0.028541899685664746 11
1694726501852 1.0741615718179043 12
1694726502166 2.027494742436215 13
1694726502412 0.3997454738145117 14
1694726502643 21.66999004571475 15
1694726502900 0.6071243096279786 16
1694726503202 1.8670304632945676 17
1694726503442 0.9918222587340815 18
1694726503677 0.07163304593748973 19
1694726503943 0.15146344001304543 20
1694726504178 0.0061157333282174 21
1694726504483 0.5138816497804043 22
1694726504801 0.08215849261058726 23
1694726505126 0.16215703634916248 24
1694726505482 2.456558646771839 25
1694726505792 2.0801409566103266 26
1694726506092 1.5213447195374041 27
1694726506377 0.39121109136116566 28
1694726506611 1.094329907374142 29
1694726506879 0.8790450039486638 30
1694726507193 0.08560242921447697 31
1694726507554 0.2326560123022997 32
1694726507935 2.07299180749715 33
1694726508234 3.069591952044896 34
1694726508476 5.786557475426401 35
1694726508744 0.08582454314072883 36
1694726509038 0.025015243960566372 37
1694726509345 0.16721225172545812 38
1694726509569 0.0042103842362730005 39
1694726509816 2.3286433362599386 40
1694726510123 0.2951042438477322 41
1694726510430 0.38308296594942287 42
1694726510638 2.5357360061603 43
1694726510879 1.1869518706926636 44
1694726511167 0.04837773507256006 45
1694726511491 0.26612782959747117 46
1694726511815 0.1623676945658386 47
1694726512192 0.0016563647322714748 48
1694726512507 0.3982715256707218 49
1694726512744 0.28834968772417774 50
1694726513051 0.48648897533271496 51
1694726513291 0.008325448665455159 52
1694726513548 1.274900189230306 53
1694726513796 0.015302008160989318 54
1694726514042 6.8023042367063535 55
1694726514371 2.7818796851608596 56
1694726514632 0.124966019636339 57
1694726514861 1.2105740177064428 58
1694726515093 0.5880573115238844 59
1694726515322 1.646771821128349 60
1694726515556 8.965906258794723 61
1694726515881 0.09213781148913537 62
1694726516207 9.823929210533807 63
1694726516556 0.3350794535973403 64
1694726516853 0.4174833364259637 65
1694726517097 0.7455778740389051 66
1694726517339 0.0019782331553527053 67
1694726517625 1.1864327888986548 68
1694726517912 1.7074825288676976 69
1694726518200 1.2364887798373174 70
1694726518490 0.3547659921069543 71
1694726518798 1.50663025098424 72
1694726519026 0.2904572818722149 73
1694726519289 0.07315936047285715 74
1694726519598 0.03892985204936319 75
1694726519859 0.35842354696321593 76
1694726520096 0.19293131413474043 77
1694726520307 6.068947240038413 78
1694726520579 19.417280082830697 79
1694726520824 0.11459778723878548 80
1694726521174 0.8869455912999112 81
1694726521433 3.364046338502706 82
1694726521673 1.2900462591353823 83
1694726521891 1.7953342799376415 84
1694726522140 5.521558901920244 85
1694726522372 1.0431922058357317 86
1694726522737 6.075429848926973 87
1694726523086 0.025335390407895467 88
1694726523444 0.06272862349372792 89
1694726523741 0.020818985153301224 90
1694726524030 0.7872046356093365 91
1694726524338 5.227294567552131 92
1694726524661 0.3131439719814969 93
1694726524956 1.7672427809897087 94
1694726525288 0.03195895613776046 95
1694726525619 0.5645110243130134 96
1694726525933 13.811331077631392 97
1694726526284 2.783459479410083 98
1694726526597 3.178502938876475 99
1694726526926 5.788813463111937 100
1694726527257 8.989089795142137 101
1694726527724 0.6998987336685482 102
1694726527969 1.025475331449372 103
1694726528238 3.1638923722879113 104
1694726528578 0.588240261230482 105
1694726528884 5.244336843161477 106
1694726529258 0.30003023736628043 107
1694726529995 4.347496515882798 108
1694726530304 0.3928763157311665 109
1694726530590 1.8649293921544283 110
1694726530870 11.648761546652649 111
1694726531080 0.610098129008624 112
1694726531329 0.750389164926589 113
1694726531604 0.04952107796558245 114
1694726531894 0.011881938678722854 115
1694726532192 10.545123897886372 116
1694726532500 0.2644654693130441 117
1694726532820 0.05651892824335744 118
1694726533138 0.04082272443033449 119
1694726533466 0.0010784669436108018 120
1694726533761 2.965021547651115 121
1694726534026 0.22026760334656922 122
1694726534332 4.230176154552171 123
1694726534600 15.006253111803975 124
1694726534861 2.528716557448985 125
1694726535104 3.4211144549480905 126
1694726535360 0.7841056897974139 127
1694726535631 0.6100297022994128 128
1694726535929 0.2331502323088258 129
1694726536133 0.23037859700234606 130
1694726536396 0.3449618735551582 131
1694726536783 0.7205193406914814 132
1694726537183 0.24387687756526658 133
1694726537474 0.027915663453419323 134
1694726537803 0.8774883238106892 135
1694726538084 0.20268345524113077 136
1694726538316 13.014480161420268 137
1694726538550 5.295478036044218 138
1694726538940 0.3314972102453731 139
1694726539205 5.733695640369679 140
1694726539487 2.1425556912109704 141
1694726539851 1.9793878298595307 142
1694726540126 0.42981540291820225 143
1694726540370 2.607342756194887 144
1694726540674 0.912629663595203 145
1694726541011 9.598153315776067 146
1694726541360 5.723791130160732 147
1694726541674 2.245673171388614 148
1694726542043 0.9701484601551195 149
1694726542280 0.30549326871381477 150
1694726542565 2.174612137795849 151
1694726542902 7.456259650828171 152
1694726543163 1.2631344264828597 153
1694726543462 0.4066941765353202 154
1694726543734 4.817606658429191 155
1694726544036 0.483063158638937 156
1694726544275 0.009904852721490073 157
1694726544549 0.010521938151738953 158
1694726544863 1.1671145352746424 159
1694726545184 0.3541717884590867 160
1694726545433 0.04103821894641478 161
1694726545794 7.524384461845148 162
1694726546049 0.43132928934236164 163
1694726546326 4.166677547497494 164
1694726546704 1.2540613825005817 165
1694726547016 1.9557141710366857 166
1694726547359 0.8400033697625126 167
1694726547751 17.915303636772315 168
1694726548105 0.4905748870696784 169
1694726548370 2.2595119026398294 170
1694726548600 4.3929825106094595 171
1694726548923 0.08622153649231025 172
1694726549218 0.26563985229135173 173
1694726549504 0.07810400912075635 174
1694726549831 3.003681144299189 175
1694726550173 10.407831902880485 176
1694726550439 2.0713768343419425 177
1694726550757 14.593989808228532 178
1694726551084 5.453471465964242 179
1694726551357 0.002322288190782528 180
1694726551629 0.13601851301252899 181
1694726551944 0.5259925652526138 182
1694726552297 0.42580578592420937 183
1694726552523 0.38833167163430743 184
1694726552757 1.384199890712953 185
1694726553049 0.01059938086404831 186
1694726553353 20.094300345976873 187
1694726553660 0.282141944005191 188
1694726553976 1.132937955180255 189
1694726554294 0.33426857563127815 190
1694726554645 0.09143008633612647 191
1694726554967 5.290880576867534 192
1694726555289 0.00022834891014491374 193
1694726555602 0.03221823860139632 194
1694726556002 0.38407518929845075 195
1694726556321 0.6125854608886752 196
1694726556574 6.485028245188685 197
1694726556873 1.289735674487747 198
1694726557199 1.0591315659905463 199
1694726557540 5.993742595105744 200
1694726557852 1.3454473711927113 201
1694726558172 0.06644474645035012 202
1694726558474 0.8431420495945701 203
1694726558715 2.5554939634241505 204
1694726559044 0.11460031675292151 205
1694726559378 1.5120774701431605 206
1694726559649 2.1224080806502985 207
1694726559991 0.9861145422660894 208
1694726560406 0.1515206446011531 209
1694726560676 0.691455488577543 210
1694726560955 0.08914719732789232 211
1694726561408 0.04812722750426138 212
1694726561696 2.4752173252685727 213
1694726562009 30.093649619141324 214
1694726562326 3.9615448200157974 215
1694726562587 0.06334123700569519 216
1694726562845 7.9741349880357 217
1694726563090 2.5210853005382687 218
1694726563462 3.2954163691937572 219
1694726563738 0.047436605097927666 220
1694726564053 0.3062045696066672 221
1694726564572 3.0397685180252134 222
1694726564916 0.8458438233291488 223
1694726565206 1.381610751450088 224
1694726565562 1.607485290858951 225
1694726565890 2.3825134454166674 226
1694726566129 1.8203401964178099 227
1694726566443 5.210746426941963 228
1694726566723 2.908755855809666 229
1694726567049 1.8035271697280013 230
1694726567440 0.2876575981626266 231
1694726567814 1.7345488952897123 232
1694726568144 2.7725533729773164 233
1694726568455 0.018556843660971222 234
1694726568765 0.007698420011865936 235
1694726569021 6.478662369840474 236
1694726569265 0.4183559322223273 237
1694726569512 2.4992037572887966 238
1694726569820 6.813051483421359 239
1694726570163 0.7276048443008348 240
1694726570520 0.2148081350385347 241
1694726570822 1.3840043838792937 242
1694726571072 0.3656551036600487 243
1694726571367 0.001080623195680814 244
1694726571683 0.27213246881337794 245
1694726571942 0.005010695246569296 246
1694726572303 1.830690652498469 247
1694726572617 0.01460752470857102 248
1694726572910 1.5552751489435797 249
1694726573221 0.28575201604458783 250
1694726573542 0.1084201061918212 251
1694726573857 0.749352351051886 252
1694726574128 0.4233328537544704 253
1694726574507 1.5259139097078005 254
1694726574824 4.526587015309531 255
1694726575118 1.8755023085432867 256
1694726575442 1.7929804147624122 257
1694726575836 0.7319503860843461 258
1694726576067 7.804044902316991 259
1694726576362 3.9840193741508267 260
1694726576716 9.442301876881318 261
1694726576994 0.10931826618635067 262
1694726577314 0.021341145899300886 263
1694726577684 0.8247340164757232 264
1694726577964 0.3802427855995235 265
1694726578211 8.74107099228277 266
1694726578467 0.31156770227245667 267
1694726578783 0.06748034111466145 268
1694726579100 1.2841640555088651 269
1694726579427 3.0050460391303098 270
1694726579728 0.0985874281547638 271
1694726580028 4.111615036737887 272
1694726580365 4.196462694008645 273
1694726580689 1.1370726400812794 274
1694726580970 0.36784900436873047 275
1694726581299 0.09023186243898648 276
1694726581626 0.20812264071284856 277
1694726581917 2.8867945717080254 278
1694726582157 1.9247166909155757 279
1694726582437 3.5271378261514097 280
1694726582684 10.566957415817912 281
1694726583008 1.7651908692291782 282
1694726583387 5.102322256478432 283
1694726583742 1.9772225693121273 284
1694726584044 0.4975017383784213 285
1694726584313 1.7252673155191942 286
1694726584571 2.51394913725643 287
1694726584823 2.2353585236435918 288
1694726585092 0.4962204225525494 289
1694726585530 0.7071030578574585 290
1694726586016 0.09358853284353658 291
1694726586297 0.8483220125878672 292
1694726586626 1.0251170934863874 293
1694726586975 1.48204093980933e-05 294
1694726587288 5.298553685870912 295
1694726587719 1.5452344820135906 296
1694726588104 3.233996852840779 297
1694726588344 5.053956722924289 298
1694726588597 0.03169137406547006 299
1694726588929 0.6811171911955455 300
1694726589242 5.02742696059538 301
1694726589531 0.2011876539108755 302
1694726589856 9.137966971061172 303
1694726590237 1.4620980140481727 304
1694726590483 0.6296646974831471 305
1694726590706 1.1038159646159122 306
1694726590942 0.3402317283724347 307
1694726591197 1.7859111453009686 308
1694726591428 2.6212452888167084 309
1694726591667 0.19440336231579303 310
1694726591947 0.15500830576086816 311
1694726592275 0.055942037966332896 312
1694726592568 3.429491129196507 313
1694726592865 0.009103401489304696 314
1694726593178 9.9288465191944 315
1694726593459 0.9209362021141737 316
1694726593772 1.5681541525200202 317
1694726594112 2.59946122106319e-05 318
1694726594546 12.878046619711602 319
1694726594843 0.17692147975664518 320
1694726595168 0.11358280764373904 321
1694726595468 0.899285010156762 322
1694726595756 1.3011065527220305 323
1694726596071 0.012984163247148454 324
1694726596389 2.9260415446180756 325
1694726596673 3.883560754667171 326
1694726597071 0.5387479917416351 327
1694726597369 0.3682895054419276 328
1694726597641 1.033464097331473 329
1694726597978 2.6530583102424243 330
1694726598294 3.209749857783623 331
1694726598574 0.3717383135983368 332
1694726598894 20.778256579555137 333
1694726599300 0.09025364486476846 334
1694726599582 0.010450719704421917 335
1694726599901 1.076340198140317 336
1694726600229 5.371887946772163 337
1694726600537 0.0013165367262253707 338
1694726600767 11.677313596711 339
1694726601114 0.6004225002161732 340
1694726601490 0.26204645685395245 341
1694726601776 0.31272830100089805 342
1694726602157 2.1406163266570526 343
1694726602461 2.362450712609076 344
1694726602759 0.3115048928159439 345
1694726603073 0.1633163190717709 346
1694726603391 0.24184405462340142 347
1694726603672 3.367294117366871 348
1694726603961 1.2380923364045977 349
1694726604269 0.6356782090286327 350
1694726604605 0.01017000651492163 351
1694726604907 0.08247088064003766 352
1694726605225 0.213595849719262 353
1694726605566 0.2812341897524159 354
1694726605946 0.42408084690470654 355
1694726606254 0.02354429943041263 356
1694726606588 14.275207192755857 357
1694726606865 0.3807558042721462 358
1694726607099 0.09780594225261076 359
1694726607383 0.7617644938353011 360
1694726607787 2.755849506889336 361
1694726608158 2.242824239291856 362
1694726608478 2.2747244335921346 363
1694726608806 0.567183726079725 364
1694726609149 1.4154007191524087 365
1694726609473 0.01707599422808716 366
1694726609771 4.197963240502657 367
1694726610032 0.6378122783818608 368
1694726610373 1.1060069220919877 369
1694726610653 4.514423445083238 370
1694726610955 4.387375356161211 371
1694726611217 0.05424950616610238 372
1694726611528 5.683980436989231 373
1694726611819 2.2070931188593907 374
1694726612051 0.5138653351533674 375
1694726612367 0.015054492550147213 376
1694726612734 3.927498415502849 377
1694726613031 0.48553310092476176 378
1694726613374 1.009106568088451 379
1694726613729 21.396649147945258 380
1694726613988 4.227766278525314 381
1694726614308 0.05582867729786709 382
1694726614688 0.1870218603974074 383
1694726615029 4.67285809568094 384
1694726615339 0.021489128790217523 385
1694726615638 4.998687998681509 386
1694726615979 0.06795418864128613 387
1694726616323 3.611759465964466 388
1694726616644 0.048189868528472346 389
1694726616991 4.251073372232031 390
1694726617263 1.198553855449928 391
1694726617621 0.14424585426126574 392
1694726617905 4.2560937936052845 393
1694726618212 2.5068793769179027 394
1694726618501 0.7690060605292419 395
1694726618823 0.18228026953117 396
1694726619206 0.02279582488472377 397
1694726619567 0.6651724737886772 398
1694726619946 0.8748516452122205 399
1694726620266 3.4294323705319627 400
1694726620628 0.0013165246058684389 401
1694726620973 2.5461529824430915 402
1694726621384 12.44205848516551 403
1694726621795 0.08634763872196896 404
1694726622161 0.0011225453498270965 405
1694726622578 3.709823846453772 406
1694726622872 0.2687070135612502 407
1694726623145 0.5136198370628479 408
1694726623412 2.1057656303222108 409
1694726623737 0.13871952035248458 410
1694726623976 0.20438243462799202 411
1694726624290 0.0030077015712555006 412
1694726624622 0.08766721276466508 413
1694726624953 0.10888223916961885 414
1694726625190 0.08103465290543464 415
1694726625476 1.5432446320655646 416
1694726625922 5.19773539885949 417
1694726626293 19.39256958223234 418
1694726626847 4.705358660714544 419
1694726627133 2.8893923744980867 420
1694726627383 0.009196535091807316 421
1694726627814 0.1333250153669249 422
1694726628235 0.27956997348392715 423
1694726628541 3.1267618607754386 424
1694726628873 0.19123032664825781 425
1694726629173 1.6527958378041918 426
1694726629487 0.032497908170792615 427
1694726629791 0.7801193084531285 428
1694726630124 0.3292579958811553 429
1694726630492 0.3227290775894075 430
1694726630788 4.736805430171866 431
1694726631073 0.28374177009940726 432
1694726631351 0.15431273450492655 433
1694726631671 0.2709158375538536 434
1694726631992 0.003956865480449725 435
1694726632284 2.512619154422157 436
1694726632578 11.82576032975084 437
1694726632905 4.278475342852192 438
1694726633217 11.435593410362568 439
1694726633461 0.29081027533239945 440
1694726633694 0.006839430787933551 441
1694726633951 0.9684265246195602 442
1694726634247 1.1950628855507541 443
1694726634578 0.6698538626396852 444
1694726634967 0.1115999861213764 445
1694726635255 0.00021854290317158427 446
1694726635588 5.995624515111398 447
1694726635980 1.7444956112225312 448
1694726636294 1.7747969188389487 449
1694726636618 0.9209580420814615 450
1694726636977 7.339801018383572 451
1694726637290 1.6014829283468857 452
1694726637641 6.488364894157951 453
1694726637882 0.9265893210389602 454
1694726638189 0.9342955400736362 455
1694726638406 0.43453854930332936 456
1694726638720 1.733779759060168 457
1694726639038 0.38751892072973326 458
1694726639382 0.42896457536523525 459
1694726639671 0.050564136056853774 460
1694726639992 0.0233386914273821 461
1694726640308 0.2171653881992255 462
1694726640578 0.0729931354751042 463
1694726640924 0.13809470238823743 464
1694726641249 0.18373028026995114 465
1694726641572 2.1534977353096787 466
1694726642009 0.36592181184312417 467
1694726642321 9.298990710935948 468
