1694724580487 6.325020285418044 0
1694724580812 4.981949605159567 1
1694724581074 1.0530935178269767 2
1694724581439 2.2148937083198557 3
1694724581745 3.559251099531455 4
1694724582067 0.0001895616500568154 5
1694724582363 4.549218750653827 6
1694724582690 1.9200046478925548 7
1694724582969 0.9570700227168839 8
1694724583351 1.3273765479816695 9
1694724583691 0.35509095032186766 10
1694724583927 14.760437883939636 11
1694724584301 0.5939646021306512 12
1694724584613 4.852846803312347 13
1694724584868 0.6250656624265833 14
1694724585127 0.16479046070712822 15
1694724585452 2.827235873788224 16
1694724585838 1.392986588020146 17
1694724586148 1.2061965316639063 18
1694724586479 25.909458939576087 19
1694724586789 11.465299543300134 20
1694724587018 11.285267610576966 21
1694724587352 18.328136461151445 22
1694724587682 0.0003395389285318837 23
1694724588015 1.6155587094608375 24
1694724588332 14.008729073479094 25
1694724588765 0.15186198231592848 26
1694724589085 1.8487600956018526 27
1694724590463 1.3969361569410808 28
1694724590781 0.5675144522536192 29
1694724591044 0.057558630657501164 30
1694724591325 7.473924646552262 31
1694724591640 13.221376108796727 32
1694724591942 0.0067594892812135494 33
1694724592245 5.025709770146747 34
1694724592624 1.1699911901323548 35
1694724592916 9.113149050296085 36
1694724593149 20.30841385384957 37
1694724593475 0.30266079553328024 38
1694724593781 5.99143531875442 39
1694724594057 0.11949314788331301 40
1694724594435 2.035170942272522 41
1694724594783 1.3771989162516398 42
1694724595071 1.4959093298215023 43
1694724595350 10.101787952685102 44
1694724595684 1.4477544909025444 45
1694724596030 12.597321721609498 46
1694724596281 1.4051081953544686 47
1694724596611 2.164404134562787 48
1694724596963 0.62628009555092 49
1694724597333 1.1582360241887077 50
1694724597694 1.3447854513734738 51
1694724598006 0.6803206097067949 52
1694724598303 11.200387165925468 53
1694724598608 1.8489091714712618 54
1694724598889 0.3845769125352057 55
1694724599197 10.667726295108507 56
1694724599497 2.3898900782305224 57
1694724599830 3.660382512782531 58
1694724600144 2.835835032274708 59
1694724600457 9.43815444278652 60
1694724600769 0.32000559574701554 61
1694724601101 4.927106535635625 62
1694724601434 3.931181283466673 63
1694724601750 0.9258442731866462 64
1694724602079 2.6378152540769433 65
1694724602318 0.015740986140014093 66
1694724602592 3.5602773212206675 67
1694724602907 2.120014492848567 68
1694724603206 2.790284571322314 69
1694724603455 1.551630012968805 70
1694724603820 0.10856509337857638 71
1694724604165 6.615550580365713 72
1694724604443 0.9651304815181443 73
1694724604681 0.0029895113251966797 74
1694724604987 0.3064409186161193 75
1694724605283 0.6718812516752636 76
1694724605535 0.9235959205847765 77
1694724605817 0.00044896542412539595 78
1694724606175 8.549817199287054 79
1694724606436 0.001169060578943314 80
1694724606748 1.4766170563617327 81
1694724607092 4.793442671917339 82
1694724607438 4.720217519422129 83
1694724607745 8.603002979301074 84
1694724608125 0.0021976895619448622 85
1694724608433 6.08946339747527 86
1694724608739 2.0929691358304203 87
1694724609055 1.4738146973746344 88
1694724609317 14.933949728343242 89
1694724609616 0.4754431957843634 90
1694724609940 0.46925432137378725 91
1694724610304 1.8129759472268971 92
1694724610584 1.0566680726699031 93
1694724610895 0.6313001171427094 94
1694724611191 3.4421243250447096 95
1694724611466 2.8303663885561434 96
1694724611763 10.141117353731993 97
1694724612088 3.949381808242542 98
1694724612402 2.8265290979895417 99
1694724612714 0.04532101247941584 100
1694724612998 9.075627692653148 101
1694724613321 4.0029020243946265 102
1694724613564 3.176676146929149 103
1694724613863 0.14826843986628044 104
1694724614250 2.326256523839653 105
1694724614565 0.5132739617636698 106
1694724614922 0.03435974817583296 107
1694724615230 8.392555443980825e-06 108
1694724615532 0.2641302602319423 109
1694724615813 1.8533997001348983 110
1694724616119 7.691761716697883 111
1694724616440 0.23658160984090804 112
1694724616678 0.4154370820129293 113
1694724617199 11.490688066570169 114
1694724617510 0.48553742037516007 115
1694724617774 0.770946227006561 116
1694724618093 1.0260369757624306 117
1694724618415 0.5936012297773485 118
1694724618695 14.91364940972708 119
1694724619019 8.257072913453849 120
1694724619424 32.37797812081244 121
1694724619708 2.240954006430919 122
1694724619977 1.1323545582174883 123
1694724620301 23.620478366074128 124
1694724620579 3.2492535546465366 125
1694724620801 0.012041308992973603 126
1694724621082 4.7713629361596945 127
1694724621398 0.592909356256346 128
1694724621723 0.02490322835115234 129
1694724621970 0.010056708594283542 130
1694724622294 1.7261501644070434 131
1694724622617 4.398278409338793 132
1694724622867 0.06762721659371483 133
1694724623187 2.8761907356484415 134
1694724623524 1.829314646877302 135
1694724623846 13.048569183212626 136
1694724624117 8.694495996678148 137
1694724624474 53.54819311042086 138
1694724624732 0.3194435567000886 139
1694724624980 15.887767302792478 140
1694724625300 7.224778944078073 141
1694724625642 0.20067953186330906 142
1694724625951 0.48066425753043046 143
1694724626220 4.7336907870196905 144
1694724626514 4.270043806808185 145
1694724626852 2.253747482511891 146
1694724627107 4.057280145806433 147
1694724627424 0.4894870991043837 148
1694724627750 1.4441093532888059 149
1694724628018 0.02657741240818948 150
1694724628383 1.3772224509882487 151
1694724628713 1.4869665355481991 152
1694724628968 2.580327427381034 153
1694724629274 1.1466819096956442 154
1694724629590 0.44166172754961874 155
1694724629882 0.00014916332349797058 156
1694724630173 0.4472929371953319 157
1694724630545 0.365596141660879 158
1694724630863 2.3599944883602815 159
1694724631152 1.3098374377070148 160
1694724631476 5.459836809575732 161
1694724631785 0.023296979101056572 162
1694724632044 10.54658920797507 163
1694724632278 35.002028052503505 164
1694724632539 3.4023912766678737 165
1694724632900 38.06869393722446 166
1694724633185 1.594786240994854 167
1694724633459 9.000886720265528 168
1694724633765 0.003822580864305047 169
1694724634051 2.326549118667169 170
1694724634434 6.622503575465979 171
1694724634747 5.59286695437225 172
1694724635072 7.88858505266165 173
1694724635391 0.11306609872085081 174
1694724635705 6.297076799450284 175
1694724636022 37.58467028588512 176
1694724636359 0.7001136940576587 177
1694724636682 0.6088503999242298 178
1694724636952 2.6081968391562342 179
1694724637263 2.2710341239939376 180
1694724637569 3.4990002117734296 181
1694724637879 0.8199570779175557 182
1694724638164 3.889602193320366 183
1694724638486 27.248390100349916 184
1694724638801 0.6576572653828193 185
1694724639128 2.3156492298104916 186
1694724639573 4.1315778601415785 187
1694724639903 2.961439060401282 188
1694724640155 0.04743349560761249 189
1694724640491 0.10921398872623278 190
1694724640800 6.1799046081625155 191
1694724641086 2.8742891830683894 192
1694724641400 1.4315533715636988 193
1694724641782 6.080346686984256 194
1694724642036 0.00045388607373216585 195
1694724642314 5.565052180343877 196
1694724642658 3.7304408504319375 197
1694724642967 0.28410139822297037 198
1694724643256 19.641178368108907 199
1694724643668 0.534061289234189 200
1694724644033 3.323154616314586 201
1694724644395 10.535329478380042 202
1694724644734 2.4617451579267766 203
1694724645027 0.18111823982484823 204
1694724645272 0.4530210397014662 205
1694724645592 0.8773550298649783 206
1694724645974 0.7586846138930279 207
1694724646331 0.8432872132734293 208
1694724646643 0.958617464264016 209
1694724646972 0.26565112465276836 210
1694724647245 0.019030673254452016 211
1694724647489 0.08053636552416063 212
1694724647842 30.21037723309005 213
1694724648170 5.131078922748162 214
1694724648456 7.433986236488788 215
1694724648736 2.8463073961556757 216
1694724649074 2.141301737597441 217
1694724649311 0.7834615499753401 218
1694724649596 7.159333129175602 219
1694724649941 0.026251653484447388 220
1694724650249 7.754676326087785 221
1694724650593 7.427823439651367 222
1694724650907 3.353158144192686 223
1694724651228 1.537762329156112 224
1694724651520 4.102175517042821 225
1694724651833 8.776523044520667 226
1694724652137 0.3802965989166718 227
1694724652410 0.37316874058465144 228
1694724652770 0.08914049908401857 229
1694724653101 0.5377579140308354 230
1694724653641 3.405181744064481 231
1694724654065 17.721725875529273 232
1694724654401 6.001698099398537 233
1694724654712 3.173673396548632 234
1694724655077 4.906003630605205 235
1694724655335 7.263992824703208 236
1694724655616 2.288172332420383 237
1694724655960 0.8129741615499066 238
1694724656298 0.4236014624623767 239
1694724656605 5.4534839238455985 240
1694724656923 1.4293461317512328 241
1694724657313 21.514073015253903 242
1694724657548 2.891265264360127 243
1694724657837 2.821863917719266 244
1694724658151 0.11079385656375855 245
1694724658457 1.8877936946262595 246
1694724658770 5.321071515781137 247
1694724659011 0.30553229100301915 248
1694724659309 23.375540446449598 249
1694724659607 3.286785740843147 250
1694724659848 0.10628057952103676 251
1694724660151 3.0340162967705493 252
1694724660427 2.7721838982098106 253
1694724660735 11.305274657966729 254
1694724661042 1.3109405116892632 255
1694724661418 1.6279285567567816 256
1694724661781 0.6798987513705397 257
1694724662096 0.7635515739752119 258
1694724662377 10.689468444598319 259
1694724662697 0.3162514740735575 260
1694724663018 22.397140407337066 261
1694724663329 19.133770685550346 262
1694724663594 7.201673415664255 263
1694724663917 0.9227513324318571 264
1694724664247 6.012914439283458 265
1694724664584 0.005909362557026512 266
1694724664825 1.114907974746823 267
1694724665070 0.8801011564524815 268
1694724665310 0.004328962939110902 269
1694724665554 0.09646652703032167 270
1694724665880 4.8277116453431335 271
1694724666250 0.3598216363685509 272
1694724666493 5.194120629762733 273
1694724666785 7.945258851302497 274
1694724667082 1.1780411582545993 275
1694724667370 0.00013819494088105857 276
1694724667592 4.670091157470698 277
1694724667891 0.005081786182725526 278
1694724668183 1.6860247519048523 279
1694724668528 0.17903963668764022 280
1694724668865 0.2329055961427362 281
1694724669189 0.05926314205289626 282
1694724669478 3.1564361294466314 283
1694724669725 4.537564657502003 284
1694724670036 4.676235981625247 285
1694724670356 1.209734231581298 286
1694724670702 27.93384849365273 287
1694724671033 2.0999704285758822 288
1694724671342 2.559794373062194 289
1694724671591 4.831296796458284 290
1694724671888 0.3582188963457773 291
1694724672211 0.641232263913085 292
1694724672513 8.228137031117647 293
1694724672785 0.0005734958170955935 294
1694724673121 0.09908432008657814 295
1694724673438 10.907427284229763 296
1694724673653 13.403658049478926 297
1694724673862 0.8235899982352448 298
1694724674102 5.66169771463045 299
1694724674449 10.998567100602811 300
1694724674682 0.9317395159163755 301
1694724675034 3.5341495559291984 302
1694724675368 0.05229620718488443 303
1694724675653 20.53905972948947 304
1694724675991 1.2176078382967133 305
1694724676332 0.6076795177337314 306
1694724676615 8.242527632374014 307
1694724676978 12.383655338367557 308
1694724677337 7.039509724117503 309
1694724677630 8.342616255478939 310
1694724677917 2.228671889754926 311
1694724678234 0.13301194404991032 312
1694724678557 5.4801092989262 313
1694724678823 5.15996476488021 314
1694724679106 18.492699510021982 315
1694724679405 0.3167477588029686 316
1694724679702 13.21705056933397 317
1694724680001 14.544688102098064 318
1694724680318 0.25439865288440267 319
1694724680649 10.1882116316979 320
1694724680886 4.923166428661257 321
1694724681220 0.6510677982444539 322
1694724681541 6.296447296717116 323
1694724681905 0.25577553678948806 324
1694724682232 2.7578991222370273 325
1694724682556 0.8481544469837462 326
1694724682837 8.671561687905717 327
1694724683152 0.1143298722058336 328
1694724683468 16.234010686037525 329
1694724683749 0.9017659116242808 330
1694724684114 1.3911985779049738 331
1694724684481 0.7696099300878605 332
1694724684761 1.0357254781465828 333
1694724685055 9.593383038974814 334
1694724685402 0.09728831425866674 335
1694724685715 12.823405020109593 336
1694724686024 5.808311545765138 337
1694724686305 3.846412744131889 338
1694724686595 4.520848826232196 339
1694724686840 11.41559875955412 340
1694724687136 0.06245062065732638 341
1694724687453 1.0681189942016265 342
1694724687755 0.014252553145326105 343
1694724688045 0.9355754424697199 344
1694724688375 24.059694115173787 345
1694724688686 1.762679805680322 346
1694724688951 1.3774278168779375 347
1694724689300 0.12696460257144315 348
1694724689634 1.4408609838732749 349
1694724689896 0.8059734740803459 350
1694724690239 2.706867268382542 351
1694724690559 0.013881278046346859 352
1694724690858 0.7757352184114121 353
1694724691127 12.676116979237946 354
1694724691443 2.3797791486380158 355
1694724691723 0.3259142306084679 356
1694724691964 18.24604521194679 357
1694724692215 18.762106866324878 358
1694724692535 0.005434127649656181 359
1694724692881 0.0008959212214762468 360
1694724693149 3.44864632725054 361
1694724693466 0.00010253872616153807 362
1694724693773 1.455671024752658 363
1694724693997 1.886235148166916 364
1694724694302 2.9029812852907533 365
1694724694642 2.570258482116521 366
1694724694927 1.198977913032247 367
1694724695230 6.979727240602603 368
1694724695535 0.04152496861729541 369
1694724695811 0.007104648449255129 370
1694724696161 0.1799408418401184 371
1694724696445 2.853451201852124 372
1694724696755 0.012112357935934908 373
1694724697062 9.273899044578055 374
1694724697409 0.15106046462307857 375
1694724697745 9.341404469217556 376
1694724698057 3.0433268105701075 377
1694724698332 0.016425338861386203 378
1694724698632 0.8823435413170926 379
1694724699005 0.10489100805644912 380
1694724699521 1.9290512114190228 381
1694724699883 8.953376275886024 382
1694724700158 0.0025625024264201023 383
1694724700483 2.679345781323427 384
1694724700789 51.826278399587466 385
1694724701107 6.976274053047977 386
1694724701347 0.006265523898731507 387
1694724701661 2.8116369052763703 388
1694724701997 12.183052385731823 389
1694724702319 0.16516559017022192 390
1694724702644 0.13927796797486217 391
1694724702954 15.188024433074416 392
1694724703223 3.8822293362823967 393
1694724703524 0.3168799939637994 394
1694724703859 1.2102889134406538 395
1694724704171 2.3973806877581625 396
1694724704546 1.2858228300098982 397
1694724704906 1.7288459718990274 398
1694724705138 1.0249299903375162 399
1694724705455 3.2747091496683858 400
1694724705779 0.3845066474294575 401
1694724706155 14.357810696132669 402
1694724706519 0.7307384748749303 403
1694724706821 6.181662381087058 404
1694724707052 9.51286609075172 405
1694724707295 0.36317513200316387 406
1694724707540 1.4029434764455249 407
1694724707775 2.7736440391121504 408
1694724708052 11.442428286976128 409
1694724708352 6.627498313527473 410
1694724708680 13.550127551093267 411
1694724708961 9.116852362847855 412
1694724709245 0.2058904304433189 413
1694724709580 2.0621973576841435 414
1694724709884 0.011691920244587336 415
1694724710162 1.762593204548748 416
1694724710445 3.772689681799796 417
1694724710794 0.0056969615145773655 418
1694724711056 7.9430363543027775 419
1694724711285 0.0716090575607541 420
1694724711587 0.14049519682666672 421
1694724711869 5.120564397523557 422
1694724712126 0.02771335119613646 423
1694724712344 21.8230954435944 424
1694724712636 0.06996394356187609 425
1694724713021 4.390599798042594 426
1694724713279 0.08003291249759947 427
1694724713564 0.6123574665460086 428
1694724713882 15.724776780956814 429
1694724714182 1.8926149629102922 430
1694724714465 11.396352948600105 431
1694724714745 0.8989451031192665 432
1694724715157 4.004610573961319 433
1694724715415 2.0129182715967286 434
1694724715708 10.022453376247661 435
1694724716082 2.514229386853532 436
1694724716323 18.134347609096487 437
1694724716624 0.00417790562531071 438
1694724716911 1.6601749204449274 439
1694724717215 0.03326725730445429 440
1694724717557 4.258128283208141 441
1694724717868 12.57816971363674 442
1694724718207 6.218865749335501 443
1694724718527 0.7986705725966312 444
1694724718846 26.119207658402427 445
1694724719148 14.770439776516433 446
1694724719394 5.751251437928388 447
1694724719740 4.5430940099060555 448
1694724720012 1.0584522803047027 449
1694724720290 3.9277499583530697 450
1694724720548 2.6270736908684706 451
1694724720917 1.486824630679975 452
1694724721244 0.8086749153554462 453
1694724721535 9.546316867432031 454
1694724721913 0.3660891448499522 455
1694724722233 1.722508629061409 456
1694724722493 3.8601453257240714 457
1694724722823 0.02204069954445181 458
1694724723169 26.629079541929006 459
1694724723439 0.1012414222081801 460
1694724723740 1.8002089376712231 461
1694724724136 0.023799693519148513 462
1694724724467 0.3212311038053664 463
1694724724752 6.945112147277124 464
1694724725068 2.1820903871236883 465
1694724725377 2.4735993871897946 466
1694724725604 0.18650178447025373 467
1694724725870 5.593264126035217 468
1694724726279 16.706856694763335 469
1694724726538 23.78578963379553 470
1694724726816 0.33167435032018155 471
1694724727149 2.877143419757894 472
1694724727443 2.045700972441405 473
1694724727754 6.89227687405847 474
1694724728013 3.1596274432309213 475
1694724728282 3.6292633934330514 476
1694724728589 2.6069237872899187 477
1694724728827 3.6069507424404064 478
1694724729109 6.998443674678338 479
1694724729601 28.03025648229369 480
1694724729984 1.0030098384991455 481
1694724730323 20.15503873332863 482
1694724730568 0.5736723783381814 483
1694724730928 0.24284421174475498 484
1694724731292 16.953264318893275 485
1694724731578 1.0888553732383135 486
1694724731878 1.7419219037567715 487
1694724732168 15.892773044301395 488
1694724732505 3.151799499190026 489
1694724732843 0.5490570225112447 490
1694724733203 3.304361543636657 491
1694724733510 0.02576965395336403 492
1694724733818 0.2869874431385965 493
1694724734132 3.133071103142986 494
1694724734488 4.827033196441712 495
1694724734780 8.651194204674013 496
1694724735050 1.2501425835690476 497
1694724735393 0.278140117396162 498
1694724735697 0.26988749086533426 499
