1694723832992 56.17688945012018 0
1694723833176 22.970756659101653 1
1694723833403 6.4243796417753805 2
1694723833724 6.082254679254216 3
1694723833984 4.652138907010754 4
1694723834226 2.482311956665328 5
1694723834523 2.6136283574517654 6
1694723834793 1.7211619390119122 7
1694723835024 2.803291138664781 8
1694723835266 1.9073924198468728 9
1694723835511 2.229956196823536 10
1694723835762 2.5439011782929732 11
1694723835961 1.9174907189649733 12
1694723836227 2.8288316251641867 13
1694723836472 2.839025489539824 14
1694723836823 2.8351937625135375 15
1694723837051 1.6543818217610353 16
1694723837269 2.476239659214044 17
1694723837505 2.680755634488656 18
1694723837760 2.2018093650215116 19
1694723837949 2.0176015155104476 20
1694723838208 2.2729360074605154 21
1694723838452 3.9080525156029804 22
1694723838684 2.3160228401100915 23
1694723838923 3.3578753546266724 24
1694723839174 2.962740078403099 25
1694723839414 1.6924292124418323 26
1694723839655 3.7809996676671136 27
1694723839870 2.6767158487107165 28
1694723840088 2.10929356278746 29
1694723840347 3.169997159901289 30
1694723840586 2.5052301226862603 31
1694723840826 2.7430494873919424 32
1694723841035 2.7287925248427256 33
1694723841270 2.0482118893084356 34
1694723841466 2.913548990084257 35
1694723841684 2.4171631484199585 36
1694723841988 2.3663853560753747 37
1694723842198 2.6238033498790876 38
1694723842429 4.255145075387019 39
1694723842701 1.9015727211966522 40
1694723842900 1.8726539114034495 41
1694723843064 2.2701441936966025 42
1694723843338 2.0550382757221497 43
1694723843655 1.7466492177182147 44
1694723843898 1.9511821046142173 45
1694723844128 3.2480225724145075 46
1694723844362 2.1134656191353995 47
1694723844597 1.1857261550296985 48
1694723844852 2.6751007357637224 49
1694723845068 1.7365416169057173 50
1694723845342 1.8789960750974328 51
1694723845647 1.565513669537565 52
1694723845881 2.0281264110134742 53
1694723846032 2.278354265836739 54
1694723846186 2.818133973748435 55
1694723846411 2.4017868061323804 56
1694723846671 2.869913759266905 57
1694723846896 3.198541475214193 58
1694723847105 1.4733126074406595 59
1694723847317 3.4471469564599286 60
1694723847550 2.4629765735812037 61
1694723847850 2.221303392701861 62
1694723848025 3.7407978815795158 63
1694723848213 1.507449665690829 64
1694723848427 1.433733102433325 65
1694723848638 3.493635178373051 66
1694723848891 2.422678327295182 67
1694723849023 2.864793045315901 68
1694723849189 1.82473749246754 69
1694723849434 2.110811763905445 70
1694723849661 2.4973116470989165 71
1694723849914 1.6481940265782227 72
