1694735377347 1.4101033247309847 0
1694735377580 2.7657232278599313 1
1694735377745 2.069802080569684 2
1694735377927 3.188848020227634 3
1694735378142 2.266907521248405 4
1694735378394 2.4830370432451168 5
1694735378652 1.6261408472808183 6
1694735378815 3.24750821617651 7
1694735378972 2.967381252879172 8
1694735379146 2.320922275749629 9
1694735379334 2.2241758702204697 10
1694735379573 2.312886790451914 11
1694735379730 2.2044273082675194 12
1694735379878 2.24544978584342 13
1694735380057 3.502563542464447 14
1694735380282 2.581908352893853 15
1694735380517 2.101486183581986 16
1694735380716 2.8162457301608925 17
1694735380886 2.7155239991372078 18
1694735381053 2.815578894160039 19
1694735381262 1.686590979424638 20
1694735381504 2.47582655372916 21
1694735381714 2.4055547152822943 22
1694735381872 1.6919509156547092 23
1694735382107 2.264062985516969 24
1694735382344 1.40794178774838 25
1694735382589 2.677502005286078 26
1694735382875 1.7088336114215377 27
1694735383166 2.6647095992148366 28
1694735383401 1.838323274619652 29
1694735383597 2.2153816812978233 30
1694735383782 3.1881613831752005 31
1694735383965 1.9921992969581435 32
1694735384217 2.425281285123478 33
1694735384371 3.481547314943142 34
1694735384589 1.5033397174038927 35
1694735384790 2.040791509671757 36
1694735384937 2.0620224448500317 37
1694735385164 2.8455374329042455 38
1694735385422 2.7756020212875234 39
1694735385657 2.8276227403142538 40
1694735385857 2.7774756503882085 41
1694735386092 2.3064935467314487 42
1694735386432 1.9319878882784496 43
1694735386667 2.31617159191177 44
1694735386900 2.2732029072640874 45
1694735387120 2.858119460741461 46
1694735387339 1.9875049556910291 47
1694735387633 3.707530721752979 48
1694735387904 1.9095005782934944 49
1694735388137 1.6858731270652472 50
1694735388331 2.2189160975241973 51
1694735388578 1.2166619666544611 52
1694735388788 2.8414578923583598 53
1694735388964 2.3132054713832964 54
1694735389124 1.890820305632432 55
1694735389356 1.8237084091052802 56
1694735389588 2.7199937083566987 57
1694735389833 3.2182213038439222 58
1694735389975 2.719200248531715 59
1694735390185 2.730703340118368 60
1694735390417 3.368466050345003 61
1694735390657 2.4041142200647316 62
1694735390849 1.719936594665322 63
1694735391060 2.289888653477786 64
1694735391232 1.4458635034543177 65
1694735391401 2.798019368842605 66
1694735391598 2.3688748973066827 67
1694735391808 1.9296818212951106 68
1694735392016 2.9851579018029377 69
1694735392336 4.878567191910225 70
1694735392581 2.769092895446365 71
1694735392822 2.711856699469231 72
1694735392988 2.6103416604234093 73
1694735393148 2.389992169751797 74
1694735393368 2.6558188797993374 75
1694735393526 4.842374916684051 76
1694735393735 2.264347820958986 77
1694735393925 2.6380182888803954 78
1694735394111 1.9437478665011307 79
1694735394385 2.155946444399175 80
1694735394655 2.494243912928577 81
1694735394869 2.027187903569259 82
1694735395013 2.497198331662467 83
1694735395180 2.8518917901618708 84
1694735395340 1.790696121236732 85
1694735395554 2.444904817463306 86
1694735395774 1.599595582678726 87
1694735395950 3.438076809262881 88
1694735396119 2.5089055142033363 89
1694735396391 2.846487523081513 90
1694735396637 2.485659366543427 91
1694735396858 1.7394847944273089 92
1694735397020 3.136103637358067 93
1694735397253 2.113834336085709 94
1694735397490 1.5020679312390761 95
1694735397745 2.279283623418154 96
1694735397930 3.1180547299134083 97
1694735398080 2.717211611774722 98
1694735398318 1.6235190550164889 99
1694735398482 3.0448280630545987 100
1694735398772 3.280470843623219 101
1694735398925 2.1133619885469566 102
1694735399075 1.7700384445697483 103
1694735399250 1.9370442406693218 104
1694735399469 2.0711297042316787 105
1694735399690 2.1472344946179507 106
1694735399865 2.4598821764493874 107
1694735400016 1.5928830879342617 108
1694735400191 3.2061138201111437 109
1694735400397 1.781378355218297 110
1694735400628 2.976683685388272 111
1694735400922 2.484394770636115 112
1694735401171 1.7581396973879533 113
1694735401381 2.064364394311971 114
1694735401618 2.7950422635218097 115
1694735401858 2.967372525123627 116
1694735402005 2.0633307618120593 117
1694735402202 2.514755093729076 118
1694735402439 1.7418610311556741 119
1694735402673 2.0385493872845135 120
1694735402915 2.313694763119476 121
1694735403113 1.9624508269177594 122
1694735403302 2.418550172538557 123
1694735403549 2.124578695216605 124
1694735403781 2.5534473407406533 125
1694735403970 2.9125277354396837 126
1694735404101 2.822247023202643 127
1694735404238 1.401082144203597 128
1694735404529 3.014149861476958 129
1694735404760 1.8726833514405257 130
1694735404942 2.783828084114297 131
1694735405093 1.8006461615370164 132
1694735405293 2.1944652118418557 133
1694735405531 2.7180803866600955 134
1694735405693 1.548318011897117 135
1694735405907 2.201832144417368 136
1694735406064 2.166245099225719 137
1694735406278 1.3193353854955858 138
1694735406484 2.2342088991812394 139
1694735406728 2.1949647476343968 140
1694735407000 2.7709082993878913 141
1694735407150 3.562313775475499 142
1694735407331 2.6545623659595097 143
1694735407621 2.006015996590944 144
1694735407870 2.3121352494289136 145
1694735408032 2.0940331154785485 146
1694735408189 2.12323998046644 147
1694735408321 2.420329094351522 148
1694735408523 3.010900935282403 149
1694735408748 2.987923531432656 150
1694735408958 2.572425305303261 151
1694735409107 1.7366324369756594 152
1694735409259 1.4859731542543264 153
1694735409412 1.775828850783585 154
1694735409577 2.158532150127767 155
1694735409739 2.6821974895351364 156
1694735409981 2.502715792000508 157
1694735410179 2.5352539576245037 158
1694735410414 2.30552371282587 159
1694735410608 2.9160797521310413 160
1694735410767 2.8890464338594155 161
1694735410967 2.276986479500148 162
1694735411163 3.801667943282647 163
1694735411412 1.5341553597205038 164
1694735411578 3.2728227443936158 165
1694735411729 1.6195913276711946 166
1694735411927 1.5273681093373521 167
1694735412134 2.603660120850932 168
1694735412384 2.1080358001869604 169
1694735412547 2.907472953259073 170
1694735412791 2.096013625718269 171
1694735413017 2.5114904143487444 172
1694735413142 2.872092713635783 173
1694735413309 2.3893603263230982 174
1694735413511 2.4776052355766414 175
1694735413749 2.537825346876943 176
1694735413953 2.5331218843066683 177
1694735414182 2.9266150736840184 178
1694735414432 1.7109923220009327 179
1694735414692 2.3212376131037527 180
1694735414904 3.315400188529289 181
1694735415053 2.689717371357336 182
1694735415273 2.453150498825355 183
1694735415475 2.037193492383832 184
1694735415721 1.955783416632775 185
1694735415960 1.8146342543419354 186
1694735416119 2.4699765486741945 187
1694735416354 2.133753532018967 188
1694735416638 1.8757651028928468 189
1694735416874 2.770034505597797 190
1694735417068 2.011814767345232 191
1694735417247 1.9490790257926223 192
1694735417443 2.543631328359996 193
1694735417594 3.157125226924574 194
1694735417750 1.9154639130723279 195
1694735417907 1.7226987428008094 196
1694735418076 3.214645899302312 197
1694735418330 2.9880162136952735 198
1694735418595 3.003951022450148 199
1694735418841 2.2748382646179253 200
1694735419046 2.3000248472244094 201
1694735419200 2.91038643620822 202
1694735419406 1.169111890075083 203
1694735419568 2.0432116826137086 204
1694735419728 2.534098377095624 205
1694735419921 1.8054152360805018 206
1694735420129 3.147190831090571 207
1694735420355 4.194670154582817 208
1694735420604 1.7498020649573864 209
1694735420819 2.542235083063058 210
1694735421053 2.2173030205749886 211
1694735421201 1.7330882396879501 212
1694735421490 1.9420430686808325 213
1694735421717 2.5228815556453936 214
1694735421941 3.139517945299466 215
1694735422128 1.9178458522157587 216
1694735422357 2.378602283766149 217
1694735422535 1.819276083315382 218
1694735422809 1.5004965230851541 219
1694735423085 1.2320013484239707 220
1694735423342 2.348437151914762 221
1694735423591 2.4513017886613278 222
1694735423836 3.15171573584424 223
1694735424073 3.057307989429301 224
1694735424276 2.4480054371863433 225
1694735424571 1.451784508224925 226
1694735424815 1.563550106956569 227
1694735425052 2.3461341216032063 228
1694735425243 2.520691729030565 229
1694735425515 2.3328782480129533 230
1694735425735 3.2191575433714323 231
1694735425963 1.9369860236460568 232
1694735426145 1.4684010022856824 233
1694735426333 2.740553871459426 234
1694735426567 1.417126669970809 235
1694735426797 2.4414957242978255 236
1694735427005 2.161090330632524 237
1694735427173 2.8444026093456958 238
1694735427321 1.8244349003163327 239
1694735427557 2.069642043750815 240
1694735427824 3.3786178871745105 241
1694735428013 2.6123833393262994 242
1694735428150 2.2696258307258987 243
1694735428343 1.3647127331483981 244
1694735428583 2.9993955392986837 245
1694735428811 2.13803258536614 246
1694735429057 2.9153350812524423 247
1694735429228 2.006192017914909 248
1694735429429 2.8430953727755335 249
1694735429634 1.896040798766225 250
1694735429907 2.621111432041196 251
1694735430137 3.301384192632291 252
1694735430345 1.735949200676786 253
1694735430584 1.9446083052724306 254
1694735430785 2.7579618761828506 255
1694735431001 2.4528521007680206 256
1694735431197 2.600488820415395 257
1694735431395 2.4307148091962163 258
1694735431629 2.871028654584568 259
1694735431857 2.9639605979819708 260
1694735432145 1.4423988855705883 261
1694735432356 1.8625300735189882 262
1694735432597 3.634627385387589 263
1694735432866 2.7177776596760483 264
1694735433115 2.699464646450434 265
1694735433375 2.911548752081682 266
1694735433621 2.886393424784422 267
1694735433852 1.9047928345662921 268
1694735434084 2.2896131262751314 269
1694735434338 1.5616882104103875 270
1694735434607 2.7350517756416353 271
1694735434840 2.7127134804684747 272
1694735435077 2.7468736225244776 273
1694735435262 2.569949384081793 274
1694735435450 1.7838663042894645 275
1694735435683 3.7478483150513893 276
1694735435916 3.3371965327708817 277
1694735436148 1.9552414871683892 278
1694735436374 1.5635364429586898 279
1694735436669 1.463943000681577 280
1694735436884 3.75952022001488 281
1694735437097 2.8262534549852183 282
1694735437283 2.45741017205878 283
1694735437529 2.01226777697692 284
1694735437793 2.2353321676301503 285
1694735438015 1.9885867943269908 286
1694735438230 2.7867239240777946 287
1694735438481 1.6804145665214687 288
1694735438776 1.6298038089200217 289
1694735439008 1.3937754573798022 290
1694735439275 2.3184522503316716 291
1694735439447 2.3584946501245323 292
1694735439638 1.6412312046109858 293
1694735439847 2.4211367838872153 294
1694735440057 2.529771707832529 295
1694735440263 2.431440387723363 296
1694735440497 2.5844636004371075 297
1694735440799 2.4333636738294873 298
1694735441082 1.50314921623225 299
1694735441284 1.9895814280957553 300
1694735441476 2.8368543515522964 301
1694735441713 2.159141572181185 302
1694735441962 2.0587032264954597 303
1694735442214 2.413892774032157 304
1694735442434 2.278855984754371 305
1694735442685 3.2009242443814383 306
1694735442935 2.246631919008017 307
1694735443205 1.6961986695557498 308
1694735443371 2.100160087346941 309
1694735443549 2.2225284215085295 310
1694735443772 2.2981830545672923 311
1694735444027 2.6971515364080685 312
1694735444265 2.420597962877348 313
1694735444462 2.470831573464081 314
1694735444727 2.6838234937912206 315
1694735444955 1.3208805041111658 316
1694735445186 2.5403179462902914 317
1694735445436 1.712004601762009 318
1694735445679 1.9029067447463661 319
1694735445901 2.5160581465922114 320
1694735446149 2.223101055039028 321
1694735446341 2.100903705955112 322
1694735446525 3.13023041095525 323
1694735446714 2.070767735939873 324
1694735446915 1.8491082769806275 325
1694735447167 2.1383642190833196 326
1694735447353 2.076714599792974 327
1694735447518 2.5225732126970253 328
1694735447729 2.2742284966143496 329
1694735447959 2.6413020339126314 330
1694735448131 2.118206897014458 331
1694735448354 2.7806355775797673 332
1694735448574 2.8663527031574216 333
1694735448793 2.7418687964514388 334
1694735449019 2.255292327364884 335
1694735449251 2.6971007445519484 336
1694735449485 1.860349423884296 337
1694735449751 1.4964723450974193 338
1694735449994 2.596801451277127 339
1694735450201 2.0752422971732547 340
1694735450414 1.9391174550784633 341
1694735450652 1.694111947239932 342
1694735450895 2.122918939856407 343
1694735451093 1.769965783553015 344
1694735451275 3.0184208132435764 345
1694735451461 2.9819481188189103 346
1694735451604 1.8685953191629756 347
1694735451820 1.751278225250019 348
1694735452109 2.7700628127845253 349
1694735452318 2.054886826245358 350
1694735452525 3.074665192733192 351
1694735452687 2.644351357951357 352
1694735453012 5.371385504935449 353
1694735453195 1.9355337009992664 354
1694735453376 2.310377013099787 355
1694735453593 2.3725410044571444 356
1694735453818 2.4640111522523944 357
1694735454049 1.4928704706542975 358
1694735454292 2.1814950620912095 359
1694735454469 1.6233078787710715 360
1694735454736 3.194548706814677 361
1694735454963 1.5049259710871394 362
1694735455216 2.626636189853656 363
1694735455409 1.9028159283868042 364
1694735455620 3.5674661879820553 365
1694735455827 2.597994829221443 366
1694735456025 1.9136809687909218 367
1694735456225 2.2362714294333066 368
1694735456426 2.744555637444646 369
1694735456662 2.306704587632074 370
1694735456910 2.9408213962097056 371
1694735457134 1.8461654669799505 372
1694735457354 2.0963342901041258 373
1694735457537 3.578704622309561 374
1694735457747 3.2000213012413474 375
1694735457997 2.176544408411866 376
1694735458215 1.526272833323355 377
1694735458412 1.404073670836623 378
1694735458712 2.23434972253801 379
1694735458902 2.857748251534717 380
1694735459126 2.5845620175894823 381
1694735459362 3.971315209778812 382
1694735459579 1.5500495833470862 383
1694735459751 3.1429569792101613 384
1694735459939 1.8431999256677367 385
1694735460161 2.507183067707853 386
1694735460352 1.289752887701118 387
1694735460576 2.21224995757949 388
1694735460828 3.2912164626707527 389
1694735461130 3.0646689848416795 390
1694735461413 2.297401370393595 391
1694735461588 2.817673789726643 392
1694735461776 1.3287450703960322 393
1694735462003 2.026337713684674 394
1694735462254 1.2811411125568277 395
1694735462475 1.1158944939969442 396
1694735462708 2.3280945785586016 397
1694735463000 1.3774562734466569 398
1694735463318 2.085632974476263 399
1694735463562 1.302282933211394 400
1694735463804 2.413800198238964 401
1694735464018 3.261577797146642 402
1694735464244 2.5008376189558095 403
1694735464466 2.5126525935031037 404
1694735464724 1.8120602178347618 405
1694735464953 1.7363138785322298 406
1694735465191 1.6176628466959582 407
1694735465498 2.229923484461998 408
1694735465746 1.9243111277076907 409
1694735465987 2.4923080411882914 410
1694735466205 1.5765248028761667 411
1694735466438 1.7966840252178555 412
1694735466588 1.8555079858461792 413
1694735466753 2.3250678559703633 414
1694735466929 2.6913241270718404 415
1694735467167 4.76509113075249 416
1694735467404 2.4285420128984465 417
1694735467658 2.1877967086666157 418
1694735467883 2.0795730719304593 419
1694735468128 2.537805663537457 420
1694735468384 1.87209622837685 421
1694735468563 1.439337088050028 422
1694735468751 2.3954119253730934 423
1694735468945 2.0124360271087856 424
1694735469193 1.4083275391511485 425
1694735469424 2.4212432458000492 426
1694735469596 2.8598417538156986 427
1694735469784 1.9483558059106345 428
1694735469988 2.697825759723531 429
1694735470233 3.405848260401539 430
1694735470461 1.9927811216732776 431
1694735470607 2.8392479390132976 432
1694735470794 1.3692788032475265 433
1694735470953 1.8997252439046175 434
1694735471129 2.016620090405883 435
1694735471283 1.8765143917183535 436
1694735471434 3.187793226508256 437
1694735471572 2.125495864829164 438
1694735471767 2.643306559273157 439
1694735471958 2.120162846328871 440
1694735472258 1.6014674514270957 441
1694735472499 2.085574997418211 442
1694735472691 3.086254956419579 443
1694735472950 2.7597677634831936 444
1694735473168 2.2190584752466007 445
1694735473409 1.7226666655090452 446
1694735473598 2.094601289816395 447
1694735473797 2.5960012357834463 448
1694735474017 2.9577614424221306 449
1694735474247 2.3274975635474244 450
1694735474538 2.3714933784166528 451
1694735474746 2.4372692441343595 452
1694735474966 1.9034975610546736 453
1694735475146 2.663362086557313 454
1694735475354 1.787544331261051 455
1694735475574 2.138481844659668 456
1694735475777 3.3482975308273355 457
1694735476009 3.709091944730189 458
1694735476231 3.6868580059258664 459
1694735476467 1.1098654929588627 460
1694735476755 2.5290417652664354 461
1694735476992 1.652669513272767 462
1694735477239 1.9565566402303487 463
1694735477466 2.0222865929406306 464
1694735477659 2.763864318186474 465
1694735477871 2.103483750824657 466
1694735478098 2.9588199275018994 467
1694735478348 2.0299970810569126 468
1694735478601 1.512534797712697 469
1694735478884 2.1049582044891095 470
1694735479082 3.3028271795128887 471
1694735479299 2.440758360160249 472
1694735479503 1.7928300914328472 473
1694735479668 1.7784095909985893 474
1694735479899 2.5576484191332 475
1694735480146 1.7459326121233814 476
1694735480399 2.401314277658026 477
1694735480630 2.1870665315752054 478
1694735480902 2.080231885956056 479
1694735481154 1.9667500345512112 480
1694735481399 2.3274051426933924 481
1694735481623 2.050760191713937 482
1694735481776 1.882777315393444 483
1694735481996 1.7754448555131992 484
1694735482165 4.239903810779552 485
1694735482369 2.4126770424884287 486
1694735482616 2.9951484555223806 487
1694735482849 2.6019421290211238 488
1694735483145 2.5779106786585935 489
1694735483399 2.7205288591050216 490
1694735483626 2.584026375962117 491
1694735483785 1.7946667594336352 492
1694735484018 2.4352142949807365 493
1694735484249 2.9709019086891866 494
1694735484484 1.8059463643138107 495
1694735484734 2.703679371404708 496
1694735484957 2.776898299285404 497
1694735485207 1.8405167653636552 498
1694735485474 2.382249332729512 499
