1694740524983 170.341445351307 0
1694740525304 132.67358880241414 1
1694740525648 103.4940830598757 2
1694740525916 80.8524399043217 3
1694740526265 63.28248141816207 4
1694740526607 49.64789683281203 5
1694740526976 39.06699711200315 6
1694740527348 30.855656202122375 7
1694740527696 24.48303914972745 8
1694740528005 19.537251495944624 9
1694740528384 15.698686554518712 10
1694740528792 12.719345456138903 11
1694740529089 10.406791450223718 12
1694740529381 8.611699922160652 13
1694740529733 7.218198326164238 14
1694740530031 6.136370817012378 15
1694740530305 5.296442477194004 16
1694740530696 4.644266749044769 17
1694740531029 4.137824031283938 18
1694740531298 3.744504845964437 19
1694740531557 3.439001761555621 20
1694740531876 3.2016736576427745 21
1694740532136 3.0172764868663977 22
1694740532425 2.8739784090102725 23
1694740532768 2.762595575894794 24
1694740533070 2.6759991251810944 25
1694740533381 2.6086550206165997 26
1694740533687 2.5562669727925558 27
1694740534117 2.515499344561829 28
1694740534463 2.4837621206066642 29
1694740534836 2.459044036224108 30
1694740535180 2.439783076115835 31
1694740535514 2.4247659714873384 32
1694740535851 2.4130501995448443 33
1694740536178 2.4039034449281877 34
1694740536494 2.396756611929239 35
1694740536898 2.3911673526039445 36
1694740537251 2.3867917557988156 37
1694740537603 2.383362369678795 38
1694740537983 2.380671139701778 39
1694740538283 2.3785561616241404 40
1694740538644 2.3768913955940247 41
1694740538980 2.3755786786415576 42
1694740539335 2.374541521281047 43
1694740539689 2.373720289099949 44
1694740540046 2.373068459572303 45
1694740540320 2.3725497136802667 46
1694740540669 2.372135675741193 47
1694740541021 2.371804156599117 48
1694740541292 2.371537787748819 49
1694740541559 2.3713229591126854 50
1694740541884 2.371148992711254 51
1694740542170 2.371007499618949 52
1694740542553 2.3708918793558658 53
1694740542908 2.370796929994095 54
1694740543204 2.3707185443423855 55
1694740543540 2.3706534730731463 56
1694740543898 2.370599139925903 57
1694740544177 2.370553497436615 58
1694740544492 2.3705149142165354 59
1694740544863 2.3704820868033742 60
1694740545131 2.370453970660019 61
1694740545399 2.3704297261020746 62
1694740545721 2.3704086758722687 63
