1694734423506 169.73228711456522 0
1694734423990 8.509760781098844 1
1694734424323 69.81849659605305 2
1694734424598 11.703901199841873 3
1694734424915 32.67714432962156 4
1694734425205 10.639239968649314 5
1694734425540 17.228403969703653 6
1694734425823 8.367686913075694 7
1694734426153 10.137668708964366 8
1694734426465 6.321101261837678 9
1694734426776 6.615990683974445 10
1694734427073 4.840408704031397 11
1694734427367 4.761386646708662 12
1694734427674 3.8677757442091596 13
1694734428049 3.7437224430091574 14
1694734428330 3.2602406281897895 15
1694734428699 3.169521559293838 16
1694734429005 2.8914577619005133 17
1694734429339 2.8393987161713987 18
1694734429624 2.671445886908014 19
1694734429957 2.647118681716515 20
1694734430306 2.541653163286408 21
1694734430595 2.5340325420632897 22
1694734430943 2.465685530683558 23
1694734431248 2.4669738616047288 24
1694734431574 2.4214920748428477 25
1694734431882 2.426884975806113 26
1694734432496 2.3959135592854746 27
1694734432849 2.402698196449209 28
1694734433214 2.3811722073051222 29
1694734433521 2.387938685089394 30
1694734433867 2.3727015157345437 31
1694734434182 2.378797804800534 32
1694734434502 2.3678344305480907 33
1694734434774 2.3730250306716956 34
1694734435103 2.36502077284567 35
1694734435496 2.3692847820826297 36
1694734435904 2.363364165205863 37
1694734436222 2.3667808232684457 38
1694734436545 2.362349471854844 39
1694734436835 2.365035976012691 40
1694734437146 2.361682989455772 41
1694734437463 2.3637624932425902 42
1694734437875 2.361199044757063 43
1694734438229 2.362785559335587 44
1694734438557 2.360805572170473 45
1694734438835 2.3619980121703983 46
1694734439129 2.360452511168455 47
1694734439462 2.3613334582235495 48
1694734439763 2.360113530372102 49
1694734440166 2.3607502484816325 50
1694734440476 2.3597755142886574 51
1694734440761 2.3602218836497966 52
1694734441055 2.359432557980734 53
1694734441377 2.3597312364843472 54
1694734441701 2.3590825696001883 55
1694734442044 2.3592670484516427 56
1694734442439 2.358725374068269 57
1694734442737 2.358821787444177 58
1694734443075 2.3583616750792165 59
1694734443404 2.3583903244604887 60
1694734443731 2.35799250339195 61
