1694742342925 0.01801740362398208 0
1694742343252 0.846596503561507 1
1694742343522 0.09618045001176317 2
1694742343818 0.41482962540896745 3
1694742344187 0.0250956536470955 4
1694742344506 0.10132722262689235 5
1694742344732 0.26341494252269204 6
1694742344954 1.83590977970513 7
1694742345244 11.890680096537732 8
1694742345490 1.8530713820641902 9
1694742345731 1.369980796382025 10
1694742345994 3.908552837597508 11
1694742346363 0.3537183960805494 12
1694742346628 0.0023034789155571443 13
1694742346901 8.491664533852395 14
1694742347176 0.002031016536198619 15
1694742347503 1.236913881980551 16
1694742347776 0.5844913159992388 17
1694742348119 1.823673942691082 18
1694742348534 0.16955373271520885 19
1694742348814 6.498095988083415 20
1694742349133 0.7832017104099497 21
1694742349457 7.15251617338365 22
1694742349715 0.14293248560810765 23
1694742349994 3.120773125466616 24
1694742350264 1.7005699375411414 25
1694742350615 3.349991872883129 26
1694742350865 0.513323983434843 27
1694742351108 6.792908352575603 28
1694742351348 0.18796604277198994 29
1694742351646 0.965134506140565 30
1694742351929 0.1531055506911408 31
1694742352307 3.4945367322813934 32
1694742352606 0.7223495934069191 33
1694742352916 0.07025207139180772 34
1694742353161 0.5432561430399768 35
1694742353463 0.03042205888404083 36
1694742353700 0.12338470946387292 37
1694742354012 0.725585992088213 38
1694742354322 0.9874687224078393 39
1694742354634 3.5889251901945567 40
1694742354891 1.3079827574653544 41
1694742355186 1.6879413065715827 42
1694742355531 0.49156792181618925 43
1694742355802 1.1438561128234428 44
1694742356131 0.46354626215770467 45
1694742356432 6.941670012680757 46
1694742356687 0.0022040950366795306 47
1694742356936 1.0395141087597215 48
1694742357252 1.7175242077097905 49
1694742357511 4.851467706762341 50
1694742357766 1.3800787061088884 51
1694742358107 0.4766954852496816 52
1694742358446 3.0832016457640616 53
1694742358718 1.6431485022175123 54
1694742358982 1.1593750750349399 55
1694742359313 0.9471378960673619 56
1694742359670 7.936901463588057 57
1694742359950 0.17694392557307803 58
1694742360207 0.022063629670369646 59
1694742360522 3.555712686758093 60
1694742360808 1.6166188394501388 61
1694742361111 0.09566502568729297 62
1694742361392 7.203549127285565 63
1694742361771 0.3350358565895392 64
1694742362097 0.04600803075026271 65
1694742362428 3.7425523388471533 66
1694742362716 0.3234857450958675 67
1694742362997 2.6524581820301196 68
1694742363488 0.2257298563046749 69
1694742363750 0.9076762795733913 70
1694742364046 1.011131541885735 71
1694742364308 1.9461497996355965 72
1694742364646 1.008040973001719 73
1694742364921 0.042030186945773096 74
1694742365250 0.8389293179195816 75
1694742365580 1.0894993210281831 76
1694742365829 9.40801495631351 77
1694742366214 0.0003220188651055181 78
1694742366554 0.0011549929922080276 79
1694742366809 0.9221542311613852 80
1694742367082 5.1477031703616465 81
1694742367353 1.3911859485571783 82
1694742367648 0.12126097657415838 83
1694742367886 7.624950374247338 84
1694742368259 0.4859820222547524 85
1694742368629 0.0025575350962566312 86
1694742368948 1.8873307568260358 87
1694742369261 0.09346710031860833 88
1694742369529 0.06057512091245587 89
1694742369863 0.11918036223595044 90
1694742370104 0.06897210678552067 91
1694742370391 6.001429488687626 92
1694742370740 0.09435506125597469 93
1694742371031 2.626304158562544 94
1694742371362 1.8921257081191465 95
1694742371679 1.6292576746397445 96
1694742371948 0.014290300374979935 97
1694742372270 0.011421629495580655 98
1694742372579 0.08830902259439895 99
1694742372928 0.8068164568665114 100
1694742373164 0.8764622525904914 101
1694742373397 1.036261866887996 102
1694742373701 16.140094354010873 103
1694742373970 0.33232336246384114 104
1694742374214 0.39787545106447775 105
1694742374451 0.016240522312498014 106
1694742374741 0.002590389391616966 107
1694742375027 6.768569165622244 108
1694742375354 4.8938314500429705 109
1694742375642 4.4856772134756095 110
1694742375934 0.16240497823278713 111
1694742376197 0.029667166512067997 112
1694742376479 0.21193988104578376 113
1694742376750 3.4727897911661114 114
1694742376988 11.714039909417464 115
1694742377337 1.6728937445570924e-05 116
1694742377663 0.5383464563296514 117
1694742377943 0.9506449831605126 118
1694742378299 0.09096834771398381 119
1694742378561 0.33295974020821395 120
1694742378860 0.016268595479445428 121
1694742379106 0.15207164638213613 122
1694742379535 0.00825363709465879 123
1694742379879 0.9283091765873278 124
1694742380165 0.3132170409193414 125
1694742380544 2.071646963019779 126
1694742380906 18.995977987513378 127
1694742381151 5.233166791159654 128
1694742381418 0.7128187971886453 129
1694742381701 0.016979906727090426 130
1694742382009 2.142995937191205 131
1694742382267 1.2811038716415117 132
1694742382527 2.6565355285080705 133
1694742382979 1.5564950092525778 134
1694742383272 3.8631811590482434 135
1694742383537 2.7968590150378785 136
1694742383784 0.05905615308368431 137
1694742384121 3.740973978202273 138
1694742384368 0.8719837059366842 139
1694742384649 0.7814263106455976 140
1694742384957 5.1012097199984385 141
1694742385252 0.038032703878288124 142
1694742385572 1.5990297512936196 143
1694742385880 8.359956336614124 144
1694742386320 0.2812720881951435 145
1694742386680 0.21701588599988428 146
1694742386953 0.9567606296222833 147
1694742387234 2.1497459570600075 148
1694742387559 1.476559761958723 149
1694742387831 8.343731304656686 150
1694742388038 0.22854911740497216 151
1694742388342 0.2076797753247227 152
1694742388664 0.7061369704170319 153
1694742388942 0.2598147946706282 154
1694742389184 1.0847798907201898 155
1694742389465 0.19087636040369801 156
1694742389748 13.917485389886478 157
1694742390145 4.06178181258696 158
1694742390378 0.29781062181780815 159
1694742390671 0.013239152347266714 160
1694742390925 1.7160815731342602 161
1694742391217 0.5821215946193492 162
1694742391447 1.1835663214587773 163
1694742391707 9.137685205140517 164
1694742391958 7.375813166947921 165
1694742392249 0.8287525803180268 166
1694742392498 1.117978213827608 167
1694742392742 2.5996876518241527 168
1694742393056 0.5600335654754313 169
1694742393335 0.58423238091663 170
1694742393641 0.7436390012808901 171
1694742393941 0.30104128105410694 172
1694742394251 4.80218207624172 173
1694742394527 2.4708490601924242 174
1694742394845 0.011420554550822875 175
1694742395223 1.4421962223499007 176
1694742395473 3.120293014640777 177
1694742395788 2.7981164228573383 178
1694742396164 0.03495240739616593 179
1694742396416 0.12830816282902657 180
1694742396660 0.029095635612596968 181
1694742396919 0.8304379160761365 182
1694742397252 3.3750525943174017 183
1694742397517 2.526501416479961 184
