1694730502581 2.5870705011807775 0
1694730502779 2.904539173335797 1
1694730503001 2.4009219448810737 2
1694730503396 2.9729832437720716 3
1694730503717 2.0859016512268753 4
1694730504160 1.9290345027409037 5
1694730504500 3.4642093250984742 6
1694730504918 2.199431543604183 7
1694730505297 2.723271862412562 8
1694730505837 2.015086829982519 9
1694730506242 2.6530259675897034 10
1694730506544 4.396062059696947 11
1694730506963 2.224187993021602 12
1694730507260 2.867043953948123 13
1694730507452 4.880714709537699 14
1694730507706 2.556486680989959 15
1694730507985 2.1488131353200495 16
1694730508318 2.4228201960522995 17
1694730508560 2.041794928893849 18
1694730508959 1.4314873476943795 19
1694730509391 3.0952902185881044 20
1694730509921 2.648059421488828 21
1694730510286 2.0755892650322862 22
1694730510685 2.3715934952962727 23
1694730511347 1.574588698779097 24
1694730511761 1.4707914499435997 25
1694730512125 1.5532298857617175 26
1694730512512 1.8339039530809487 27
1694730512837 2.1244134885290977 28
1694730513404 2.721477917033176 29
1694730513672 2.6998239643483326 30
1694730514027 1.9121818874698449 31
1694730514347 2.323029543334562 32
1694730514619 1.8073047070856763 33
1694730515151 2.8965780024221863 34
1694730515425 2.5000914278395077 35
1694730515658 1.9326800417175747 36
1694730515942 1.9588458508251592 37
1694730516275 2.653799968205265 38
1694730516578 2.226657150493562 39
1694730517044 3.8153215462079992 40
1694730517561 2.055550574503823 41
1694730517866 1.3892879018822242 42
1694730518134 2.2001546869825748 43
1694730518475 1.115052508969522 44
1694730518743 2.232510732315879 45
1694730518963 2.1991549212778083 46
1694730519263 2.197769118819236 47
1694730519544 2.2612165676955804 48
1694730519702 2.182585570089309 49
1694730519963 2.4442447439689805 50
1694730520262 1.3492519405532573 51
1694730520560 2.3949884479267305 52
1694730520816 2.690643028413144 53
1694730521099 2.1519148999725997 54
1694730521363 1.9562553834561414 55
1694730521598 1.8979210113025868 56
1694730521867 2.3938856772469794 57
1694730522255 2.257952605162993 58
1694730522634 2.851993150521522 59
1694730523105 2.548021767342061 60
1694730523509 3.6260770379909246 61
1694730523744 3.378847567344605 62
1694730524095 1.7738313109905228 63
1694730524433 1.6166870928090151 64
1694730524645 2.463328356059679 65
1694730524845 1.5081909743763326 66
1694730525060 2.046555846090859 67
1694730525307 1.6909816155972373 68
1694730525588 2.154603838784215 69
1694730525836 1.8860733530798486 70
1694730526084 2.43830114767443 71
1694730526434 2.2207165113921277 72
1694730526698 2.399456480603716 73
1694730526905 1.4820474065228642 74
1694730527111 1.8770158361244327 75
1694730527349 2.6030250132837685 76
1694730527663 1.5551634114342736 77
1694730527942 2.1196125753930546 78
1694730528249 2.3251828413288 79
1694730528516 2.257511724585815 80
1694730528687 1.623764572860716 81
1694730528966 2.441299745361376 82
1694730529390 3.0234301007080195 83
1694730529722 2.409458680435147 84
1694730530256 2.0783489272502704 85
1694730530609 2.692129522887742 86
1694730530833 2.0098110104882636 87
1694730531365 1.9797724441109203 88
1694730531681 1.6818398168437365 89
1694730532000 2.135441577031042 90
1694730532318 2.0406135149509734 91
1694730532641 2.840500591801687 92
1694730532869 1.6359786611472813 93
1694730533213 1.9791230687204144 94
1694730533576 1.5532162844463375 95
1694730533800 2.3056816001670257 96
1694730534099 2.388684778905066 97
1694730534463 2.849262372094245 98
1694730534692 2.2093860852435627 99
1694730534995 1.676055907182171 100
1694730535322 2.0874830230836583 101
1694730535635 1.7591484416262464 102
1694730535960 2.3617933987350788 103
1694730536264 2.395756020152738 104
1694730536723 1.7194272556427679 105
1694730537272 1.6058553131023139 106
1694730537531 2.2838955042559452 107
1694730537898 2.79086257868558 108
1694730538130 1.7536369544391477 109
1694730538405 2.2395329276687663 110
1694730538685 2.195887482940085 111
1694730539116 2.1245688088159316 112
1694730539458 1.971668227204633 113
1694730539764 1.6448366067045794 114
1694730539991 2.1775235735325746 115
1694730540171 2.423587483968784 116
1694730540448 2.286750288320126 117
1694730540723 1.467050555756547 118
1694730541123 2.8409153313168627 119
1694730541355 1.8916582444314842 120
1694730541601 1.661905754567125 121
1694730541859 1.9266299592052027 122
1694730542140 3.2920764091670542 123
1694730542567 2.44510487007305 124
1694730542944 2.7452584020749273 125
1694730543395 2.0839069129852703 126
1694730543757 2.2468006204991826 127
1694730544305 2.5107368945982973 128
1694730544775 2.478215067256102 129
1694730545091 2.812767959658482 130
1694730545431 1.569283309533895 131
1694730545768 1.9430808091811358 132
1694730546107 1.955512811490112 133
1694730546592 2.238687836045553 134
1694730546970 1.6282277032631007 135
1694730547277 2.525309280009039 136
1694730547567 2.3408745833202445 137
1694730547808 2.287062646999921 138
1694730548204 2.107200310195238 139
1694730548521 1.974288810868165 140
1694730548758 2.1863687799652376 141
1694730549132 1.68058206482388 142
1694730549557 1.7047708682957274 143
1694730549826 2.468802053022884 144
1694730550039 2.197999449058584 145
1694730550301 1.83235163965733 146
1694730550608 1.6430371654050102 147
1694730550846 2.6322375171861627 148
1694730551225 1.7340302533326204 149
1694730551572 2.808775776415264 150
1694730551842 1.8298096532981327 151
1694730552371 3.799668791075124 152
1694730552765 1.7045883412264116 153
1694730552973 3.328861551406368 154
1694730553162 2.1803408352678524 155
1694730553539 3.1198358224830236 156
1694730553808 2.146746113289796 157
1694730554061 2.1854456852300914 158
1694730554475 2.487004587747718 159
1694730554794 1.5216446855775754 160
1694730555053 2.2632033883612235 161
1694730555295 2.4740502419181873 162
1694730555586 1.6917199541424104 163
1694730555873 3.138588869137094 164
1694730556170 2.05587175641625 165
1694730556523 1.9096999338061815 166
1694730556760 1.6972891579348834 167
1694730556957 3.8197991279550565 168
1694730557236 1.923226217300788 169
1694730557753 1.9670538523983605 170
1694730558196 2.651313486486164 171
1694730558496 2.403305761533709 172
1694730558912 1.7180202370503528 173
1694730559272 1.6109699569855815 174
1694730559609 2.9429414264326006 175
1694730559868 1.6481468475951868 176
1694730560053 1.8958312211069532 177
1694730560275 2.5690398263251915 178
1694730560603 1.5259564806578416 179
1694730560846 3.08803425554753 180
1694730561187 1.8935559151256063 181
1694730561786 2.3616545209069333 182
1694730562038 2.2505593285137566 183
1694730562309 1.690389080283979 184
1694730562953 1.5293638639992306 185
1694730563345 1.25105321739657 186
1694730563690 3.2369737297361 187
1694730563969 1.5625629133134311 188
1694730564219 1.592770343808042 189
1694730564411 2.2169400554839096 190
1694730564664 2.677946479491476 191
1694730564908 1.988246350453883 192
1694730565247 2.2620729104090347 193
1694730565725 2.297976153840588 194
1694730565960 2.4230969236110895 195
1694730566223 2.5613487959360293 196
1694730566519 1.8426086627799734 197
1694730566785 2.3188483989508657 198
1694730567035 1.7064399041673655 199
1694730567353 1.702169968425714 200
1694730567656 2.9994208279400403 201
1694730567922 2.0574589274800203 202
1694730568108 2.2122473731094647 203
1694730568400 1.3686624640648308 204
1694730568660 2.0288490541545268 205
1694730568957 2.2048938908368854 206
1694730569330 1.6302626352733525 207
1694730569574 2.0256642982746533 208
1694730569878 1.7814856313497225 209
1694730570144 2.1706644668393955 210
1694730570387 2.027881672287624 211
1694730570876 2.058513722783319 212
1694730571074 1.3383227957378085 213
1694730571243 1.7145858586895628 214
1694730571501 1.890912293015943 215
1694730571774 2.5490994758403724 216
1694730572046 2.3145579983597244 217
1694730572363 1.7900819767077916 218
1694730572607 1.4047250943708791 219
1694730572920 3.2359043980531617 220
1694730573109 2.62211817867609 221
1694730573417 1.5737697838731817 222
1694730573767 1.9388307783522911 223
1694730574059 2.2735707042555067 224
1694730574324 2.2820014360501752 225
1694730574654 1.9738376181694413 226
1694730575007 2.307127880519468 227
1694730575352 2.493417020046349 228
1694730575714 1.8238988585053164 229
1694730576028 1.9695316423407034 230
1694730576476 1.6986504471338346 231
1694730576939 2.979445105856263 232
1694730577206 2.7236789820068954 233
1694730577604 3.1090382991748977 234
1694730577942 3.3712029963319687 235
1694730578192 3.1479531488438632 236
1694730578458 1.8081575812992199 237
1694730578723 2.0725693164186727 238
1694730579034 2.2759859327749274 239
1694730579335 2.1539981419723913 240
1694730579678 2.5153396878378005 241
1694730579990 2.6764451726201277 242
1694730580188 2.111428077462477 243
1694730580516 2.5195164458474353 244
1694730580807 1.4243395754970518 245
1694730581134 3.5354358946149005 246
1694730581511 2.396731592973099 247
1694730581779 1.7427169089299832 248
1694730582065 2.1234325535957925 249
1694730582253 1.4806138497242418 250
1694730582506 2.5974615314614207 251
1694730582786 2.0868530608266336 252
1694730583047 2.0139076136242204 253
1694730583294 2.6745850210196984 254
1694730583632 2.2942071646138444 255
1694730583856 3.1278657589503234 256
1694730584082 3.056815428011685 257
1694730584354 2.335855357129363 258
1694730584635 1.5013875693144196 259
1694730584916 2.4647893528307523 260
1694730585120 1.676570179830389 261
1694730585303 2.712818761270917 262
1694730585592 1.788497277280565 263
1694730585917 1.6115372345907495 264
1694730586119 1.8529332232394726 265
1694730586353 1.4358655079386082 266
1694730586617 2.7548529620945534 267
1694730586926 2.3682442738007246 268
1694730587159 2.083694609002182 269
1694730587424 2.111389050771008 270
1694730587904 2.07900099641561 271
1694730588640 2.34100995541197 272
1694730589174 2.2973464297939716 273
1694730589976 2.4294084273305963 274
1694730590257 2.6916981204926675 275
1694730590714 2.4865136904458764 276
1694730591184 1.7489805105905003 277
1694730591620 2.177333641694224 278
1694730591898 2.814028963118282 279
1694730592167 2.1878724973347623 280
1694730592380 1.5261578806602962 281
1694730592663 1.8917788526435302 282
1694730592946 1.3025204780475044 283
1694730593361 2.5112791005657673 284
1694730593799 1.690809309784201 285
1694730594323 3.150941308681823 286
1694730594840 3.1978688681843583 287
1694730595183 2.0669342688822723 288
1694730595483 1.3715106513257862 289
1694730595841 2.616043964433923 290
1694730596286 2.255268126171328 291
1694730596636 2.275761654433261 292
1694730597141 2.873025651808011 293
1694730597497 1.665458355870559 294
1694730597847 2.0011777361831866 295
1694730598255 2.358444477943204 296
1694730598682 2.0174561466092373 297
1694730599135 2.5915536071983465 298
1694730599505 1.777184090790273 299
1694730599773 1.878133317197517 300
1694730600218 2.1906047174376084 301
1694730600758 1.7328767144937025 302
1694730601332 1.617578565666488 303
1694730601706 2.3302340346030195 304
1694730602146 2.758320283348944 305
1694730602500 1.8666192577099563 306
1694730602931 2.012283158095222 307
1694730603327 1.946752641596749 308
1694730603703 2.643108914026485 309
1694730604146 3.136130123345312 310
1694730604553 2.636087238851854 311
1694730604922 2.3693395639990085 312
1694730605358 2.0399857987947345 313
1694730605868 1.6578615202513396 314
