1694745631772 59.918618891878225 0
1694745631937 24.101239642656964 1
1694745632144 8.469283022728122 2
1694745632330 3.143912000982188 3
1694745632509 3.460753004159621 4
1694745632811 1.7189715020543455 5
1694745633074 1.9835472296800993 6
1694745633287 3.168805711471918 7
1694745633518 1.2727239316030186 8
1694745633745 2.281507337151866 9
1694745633980 1.7392763869422958 10
1694745634207 2.6123601201644213 11
1694745634375 2.082799995610433 12
1694745634592 2.1657740544564206 13
1694745634819 2.483565519414213 14
1694745635110 1.5935255287747137 15
1694745635293 2.3694274451989052 16
1694745635456 2.2092938603244057 17
1694745635661 2.997185658741377 18
1694745635887 2.662812400772017 19
1694745636110 1.4955535242784448 20
1694745636272 2.6815223653805846 21
1694745636475 3.237488332692592 22
1694745636711 3.0821645673692903 23
1694745636952 3.987950176197016 24
1694745637248 2.046098888759398 25
1694745637415 2.619879379697002 26
1694745637631 3.718272632088304 27
