1694715541909 168.8278829759285 0
1694715542149 164.88241138951636 1
1694715542450 161.03045943934902 2
1694715542741 157.26981042408494 3
1694715543047 153.5983001849825 4
1694715543330 150.01381586047984 5
1694715543649 146.51429467029482 6
1694715543981 143.09772272834542 7
1694715544273 139.76213388380782 8
1694715544561 136.50560858964485 9
1694715544811 133.32627279795366 10
1694715545048 130.2222968814972 11
1694715545284 127.19189458079835 12
1694715545539 124.2333219761917 13
1694715545888 121.34487648424057 14
1694715546194 118.52489587794169 15
1694715546470 115.7717573301545 16
1694715546736 113.08387647970407 17
1694715547073 110.45970651961981 18
1694715547350 107.89773730698622 19
1694715547612 105.39649449389252 20
1694715547906 102.95453867898172 21
1694715548281 100.57046457911031 22
1694715548535 98.24290022064241 23
1694715548804 95.97050614991242 24
1694715549113 93.75197466240247 25
1694715549443 91.58602905019036 26
1694715549746 89.47142286723559 27
1694715550055 87.40693921208012 28
1694715550423 85.39139002755164 29
1694715550713 83.42361541706543 30
1694715550975 81.50248297713273 31
1694715551210 79.62688714569002 32
1694715551473 77.79574856587527 33
1694715551713 76.00801346488451 34
1694715551958 74.26265304755148 35
1694715552246 72.55866290430112 36
1694715552608 70.89506243313662 37
1694715553013 69.27089427532695 38
1694715553345 67.68522376447045 39
1694715553626 66.13713838861706 40
1694715553906 64.62574726514035 41
1694715554185 63.15018062805616 42
1694715554467 61.70958932749377 43
1694715554769 60.30314434103088 44
1694715555110 58.930036296611576 45
1694715555446 57.58947500677258 46
1694715555811 56.28068901390968 47
1694715556059 55.00292514632286 48
1694715556331 53.755448084784426 49
1694715556588 52.53753993938081 50
1694715556892 51.34849983638459 51
1694715557203 50.18764351491875 52
1694715557483 49.05430293318142 53
1694715557745 47.94782588400417 54
1694715557999 46.86757561952272 55
1694715558328 45.812930484744264 56
1694715558616 44.783283559800196 57
1694715558945 43.77804231067861 58
1694715559269 42.79662824823554 59
1694715559569 41.83847659528864 60
1694715559855 40.90303596160172 61
1694715560083 39.98976802657322 62
1694715560386 39.09814722944595 63
1694715560640 38.227660466859675 64
1694715560881 37.37780679757278 65
1694715561165 36.54809715418282 66
1694715561472 35.73805406168027 67
1694715561744 34.94721136267336 68
1694715562098 34.17511394912589 69
1694715562425 33.421317500453746 70
1694715562697 32.685388227829286 71
1694715563039 31.966902624546556 72
1694715563321 31.265447222303468 73
1694715563634 30.58061835326103 74
1694715563905 29.912021917742354 75
1694715564240 29.259273157437956 76
1694715564580 28.621996433986816 77
1694715564830 27.999825012805655 78
1694715565104 27.392400852042247 79
1694715565401 26.79937439653107 80
1694715565684 26.22040437663288 81
1694715565991 25.655157611842426 82
1694715566287 25.103308819051218 83
1694715566659 24.564540425355077 84
1694715566954 24.038542385298733 85
1694715567304 23.52501200245226 86
1694715567607 23.023653755216674 87
1694715567886 22.534179126758573 88
1694715568177 22.0563064389757 89
1694715568510 21.589760690398133 90
1694715568846 21.134273397931693 91
1694715569218 20.68958244235248 92
1694715569549 20.255431917463717 93
1694715569819 19.831571982828006 94
1694715570132 19.41775871999026 95
1694715570470 19.01375399210863 96
1694715570758 18.619325306912582 97
1694715571012 18.234245682909318 98
1694715571376 17.85829351876148 99
1694715571697 17.49125246576101 100
1694715571935 17.13291130332577 101
1694715572201 16.7830638174473 102
1694715572501 16.441508682019688 103
1694715572795 16.108049342981353 104
1694715573122 15.782493905202976 105
1694715573469 15.464655022056606 106
1694715573761 15.154349787602225 107
1694715574033 14.851399631329866 108
1694715574285 14.5556302153967 109
1694715574562 14.266871334299848 110
1694715574817 13.984956816927312 111
1694715575174 13.709724430930546 112
1694715575511 13.441015789363751 113
1694715575801 13.178676259536058 114
1694715576082 12.922554874024195 115
1694715576365 12.67250424379445 116
1694715576695 12.428380473383898 117
1694715577001 12.190043078092083 118
1694715577348 11.957354903135528 119
1694715577677 11.730182044718498 120
1694715577918 11.508393772974694 121
1694715578160 11.291862456735366 122
1694715578471 11.080463490080737 123
1694715578778 10.87407522063236 124
1694715579066 10.67257887954513 125
1694715579367 10.475858513158748 126
1694715579656 10.283800916269218 127
1694715579912 10.096295566982054 128
1694715580206 9.913234563109592 129
1694715580539 9.734512560075983 130
1694715580813 9.560026710293931 131
1694715581055 9.389676603978458 132
1694715581364 9.223364211363506 133
1694715581700 9.060993826288243 134
1694715581997 8.902472011120484 135
1694715582326 8.747707542985644 136
1694715582696 8.59661136127021 137
1694715583035 8.449096516369526 138
1694715583413 8.305078119650451 139
1694715583743 8.164473294600018 140
1694715583997 8.027201129132028 141
1694715584310 7.89318262902415 142
1694715584635 7.762340672458659 143
1694715584963 7.634599965640738 144
1694715585334 7.509886999468732 145
1694715585668 7.388130007231478 146
1694715585947 7.26925892330831 147
1694715586242 7.153205342848017 148
1694715586493 7.039902482403534 149
1694715586827 6.929285141499698 150
1694715587073 6.821289665111973 151
1694715587413 6.715853907034553 152
1694715587773 6.612917194116742 153
1694715588048 6.512420291347031 154
1694715588344 6.4143053677648165 155
1694715588643 6.318515963180094 156
1694715588992 6.22499695568201 157
1694715589301 6.133694529917547 158
1694715589606 6.044556146122114 159
1694715589935 5.9575305098841795 160
1694715590199 5.872567542626634 161
1694715590458 5.789618352787767 162
1694715590769 5.7086352076853695 163
1694715591053 5.629571506047773 164
1694715591302 5.552381751195939 165
1694715591520 5.477021524861238 166
1694715591795 5.403447461623835 167
1694715592128 5.331617223956933 168
1694715592462 5.261489477862598 169
1694715592758 5.193023869085018 170
1694715593036 5.1261809998876595 171
1694715593668 5.060922406380799 172
1694715593997 4.997210536386515 173
1694715594333 4.935008727828336 174
1694715594655 4.874281187633108 175
1694715594970 4.8149929711329476 176
1694715595253 4.757109961955464 177
1694715595518 4.700598852390611 178
1694715595833 4.645427124222911 179
1694715596082 4.591563030018035 180
1694715596382 4.538975574852924 181
1694715596721 4.487634498478966 182
1694715597034 4.437510257907974 183
1694715597361 4.388574010410915 184
1694715597660 4.340797596919629 185
1694715597998 4.294153525821983 186
1694715598294 4.248614957141108 187
1694715598594 4.204155687089658 188
1694715598953 4.160750132990171 189
1694715599260 4.118373318552871 190
1694715599585 4.07700085950242 191
1694715599919 4.036608949545367 192
1694715600176 3.997174346670212 193
1694715600437 3.9586743597721945 194
1694715600715 3.9210868355951276 195
1694715600991 3.8843901459827275 196
1694715601341 3.8485631754321514 197
1694715601597 3.8135853089425433 198
1694715601892 3.779436420151596 199
1694715602138 3.746096859753339 200
1694715602418 3.713547444190433 201
1694715602689 3.6817694446145124 202
1694715602977 3.6507445761081834 203
1694715603259 3.6204549871625007 204
1694715603619 3.590883249403867 205
1694715603953 3.562012347564444 206
1694715604199 3.533825669690254 207
1694715604460 3.5063069975814387 208
1694715604750 3.4794404974590587 209
1694715605090 3.453210710853149 210
1694715605399 3.4276025457067654 211
1694715605733 3.402601267690847 212
1694715606106 3.378192491724996 213
1694715606428 3.3543621736992018 214
1694715606698 3.3310966023918067 215
1694715607020 3.3083823915790265 216
1694715607443 3.286206472331523 217
1694715607778 3.2645560854935383 218
1694715608083 3.243418774340321 219
1694715608422 3.2227823774095876 220
1694715608681 3.202635021502897 221
1694715609002 3.182965114852924 222
1694715609226 3.1637613404526608 223
1694715609530 3.1450126495427817 224
1694715609820 3.126708255253338 225
1694715610077 3.1088376263961783 226
1694715610305 3.0913904814045194 227
1694715610629 3.0743567824161464 228
1694715610928 3.0577267294968724 229
1694715611322 3.041490755000919 230
1694715611708 3.025639518064967 231
1694715612285 3.010163899232719 232
1694715612677 2.995054995206878 233
1694715613095 2.98030411372552 234
1694715613390 2.965902768559904 235
1694715613953 2.9518426746308615 236
1694715614475 2.9381157432409326 237
1694715615005 2.924714077419522 238
1694715615468 2.911629967378383 239
1694715616031 2.8988558860748257 240
1694715616814 2.8863844848800904 241
1694715617201 2.874208589350388 242
1694715617667 2.8623211950981844 243
1694715618069 2.850715463761348 244
1694715618506 2.8393847190678416 245
1694715619048 2.828322442993688 246
1694715619344 2.8175222720120106 247
1694715619612 2.8069779934309764 248
1694715619971 2.7966835418185485 249
1694715620274 2.786632995511973 250
1694715620572 2.776820573210011 251
1694715620894 2.7672406306459427 252
1694715621356 2.757887657339424 253
1694715621615 2.7487562734253532 254
1694715621946 2.739841226557874 255
1694715622333 2.731137388887792 256
1694715622652 2.7226397541116167 257
1694715622942 2.7143434345905573 258
1694715623201 2.7062436585378102 259
1694715623528 2.6983357672725115 260
1694715624006 2.690615212538774 261
1694715624255 2.6830775538882845 262
1694715624613 2.675718456124936 263
1694715624925 2.6685336868100213 264
1694715625176 2.6615191138265755 265
1694715625530 2.654670703001438 266
1694715625865 2.647984515783691 267
1694715626178 2.6414567069781136 268
1694715626426 2.635083522532372 269
1694715626722 2.6288612973766496 270
1694715627063 2.622786453314491 271
1694715627376 2.616855496963642 272
1694715627700 2.6110650177456862 273
1694715628030 2.605411685923345 274
1694715628308 2.599892250684295 275
1694715628607 2.594503538270406 276
1694715628989 2.589242450151322 277
1694715629389 2.5841059612413275 278
1694715629691 2.579091118158489 279
1694715630062 2.574195037525057 280
1694715630376 2.5694149043081502 281
1694715630668 2.564747970199777 282
1694715630977 2.5601915520352456 283
1694715631262 2.5557430302490736 284
1694715631593 2.5513998473674895 285
1694715631873 2.5471595065366732 286
1694715632208 2.5430195700858715 287
1694715632465 2.5389776581245846 288
1694715632729 2.535031447172993 289
1694715633070 2.5311786688248534 290
1694715633352 2.5274171084420884 291
1694715633686 2.523744603880314 292
1694715634000 2.520159044244581 293
1694715634295 2.5166583686746007 294
1694715634570 2.513240565158781 295
1694715634839 2.5099036693763517 296
1694715635126 2.5066457635669535 297
1694715635441 2.5034649754270117 298
1694715635721 2.5003594770322723 299
1694715636068 2.4973274837858743 300
1694715636373 2.4943672533913586 301
1694715636750 2.4914770848500205 302
1694715637080 2.4886553174820256 303
1694715637366 2.485900329970732 304
1694715637691 2.4832105394296553 305
1694715638019 2.480584400491567 306
1694715638343 2.4780204044191594 307
1694715638624 2.4755170782368197 308
1694715638935 2.473072983882956 309
1694715639309 2.470686717382438 310
1694715639613 2.4683569080386345 311
1694715639944 2.466082217644619 312
1694715640275 2.46386133971306 313
1694715640536 2.4616929987243696 314
1694715640796 2.4595759493926757 315
1694715641144 2.4575089759491906 316
1694715641409 2.455490891442561 317
1694715641699 2.453520537055812 318
1694715642050 2.451596781439476 319
1694715642351 2.4497185200605234 320
1694715642600 2.447884674566738 321
1694715642839 2.4460941921661488 322
1694715643201 2.4443460450211703 323
1694715643468 2.4426392296571136 324
1694715643717 2.4409727663847067 325
1694715644013 2.439345698736311 326
1694715644328 2.4377570929154944 327
1694715644625 2.4362060372596543 328
1694715644929 2.434691641715382 329
1694715645250 2.4332130373262544 330
1694715645633 2.4317693757327734 331
1694715645947 2.430359828684155 332
1694715646238 2.428983587561691 333
1694715646521 2.4276398629134084 334
1694715646827 2.426327883999763 335
1694715647183 2.425046898350092 336
1694715647537 2.423796171329589 337
1694715647915 2.4225749857165373 338
1694715648309 2.4213826412895703 339
1694715648619 2.420218454424709 340
1694715648974 2.4190817577019508 341
1694715649283 2.4179718995211896 342
1694715649610 2.4168882437272328 343
1694715649972 2.415830169243714 344
1694715650301 2.414797069715672 345
1694715650558 2.4137883531606152 346
1694715650848 2.4128034416278465 347
1694715651087 2.411841770865867 348
1694715651312 2.4109027899976647 349
1694715651566 2.409985961203696 350
1694715651861 2.4090907594123854 351
1694715652111 2.40821667199796 352
1694715652437 2.4073631984854447 353
1694715652682 2.4065298502626513 354
1694715652954 2.4057161502989945 355
1694715653329 2.404921632870973 356
1694715653741 2.404145843294157 357
1694715654160 2.403388337661527 358
1694715654470 2.4026486825880182 359
1694715654800 2.401926454961116 360
1694715655134 2.4012212416973675 361
1694715655425 2.4005326395046587 362
1694715655696 2.3998602546501346 363
1694715655984 2.3992037027336104 364
1694715656294 2.3985626084663627 365
1694715656569 2.3979366054551567 366
1694715656892 2.3973253359913995 367
1694715657265 2.396728450845285 368
1694715657540 2.39614560906482 369
1694715657863 2.395576477779619 370
1694715658159 2.39502073200934 371
1694715658476 2.394478054476669 372
1694715658723 2.3939481354247363 373
1694715659006 2.3934306724388543 374
1694715659297 2.3929253702724913 375
1694715659670 2.39243194067736 376
1694715659954 2.391950102237537 377
1694715660254 2.3914795802075197 378
1694715660569 2.391020106354113 379
1694715660874 2.390571418802068 380
1694715661195 2.3901332618833813 381
1694715661536 2.3897053859901614 382
1694715661863 2.389287547430988 383
1694715662167 2.3888795082906715 384
1694715662468 2.388481036293342 385
1694715662707 2.388091904668777 386
1694715663026 2.3877118920219003 387
1694715663390 2.3873407822053774 388
1694715663763 2.386978364195226 389
1694715664190 2.386624431969379 390
1694715664541 2.386278784389119 391
1694715664824 2.3859412250833345 392
1694715665143 2.3856115623355088 393
1694715665524 2.3852896089733906 394
1694715665770 2.3849751822612864 395
1694715666033 2.3846681037948976 396
1694715666317 2.384368199398649 397
1694715666598 2.3840752990254632 398
1694715666875 2.3837892366588975 399
1694715667193 2.3835098502176053 400
1694715667496 2.3832369814620638 401
1694715667783 2.3829704759035124 402
1694715668151 2.3827101827150456 403
1694715668414 2.382455954644815 404
1694715668661 2.382207647931294 405
1694715668985 2.3819651222205427 406
1694715669293 2.3817282404854376 407
1694715669655 2.3814968689468183 408
1694715669976 2.3812708769965 409
1694715670328 2.3810501371221107 410
1694715670601 2.3808345248337104 411
1694715670899 2.3806239185921534 412
1694715671237 2.3804181997391414 413
1694715671578 2.380217252428942 414
1694715671873 2.38002096356172 415
1694715672171 2.3798292227184534 416
1694715672459 2.3796419220973872 417
1694715672721 2.379458956451998 418
1694715673011 2.379280223030427 419
1694715673355 2.37910562151635 420
1694715673643 2.378935053971243 421
1694715673913 2.378768424778028 422
1694715674194 2.3786056405860427 423
1694715674506 2.37844661025732 424
1694715674812 2.378291244814144 425
1694715675070 2.37813945738784 426
1694715675390 2.377991163168787 427
1694715675834 2.3778462793576134 428
1694715676102 2.377704725117543 429
1694715676394 2.3775664215278804 430
1694715676670 2.377431291538591 431
1694715676928 2.3772992599259615 432
1694715677318 2.377170253249312 433
1694715677645 2.3770441998087306 434
1694715678047 2.376921029603812 435
1694715678397 2.376800674293374 436
1694715678679 2.376683067156131 437
1694715678961 2.3765681430522956 438
1694715679258 2.376455838386091 439
1694715679586 2.376346091069157 440
1694715679826 2.3762388404848163 441
1694715680174 2.3761340274531904 442
1694715680574 2.376031594197148 443
1694715680829 2.375931484309052 444
1694715681120 2.375833642718296 445
1694715681443 2.375738015659618 446
1694715681714 2.3756445506421566 447
1694715682011 2.3755531964192445 448
1694715682355 2.375463902958916 449
1694715682712 2.375376621415117 450
1694715683004 2.3752913040995933 451
1694715683303 2.37520790445445 452
1694715683580 2.3751263770253543 453
1694715683814 2.375046677435382 454
1694715684064 2.3749687623594764 455
1694715684377 2.3748925894995176 456
1694715684667 2.374818117559981 457
1694715684957 2.3747453062241712 458
1694715685228 2.3746741161310227 459
1694715685474 2.3746045088524474 460
1694715685756 2.374536446871219 461
1694715686038 2.374469893559387 462
1694715686311 2.3744048131571924 463
1694715686621 2.3743411707524937 464
1694715686897 2.3742789322606734 465
1694715687328 2.374218064405023 466
1694715687616 2.374158534697595 467
1694715687934 2.374100311420505 468
1694715688295 2.3740433636076785 469
1694715688658 2.373987661027033 470
1694715689004 2.373933174163079 471
1694715689251 2.3738798741999325 472
1694715689563 2.373827733004736 473
1694715689822 2.373776723111466 474
1694715690083 2.3737268177051276 475
1694715690385 2.3736779906063226 476
1694715690729 2.3736302162561866 477
1694715690990 2.3735834697016767 478
1694715691326 2.373537726581214 479
1694715691668 2.373492963110663 480
1694715691985 2.3734491560696465 481
1694715692416 2.373406282788179 482
1694715692751 2.3733643211336246 483
1694715693375 2.373323249497958 484
1694715693862 2.37328304678533 485
1694715694349 2.373243692399928 486
1694715694679 2.373205166234123 487
1694715694957 2.3731674486568983 488
1694715695279 2.3731305205025515 489
1694715695676 2.3730943630596677 490
1694715696027 2.373058958060347 491
1694715696478 2.3730242876696988 492
1694715696859 2.3729903344755687 493
1694715697290 2.372957081478528 494
1694715697671 2.3729245120820845 495
1694715698050 2.372892610083134 496
1694715698515 2.3728613596626347 497
1694715699065 2.372830745376506 498
1694715699562 2.372800752146737 499
