1694745431198 2.5676408649179345 0
1694745431431 3.6672289703960246 1
1694745431699 2.0256078738091605 2
1694745432011 3.2470307946965002 3
1694745432258 2.6546825553914655 4
1694745432528 2.965950475307307 5
1694745432752 2.8643195420025513 6
1694745433005 3.4266842736693333 7
1694745433219 2.7444541379551106 8
1694745433468 2.351555073848526 9
1694745433648 3.7553294806518367 10
1694745433851 2.3632389615526117 11
1694745434093 2.0474301972434694 12
1694745434271 2.7131443600789855 13
1694745434453 1.4146808115703082 14
1694745434686 3.9350693837654696 15
1694745434970 2.77358632073934 16
1694745435225 1.9333497852299135 17
1694745435462 2.54679744937496 18
1694745435672 2.5001801617819375 19
1694745435891 2.6827965293777645 20
1694745436131 3.013458613275357 21
1694745436348 2.3674920834069306 22
1694745436583 2.882419381341301 23
1694745436746 1.9889131423771764 24
1694745436875 2.084571911715269 25
1694745437255 2.027999871001906 26
1694745437492 3.1459665370776766 27
1694745437716 2.6277691854585927 28
1694745437937 2.6027784994928345 29
1694745438175 3.169734053085553 30
1694745438407 2.280237974756759 31
1694745438568 1.8811554402519777 32
1694745438700 2.1639508651835477 33
1694745438847 3.706906954777747 34
1694745439018 3.295429432376998 35
1694745439244 2.685434343859064 36
1694745439555 2.698322270769684 37
1694745439768 3.1322991983224617 38
1694745440085 2.275765360490311 39
1694745440337 1.1438014431885561 40
1694745440560 2.7270992352765537 41
1694745440852 2.252037546683223 42
1694745441057 3.2272341184867233 43
1694745441265 3.626224259874944 44
1694745441482 2.5063169450510365 45
1694745441692 1.2516532317631752 46
1694745441892 2.7250308133952066 47
1694745442130 2.5277167348361234 48
1694745442398 2.731982557883068 49
1694745442673 3.0832165469881567 50
1694745442840 2.235399087729715 51
1694745443049 2.091090659670119 52
1694745443281 1.9348426804416654 53
1694745443519 2.168633254678501 54
1694745443782 2.4457471276502982 55
1694745444022 2.7209429859765124 56
1694745444287 3.1772828079666224 57
1694745444532 1.214593454657112 58
1694745444723 2.9704042314273016 59
1694745444909 1.9239647646082028 60
1694745445126 2.9669179265853836 61
1694745445345 1.5877518357802143 62
1694745445587 2.3782352846905455 63
1694745445752 3.202524298573509 64
1694745446012 1.823780137626 65
1694745446258 2.0600375974933027 66
1694745446494 3.3470400114324863 67
1694745446711 1.4434637951325227 68
1694745446946 2.5965821842288705 69
1694745447186 1.7239290009367207 70
1694745447411 2.306275642786625 71
1694745447670 3.0978000067719966 72
1694745447823 2.514733136324651 73
1694745448018 1.932461546192362 74
1694745448312 2.6543782617417793 75
1694745448543 3.820125097356853 76
1694745448741 1.9100103226294445 77
1694745448889 2.3036144381799137 78
1694745449065 1.2729512024465417 79
1694745449274 2.047266326892134 80
1694745449507 2.2044084178720467 81
1694745449727 1.6424825838572672 82
1694745449969 3.8116115106779533 83
1694745450236 2.52216259817496 84
1694745450562 3.7945576535343832 85
1694745450810 1.8226695518565605 86
1694745451023 2.018581047745338 87
1694745451277 2.34409811746108 88
1694745451510 2.3219500693602546 89
1694745451734 1.2982992303985592 90
1694745451903 3.189102303194426 91
1694745452083 2.4072897882897775 92
1694745452345 2.3814038753848608 93
1694745452660 2.538409443694367 94
1694745452860 2.3549099564613676 95
1694745453098 3.454063488047594 96
1694745453352 2.033589822964705 97
1694745453592 1.662023371921403 98
1694745453791 2.2806215326535475 99
1694745454007 2.716256662161916 100
1694745454224 2.1304493105088147 101
1694745454495 2.9130595508835597 102
1694745454720 2.0982421769293715 103
1694745454940 1.6932325144388662 104
1694745455149 3.035759280651163 105
1694745455390 2.010153171279964 106
1694745455641 2.9844966016102505 107
1694745455833 2.841052419887728 108
1694745456067 1.9528501845263824 109
1694745456299 1.9779314862858213 110
1694745456555 1.719487116443396 111
1694745456765 1.6058580776169518 112
1694745456916 2.7299743087506703 113
1694745457174 3.2531951842111155 114
1694745457408 2.3267984358751588 115
1694745457628 3.8177866161238385 116
1694745457883 2.801844367921901 117
1694745458162 2.2053701257444005 118
1694745458399 2.5557465452468957 119
1694745458662 1.969523737278674 120
1694745458879 1.7691633593362381 121
1694745459114 3.7231142011343175 122
1694745459391 2.3252844244265907 123
1694745459632 2.656335491904182 124
1694745459810 1.640703827742562 125
1694745459980 2.2311441384975437 126
1694745460185 2.342728283007372 127
1694745460410 2.0750104700840537 128
1694745460678 2.278077056733691 129
1694745460947 2.427461312261651 130
1694745461250 1.8587044039088787 131
1694745461514 1.8437330054671766 132
1694745461768 2.1857245241497294 133
1694745461926 1.8328856466551802 134
1694745462119 1.994327424815871 135
1694745462407 2.37288878346831 136
1694745462654 2.494951304947766 137
1694745462839 2.540078692873985 138
1694745463025 1.5065757559294461 139
1694745463274 2.0429291054117105 140
1694745463491 2.285148186730115 141
1694745463765 3.2287235297526093 142
1694745463970 3.285855382583617 143
1694745464209 2.718632075195351 144
1694745464462 2.8642121719654354 145
1694745464681 1.1938507801849645 146
1694745464882 2.750905418792071 147
1694745465052 3.108000024531045 148
1694745465284 2.7554478220778362 149
1694745465535 2.615221586407985 150
1694745465773 2.4504730181310883 151
1694745466031 2.83849099455014 152
1694745466279 2.881632902709316 153
1694745466531 2.7373279278670144 154
1694745466751 1.8891372359852285 155
1694745466925 2.534190047277873 156
1694745467144 3.331214978707874 157
1694745467371 1.9188466930447752 158
1694745467625 2.3681419995326873 159
1694745467850 2.0566035626926147 160
1694745468098 2.655917904039521 161
1694745468344 2.0809460373623505 162
1694745468555 2.425120387143225 163
1694745468801 1.9937236794543967 164
1694745468976 2.6266514392674125 165
1694745469211 2.4762953113085633 166
1694745469443 1.2675891545873206 167
1694745469679 2.425633086978368 168
1694745469885 1.856379569606703 169
1694745470059 1.8619121493284119 170
1694745470358 4.118180726723033 171
1694745470648 2.636975759803472 172
1694745470904 2.2938722537102407 173
1694745471131 1.7423961726842283 174
1694745471392 2.8049244662529174 175
1694745471633 2.1158568416849284 176
1694745471880 2.352901701230797 177
1694745472065 2.727821810174607 178
1694745472284 1.7240650798833885 179
1694745472597 1.5560195432506447 180
1694745472853 2.4775460256417 181
1694745473077 2.4726352000251803 182
1694745473319 2.113912622397268 183
1694745473556 2.5601009335846268 184
1694745473798 1.257592974934212 185
1694745473992 2.2034905508404226 186
1694745474158 3.87521112704437 187
1694745474405 2.1828790227187365 188
1694745474663 1.6863925717684471 189
1694745474930 2.5558334557036795 190
1694745475162 1.2714925788693046 191
1694745475397 2.0312104674979645 192
1694745475638 1.4640740682140299 193
1694745475857 2.155343098065385 194
1694745476030 1.746020568678291 195
1694745476276 3.7691882673317005 196
1694745476517 2.161330474007687 197
1694745476763 1.5156685315882785 198
1694745476989 3.0944671399793493 199
1694745477232 2.4993179267131045 200
1694745477442 1.688670044417258 201
1694745477683 1.909590786411904 202
1694745477915 2.3034292411800297 203
1694745478137 1.5666277100044097 204
1694745478387 1.8134217948904685 205
1694745478608 3.0177630271729505 206
1694745478815 1.3322657672297378 207
1694745478990 2.1000922918818 208
1694745479205 3.1471532031357796 209
1694745479471 2.563868246499792 210
1694745479696 1.7472099656778737 211
1694745479936 2.7210511910755852 212
1694745480113 2.548179942899414 213
1694745480325 1.7421276840964424 214
1694745480545 2.6251394348874997 215
1694745480819 2.3097254868152897 216
1694745481028 2.215933766491917 217
1694745481228 2.426117591243777 218
1694745481523 2.419159514499446 219
1694745481776 2.4398626400112584 220
1694745482023 2.4557565868168054 221
1694745482264 3.1603376609582785 222
1694745482519 2.165155984594049 223
1694745482758 1.8490625471013575 224
1694745482984 2.0954934173660957 225
1694745483151 1.9524909751802986 226
1694745483386 2.048970360594113 227
1694745483616 1.7175668365188452 228
1694745483864 2.2168806461699626 229
1694745484037 2.179920221868056 230
1694745484235 2.3527920248292116 231
1694745484455 2.179514897004089 232
1694745484703 1.938006466507219 233
1694745484976 2.365376752197057 234
1694745485133 2.1535820204458633 235
1694745485264 1.4063965468697122 236
1694745485395 1.9927811908493747 237
1694745485578 2.165496355713249 238
1694745485779 1.4618532411789527 239
1694745486038 2.033998630844111 240
1694745486215 1.6875144019444668 241
1694745486437 1.7824321962972494 242
1694745486674 2.547607374606155 243
1694745486931 2.4904363629383184 244
1694745487111 2.998325383956079 245
1694745487306 2.788994263429619 246
1694745487512 2.668736019376846 247
1694745487794 1.94701737219045 248
1694745488012 1.2124249465103216 249
1694745488283 2.191175855244325 250
1694745488523 1.634064542145313 251
1694745488758 1.6972370985789262 252
1694745489013 2.370548397985978 253
1694745489174 2.1701416874350095 254
1694745489382 2.528240495384398 255
1694745489595 2.316924483034543 256
1694745489817 2.2390261625671686 257
1694745490048 2.8237876934474255 258
1694745490201 2.0319507221252397 259
1694745490430 1.960679304390853 260
1694745490662 2.753378546355575 261
1694745490928 2.941182970426038 262
1694745491135 3.022520567094245 263
1694745491353 1.4599673981575922 264
1694745491612 2.325089856759288 265
1694745491851 1.9693174055000013 266
1694745492068 2.8046055355433115 267
1694745492372 1.6505248277326416 268
1694745492717 2.6770622121643606 269
1694745492949 2.9477432274196627 270
1694745493143 2.5420724998925577 271
1694745493460 2.064766845862412 272
1694745493704 2.369724581573185 273
1694745493940 2.195832903440781 274
1694745494117 1.8802228672589043 275
1694745494318 3.988077269146576 276
1694745494572 1.769873629868772 277
1694745494806 1.339229806938429 278
1694745495068 2.0844819535594463 279
1694745495200 1.3509105303044426 280
1694745495382 2.2751391018910327 281
1694745495646 2.013010628236028 282
1694745495884 2.307895107255876 283
1694745496117 1.9469812074952284 284
1694745496355 2.3591515302080057 285
1694745496615 3.0990230844503746 286
1694745496860 2.221883532402844 287
1694745497137 2.2822140882966147 288
1694745497344 2.555354035156966 289
1694745497598 2.4853631460037087 290
1694745497849 1.5668982090678794 291
1694745498083 3.1323857583316435 292
1694745498236 2.555876304301154 293
1694745498403 2.209817563445793 294
1694745498629 2.7138477495526723 295
1694745498856 2.157697550972952 296
1694745499091 2.03413521446175 297
1694745499283 2.22174427980058 298
1694745499533 2.755197899820867 299
1694745499857 1.7748825806220547 300
1694745500081 2.684048637943045 301
1694745500235 2.9412859200863384 302
1694745500396 2.112747921183589 303
1694745500599 1.3584572238358483 304
1694745500846 1.990237228608821 305
1694745501091 1.4820920600935004 306
1694745501256 1.8999420412160803 307
1694745501522 1.668307608900195 308
1694745501761 1.6725505101718399 309
1694745502019 2.084685885559645 310
1694745502192 2.1817645634955802 311
1694745502372 4.0449097590548675 312
1694745502661 4.734107787201857 313
1694745502899 2.1366908832114 314
1694745503141 2.5843178174978925 315
1694745503349 3.062765239497402 316
1694745503583 1.415674040211701 317
1694745503846 2.464154286095238 318
1694745504073 1.7280518989375895 319
1694745504293 2.3803783740947377 320
1694745504531 1.6727031601609277 321
1694745504745 2.748994696269726 322
1694745504982 2.5404606654707136 323
1694745505246 2.168597701099988 324
1694745505483 2.365901660395584 325
1694745505699 1.5171958190462134 326
1694745505969 2.0988677770424653 327
1694745506185 2.789568770829364 328
1694745506378 2.2307120412035637 329
1694745506626 3.0029733186095138 330
1694745506867 1.6284068267197902 331
1694745507087 1.7835072238539835 332
1694745507284 2.590647325138742 333
1694745507486 2.516072276335302 334
1694745507683 2.183752461477429 335
1694745507900 2.202216663208032 336
1694745508164 2.992244094664303 337
1694745508373 1.464816574546347 338
1694745508636 1.733400763372912 339
1694745508881 1.4201785945306429 340
1694745509124 2.4962955573823935 341
1694745509264 1.2331611167860332 342
1694745509482 1.9284418926938636 343
1694745509697 1.5389249006211256 344
1694745509932 2.2806763163747314 345
1694745510154 2.3600603617232707 346
1694745510326 2.5028632501813437 347
1694745510584 2.199684221301542 348
1694745510889 1.4974306444089422 349
1694745511112 2.5314577534478166 350
1694745511261 2.498636320889295 351
1694745511462 2.759144873512281 352
1694745511697 2.1910908527507944 353
1694745511923 2.989568555529054 354
1694745512148 1.9268484601394062 355
1694745512298 2.5796663267207505 356
1694745512650 2.4677461838189054 357
1694745512878 1.8372464452091695 358
1694745513083 2.4488207484684232 359
1694745513274 1.845230999913246 360
1694745513440 2.338944590187122 361
1694745513698 3.4832985055248424 362
1694745514003 3.3845627682707233 363
1694745514211 1.4067333585353654 364
1694745514403 2.8716737523034563 365
1694745514641 1.7688222122613388 366
1694745514928 1.9182490210555394 367
1694745515143 2.2207116430607168 368
1694745515372 2.6644192981027475 369
1694745515618 2.454019940017361 370
1694745515876 2.060529727453467 371
1694745516116 2.9481980745497958 372
1694745516312 1.9516275109013217 373
1694745516548 2.643923511172022 374
1694745516743 2.48225426614279 375
1694745516993 2.150211068593559 376
1694745517234 2.667456580096767 377
1694745517364 1.668851306170916 378
1694745517537 1.5633328180969839 379
1694745517683 2.0285531176467377 380
1694745517911 1.6445179007368695 381
1694745518162 1.449562176617883 382
1694745518340 1.3872337007010758 383
1694745518512 2.0775572745263506 384
1694745518773 2.8420417875943573 385
1694745519010 1.8839542114390633 386
1694745519257 2.433310978590315 387
1694745519424 2.700392218590285 388
1694745519604 1.9746853984628019 389
1694745519884 1.4606584254024833 390
1694745520139 2.110680832771105 391
1694745520334 2.0212603931891144 392
1694745520548 1.8628104728110553 393
1694745520850 2.3323852336624515 394
1694745521090 2.9103385630908214 395
1694745521343 2.6285274622850467 396
1694745521629 2.6118339746047625 397
1694745521871 2.494954149863708 398
1694745522132 1.8925034348286724 399
1694745522352 3.25235827031538 400
1694745522613 2.0135099196981345 401
1694745522830 2.513411151770061 402
1694745523051 1.9603693209927486 403
1694745523289 1.894409286683651 404
1694745523467 1.7323331085852314 405
1694745523666 2.0076535427362923 406
1694745523887 3.0715839674741363 407
1694745524127 2.104890858781784 408
1694745524337 3.1147708664708373 409
1694745524512 3.2381515613691723 410
1694745524706 1.8114439607280926 411
1694745524918 2.404425792734872 412
1694745525151 2.414034686424917 413
1694745525350 1.7292620219667925 414
1694745525624 2.41605915784645 415
1694745525938 1.646653079344178 416
1694745526209 2.896631793975322 417
1694745526402 2.223899782002211 418
1694745526560 1.7539308173137411 419
1694745526749 1.971730759359528 420
1694745526976 2.04405952815811 421
1694745527215 2.5530168781728837 422
1694745527408 1.9377347036800077 423
1694745527622 3.3255966943376483 424
1694745527836 1.971520053070735 425
1694745528108 1.7650921335610463 426
1694745528375 1.04532599610956 427
1694745528564 1.4674270234347098 428
1694745528804 2.238877938893773 429
1694745529048 1.7842782338238494 430
1694745529282 1.691943547970241 431
1694745529467 2.2403329224384887 432
1694745529693 2.6287077269712187 433
1694745529929 1.9256841699029321 434
1694745530148 2.414992821806363 435
1694745530398 2.127677244830636 436
1694745530577 3.046057068812392 437
1694745530845 2.4719446535633622 438
1694745531075 2.2249219495415384 439
1694745531324 1.9012254337549428 440
1694745531554 1.7652269224107129 441
1694745531795 2.7608480146930865 442
1694745532038 1.8920399783605941 443
1694745532279 1.322559457279424 444
1694745532554 2.0348114381420097 445
1694745532834 2.674993202550854 446
1694745533071 1.872776535165037 447
1694745533309 3.2067477521020975 448
1694745533544 3.032164808118662 449
1694745533762 1.9588221094050708 450
1694745533959 2.606812660088631 451
1694745534130 1.8258110364323554 452
1694745534379 1.3399223420041342 453
1694745534625 2.0422740886460073 454
1694745534923 3.201476276314562 455
1694745535160 2.014911294958907 456
1694745535399 3.999807529172455 457
1694745535616 2.235845469691626 458
1694745535849 2.099857083847187 459
1694745536064 1.8303482393182124 460
1694745536310 2.620510636681845 461
1694745536512 2.004094622346264 462
1694745536748 2.6143992527007276 463
1694745536971 3.0375981008510893 464
1694745537227 2.078915653409575 465
1694745537438 2.1047579940018952 466
1694745537598 2.393680851625994 467
1694745537802 2.4511609573895488 468
1694745537985 1.9047163142957597 469
1694745538229 2.1843263834846773 470
1694745538458 2.75241092268959 471
1694745538622 1.6226374170392242 472
1694745538863 1.6804970096446974 473
1694745539117 2.562247837911027 474
1694745539385 3.4291951021064446 475
1694745539593 2.3976905044986165 476
1694745539831 2.335769983992786 477
1694745540083 2.3001937611605148 478
1694745540316 1.4797855737130772 479
1694745540495 2.7732849690816352 480
1694745540721 1.9204126053054382 481
1694745541004 2.9459979157714273 482
1694745541242 1.6220762815655247 483
1694745541473 2.7085625608681045 484
1694745541663 1.721059198493586 485
1694745541907 1.8888413922908334 486
1694745542154 2.1264002986441146 487
1694745542416 2.779944496707531 488
1694745542668 1.3265846973355895 489
1694745542881 1.9852586954505964 490
1694745543107 2.1266420510247004 491
1694745543315 2.221381752478575 492
1694745543528 2.235385468230256 493
1694745543750 2.0431643027777477 494
1694745543970 1.8059351996215807 495
1694745544227 3.9595826459927594 496
1694745544459 2.848938180862505 497
1694745544676 2.491462584154991 498
1694745544907 1.303895658545155 499
