1694743857924 168.8726089431785 0
1694743858236 131.58850765203488 1
1694743858613 118.64128180923325 2
1694743858928 105.91962602463094 3
1694743859232 94.65392072919221 4
1694743859621 84.61067651145922 5
1694743859972 75.66121624013326 6
1694743860356 67.68615009960043 7
1694743860699 60.579374441130085 8
1694743860978 54.24632597264746 9
1694743861364 48.60274244445894 10
1694743861713 43.57353949323028 11
1694743862007 39.091810959341544 12
1694743862399 35.097938037067024 13
1694743862724 31.538795472591026 14
1694743863000 28.367044233590217 15
1694743863327 25.54050123074264 16
1694743863651 23.02157769740977 17
1694743863967 20.776778748148953 18
1694743864307 18.776257451492665 19
1694743864679 16.99341747845139 20
1694743864977 15.404559035124967 21
1694743865326 13.988563364261202 22
1694743865691 12.726611614255736 23
1694743866057 11.601934331786566 24
1694743866414 10.599588242114773 25
1694743866811 9.706257344492274 26
1694743867285 8.91007567393765 27
1694743867639 8.200469369185186 28
1694743868007 7.568015943722795 29
1694743868348 7.004318885936364 30
1694743868681 6.501895918521875 31
1694743869002 6.054079429231648 32
1694743869391 5.654927747109955 33
1694743869754 5.299146082804391 34
1694743870065 4.9820160802367885 35
1694743870351 4.699333041594985 36
1694743870689 4.4473499897914675 37
1694743871004 4.22272782358826 38
1694743871343 4.02249090172136 39
1694743871704 3.8439874646539476 40
1694743872067 3.6848543670073868 41
1694743872382 3.5429856511216746 42
1694743872734 3.416504543346052 43
1694743873078 3.303738500237682 44
1694743873390 3.2031969724586693 45
1694743873748 3.1135515903497373 46
1694743874107 3.0336185074048396 47
1694743874432 2.9623426666043287 48
1694743874778 2.8987837801673777 49
1694743875104 2.8421038360986235 50
1694743875474 2.791555965232816 51
1694743875786 2.7464745205956635 52
1694743876139 2.7062662370401833 53
1694743876496 2.6704023535007515 54
1694743876860 2.638411593022986 55
1694743877175 2.609873907147677 56
1694743877449 2.5844149014028894 57
1694743877774 2.5617008677258606 58
1694743878084 2.5414343577160667 59
1694743878450 2.5233502378204355 60
1694743878828 2.507212173967072 61
1694743879151 2.492809498880343 62
1694743879654 2.479954420404063 63
1694743879977 2.4684795336984426 64
1694743880255 2.458235604221055 65
1694743880594 2.449089592005999 66
1694743880982 2.4409228909669425 67
1694743881342 2.4336297598112346 68
1694743881643 2.4271159237022677 69
1694743881935 2.4212973280793673 70
1694743882231 2.416099028069203 71
1694743882532 2.411454198726804 72
1694743882880 2.407303252951925 73
1694743883297 2.4035930553589995 74
1694743883660 2.4002762216554316 75
1694743883976 2.397310494220415 76
1694743884283 2.394658185590054 77
1694743884587 2.3922856824577226 78
1694743884924 2.3901630036034076 79
1694743885257 2.3882634058829453 80
1694743885755 2.3865630330470755 81
1694743886064 2.3850406027297213 82
1694743886346 2.3836771274523065 83
1694743886669 2.3824556659430915 84
1694743886995 2.3813611014734515 85
1694743887285 2.380379944272036 86
1694743887662 2.3795001553977158 87
1694743888015 2.3787109897373226 88
1694743888331 2.3780028560482225 89
1694743888698 2.3773671921921915 90
1694743889022 2.376796353908763 91
1694743889339 2.3762835156560205 92
1694743889756 2.3758225822069847 93
1694743890144 2.3754081098325153 94
1694743890458 2.375035236028846 95
1694743890817 2.3746996168612444 96
1694743891175 2.3743973710963107 97
1694743891564 2.374125030385435 98
1694743891908 2.373879494842176 99
1694743892276 2.373657993427807 100
1694743892659 2.3734580486229615 101
1694743893000 2.3732774449201375 102
1694743893289 2.3731142007223456 103
1694743893551 2.3729665432783276 104
1694743893817 2.372832886324928 105
1694743894139 2.372711810143014 106
1694743894403 2.372602043765249 107
1694743894751 2.3725024491024733 108
1694743895105 2.3724120067807704 109
1694743895371 2.3723298035039146 110
1694743895674 2.3722550207759943 111
1694743895986 2.3721869248369685 112
1694743896283 2.3721248576798977 113
1694743896540 2.372068229032833 114
1694743896840 2.3720165092010563 115
1694743897166 2.3719692226766864 116
1694743897506 2.371925942432741 117
1694743897859 2.371886284827753 118
1694743898185 2.3718499050550452 119
1694743898494 2.3718164930779184 120
1694743898788 2.37178576999835 121
1694743899091 2.3717574848125285 122
1694743899540 2.3717314115115458 123
1694743899902 2.3717073464901293 124
1694743900246 2.371685106230279 125
1694743900600 2.3716645252302913 126
