1694754547632 1501929771.372577 0
1694754547899 3.9033335392958536e+16 1
1694754548078 7.072476058395943e+23 2
1694754548295 1.7120594486014954e+31 3
1694754548631 3.80508762570425e+38 4
1694754548867 9.256874457922776e+45 5
1694754549055 1.931445757116192e+53 6
1694754549272 4.5637458221819705e+60 7
1694754549516 9.048020339194243e+67 8
1694754549781 2.1029628268881644e+75 9
1694754549997 5.156083806761257e+82 10
1694754550192 9.815735598240641e+89 11
1694754550444 2.26424932620661e+97 12
1694754550758 5.049269795430183e+104 13
1694754551024 1.2357483399424928e+112 14
1694754551283 2.658850957337399e+119 15
1694754551494 6.167214904226816e+126 16
1694754551728 1.3672509665112603e+134 17
1694754551973 2.958288746190607e+141 18
1694754552122 5.736441085956359e+148 19
1694754552279 1.295677269085856e+156 20
1694754552528 2.78365748996663e+163 21
1694754552764 6.503549866530711e+170 22
1694754553022 1.4579810864698174e+178 23
1694754553228 3.5986309877949407e+185 24
1694754553462 6.855200944276275e+192 25
1694754553697 1.6853194013627437e+200 26
1694754553896 3.4159291417350213e+207 27
1694754554069 9.034944985998274e+214 28
1694754554215 1.93979439903361e+222 29
1694754554422 4.430481520870912e+229 30
1694754554619 9.939985351354677e+236 31
1694754554815 2.3588488171339992e+244 32
1694754555036 5.635789701910826e+251 33
1694754555268 1.0573258305016801e+259 34
1694754555477 2.4747623160092505e+266 35
1694754555682 5.862230255629605e+273 36
1694754555912 1.2163221304082406e+281 37
1694754556128 2.621956213378215e+288 38
1694754556348 6.4882300477635025e+295 39
1694754556522 1.340075835473368e+303 40
1694754556687 inf 41
1694754556924 inf 42
