1694731146139 19.356902915413524 0
1694731146354 3.737917029832929 1
1694731146572 1.4154229245371113 2
1694731146802 2.0269416577231762 3
1694731147046 2.4362807108358377 4
1694731147288 2.12150039737795 5
1694731147585 2.7919363079681383 6
1694731147782 1.9412662483162026 7
1694731147910 2.621813443748489 8
1694731148093 2.5813163489198536 9
1694731148268 1.2517534354116118 10
1694731148517 1.7922073988124796 11
1694731148751 2.2083428253888395 12
1694731148966 2.0267541168421506 13
1694731149218 2.1986329546013565 14
1694731149502 2.864958429742989 15
1694731149822 2.046575227844056 16
1694731150033 3.374889981568401 17
1694731150288 1.7490523053754625 18
1694731150539 2.3078231485352023 19
1694731150779 1.883841332183079 20
1694731151505 2.564752415540269 21
1694731151738 1.817490162693525 22
1694731152013 2.9195100802063134 23
1694731152252 2.6477974204683865 24
1694731152523 2.5075122188510264 25
1694731152763 1.0910288231913696 26
1694731152987 2.6552427139460084 27
1694731153230 1.530107646333892 28
1694731153503 1.9738516669348212 29
1694731153726 2.982326888761577 30
1694731153963 3.2530396491330795 31
1694731154220 1.5680639970260506 32
1694731154481 2.3852865077010623 33
1694731154711 1.7880882086902714 34
1694731154934 2.624239937616825 35
1694731155127 1.5324126242071028 36
1694731155536 1.4950921401705213 37
1694731155776 2.038388543715311 38
1694731156002 1.7086828145364619 39
1694731156199 4.734677893641111 40
1694731156504 1.86364106285272 41
1694731156722 2.8890882144626207 42
1694731156960 2.0246177687861064 43
1694731157138 2.213041417843247 44
1694731157302 2.1763267314026593 45
1694731157512 2.2659819234509206 46
1694731157729 2.548623947043643 47
1694731158016 2.3651860744124185 48
1694731158188 1.9113600835168896 49
1694731158444 2.615220939371148 50
1694731158773 2.1324692127720346 51
1694731159025 1.9937274806888248 52
1694731159182 2.334491537254363 53
1694731159394 2.4817258521414627 54
1694731159677 1.7046470626402168 55
1694731159930 2.8088471581421524 56
1694731160129 3.4380813510646084 57
1694731160360 2.0462991040766387 58
1694731160589 3.26829069973167 59
1694731160891 3.3002210446794784 60
1694731161111 2.397385981524467 61
1694731161409 2.090038654346073 62
1694731161640 2.690570766972416 63
1694731161868 2.4410903165738844 64
1694731162110 2.3388226139094286 65
1694731162273 2.3007822198582697 66
1694731162516 1.818132367728401 67
1694731162760 3.1367365481411333 68
1694731163001 2.624282943072306 69
1694731163280 2.5218395898976413 70
1694731163517 2.2314433442708665 71
1694731163747 2.430372468057509 72
1694731163973 2.2637331052783067 73
1694731164159 2.0959979598643836 74
1694731164346 2.2692501237529012 75
1694731164564 3.0980274698686086 76
1694731164801 2.2915267998152293 77
1694731165031 2.426820152065998 78
1694731165225 2.7322581374021975 79
1694731165540 1.5732678949685266 80
1694731165761 1.6281752716412623 81
1694731165997 2.9802228305990397 82
1694731166286 2.978113978798023 83
1694731166569 1.9694941999208337 84
1694731166802 3.0748663533038054 85
1694731167020 2.5029390462923202 86
1694731167208 2.334213377606368 87
1694731167408 2.0002738627544603 88
1694731167695 1.6301356376231253 89
1694731167930 2.263339714568156 90
1694731168153 3.1676438134868676 91
1694731168360 1.8172486885231542 92
1694731168614 1.597084082583252 93
1694731168863 2.8581912834455907 94
1694731169111 2.2021617062190213 95
1694731169292 2.563429532554282 96
1694731169567 3.5247665930162366 97
1694731169890 2.181135884362528 98
1694731170132 2.462429591261779 99
1694731170341 2.980286668695175 100
1694731170589 1.7775515876749173 101
1694731170824 2.326911397778901 102
1694731171068 3.095935904617736 103
1694731171280 1.646053674469096 104
1694731171497 2.197044824915358 105
1694731171755 1.9940537725862502 106
1694731172041 3.4871113110014256 107
1694731172258 2.562033241184872 108
1694731172475 1.8796502066960656 109
1694731172715 2.9980500097190244 110
1694731172963 2.728319186096023 111
1694731173179 3.3021814111040775 112
1694731173359 2.184162446825182 113
1694731173604 2.6780212536428465 114
1694731173850 1.4952576764171077 115
1694731174104 1.8806410898896615 116
1694731174323 2.348690639442762 117
1694731174548 2.0057129303524603 118
1694731174784 3.2038918873690094 119
1694731175041 2.381594932208031 120
1694731175240 2.4537251279986454 121
1694731175416 1.2749244003013078 122
1694731175672 3.0390315642466716 123
1694731175922 3.019591949181436 124
1694731176192 3.42706600180558 125
1694731176442 1.9375312514993597 126
1694731176690 2.405637613976598 127
1694731176955 4.057477524571902 128
1694731177215 3.114951267230667 129
1694731177421 2.457863961879807 130
1694731177668 3.461051678924695 131
1694731177907 3.3807940054301433 132
1694731178144 1.900771386221489 133
1694731178331 2.1998223076337 134
1694731178518 2.2094243696621443 135
1694731178716 1.5511138771412927 136
1694731178893 3.276479243222498 137
1694731179089 1.7520097912826802 138
1694731179301 1.702856079185216 139
1694731179458 2.1595142514950196 140
1694731179743 3.6884454837420324 141
1694731179984 2.535914614838985 142
1694731180194 1.8105387962452915 143
1694731180379 2.623639127767743 144
1694731180612 2.8189785209359086 145
1694731180866 2.8620758138505153 146
1694731181138 2.743695077019742 147
1694731181423 2.823249835684004 148
1694731181636 1.7430373052908958 149
1694731181876 2.7687249794755697 150
1694731182150 1.5146135817027708 151
1694731182349 2.1873238267582273 152
1694731182537 2.5827506365749704 153
1694731182728 2.1029479873410106 154
1694731182965 1.914967077235081 155
1694731183263 2.5551174418603426 156
1694731183437 2.7416410651544774 157
1694731183678 1.9047024321990917 158
1694731183913 3.0447468361493493 159
1694731184159 3.5089687944688994 160
1694731184377 2.0806451815355245 161
1694731184653 2.5736127300680587 162
1694731184894 2.249370085256921 163
1694731185139 2.3049088077510884 164
1694731185390 3.1056652787351684 165
1694731185599 1.1018110018051213 166
1694731185839 2.2187645179083764 167
1694731186053 2.19035968646586 168
1694731186287 2.0728356749345633 169
1694731186523 3.2958668466327468 170
1694731186749 3.50584826549235 171
1694731186941 1.7843061109060276 172
1694731187186 2.0320203984449487 173
1694731187390 1.5592267303952159 174
1694731187590 2.4240066704730725 175
1694731187864 1.5543402541062301 176
1694731188103 1.6146560374010965 177
1694731188348 2.29177920446034 178
1694731188521 2.8063174858775763 179
1694731188695 3.0533954952892075 180
1694731188931 3.05030797500009 181
1694731189165 1.53611603050799 182
1694731189398 2.2196760914331874 183
1694731189705 3.9957996591429734 184
1694731190019 3.115118963049246 185
1694731190300 2.2932413241790246 186
1694731190527 1.940056254526583 187
1694731190765 2.0166931921899103 188
1694731191027 2.173671888452376 189
1694731191294 2.735837515432267 190
1694731191543 2.3820425752272585 191
1694731191740 2.8025046845157875 192
1694731191931 2.8254137576094656 193
1694731192241 1.7153617124412428 194
1694731192444 1.3471940577334218 195
1694731192664 2.038193835341148 196
1694731192920 2.902235427840946 197
1694731193161 2.00350826835431 198
1694731193403 1.6292496393908984 199
1694731193622 2.3009693845687167 200
1694731193860 2.108106571988398 201
1694731194103 1.7429103656851943 202
1694731194457 2.127491673519296 203
1694731194694 2.897789635794558 204
1694731194936 3.2594825794362614 205
1694731195165 3.0935128753907173 206
1694731195405 0.9421327680571875 207
1694731195570 2.436219487510109 208
1694731195802 2.8648369337906066 209
1694731195995 2.5401332490095654 210
1694731196202 2.9320781134020493 211
1694731196437 2.673806335835567 212
1694731196679 2.266899233539686 213
1694731196884 1.9481876909552467 214
1694731197124 2.165930739784352 215
1694731197367 1.9779918127069491 216
1694731197579 1.6972433344355593 217
1694731197802 2.8588206066661677 218
1694731198042 3.012950370381118 219
1694731198288 1.9346088108118533 220
1694731198488 2.642667451546633 221
1694731198674 3.0268911555149085 222
1694731198944 2.875213061124091 223
1694731199110 1.971717576199029 224
1694731199258 2.738535613056054 225
1694731199481 3.129810841744394 226
1694731199752 2.614333497936227 227
1694731199951 3.250842476803953 228
1694731200175 1.4642808367458493 229
1694731200391 2.5756834678657357 230
1694731200616 2.106394830913857 231
1694731200866 1.9620581546263587 232
1694731201132 2.0560492697605257 233
1694731201454 2.197270961574414 234
1694731201652 2.086314225320913 235
1694731201903 2.410558392965082 236
1694731202059 2.3673530184276497 237
1694731202271 1.892986483267132 238
1694731202482 2.258774166696013 239
1694731202657 2.225922709397445 240
1694731202836 1.6893021553939735 241
1694731202962 2.105977570476908 242
1694731203155 2.387612054980096 243
1694731203401 2.085926848730511 244
1694731203599 1.767658524157885 245
1694731203785 4.346435991690448 246
1694731204036 2.8212819691602333 247
1694731204286 2.7346818033600075 248
1694731204520 2.1111156418033925 249
1694731204691 2.131092112378819 250
1694731205000 1.8285196698672215 251
1694731205202 2.0077850804390587 252
1694731205453 4.015057296480449 253
1694731205734 1.1422364379013668 254
1694731205968 3.9909698049815767 255
1694731206216 1.4321840451417778 256
1694731206470 1.9902247795702646 257
1694731206639 3.532884780008116 258
1694731206815 2.442701296988441 259
1694731207005 1.3471049523947922 260
1694731207270 2.608127929167855 261
1694731207524 1.4596242133760675 262
1694731207669 1.6584766282186199 263
1694731207877 3.049681823184997 264
1694731208078 2.409988604397162 265
1694731208310 1.688407919229719 266
1694731208569 2.630721906828833 267
1694731208829 2.2125423265676054 268
1694731209063 2.8501973268311396 269
1694731209304 1.3298205913856842 270
1694731209601 2.9763808190542647 271
1694731209802 1.9020075732784807 272
1694731210020 2.858161784117654 273
1694731210276 3.0174616346338525 274
1694731210527 2.3047806494034626 275
1694731210713 2.8829818124828623 276
1694731210895 2.1654301896776373 277
1694731211072 2.735276852653131 278
1694731211341 3.3187819839913644 279
1694731211578 1.8219212107423124 280
1694731211767 1.4416318431366264 281
1694731212010 2.1016582357236238 282
1694731212337 2.0063633146906543 283
1694731212588 2.8449950335007563 284
1694731212812 1.5529963855527615 285
1694731213054 1.8849920008078136 286
1694731213302 2.498009301658452 287
1694731213562 2.087506756074174 288
1694731213811 2.8254696073860557 289
1694731214110 2.125518405047993 290
1694731214326 2.228275804423534 291
1694731214625 2.5967593925338655 292
1694731214791 2.1756991219505433 293
1694731215033 4.344189569662135 294
1694731215275 2.061333282183513 295
1694731215626 1.8161822564045143 296
1694731215885 2.9430972685755195 297
1694731216218 1.7191322571624374 298
1694731216580 1.8228819623136703 299
1694731216894 2.64188597517432 300
1694731217176 1.8195120645195801 301
1694731217371 2.2531006879209428 302
1694731217612 2.2111504424225736 303
1694731218034 3.1153312523139256 304
1694731218437 2.6302377247700455 305
1694731218689 2.3756519914409773 306
1694731218851 2.8832299733313547 307
1694731219092 1.7522406640256794 308
1694731219352 2.8206853298322394 309
1694731219657 1.6888181049349769 310
1694731219848 2.2250895648488953 311
1694731220061 1.6557895624205752 312
1694731220298 2.7566163451699777 313
1694731220572 1.7604661197195115 314
1694731220765 1.9867553636542965 315
1694731221000 2.4828349189865437 316
1694731221309 1.217073349204069 317
1694731221613 2.349281186948575 318
1694731221855 1.9171395902411972 319
1694731222106 1.4917755005426745 320
1694731222361 2.189380582591397 321
1694731222617 2.7968542811866732 322
1694731222820 2.044261500725835 323
1694731223062 1.9452678859568338 324
1694731223288 1.6688078772682335 325
1694731223583 2.3529543026591098 326
1694731223784 2.7668245130465206 327
1694731223952 1.9274004220735694 328
1694731224151 2.543476208418501 329
1694731224404 2.7358546462772764 330
1694731224701 2.6432042032931427 331
1694731224939 2.353282671757818 332
1694731225127 1.311750047215364 333
1694731225376 1.5963878021561548 334
1694731225661 1.7980144342982747 335
1694731225933 2.6340611568966645 336
1694731226177 1.6388434166201622 337
1694731226433 1.8367024157695055 338
1694731226685 2.376091737025416 339
1694731226918 2.647061242714718 340
1694731227151 1.4846641125103048 341
1694731227395 2.200569608211062 342
1694731227665 1.8807527237807704 343
1694731227837 2.8200668559239817 344
1694731228093 2.059775489038706 345
1694731228317 2.9230901490653576 346
1694731228538 2.8253549704839958 347
1694731228747 2.4786462020687665 348
1694731228927 3.4244849410685148 349
1694731229165 2.6272366300874563 350
1694731229394 2.9640500555725198 351
1694731229743 2.143222054032981 352
1694731229934 2.8281940818039075 353
1694731230173 1.4655519110472177 354
1694731230449 3.9484522116378096 355
1694731230697 1.2173727131725534 356
1694731230908 1.8164927849175978 357
1694731231143 1.492845897034023 358
1694731231443 1.7369959538179245 359
1694731231697 1.9274285525970418 360
1694731231912 2.7368326431354535 361
1694731232140 2.145486185875087 362
1694731232438 2.450098680465448 363
1694731232716 1.888236789206366 364
1694731232931 1.338692888574574 365
1694731233172 1.8599510398777008 366
1694731233409 1.9500424668826861 367
1694731233649 2.8432946544480386 368
1694731233851 1.2504048469689961 369
1694731234072 2.220800122598997 370
1694731234334 2.1890520597415306 371
1694731234619 2.6095457262647703 372
1694731234871 3.1416022262419205 373
1694731235120 2.857777681925434 374
1694731235313 1.68934343272344 375
1694731235572 2.8244330566057716 376
1694731235810 2.3347711475917805 377
1694731236055 2.3124913455233607 378
1694731236297 2.2302718850403296 379
1694731236584 2.8891123857413255 380
1694731236830 2.66665249873717 381
1694731237112 2.094336570403209 382
1694731237367 1.6099021071901731 383
1694731237636 2.4128504601753806 384
1694731237849 2.1303573062504304 385
1694731238059 2.1279815206837527 386
1694731238272 1.9359173589295182 387
1694731238533 2.6005377244884316 388
1694731238789 2.269028178909146 389
1694731239042 3.485405520212643 390
1694731239361 2.542638081046728 391
1694731239675 1.3539113123806346 392
1694731239900 2.5529998414018324 393
1694731240142 1.8462608117729078 394
1694731240370 3.6979464502530868 395
1694731240622 2.313786411464967 396
1694731240854 1.395021002686442 397
1694731241006 2.696602895245773 398
1694731241204 2.0348425805390513 399
1694731241562 1.6895477292931826 400
1694731241857 1.8390090941835646 401
1694731242108 2.1089087899878165 402
1694731242390 3.0080713139158806 403
1694731242689 2.094525288574775 404
1694731242943 2.7770365786080817 405
1694731243175 2.382907686478554 406
1694731243450 2.023851139792582 407
1694731243758 1.833915785558424 408
1694731244026 2.795480486531384 409
1694731244337 2.1218518595885083 410
1694731244643 2.047524155902702 411
1694731244902 1.7897743707158307 412
1694731245158 2.524974635158929 413
1694731245460 2.2794467746748226 414
1694731245782 2.154845169777623 415
1694731246134 2.985478877475364 416
1694731246336 1.7735576119644942 417
