1694737700026 6.742304007430957 0
1694737700317 4.958484874363418 1
1694737700591 0.46102860444081395 2
1694737700888 37.83269437530618 3
1694737701196 2.6828933597792903 4
1694737701544 5.731524984215893 5
1694737701835 0.7299406094350082 6
1694737702154 3.463606556722778 7
1694737702505 25.284577296353582 8
1694737702771 1.1915329972697188 9
1694737703075 0.02211012388059623 10
1694737703399 13.74572442605248 11
1694737703679 2.7441631707573597 12
1694737703976 3.406661122876597 13
1694737704290 0.7567776695332636 14
1694737704679 5.6008185334647616 15
1694737704939 0.8410786183773811 16
1694737705244 1.7421365606981773 17
1694737705572 11.901561991905991 18
1694737705808 0.9483932432011535 19
1694737706112 0.11680537411004538 20
1694737706477 5.897156995891104 21
1694737706752 6.167598835935993 22
1694737707131 0.03845194099682549 23
1694737707452 21.921722383928433 24
1694737707709 1.8791553663419405 25
1694737707950 10.851356856600164 26
1694737708265 0.009571370687105374 27
1694737708569 1.6591248921970292 28
1694737708833 4.261199089291535 29
1694737709315 1.2960808762341562 30
1694737709670 0.005375183491065658 31
1694737709947 20.75134664670212 32
1694737710261 2.752223432534776 33
1694737710610 3.2419783637963486 34
1694737710894 0.078151484713889 35
1694737711201 6.789363029926909 36
1694737711580 0.11529463764316886 37
1694737711848 0.00404160145572692 38
1694737712152 1.1394264686240052 39
1694737712475 4.591289945390631 40
1694737712770 1.1460222381200709 41
1694737712996 3.891426861665083 42
1694737713289 0.0038042403049713494 43
1694737713666 1.3422905309253406 44
1694737713906 0.2416540198460859 45
1694737714176 3.293372627678404 46
1694737714472 1.4681408711078385 47
1694737714853 0.7220473287461536 48
1694737715139 4.675824941889114 49
1694737715370 8.011263265911783 50
1694737715650 0.018221508046303538 51
1694737715994 0.007320684248900869 52
1694737716197 2.8675114111585516 53
1694737716529 2.872226595271106 54
1694737716864 9.466986174555766 55
1694737717114 0.09954625459969041 56
1694737717449 1.4943819130199902 57
1694737717770 15.487501507218033 58
1694737718104 2.7627180615148994 59
1694737718430 1.9276623706758884 60
1694737718749 5.3955386634281 61
1694737719066 23.999050230254777 62
1694737719355 0.17417820507531553 63
1694737719658 0.4197229426931306 64
1694737720023 9.745539421183054 65
1694737720381 1.0031027560773413 66
1694737720654 14.345450086114338 67
1694737720973 0.21259295969820713 68
1694737721268 12.784041993710085 69
1694737721616 2.617315629213537 70
1694737721909 12.048074150446634 71
1694737722168 6.222437758289734 72
1694737722468 16.72791285684926 73
1694737722751 30.53939168295053 74
1694737723042 0.1893068451335935 75
1694737723356 2.9666849352112323 76
1694737723686 0.028707123716064854 77
1694737723984 11.251442084797635 78
1694737724260 0.01440434212922694 79
1694737724634 0.07017828898461155 80
1694737725016 2.7001838444965833 81
1694737725258 0.9130502403893745 82
1694737725579 0.3737144082523236 83
1694737725916 1.099874137263477 84
1694737726194 13.407977983437075 85
1694737726536 2.0815598051748028 86
1694737726883 0.08800313317271694 87
1694737727218 1.866123381924478 88
1694737727543 7.145368677092828 89
1694737727851 2.6521987291970306 90
1694737728174 4.229009302857226 91
1694737728460 0.021301222274358936 92
1694737728780 5.509659156945043 93
1694737729141 1.4608400379184612 94
1694737729416 1.1886182123412157 95
1694737729689 0.24739555767595559 96
1694737730005 2.0257714064918484 97
1694737730308 0.3132777633406586 98
1694737730637 1.9495630527659733 99
1694737730969 3.7737043651522453 100
1694737731281 39.98263961181094 101
1694737731644 1.2208965682660167 102
1694737731926 8.012112854325592 103
1694737732248 0.0018616070820449274 104
1694737732512 0.3260409768471659 105
1694737732816 0.03249514363513877 106
1694737733108 0.6537962950853159 107
1694737733446 6.306779484284041 108
1694737733814 0.5487962625201033 109
1694737734135 1.921550998924266 110
1694737734474 0.19440671686036193 111
1694737734847 0.5884358717446263 112
1694737735165 17.854798848010276 113
1694737735446 2.3918443635807565 114
1694737735795 3.308220600438271 115
1694737736145 0.18216885401171362 116
1694737736543 0.009080549506354639 117
1694737736863 0.3481631543533891 118
1694737737187 0.0030649227306525444 119
1694737737469 14.484037842487492 120
1694737737801 16.40572613774713 121
1694737738161 5.775310886634965 122
1694737738398 17.066848300666965 123
1694737738736 0.36048582860877976 124
1694737739047 8.028902860414433 125
1694737739348 0.13029523847436783 126
1694737739632 0.29583505928142595 127
1694737739934 0.20835788096094754 128
1694737740261 0.26269342820203995 129
1694737740558 0.047898465290925105 130
1694737740887 4.111612632014246 131
1694737741202 4.934355658898141 132
1694737741518 2.144855449992495 133
1694737741805 0.762586458775732 134
1694737742138 5.078802980000069 135
1694737742473 10.989877664166675 136
1694737742775 8.025175610462574 137
1694737743095 11.488017433099477 138
1694737743408 0.9528792014576144 139
1694737743690 0.47387705498713656 140
1694737743984 2.2514754336506235 141
1694737744308 3.190792120908316 142
1694737744585 6.8383987169748 143
1694737744919 3.0933434312552746 144
1694737745265 4.487860839715739 145
1694737745524 18.88167881671583 146
1694737745827 10.083945210577031 147
1694737746089 0.0032978165093233165 148
1694737746466 2.3406373906265463 149
1694737746783 3.066510163400471 150
1694737747149 0.03434427539691211 151
1694737747492 0.016869626040510115 152
1694737747806 0.3630821070231984 153
1694737748107 0.3633595275914352 154
1694737748421 0.15210876065374654 155
1694737748648 2.4056893085041353 156
1694737748933 8.475171837191931 157
1694737749328 1.3350835713450608 158
1694737749627 3.4460274423943216 159
1694737749911 1.3194854172848243 160
1694737750204 0.38690461543987076 161
1694737750519 0.3454465319777248 162
1694737750795 0.9606429704803091 163
1694737751110 4.349472922086186 164
1694737751446 10.127707519833239 165
1694737751751 0.13277284441358006 166
1694737751996 14.504698113053795 167
1694737752269 0.878820852703177 168
1694737752569 0.22552375983098144 169
1694737752856 8.894583137965942 170
1694737753178 6.768178929307761 171
1694737753520 0.049812963309779766 172
1694737753837 0.00595263631448113 173
1694737754123 1.413544602250428 174
1694737754416 1.4443375484968797 175
1694737754762 5.49158532174011 176
1694737755072 8.075609587749128 177
1694737755367 5.181360377790897 178
1694737755654 1.7290972029889284 179
1694737756031 21.52879430069 180
1694737756387 0.04485977268450075 181
1694737756690 10.258818452772408 182
1694737756991 0.3387488453877702 183
1694737757317 0.8108714481900815 184
1694737757659 0.674945245738518 185
1694737758058 0.7742943780976808 186
1694737758401 3.860665129011637 187
1694737758849 0.3835168035207824 188
1694737759152 0.2873560856844811 189
1694737759409 6.5697331464821875 190
1694737759693 0.635239573520721 191
1694737759930 2.419856546760213 192
1694737760263 1.0191251662215288 193
1694737760639 0.21684481808640202 194
1694737760872 0.435415186800489 195
1694737761094 6.629457435221504 196
1694737761427 0.0024300646766457355 197
1694737761722 9.817344808113198 198
1694737761992 2.8218807230905703 199
1694737762256 0.7217620686822732 200
1694737762721 0.12818763120726753 201
1694737762983 5.648006130034212 202
1694737763293 0.5432506835647042 203
1694737763647 2.494183266279936 204
1694737763908 7.792949366468845 205
1694737764159 2.5945569876436427 206
1694737764480 2.109028937266237 207
1694737764894 1.7229720363349321 208
1694737765184 2.3931299986741363 209
1694737765498 6.130130138490707 210
1694737765828 3.6543430436558895 211
1694737766119 24.366949702533955 212
1694737766496 5.8787384177841 213
1694737766828 4.397969299306077 214
1694737767157 0.9909433956964268 215
1694737767482 1.4971799398996661 216
1694737767825 0.016464400821584062 217
1694737768093 1.2049828052203901 218
1694737768355 1.622350060992648 219
1694737768682 6.550509908329055 220
1694737768966 0.5729602024896022 221
1694737769323 5.050680326925733 222
1694737769645 4.294874297136009 223
1694737769965 0.919774902244468 224
1694737770255 1.485475648391373 225
1694737770558 17.68432628370188 226
1694737770845 0.42802652196358465 227
1694737771077 4.099493462938175 228
1694737771298 1.925531368301115 229
1694737771778 2.1186676795671864 230
1694737772067 0.1866692411848608 231
1694737772392 0.9971659824768241 232
1694737772708 1.1828456204943105 233
1694737773002 0.5577006526006159 234
1694737773349 1.0165570210976653 235
1694737773697 16.7254501697974 236
1694737774012 4.093679616457572 237
1694737774292 0.11405321295856397 238
1694737774618 0.021955151765746944 239
1694737774966 5.440662473061954 240
1694737775262 2.7716138898835045 241
1694737775591 0.16073767381175402 242
1694737775970 4.112007141673596 243
1694737776297 0.10701986464057527 244
1694737776663 0.07588944166494997 245
1694737776979 0.8151019823161567 246
1694737777283 0.07333010627615064 247
1694737777624 0.35315991366903393 248
1694737777937 0.5257449392759491 249
1694737778310 0.32086802220449445 250
1694737778667 4.167832276864215 251
1694737778993 0.22982213767727247 252
1694737779258 9.944166513450638 253
1694737779602 0.7613065290495592 254
1694737779916 14.326918931440982 255
1694737780224 0.5085456655155746 256
1694737780606 2.544221507898589 257
1694737780921 0.03203520148772761 258
1694737781223 1.2892597666845522 259
1694737781527 1.5346568440474027 260
1694737781869 5.070390186751711 261
1694737782153 3.2232161432550748 262
1694737782410 0.6334716205496937 263
1694737782798 0.28639154837799524 264
1694737783084 3.66482835201422 265
1694737783366 0.11223225512213449 266
1694737783704 0.0035901750436530327 267
1694737784063 0.2668013437889663 268
1694737784308 5.570227457569935 269
1694737784602 11.129099833003265 270
1694737785062 46.36254939480601 271
1694737785355 1.5406284113058681 272
1694737785680 6.082796561577965 273
1694737786014 2.5461763843154426 274
1694737786299 1.3225190187475042 275
1694737786646 0.967420037274268 276
1694737786954 0.0006572755062240744 277
1694737787278 0.4631206748721626 278
1694737787565 1.9874902145327988 279
1694737787917 7.876156545746974 280
1694737788292 0.0017407235714396202 281
1694737788625 0.16892560187401798 282
1694737788882 4.221688906398218 283
1694737789246 0.002338902220885199 284
1694737789519 0.29644312563368125 285
1694737789854 1.3473766712055093 286
1694737790176 0.491430670718611 287
1694737790468 26.08768514088176 288
1694737790808 0.44550314662567164 289
1694737791143 21.451161222403496 290
1694737791422 20.397508398475058 291
1694737791758 0.20842470960165457 292
1694737792069 0.11756964056572795 293
1694737792371 0.17464377020764965 294
1694737792705 0.13968542406884063 295
1694737793065 0.5752141929132409 296
1694737793359 1.1262027178520482 297
1694737793682 3.5458217762164086 298
1694737794029 14.395789784998524 299
1694737794333 1.840747295007419 300
1694737794650 0.8949097097887115 301
1694737794951 4.676919068217602 302
1694737795238 17.326710698755214 303
1694737795479 1.3091660898998247 304
1694737795839 3.3613622254331736 305
1694737796204 2.3234718364438867 306
1694737796557 0.644007735695983 307
1694737796865 1.0906602568527795 308
1694737797220 6.033006856568357 309
1694737797493 9.514929778563726 310
1694737797819 1.163192215440851 311
1694737798215 4.60115043358115 312
1694737798470 0.2923252129160306 313
1694737798722 14.007464356924434 314
1694737798977 14.315213642766006 315
1694737799291 2.9679463184252435 316
1694737799577 0.0538557024321849 317
1694737799874 0.08182578687572822 318
1694737800171 8.987397393106184 319
1694737800498 0.0063444527958187785 320
1694737800788 0.46106859950327916 321
1694737801104 5.450091975285159 322
1694737801387 0.29357490585709545 323
1694737801624 0.13386185719736934 324
1694737801874 0.9734009275540813 325
1694737802162 0.4969275539516118 326
1694737802494 4.670301277745927 327
1694737802820 4.69848779966676 328
1694737803143 3.024723304087132 329
1694737803433 0.383789982149313 330
1694737803729 10.678676259755544 331
1694737804048 1.1884909869824356 332
1694737804364 4.580212431229089 333
1694737804701 3.5856646996617574 334
1694737805071 3.663553131187372 335
1694737805387 1.3081538176863847 336
1694737805708 0.2894707279269813 337
1694737806025 0.6628032226185617 338
1694737806396 0.970954396710168 339
1694737806680 1.3730145249504266 340
1694737807009 8.75332571707768 341
1694737807342 5.827595507609996 342
1694737807606 0.00032165919418811726 343
1694737807954 1.8546424762373295 344
1694737808275 20.27984832977589 345
1694737808565 2.8866074716955232 346
1694737808898 3.047663516254375 347
1694737809195 9.438036494020945 348
1694737809503 10.921736759725874 349
1694737809792 5.302123273256897 350
1694737810121 0.28991264708186937 351
1694737810440 4.409122427050007 352
1694737810750 0.015027279855475676 353
1694737811129 5.871402430762705 354
1694737811504 3.2480112920392576 355
1694737811813 11.335211815010284 356
1694737812158 1.1375858384264674 357
1694737812484 14.68891750644189 358
1694737812799 0.17843149682095905 359
1694737813150 0.011119279699487809 360
1694737813478 4.991710670938991 361
1694737813842 0.6754862822167 362
1694737814163 0.4874543286906866 363
1694737814469 5.222405667684368 364
1694737814810 0.6413507480836499 365
1694737815130 5.355439961880127 366
1694737815461 0.32473793969512665 367
1694737815770 2.353535110513633 368
1694737816110 3.1653823016288745 369
1694737816479 0.5910945520508926 370
1694737816745 6.662497541277667 371
1694737817057 0.45689584475710404 372
1694737817384 1.0953378625841372 373
1694737817665 1.0037713907753834 374
1694737817876 3.724631916564725 375
1694737818181 5.420112781209162 376
1694737818677 4.818896059501009 377
1694737818993 0.969053663656293 378
1694737819311 1.1298580435921595 379
1694737819654 7.3355253870799055 380
1694737819904 1.3570357791448775 381
1694737820255 16.386144342961725 382
1694737820596 7.657878620786634 383
1694737820910 0.0473149068148625 384
1694737821230 2.096180046941064 385
1694737821548 3.1602483825493555 386
1694737821872 0.08045463802839367 387
1694737822190 0.9208952370757696 388
1694737822571 0.02681201334062714 389
1694737822890 15.425677591252946 390
1694737823170 0.8473796958250107 391
1694737823461 0.016857188239554313 392
1694737823758 5.3151391566028705 393
1694737824053 0.9113445820711609 394
1694737824384 7.894822126548334 395
1694737824809 0.025379351857078427 396
1694737825086 0.15801365426816816 397
1694737825393 1.020801114387396 398
1694737825709 4.49766627278887 399
1694737825957 0.34187679318838216 400
1694737826167 5.533605611813474 401
1694737826452 22.604298505081807 402
1694737826728 5.759113422160181 403
1694737827042 1.7778222724758603 404
1694737827284 8.378339448850046 405
1694737827596 7.176434354779512 406
1694737827897 0.2096837067592738 407
1694737828218 0.4089000443684042 408
1694737828549 0.9663320154333954 409
1694737828872 7.260226915918356 410
1694737829254 2.5314688082806733 411
1694737829567 0.621708392119611 412
1694737829903 1.739642370330474 413
1694737830136 1.5284314827556986 414
1694737830470 3.646600629991757 415
1694737830781 5.937855011007187 416
1694737831023 0.45583854117484923 417
1694737831348 2.739716939696522 418
1694737831686 14.272550362527108 419
1694737831945 0.3156692060245283 420
1694737832222 27.438830615899715 421
1694737832546 0.2865570590644704 422
1694737832861 4.1239900360512705 423
1694737833093 5.884880233077136 424
1694737833340 0.39245685334654146 425
1694737833717 0.1570314620170133 426
1694737834004 0.26275410526348575 427
1694737834237 2.5824404391309335 428
1694737834572 21.823160556346078 429
1694737834951 1.5492727924042298 430
1694737835207 0.31937914653510635 431
1694737835526 5.368290977102748 432
1694737835870 0.2280011444438297 433
1694737836156 0.381508116174018 434
1694737836499 0.00304837244244871 435
1694737836860 7.244918625078774 436
1694737837108 2.289376291135188 437
1694737837348 1.2832455053475014 438
1694737837643 6.511176337490179 439
1694737837986 4.230709777256505 440
1694737838307 0.15223221167112455 441
1694737838619 25.543171320676134 442
1694737838932 0.9663370944275528 443
1694737839220 6.524645145149229 444
1694737839438 0.006884480440103682 445
1694737839679 4.96236825410931 446
1694737839966 1.0206569387455338 447
1694737840234 0.7441408469147077 448
1694737840572 17.77390749785077 449
1694737840881 1.5025393597799555 450
1694737841155 8.416557515716956 451
1694737841398 1.458242904068167 452
1694737841723 12.534743272324526 453
1694737842076 4.7257781819294 454
1694737842308 3.585718180568245 455
1694737842651 1.8834880399105423 456
1694737842955 1.3514838041376962 457
1694737843293 1.4366504982821766 458
1694737843615 2.6654219070634566 459
1694737843923 0.0010376692350994143 460
1694737844234 3.283451383236948 461
1694737844466 1.2038434536951388 462
1694737844873 0.2678930326935621 463
1694737845183 10.301122957909959 464
1694737845464 5.848160844776196 465
1694737845741 0.9974529632250362 466
1694737846022 2.2536077326743875 467
1694737846319 1.660790037755262 468
1694737846691 5.770123409804677 469
1694737847059 20.410594985503273 470
1694737847378 12.266244410629534 471
1694737847711 23.19652446453807 472
1694737848026 0.013746273448673041 473
1694737848315 11.612551296770995 474
1694737848634 0.16000708501998576 475
1694737848922 3.6623293169721114 476
1694737849279 0.09847678455360849 477
1694737849530 0.0799544276599344 478
1694737849784 4.198072643750558 479
1694737849993 14.847785260349177 480
1694737850203 0.18628641500727847 481
1694737850422 19.770958094587694 482
1694737850722 2.483294785773714 483
1694737851042 9.32101966259874 484
1694737851425 8.648328690821286 485
1694737851785 1.2329892003715608 486
1694737852051 1.4305397059358673 487
1694737852349 1.5122493802662105 488
1694737852616 21.769503889855407 489
1694737853019 18.087528908510635 490
1694737853347 0.4861281785916314 491
1694737853679 4.657584540179736 492
1694737853956 1.56562513169205 493
1694737854253 0.3175698262114031 494
1694737854558 15.188432596190781 495
1694737854867 5.384365728711657 496
1694737855213 24.647096286625125 497
1694737855537 0.005710459077136277 498
1694737855876 0.010780546023885453 499
