1694713784507 1.1600169663806494 0
1694713784792 2.877225593753261 1
1694713785050 1.574767381205037 2
1694713785444 2.550046670318622 3
1694713785739 0.008373517411167207 4
1694713785976 0.02943042722329694 5
1694713786221 1.3073385936890032 6
1694713786537 0.935229575523517 7
1694713786744 3.3200990916408615 8
1694713787025 7.151486565753094 9
1694713787255 0.9819287942306856 10
1694713787664 0.0015261414738188019 11
1694713788000 1.9471986850015006 12
1694713788298 0.8762000923279747 13
1694713788594 0.999316493113653 14
1694713788901 0.13659354571165558 15
1694713789256 0.698974811557228 16
1694713789540 0.2969565794876878 17
1694713789905 1.1379622447334927 18
1694713790250 2.8264676171534533 19
1694713790523 3.4570761934420733 20
1694713790770 0.5093658226084435 21
1694713791076 0.44722939353752766 22
1694713791374 0.036507528036627226 23
1694713791706 0.09709049437785333 24
1694713792065 1.2047917257384884 25
1694713792375 0.34496136148859613 26
1694713792662 11.594565486146077 27
1694713792943 0.09351490429910655 28
1694713793381 0.020008477941098675 29
1694713793687 0.00013499465236016628 30
1694713794013 0.42609544347330874 31
1694713794362 0.1958573693602163 32
1694713794702 4.485219619098749 33
1694713795106 0.3233652170578206 34
1694713795481 1.1148283905532856 35
1694713795804 1.6895113064025737 36
1694713796055 0.702937140750315 37
1694713796365 0.012527584889965925 38
1694713796752 0.026699993122402576 39
1694713797031 1.768710468068777 40
1694713797359 2.1296801922791735 41
1694713797651 0.8627749185779693 42
1694713797912 0.1339061109856391 43
1694713798203 0.0069350255634356055 44
1694713798479 1.2275571256630469 45
1694713798806 0.8059015400088566 46
1694713799098 2.203500178471186 47
1694713799361 0.7087089820528398 48
1694713799684 0.08869404615516364 49
1694713799973 0.0007388516462433499 50
1694713800219 0.15535570575536417 51
1694713800482 0.061870926171557206 52
1694713800766 0.0023913727556654197 53
1694713801002 0.20588728482637172 54
1694713801326 0.1102189595790736 55
1694713801655 1.2651357146965505 56
1694713801917 4.841041591742592 57
1694713802189 0.20005769646867824 58
1694713802438 1.2435231553484611 59
1694713802706 0.0025578813061342253 60
1694713802980 1.718551225277443 61
1694713803363 1.1401815697423874 62
1694713803682 3.9387617777352854e-05 63
1694713803939 1.574812909432925 64
1694713804234 0.563788613016374 65
1694713804533 2.4499294779805996 66
1694713804822 0.12343148180806418 67
1694713805094 3.3061555156725277 68
1694713805357 0.011539533421463462 69
1694713805790 2.137006443799129 70
1694713806045 2.85067251526979 71
1694713806297 0.4587411728363193 72
1694713806511 0.12265320130847378 73
1694713806732 0.6910007794459393 74
1694713806973 0.4845677282075175 75
1694713807270 1.0078338013384183 76
1694713807546 0.0014350204217596818 77
1694713807926 0.480095506067153 78
1694713808247 0.6086961767731367 79
1694713808553 0.3561231164495011 80
1694713808837 1.4133680066347338 81
1694713809060 0.38387902968504617 82
1694713809346 0.022604660053498843 83
1694713809637 0.2428009329412813 84
1694713809916 1.8825112758018183 85
1694713810180 0.7360159464506243 86
1694713810500 0.037071240327481825 87
1694713810816 1.3213013283886412 88
1694713811082 0.4666084314393677 89
1694713811315 0.06721016739570426 90
1694713811594 1.0823232622553502 91
1694713811908 0.761883372222602 92
1694713812150 3.4272273617528444 93
1694713812519 0.6671919435486667 94
1694713812856 2.0359736105293567 95
1694713813206 0.0007880601206919179 96
1694713813523 0.0019174134669286383 97
1694713813894 0.03574392734051952 98
1694713814222 0.5778994477278959 99
1694713814460 1.4523584132142546 100
1694713814769 0.09835951137224888 101
1694713814995 0.12121493041148354 102
1694713815222 1.7727859191785742 103
1694713815463 0.31031904498542956 104
1694713815889 0.8092248912119022 105
1694713816175 0.299481866104408 106
1694713816465 0.8401062220818113 107
1694713816805 2.599854358773809 108
1694713817176 0.4342338753074832 109
1694713817560 0.002120441711194307 110
1694713817896 2.5124168598521104 111
1694713818168 2.7734683487594434 112
1694713818436 3.806899985316771 113
1694713818712 0.53849927433941 114
1694713819051 1.8232374330615926 115
1694713819410 1.6763565441566535 116
1694713819732 1.5624177712869585 117
1694713819986 0.4385659158646603 118
1694713820298 1.1636630859776838 119
1694713820584 0.3230591818263164 120
1694713820874 1.8072134177569559 121
1694713821191 0.1595516619572112 122
1694713821466 1.9361556035283125 123
1694713821706 0.9607786101388565 124
1694713822012 0.028154901546661053 125
1694713822301 0.3794828219155542 126
1694713822542 3.846925581022006 127
1694713822878 0.9227304505130616 128
1694713823352 0.9127959721438056 129
1694713823686 1.9806772166332398 130
1694713824045 0.15570111275287138 131
1694713824331 0.054711969406433296 132
1694713824614 1.0266879187776323 133
1694713824895 0.09634014166586019 134
1694713825215 0.9240804197523832 135
1694713825465 1.318792249684144 136
1694713825878 0.07206741509216702 137
1694713826221 3.843204519530139 138
1694713826458 1.4175181932747156 139
1694713826693 0.6770939850005759 140
1694713826919 0.22427654213847853 141
1694713827155 0.258606555430371 142
1694713827474 0.14034775014179363 143
1694713827738 0.1928073838174207 144
1694713828066 0.005379146974526832 145
1694713828419 0.12958710074234384 146
1694713828734 1.6275308339911343 147
1694713829003 2.364387442677494 148
1694713829338 0.0775883123228761 149
1694713829680 0.0016682820794567824 150
1694713829952 1.4665714668394725 151
1694713830271 1.6715539331646345 152
1694713830548 0.1128512938994649 153
1694713830861 0.9244544922334943 154
1694713831154 0.5150737212963741 155
1694713831380 1.7175355913417172 156
1694713831639 1.4660341469807285 157
1694713831958 0.2584551120197536 158
1694713832270 0.07105756976552 159
1694713832526 0.024838244405816293 160
1694713832911 0.8059136623195364 161
1694713833270 0.5801952766484207 162
1694713833556 3.8796304877474146 163
1694713833825 0.15543779691657195 164
1694713834138 0.6568605899952211 165
1694713834451 0.069451579003786 166
1694713834708 0.013235645166981337 167
1694713835062 3.1979534835258843 168
1694713835367 0.014849186821539889 169
1694713835745 0.01484049051604831 170
1694713836078 1.4260832266627044 171
1694713836374 0.7164917604120776 172
1694713836613 0.06367640021769036 173
1694713836858 0.7055447884404716 174
1694713837203 0.6187749677947226 175
1694713837555 0.6869303964988159 176
1694713837859 0.3771213388754382 177
1694713838168 0.3503073536764589 178
1694713838470 0.2003744746905895 179
1694713838754 0.3413181244879733 180
1694713839068 1.9049653462663836 181
1694713839476 1.603699155809903 182
1694713839790 0.3699494180221512 183
1694713840095 0.28664764815593613 184
1694713840409 0.11808677073755368 185
1694713840686 0.3180434288407981 186
1694713840960 0.21546889091488564 187
1694713841168 0.649321477608737 188
1694713841398 0.028664327609680428 189
1694713841757 1.1898788027016327 190
1694713842060 0.5616757828283033 191
1694713842351 0.2115582987124147 192
1694713842650 0.0876180971791268 193
1694713842955 0.9151024579596688 194
1694713843308 0.09513787751845329 195
1694713843545 2.5391610574065835 196
1694713843850 0.009621851489628455 197
1694713844159 3.356266399320537 198
1694713844509 0.9674696735294773 199
1694713844848 0.03645059782098186 200
1694713845209 0.047850315682351006 201
1694713845496 0.0006074714099635298 202
1694713845833 0.02074515559432336 203
1694713846135 0.767432365953087 204
1694713846465 0.5946781269990806 205
1694713846723 1.1463582975311646 206
1694713847067 0.07875751062424642 207
1694713847440 1.1404150555542198 208
1694713847708 0.14345683075998386 209
1694713848014 0.08617946297328669 210
1694713848366 0.07745149129160701 211
1694713848638 0.0015100317464422776 212
1694713848858 0.135086540631377 213
1694713849129 0.05727493248776354 214
1694713849418 3.960066381366186 215
1694713849666 0.21176509979230376 216
1694713849906 0.021489680969256134 217
1694713850301 2.5060895192842554 218
1694713850625 0.574927442143629 219
1694713850929 0.7839985731138305 220
1694713851253 4.774591584933503 221
1694713851556 0.15146626035437638 222
1694713851790 0.24625027932679866 223
1694713852048 3.111265273130009 224
1694713852378 1.219666009993993 225
1694713852651 1.4758329506766827 226
1694713853016 3.7665878211437236 227
1694713853458 0.08935200239734849 228
1694713853930 3.143324634579668 229
1694713854209 0.0013075035562395778 230
1694713854678 1.4284804935664313 231
1694713854964 0.4422036076518521 232
1694713855267 0.24024322005011228 233
1694713855544 0.0029628042286602057 234
1694713855814 4.006952462019455 235
1694713856046 1.002314198692156 236
1694713856322 0.5714161452698634 237
1694713856605 0.23070534194996242 238
1694713856844 0.15120718451878556 239
1694713857142 0.47249165476446786 240
1694713857602 0.0006078640910646289 241
1694713857847 0.005271888804646908 242
1694713858214 1.8193023679445313 243
1694713858511 0.16660014820785735 244
1694713858793 0.004707129833005651 245
1694713859046 0.186153311654455 246
1694713859310 0.0009383276569012425 247
1694713859550 9.283435320456823 248
1694713859941 0.14215250445604963 249
1694713860291 0.0006397292358171306 250
1694713860613 0.5467308266684803 251
1694713860854 0.8745736048674423 252
1694713861090 0.4194045596533133 253
1694713861474 0.1685146772947584 254
1694713861777 0.5635465128474121 255
1694713862138 0.19410030396779088 256
1694713862467 0.3778367678923348 257
1694713862732 0.6909159630705286 258
1694713863000 0.07059296576173431 259
1694713863319 0.0034349021867945482 260
1694713863656 0.7125996932393681 261
1694713863947 0.32301075827470455 262
1694713864321 0.17150600132966565 263
1694713864650 0.026893618404592253 264
1694713864914 0.00367943355843219 265
1694713865223 2.0612846468274157 266
1694713865542 0.21930595004831926 267
1694713865892 0.0012878109814980986 268
1694713866159 0.12624834049993888 269
1694713866494 0.7778021729667048 270
1694713866794 0.024093976012367714 271
1694713867047 0.04643429512865272 272
1694713867293 4.919864714195508 273
1694713867640 1.2045953733410661 274
1694713867937 6.17911363381933 275
1694713868197 1.373881537253839 276
1694713868470 0.6875211491875832 277
1694713868855 0.3271213736774605 278
1694713869083 0.8160035654038745 279
1694713869369 0.8573338675512616 280
1694713869671 2.772365686188496 281
1694713869977 2.7045897064093176 282
1694713870257 2.590808624867254 283
1694713870570 0.37107607299598355 284
1694713870940 0.20347402867797537 285
1694713871193 2.2522303609258314 286
1694713871430 0.12239597346076786 287
1694713871715 0.005864347598077158 288
1694713872026 0.691382121770703 289
1694713872228 2.0303825055584572 290
1694713872495 3.4383050467471317 291
1694713872826 2.0945558358788236e-06 292
1694713873145 3.74918249706692 293
1694713873432 0.0002844360196547416 294
1694713873698 0.40703184043752844 295
1694713874181 5.163088251792471e-06 296
1694713874541 0.32391618687735524 297
1694713874842 0.1644584986484803 298
1694713875095 2.0635069502744705 299
1694713875542 1.33770496688626 300
1694713876042 3.796893541194969 301
1694713876370 2.0397067641599995 302
1694713876774 1.1556754961523084 303
1694713877118 0.805957450699509 304
1694713877484 0.012162359329255232 305
1694713877936 1.3891935298248683 306
1694713878337 0.380699147537738 307
1694713878686 0.1271211558177929 308
1694713879034 2.463276580859075 309
1694713879273 0.13658589897957213 310
1694713879597 0.47882104133286524 311
1694713879912 5.411760508216568 312
1694713880234 0.003194619619662156 313
1694713880576 0.6123004761283224 314
1694713880913 0.013961674094070635 315
1694713881213 0.004252983186012785 316
1694713881552 0.06361066196795356 317
1694713881847 0.9489177797087729 318
1694713882126 1.5182965547997302 319
1694713882470 0.23479073277392237 320
1694713882787 0.16280818263789734 321
1694713883054 0.8469864904826943 322
1694713883341 0.3254139908251333 323
1694713883664 3.338586055815516 324
1694713884020 4.988585991528394 325
1694713884286 0.0788852627650462 326
1694713884776 0.4714451587486213 327
1694713885307 0.02741591557398271 328
1694713885597 0.15760347011778464 329
1694713886012 0.005965993932940997 330
1694713886293 0.4227426883335753 331
1694713886608 5.337352274765531 332
1694713887030 0.20450884046870232 333
1694713887341 0.06844935844240345 334
1694713887746 2.77291230489367 335
1694713888085 0.0163294558593311 336
1694713888352 0.43387294128319226 337
1694713888636 0.08542295635370273 338
1694713888979 0.009978340771459256 339
1694713889323 0.015606502193384532 340
1694713889594 0.004460452404825963 341
1694713889924 0.38136143199760253 342
1694713890217 2.40568031206738 343
1694713890461 1.4914050883948773e-06 344
1694713890726 0.8631700725329393 345
1694713891020 1.2055542641735248 346
1694713891313 0.003313546802729146 347
1694713891574 0.4621968106297648 348
1694713891862 0.7194973446102363 349
1694713892182 1.090516175527185 350
1694713892462 0.0001826368691995038 351
1694713892688 0.0024944061976866533 352
1694713892960 0.8157768943907543 353
1694713893297 0.4550346392991106 354
1694713893561 0.04494228337854615 355
1694713893839 1.7500886125695403 356
1694713894166 0.4311774308624506 357
1694713894410 0.0017545061622785579 358
1694713894680 7.848381580302908 359
1694713894923 0.004955689648969352 360
1694713895206 0.0036105333989084306 361
1694713895406 0.19385049637403526 362
1694713895638 0.03979388899910953 363
1694713896049 0.5529396741439601 364
1694713896475 1.5966970574809944 365
1694713896816 3.3750631302346643 366
1694713897093 6.101834723897045 367
1694713897490 3.3310359729126273 368
1694713897849 0.07265387673344062 369
1694713898124 0.39479020618221705 370
1694713898465 0.09943931662562107 371
1694713898810 0.016186075646040455 372
1694713899205 0.49517802271480404 373
1694713899465 0.8063918224568034 374
1694713899710 2.0535579360125684 375
1694713900026 0.3211132148054002 376
1694713900348 0.9195208119655669 377
1694713900621 0.06686710404532438 378
1694713900992 0.17262019946625212 379
1694713901349 1.8728683325708437 380
1694713901592 1.188647412448232 381
1694713901872 1.1844355276296246 382
1694713902175 1.2661134047082812 383
1694713902476 0.462928281604863 384
1694713902819 0.08636671628280931 385
1694713903158 0.2642325799770382 386
1694713903542 0.12582588554635016 387
1694713903815 0.8711735341062964 388
1694713904190 0.4338115154069167 389
1694713904629 0.13620797439014476 390
1694713904965 0.013000239520097738 391
1694713905315 0.015709399781249203 392
1694713905697 4.21456069074435 393
1694713906224 0.028709311322182574 394
1694713906650 0.00038905500587853027 395
1694713907025 0.06416020404856349 396
1694713907429 1.8841375160323768 397
1694713907857 1.3457950054398642 398
1694713908403 0.46724193160824046 399
1694713908736 1.2139481266059202 400
1694713909055 0.015231199387311375 401
1694713909413 0.10305679946736808 402
1694713909751 1.5504466697321326 403
1694713910113 0.7892104685732585 404
1694713910574 0.9944110781652095 405
1694713910993 1.6076355347696907 406
1694713911376 0.01619821972017927 407
1694713911725 0.01779931935451445 408
1694713912039 0.03710113821760141 409
1694713912419 5.552906703279437 410
1694713912866 1.4422332543400913 411
1694713913264 0.46941070172312666 412
1694713913544 0.30270685333054553 413
1694713913985 2.028271681531384 414
1694713914395 1.4828651274820919 415
1694713914761 0.936753356527064 416
1694713915385 0.010954739900567742 417
1694713915963 0.1729166705624837 418
1694713916421 0.01213898954681986 419
1694713916799 0.0011607427403489234 420
1694713917427 0.16636997490539723 421
1694713918283 1.2302503548974937 422
1694713918872 0.5824985163828895 423
1694713919310 0.0035718139023581353 424
1694713919746 0.058216354655996894 425
1694713920075 1.7627148625213427 426
1694713920529 0.07751439156764395 427
1694713920806 0.2363937573006493 428
1694713921117 0.09704474060528052 429
1694713921461 0.03865413321994819 430
1694713921836 1.3450993869947865 431
1694713922062 0.1837993963660803 432
1694713922323 2.232312341747828 433
1694713922588 0.12185954438028963 434
1694713922903 0.649429131358482 435
1694713923220 1.1389863278406411 436
1694713923561 0.007645021876764464 437
1694713924118 0.010117929662429836 438
1694713924527 0.9923232510044642 439
1694713924864 0.18986762205481417 440
1694713925345 4.565719061361482 441
1694713925715 0.2869880494399074 442
1694713925997 0.12083524774995846 443
1694713926327 0.1651239347763651 444
1694713926703 1.9334805125698031 445
1694713926963 0.2962118318295776 446
1694713927272 2.1504789591444426 447
1694713927739 0.08633301207546049 448
1694713928273 0.5694769730683797 449
1694713928712 0.21400753475378018 450
1694713929065 0.592045204950483 451
1694713929377 0.0070169759324367675 452
1694713929716 0.8967012687532377 453
1694713930169 0.0077113997401008745 454
1694713930654 0.026326064332231357 455
1694713931030 0.3895278950565074 456
1694713931391 0.06264308908898451 457
1694713931670 0.9716377264720203 458
1694713931973 0.12324356987472548 459
1694713932328 0.14323159897325427 460
1694713932800 1.144967345995255 461
1694713933119 0.7315150246796733 462
1694713933420 0.35081598092939376 463
1694713933759 0.9252642803425384 464
1694713934084 1.051585175452252 465
1694713934480 0.5715334344423189 466
1694713934924 1.1197204508000473 467
1694713935342 0.009978457027647837 468
1694713935765 0.02347597928380178 469
1694713936188 1.6704211829468918 470
1694713936527 0.00011932399378678028 471
1694713937005 2.1196745774028583 472
1694713937316 0.14737614907161953 473
1694713937913 0.1478986270159364 474
1694713938163 1.2540105979769636 475
1694713938461 0.2377345285184658 476
1694713938826 0.20213734895864338 477
1694713939104 0.025651512965602953 478
1694713940047 0.6807250206741411 479
1694713940380 0.4880172815323467 480
1694713940736 0.018120022298771823 481
1694713941122 0.17555466902844447 482
1694713941561 0.975701828481264 483
1694713941869 0.1975281254850889 484
1694713942110 0.7582656978226306 485
1694713942414 0.5466865218988821 486
1694713942731 1.1863962200154625 487
1694713943023 1.9822083429608446 488
1694713943411 0.26711556603174563 489
1694713943904 0.05551933155676412 490
1694713944199 1.3578129921772537 491
1694713944569 0.012729434723858703 492
1694713944994 2.7403972068288542 493
1694713945425 3.4957675376078945 494
1694713945928 6.137430956974619 495
1694713946325 0.2867320999454687 496
1694713946689 0.06454762603751518 497
1694713947065 0.31131407888946583 498
1694713947412 0.0017222897453645365 499
