1694721177628 0.22601283616045872 0
1694721178066 7.6174615496380085 1
1694721178487 2.0862363880575723 2
1694721178864 3.1600874846520837 3
1694721179185 0.890703489963676 4
1694721179571 0.21547985098252578 5
1694721179913 0.3643373966748061 6
1694721180247 0.3371220115754307 7
1694721180554 11.718113699959163 8
1694721180928 1.451373266304713 9
1694721181328 3.020727714432313 10
1694721181730 0.6590623993407536 11
1694721182115 9.371461767758941 12
1694721182618 2.0373906809921705 13
1694721183007 0.3479261991511067 14
1694721183382 1.5703300718466011 15
1694721183765 0.1861853833820135 16
1694721184144 7.135476692942185e-06 17
1694721184552 0.005941258584158996 18
1694721184954 1.0466203853304825 19
1694721185516 0.16218357690079138 20
1694721186052 4.1071606172720365 21
1694721186515 0.0037798848387233072 22
1694721186935 0.05918654674769307 23
1694721187237 1.9876118667987108 24
1694721187553 0.2989259453165194 25
1694721187880 4.181253249296665 26
1694721188245 0.0013333165161505249 27
1694721188654 0.16956459714834524 28
1694721188986 0.40880523354259085 29
1694721189329 8.70359079294833 30
1694721189650 0.2941680164732158 31
1694721190019 1.357520467851795 32
1694721190372 5.7995198996390025 33
1694721190778 0.12487779460708709 34
1694721191103 0.08358938210251597 35
1694721191752 3.567912221155759 36
1694721192132 0.06578624122778201 37
1694721192489 0.6897592226504158 38
1694721192988 0.959400410116714 39
1694721193392 7.068127530347538 40
1694721193748 6.243949388336223 41
1694721194170 0.2765564518599108 42
1694721194550 7.422250475197154 43
1694721194937 2.4046187699940753 44
1694721195350 6.454087233698856e-05 45
1694721195718 0.3002653896907949 46
1694721196206 0.026421787838006288 47
1694721196829 0.6229516017752857 48
1694721197152 0.019843130376945864 49
1694721197487 8.986461915871976 50
1694721197910 0.5349362685784608 51
1694721198245 1.6708402758857466 52
1694721198700 0.41113409909834214 53
1694721199117 0.43771857007001524 54
1694721199435 0.5551920504412485 55
1694721199743 0.5952730605772302 56
1694721200129 0.1339517556950626 57
1694721200466 7.491057209002057 58
1694721200925 0.009957611047535536 59
1694721201287 0.7941070015006323 60
1694721201715 0.013398948663459278 61
1694721202094 2.2176022865625455 62
1694721202491 0.9201279888022335 63
1694721202866 0.6557466709199263 64
1694721203350 2.124050998729183 65
1694721203647 0.3902853222841986 66
1694721204059 1.8332066337808663 67
1694721204431 19.366670512041207 68
1694721204717 0.000790560639196541 69
1694721205036 1.27754586938978 70
1694721205370 0.2690973546388802 71
1694721205721 0.23967653517608659 72
1694721206103 0.03404210325485356 73
1694721206491 2.909301114010149 74
1694721206900 0.35156978581143133 75
1694721207295 2.6144122360919813 76
1694721207672 6.5808520694008745 77
1694721208061 0.09377350671666834 78
1694721208424 0.02981866231147967 79
1694721208819 7.045006861273821 80
1694721209175 0.30724509334414085 81
1694721209516 15.878150734937817 82
1694721209981 0.6517242760618732 83
1694721210360 0.03803463001493435 84
1694721210708 1.0124285565052376 85
1694721211101 3.084896673203664 86
1694721211511 0.7439627994927936 87
1694721211882 0.24170327187133794 88
1694721212347 0.6338654772941793 89
1694721212740 0.07502785384356817 90
1694721213232 0.48285683504782123 91
1694721213571 0.0029201547124032617 92
1694721213968 0.018247052573786345 93
1694721214394 0.16655963310354177 94
1694721214797 2.3302496476351813 95
1694721215149 10.501445542660331 96
1694721215537 0.09689518425899389 97
1694721215835 6.058815881072943 98
1694721216195 1.2238331137354697 99
1694721216580 2.1058083499965625 100
1694721216957 1.719435207710283 101
1694721217356 1.8261134829068604 102
1694721217751 1.435200065229356 103
1694721218149 0.057599981957346995 104
1694721218558 0.17785249133066178 105
1694721218913 0.3226884236561795 106
1694721219329 0.05866505997596458 107
1694721219681 0.0012917097307693593 108
1694721220161 1.3825723583179164 109
1694721220567 0.09893128676685688 110
1694721220906 2.9166555730121506 111
1694721221339 4.495529031145729 112
1694721221716 0.15286317526654428 113
1694721222179 0.2713913448011561 114
1694721222639 0.10229918044257091 115
1694721222964 0.3279815083941979 116
1694721223300 3.5700698673116382 117
1694721223650 0.09214843295363179 118
1694721224155 0.6117168824844202 119
1694721224778 3.982892817459707 120
1694721225163 0.7151550075159284 121
1694721225557 0.5047201922278364 122
1694721225892 4.284857862742016 123
1694721226329 0.2992479905780999 124
1694721226693 1.0762995438444058 125
1694721227001 0.6490125725306656 126
1694721227393 2.4529154491820737 127
1694721227776 1.098658880396341 128
1694721228230 1.2855341884891243 129
1694721228644 1.1473766898566184 130
1694721228929 2.5406372042235903 131
1694721229326 0.5404835214028565 132
1694721229748 1.644801305435221 133
1694721230094 0.06991100699434488 134
1694721230582 0.41243567121801467 135
1694721230943 3.4784654844854637 136
1694721231340 12.541678997814797 137
1694721231828 0.062296291433077265 138
1694721232143 0.24737906658460365 139
1694721232559 4.987255591247815 140
1694721233179 0.05724741189759161 141
1694721233674 0.19060147886185483 142
1694721234058 1.4354204024228665 143
1694721234493 0.15861411683475324 144
1694721234899 0.01311933423724791 145
1694721235315 9.917940957604719 146
1694721235688 0.3402973734009775 147
1694721236081 2.088248098700563 148
1694721236461 0.1515615556092796 149
1694721236841 0.2798062697842525 150
1694721237254 0.011316704161410902 151
1694721237727 0.09883835461539431 152
1694721238006 0.7685673489440007 153
1694721238389 0.2155864005046868 154
1694721238805 0.31760438138547525 155
1694721239156 0.44953608965501995 156
1694721239561 0.028283446732549126 157
1694721239944 3.1523678911666764 158
1694721240304 0.7383846574047521 159
1694721240698 0.20283025410830646 160
1694721241037 0.791045936361267 161
1694721241480 0.017957014958654427 162
1694721241914 0.35295456940617753 163
1694721242255 0.04133783369537011 164
1694721242612 2.3508875467999366 165
1694721242965 0.8546420215324795 166
1694721243339 0.2088785820065059 167
1694721243730 2.774602109098936 168
1694721244072 5.654343312594883 169
1694721244542 0.13114085435062398 170
1694721244962 0.6503191853239976 171
1694721245341 1.1824652582920223 172
1694721245706 0.18335208756280666 173
1694721246131 1.1420651807980753 174
1694721246591 4.6018249463938 175
1694721247013 0.30753780669612635 176
1694721247397 4.902380249818678 177
1694721247826 2.124359958480597 178
1694721248211 0.6723456502638756 179
1694721248602 1.9391467550564894 180
1694721249015 8.768493200827334e-07 181
1694721249479 17.845985701897895 182
1694721249891 4.597074922615962 183
1694721250179 0.0031858903368148454 184
1694721250601 0.550226456842524 185
1694721250969 0.20954914611723427 186
1694721251445 1.0332750592656768 187
1694721251886 0.6886767022188354 188
1694721252203 1.003934799299573 189
1694721252596 0.8386941848531309 190
1694721253002 0.5460438175879331 191
1694721253473 0.047648904044463126 192
1694721253854 0.007686962191721562 193
1694721254177 4.131500011287548 194
1694721254543 1.9079837536241833 195
1694721254963 0.04576263725600747 196
1694721255327 0.9538197339688699 197
1694721255788 2.741866084324591 198
1694721256135 0.037006138902452176 199
1694721256592 8.462486509856795 200
1694721257009 1.3842098874820623 201
1694721257375 0.05230494613608213 202
1694721257762 1.2298043449677114 203
1694721258232 0.551827776901065 204
1694721258624 0.48222228460014266 205
1694721259040 4.3778893011039 206
1694721259401 3.986269016435892e-06 207
1694721259759 6.431260802484267 208
1694721260146 0.25899678864906583 209
1694721260500 0.5602316600380919 210
