1694750710744 nan 0
1694750710957 nan 1
1694750711179 nan 2
1694750711532 nan 3
1694750711832 nan 4
1694750712099 nan 5
1694750712334 nan 6
1694750712648 nan 7
1694750712945 nan 8
1694750713215 nan 9
1694750713545 nan 10
1694750713855 nan 11
1694750714130 nan 12
1694750714341 nan 13
1694750714568 nan 14
1694750714864 nan 15
1694750715188 nan 16
1694750715463 nan 17
1694750715863 nan 18
1694750716153 nan 19
1694750716471 nan 20
1694750716826 nan 21
1694750717133 nan 22
1694750717407 nan 23
1694750717726 nan 24
1694750718053 nan 25
1694750718325 nan 26
1694750718630 nan 27
1694750718953 nan 28
1694750719286 nan 29
1694750719716 nan 30
1694750720031 nan 31
1694750720484 nan 32
1694750720747 nan 33
1694750721044 nan 34
1694750721345 nan 35
1694750721616 nan 36
1694750721921 nan 37
1694750722249 nan 38
1694750722589 nan 39
1694750722900 nan 40
1694750723204 nan 41
1694750723426 nan 42
1694750723696 nan 43
1694750723904 nan 44
1694750724123 nan 45
1694750724334 nan 46
1694750724626 nan 47
1694750725003 nan 48
1694750725298 nan 49
1694750725539 nan 50
1694750725819 nan 51
1694750726133 nan 52
1694750726428 nan 53
1694750726776 nan 54
1694750727111 nan 55
1694750727428 nan 56
1694750727676 nan 57
1694750728010 nan 58
1694750728335 nan 59
1694750728599 nan 60
1694750728863 nan 61
1694750729228 nan 62
1694750729518 nan 63
1694750729752 nan 64
1694750730001 nan 65
1694750730232 nan 66
1694750730482 nan 67
1694750730755 nan 68
1694750731006 nan 69
1694750731288 nan 70
1694750731579 nan 71
1694750731846 nan 72
1694750732159 nan 73
1694750732470 nan 74
1694750732747 nan 75
1694750733048 nan 76
1694750733394 nan 77
1694750733695 nan 78
1694750733992 nan 79
1694750734331 nan 80
1694750734647 nan 81
1694750734943 nan 82
1694750735181 nan 83
1694750735446 nan 84
1694750735785 nan 85
1694750736108 nan 86
1694750736432 nan 87
1694750736818 nan 88
1694750737106 nan 89
1694750737434 nan 90
1694750737744 nan 91
1694750738037 nan 92
1694750738354 nan 93
1694750738682 nan 94
1694750738999 nan 95
1694750739371 nan 96
1694750739695 nan 97
1694750739955 nan 98
1694750740263 nan 99
1694750740588 nan 100
1694750740873 nan 101
1694750741160 nan 102
1694750741444 nan 103
1694750741745 nan 104
1694750742026 nan 105
1694750742389 nan 106
1694750742727 nan 107
1694750743053 nan 108
1694750743375 nan 109
1694750743688 nan 110
1694750743967 nan 111
1694750744261 nan 112
1694750744627 nan 113
1694750744968 nan 114
1694750745287 nan 115
1694750745607 nan 116
1694750745831 nan 117
1694750746114 nan 118
1694750746434 nan 119
1694750746802 nan 120
1694750747113 nan 121
1694750747435 nan 122
1694750747742 nan 123
1694750747974 nan 124
1694750748214 nan 125
1694750748518 nan 126
1694750748783 nan 127
1694750749061 nan 128
1694750749362 nan 129
1694750749679 nan 130
1694750749889 nan 131
1694750750183 nan 132
1694750750519 nan 133
1694750750837 nan 134
1694750751116 nan 135
1694750751470 nan 136
1694750751767 nan 137
1694750752014 nan 138
1694750752236 nan 139
1694750752572 nan 140
1694750752856 nan 141
1694750753065 nan 142
1694750753324 nan 143
1694750753662 nan 144
1694750753963 nan 145
1694750754292 nan 146
1694750754629 nan 147
1694750754957 nan 148
1694750755192 nan 149
1694750755421 nan 150
1694750755793 nan 151
1694750756018 nan 152
1694750756266 nan 153
1694750756561 nan 154
1694750756887 nan 155
1694750757089 nan 156
1694750757312 nan 157
1694750757540 nan 158
1694750757858 nan 159
1694750758164 nan 160
1694750758453 nan 161
1694750758722 nan 162
1694750759001 nan 163
1694750759237 nan 164
1694750759541 nan 165
1694750759839 nan 166
1694750760147 nan 167
1694750760467 nan 168
1694750760744 nan 169
1694750761027 nan 170
1694750761305 nan 171
1694750761633 nan 172
1694750761934 nan 173
1694750762193 nan 174
1694750762530 nan 175
1694750762865 nan 176
1694750763140 nan 177
1694750763447 nan 178
1694750763753 nan 179
1694750763997 nan 180
1694750764227 nan 181
1694750764513 nan 182
1694750764851 nan 183
1694750765147 nan 184
1694750765417 nan 185
1694750765741 nan 186
1694750766054 nan 187
1694750766303 nan 188
1694750766547 nan 189
1694750766870 nan 190
1694750767151 nan 191
1694750767434 nan 192
1694750767771 nan 193
1694750768080 nan 194
1694750768315 nan 195
1694750768597 nan 196
1694750768854 nan 197
1694750769189 nan 198
1694750769503 nan 199
1694750769822 nan 200
1694750770108 nan 201
1694750770329 nan 202
1694750770627 nan 203
1694750770918 nan 204
1694750771212 nan 205
1694750771507 nan 206
1694750771832 nan 207
1694750772189 nan 208
1694750772414 nan 209
1694750772710 nan 210
1694750773037 nan 211
1694750773362 nan 212
1694750773711 nan 213
1694750774013 nan 214
1694750774284 nan 215
1694750774524 nan 216
1694750774845 nan 217
1694750775210 nan 218
1694750775423 nan 219
1694750775745 nan 220
1694750776037 nan 221
1694750776332 nan 222
1694750776600 nan 223
1694750776941 nan 224
1694750777346 nan 225
1694750777575 nan 226
1694750777924 nan 227
1694750778242 nan 228
1694750778513 nan 229
1694750778788 nan 230
1694750779017 nan 231
1694750779313 nan 232
1694750779581 nan 233
1694750779895 nan 234
1694750780299 nan 235
1694750780651 nan 236
1694750780941 nan 237
1694750781271 nan 238
1694750781514 nan 239
1694750781854 nan 240
1694750782169 nan 241
1694750782486 nan 242
1694750782763 nan 243
1694750783058 nan 244
1694750783372 nan 245
1694750783606 nan 246
1694750783894 nan 247
1694750784220 nan 248
1694750784562 nan 249
1694750784877 nan 250
1694750785217 nan 251
1694750785507 nan 252
1694750785823 nan 253
1694750786157 nan 254
1694750786552 nan 255
1694750786913 nan 256
1694750787230 nan 257
1694750787519 nan 258
1694750787742 nan 259
1694750788043 nan 260
1694750788316 nan 261
1694750788592 nan 262
1694750788848 nan 263
1694750789201 nan 264
1694750789487 nan 265
1694750789775 nan 266
1694750790054 nan 267
1694750790387 nan 268
1694750790678 nan 269
1694750790963 nan 270
1694750791344 nan 271
1694750791642 nan 272
1694750791954 nan 273
1694750792279 nan 274
1694750792595 nan 275
1694750792874 nan 276
1694750793174 nan 277
1694750793531 nan 278
1694750793824 nan 279
1694750794105 nan 280
1694750794380 nan 281
1694750794663 nan 282
1694750794882 nan 283
1694750795191 nan 284
1694750795471 nan 285
1694750795787 nan 286
1694750796038 nan 287
1694750796344 nan 288
1694750796741 nan 289
1694750797069 nan 290
1694750797385 nan 291
1694750797707 nan 292
1694750798096 nan 293
1694750798439 nan 294
1694750798777 nan 295
1694750799208 nan 296
1694750799551 nan 297
1694750799906 nan 298
1694750800305 nan 299
1694750800645 nan 300
1694750800954 nan 301
1694750801257 nan 302
1694750801584 nan 303
1694750801898 nan 304
1694750802240 nan 305
1694750802599 nan 306
1694750802904 nan 307
1694750803393 nan 308
1694750803861 nan 309
1694750804269 nan 310
1694750804608 nan 311
1694750804873 nan 312
1694750805244 nan 313
1694750805585 nan 314
1694750805945 nan 315
1694750806359 nan 316
1694750806843 nan 317
1694750807122 nan 318
1694750807737 nan 319
1694750808108 nan 320
1694750808606 nan 321
1694750809061 nan 322
1694750809443 nan 323
1694750809836 nan 324
1694750810435 nan 325
1694750811840 nan 326
1694750812986 nan 327
1694750813724 nan 328
1694750814242 nan 329
1694750814744 nan 330
1694750815118 nan 331
1694750815457 nan 332
1694750815859 nan 333
1694750816407 nan 334
1694750816762 nan 335
1694750817288 nan 336
1694750817570 nan 337
1694750817914 nan 338
1694750818234 nan 339
1694750818512 nan 340
1694750818873 nan 341
1694750819221 nan 342
1694750819476 nan 343
1694750819799 nan 344
1694750820167 nan 345
1694750820474 nan 346
1694750820884 nan 347
1694750821235 nan 348
1694750821514 nan 349
1694750821844 nan 350
1694750822249 nan 351
1694750822583 nan 352
1694750822919 nan 353
1694750823309 nan 354
1694750823564 nan 355
1694750823865 nan 356
1694750824232 nan 357
1694750824577 nan 358
1694750824933 nan 359
1694750825355 nan 360
1694750825684 nan 361
1694750826000 nan 362
1694750826335 nan 363
1694750826629 nan 364
1694750826984 nan 365
1694750827310 nan 366
1694750827597 nan 367
1694750827922 nan 368
1694750828191 nan 369
1694750828515 nan 370
1694750828791 nan 371
1694750829110 nan 372
1694750829427 nan 373
1694750829776 nan 374
1694750830123 nan 375
1694750830401 nan 376
1694750830765 nan 377
1694750831190 nan 378
1694750831492 nan 379
1694750831842 nan 380
1694750832254 nan 381
1694750832559 nan 382
1694750832901 nan 383
1694750833246 nan 384
1694750833563 nan 385
1694750833806 nan 386
1694750834104 nan 387
1694750834404 nan 388
1694750834733 nan 389
1694750835117 nan 390
1694750835457 nan 391
1694750835779 nan 392
1694750836089 nan 393
1694750836490 nan 394
1694750836894 nan 395
1694750837214 nan 396
1694750837590 nan 397
1694750837973 nan 398
1694750838227 nan 399
1694750838556 nan 400
1694750838930 nan 401
1694750839286 nan 402
1694750839604 nan 403
1694750839945 nan 404
1694750840439 nan 405
1694750840775 nan 406
1694750841148 nan 407
1694750841465 nan 408
1694750841778 nan 409
1694750842123 nan 410
1694750842456 nan 411
1694750842785 nan 412
1694750843017 nan 413
1694750843349 nan 414
1694750843697 nan 415
1694750843983 nan 416
1694750844345 nan 417
1694750844664 nan 418
1694750844923 nan 419
1694750845314 nan 420
1694750845659 nan 421
1694750845959 nan 422
1694750846273 nan 423
1694750846671 nan 424
1694750847012 nan 425
1694750847300 nan 426
1694750847698 nan 427
1694750848021 nan 428
1694750848318 nan 429
1694750848733 nan 430
1694750849042 nan 431
1694750849401 nan 432
1694750849764 nan 433
1694750850061 nan 434
1694750850650 nan 435
1694750851351 nan 436
1694750851860 nan 437
1694750852089 nan 438
1694750852417 nan 439
1694750852739 nan 440
1694750853054 nan 441
1694750853363 nan 442
1694750853710 nan 443
1694750854032 nan 444
1694750854362 nan 445
1694750854764 nan 446
1694750855108 nan 447
1694750855433 nan 448
1694750855769 nan 449
1694750856048 nan 450
1694750856347 nan 451
1694750856799 nan 452
1694750857095 nan 453
1694750857371 nan 454
1694750857712 nan 455
1694750858087 nan 456
1694750858386 nan 457
1694750858727 nan 458
1694750859382 nan 459
1694750859732 nan 460
1694750860242 nan 461
1694750860791 nan 462
1694750861101 nan 463
1694750861501 nan 464
1694750861900 nan 465
1694750862198 nan 466
1694750862546 nan 467
1694750862938 nan 468
1694750863281 nan 469
1694750863878 nan 470
1694750864223 nan 471
1694750864517 nan 472
1694750864884 nan 473
1694750865315 nan 474
1694750865874 nan 475
1694750866324 nan 476
1694750866684 nan 477
1694750867070 nan 478
1694750867430 nan 479
1694750867838 nan 480
1694750868295 nan 481
1694750868667 nan 482
1694750869116 nan 483
1694750869525 nan 484
1694750869837 nan 485
1694750870167 nan 486
1694750870523 nan 487
1694750870890 nan 488
1694750871174 nan 489
1694750871472 nan 490
1694750871788 nan 491
1694750872223 nan 492
1694750872551 nan 493
1694750872952 nan 494
1694750873327 nan 495
1694750873602 nan 496
1694750874034 nan 497
1694750874360 nan 498
1694750874677 nan 499
