1694729349267 170.23740628535586 0
1694729349622 132.5957304989706 1
1694729349980 103.40094961105942 2
1694729350319 80.75681819329277 3
1694729350701 63.192867481862734 4
1694729351033 49.568792372455476 5
1694729351381 39.00031066285605 6
1694729351691 30.801672272674015 7
1694729352043 24.441079180564895 8
1694729352363 19.506116599783766 9
1694729352659 15.676947089648733 10
1694729353015 12.705524231669514 11
1694729353368 10.399474029702006 12
1694729353725 8.609595791900082 13
1694729354009 7.220169666923256 14
1694729354310 6.141440551016847 15
1694729354667 5.3037896302392 16
1694729354970 4.6532145805321985 17
1694729355264 4.1478245569396 18
1694729355623 3.75512209806966 19
1694729355943 3.449895245554074 20
1694729356278 3.212582859374904 21
1694729356628 3.02800687955386 22
1694729356969 2.884389144197353 23
1694729357287 2.7725888751581738 24
1694729357781 2.685511288969758 25
1694729358320 2.617648915334624 26
1694729358724 2.5647258318466606 27
1694729358996 2.5234217128438634 28
1694729359297 2.4911577773682896 29
1694729359603 2.4659307434948956 30
1694729359980 2.4461840153610823 31
1694729360431 2.4307077479190844 32
1694729360794 2.4185613100261802 33
1694729361121 2.4090131209432553 34
1694729361486 2.4014939632015713 35
1694729361827 2.395560749453224 36
1694729362268 2.3908683992070747 37
1694729363129 2.3871480073631317 38
1694729363474 2.3841898943865196 39
1694729363873 2.381830444321149 40
1694729364329 2.379941882192819 41
1694729364681 2.378424332634753 42
1694729365056 2.3771996491484253 43
1694729365434 2.3762066178758503 44
1694729365851 2.3753972285406038 45
1694729366196 2.3747337740785706 46
1694729366587 2.3741865938964914 47
1694729367239 2.373732317133561 48
1694729367663 2.3733524944472233 49
1694729368045 2.3730325317837364 50
1694729368407 2.372760858944083 51
1694729368762 2.372528280770199 52
1694729369131 2.372327470427886 53
1694729369522 2.3721525733053275 54
1694729369993 2.3719988970647834 55
1694729370424 2.3718626688336166 56
1694729370831 2.371740844751055 57
1694729371160 2.3716309603720847 58
1694729371662 2.3715310129812917 59
1694729372199 2.371439368851578 60
1694729372691 2.371354690022885 61
1694729373154 2.371275876373227 62
1694729373459 2.3712020196851786 63
1694729373763 2.371132367134949 64
1694729374121 2.3710662921945502 65
1694729374534 2.371003271376126 66
1694729374877 2.3709428655891123 67
1694729375150 2.370884705147097 68
1694729375440 2.370828477668861 69
1694729375830 2.3707739182801064 70
1694729376149 2.3707208016489076 71
1694729376547 2.370668935486869 72
1694729377110 2.3706181552253924 73
1694729377455 2.370568319637095 74
1694729377817 2.370519307220035 75
1694729378181 2.3704710131997677 76
1694729378526 2.3704233470336646 77
1694729378904 2.3703762303251277 78
1694729379264 2.370329595073618 79
1694729379615 2.370283382200927 80
1694729379992 2.3702375403055918 81
1694729380308 2.370192024606493 82
1694729380654 2.3701467960439735 83
1694729380965 2.3701018205126103 84
1694729381304 2.370057068204472 85
1694729381715 2.3700125130454173 86
1694729382077 2.369968132210052 87
1694729382367 2.3699239057034 88
1694729382704 2.369879815999353 89
1694729383053 2.369835847727577 90
1694729383376 2.369791987401909 91
1694729383748 2.36974822318437 92
1694729384170 2.369704544679823 93
1694729384554 2.369660942757064 94
1694729384893 2.3696174093927627 95
1694729385163 2.3695739375351863 96
1694729385470 2.369530520985091 97
1694729385845 2.36948715429153 98
1694729386197 2.3694438326606355 99
1694729386550 2.3694005518757146 100
1694729386933 2.3693573082272095 101
1694729387261 2.369314098451267 102
1694729387600 2.3692709196758424 103
1694729388054 2.369227769373393 104
1694729388448 2.3691846453193293 105
1694729388777 2.3691415455555234 106
1694729389126 2.3690984683582474 107
1694729389464 2.3690554122099905 108
1694729389823 2.369012375774687 109
1694729390246 2.368969357875935 110
1694729390642 2.3689263574778385 111
1694729391028 2.3688833736681647 112
1694729391375 2.368840405643517 113
1694729391704 2.3687974526963003 114
1694729392024 2.368754514203248 115
1694729392344 2.3687115896153244 116
1694729392726 2.3686686784488438 117
1694729393059 2.368625780277649 118
1694729393426 2.3685828947262304 119
1694729393779 2.3685400214636676 120
1694729394104 2.3684971601982996 121
1694729394465 2.3684543106730294 122
1694729394767 2.368411472661192 123
1694729395082 2.368368645962918 124
1694729395412 2.36832583040193 125
1694729395810 2.368283025822723 126
1694729396112 2.3682402320880853 127
1694729396406 2.368197449076907 128
1694729396732 2.368154676682263 129
1694729397162 2.3681119148097114 130
1694729397520 2.368069163375809 131
1694729397952 2.368026422306792 132
1694729398320 2.367983691537422 133
1694729398628 2.3679409710099697 134
1694729398959 2.367898260673312 135
1694729399296 2.3678555604821514 136
1694729399623 2.3678128703963113 137
1694729399974 2.3677701903801323 138
1694729400367 2.3677275204019272 139
1694729400712 2.36768486043351 140
1694729401069 2.367642210449775 141
1694729401357 2.367599570428332 142
1694729401688 2.367556940349178 143
1694729402036 2.3675143201944175 144
1694729402408 2.3674717099480076 145
1694729402832 2.3674291095955353 146
1694729403172 2.367386519124027 147
1694729403477 2.3673439385217714 148
1694729403834 2.3673013677781767 149
1694729404194 2.367258806883628 150
1694729404472 2.3672162558293772 151
1694729404806 2.3671737146074356 152
1694729405180 2.367131183210487 153
1694729405534 2.3670886616318034 154
1694729405883 2.3670461498651783 155
1694729406226 2.3670036479048617 156
1694729406523 2.366961155745509 157
1694729406884 2.3669186733821275 158
1694729407309 2.36687620081004 159
1694729407682 2.3668337380248454 160
1694729408031 2.366791285022383 161
1694729408427 2.366748841798707 162
1694729408789 2.366706408350061 163
1694729409155 2.3666639846728517 164
1694729409506 2.366621570763635 165
1694729409828 2.3665791666190943 166
1694729410225 2.3665367722360267 167
1694729410576 2.3664943876113282 168
1694729410900 2.366452012741985 169
1694729411214 2.3664096476250593 170
1694729411502 2.3663672922576837 171
1694729411926 2.3663249466370493 172
1694729412243 2.3662826107604005 173
1694729412525 2.3662402846250297 174
1694729412892 2.36619796822827 175
1694729413218 2.366155661567492 176
1694729413491 2.3661133646400976 177
1694729413758 2.366071077443517 178
1694729414144 2.366028799975207 179
1694729414604 2.3659865322326454 180
1694729414941 2.3659442742133296 181
1694729415268 2.3659020259147745 182
1694729415545 2.3658597873345113 183
1694729415786 2.365817558470084 184
1694729416134 2.365775339319048 185
1694729416459 2.365733129878971 186
1694729416729 2.365690930147429 187
1694729417062 2.3656487401220074 188
1694729417456 2.3656065598002978 189
1694729417795 2.3655643891798994 190
1694729418116 2.3655222282584165 191
1694729418500 2.3654800770334607 192
1694729418899 2.3654379355026456 193
1694729419244 2.3653958036635916 194
1694729419612 2.365353681513921 195
1694729419967 2.365311569051261 196
1694729420301 2.3652694662732405 197
1694729420635 2.365227373177493 198
1694729420994 2.3651852897616523 199
1694729421361 2.3651432160233568 200
1694729421706 2.3651011519602445 201
1694729422025 2.365059097569959 202
1694729422339 2.365017052850141 203
1694729422647 2.364975017798437 204
1694729422987 2.364932992412493 205
1694729423417 2.364890976689957 206
1694729423766 2.3648489706284765 207
1694729424085 2.3648069742257034 208
1694729424438 2.364764987479289 209
1694729424773 2.364723010386885 210
1694729425113 2.364681042946146 211
1694729425455 2.364639085154725 212
1694729425805 2.364597137010279 213
1694729426140 2.3645551985104643 214
1694729426469 2.3645132696529365 215
1694729426713 2.364471350435356 216
1694729427013 2.364429440855381 217
1694729427389 2.36438754091067 218
1694729427699 2.364345650598885 219
1694729428118 2.3643037699176865 220
1694729428456 2.3642618988647373 221
1694729428789 2.3642200374376987 222
1694729429139 2.3641781856342354 223
1694729429504 2.3641363434520106 224
1694729429975 2.3640945108886897 225
1694729430390 2.3640526879419377 226
1694729430717 2.364010874609421 227
1694729431037 2.3639690708888064 228
1694729431383 2.3639272767777606 229
1694729431709 2.3638854922739534 230
1694729432004 2.3638437173750524 231
1694729432335 2.363801952078727 232
1694729432721 2.3637601963826476 233
1694729433076 2.3637184502844844 234
1694729433499 2.3636767137819095 235
1694729433817 2.3636349868725937 236
1694729434174 2.363593269554211 237
1694729434529 2.3635515618244334 238
1694729434903 2.3635098636809353 239
1694729435243 2.3634681751213904 240
1694729435576 2.363426496143475 241
1694729435893 2.3633848267448645 242
1694729436267 2.3633431669232348 243
1694729436575 2.3633015166762625 244
1694729436879 2.363259876001626 245
1694729437256 2.3632182448970034 246
1694729437619 2.363176623360072 247
1694729437972 2.3631350113885135 248
1694729438399 2.3630934089800064 249
1694729438708 2.363051816132232 250
1694729439078 2.363010232842871 251
1694729439537 2.362968659109606 252
1694729439900 2.362927094930118 253
1694729440235 2.3628855403020923 254
1694729440594 2.362843995223211 255
1694729440914 2.3628024596911583 256
1694729441241 2.3627609337036204 257
1694729441618 2.362719417258282 258
1694729441900 2.362677910352829 259
1694729442169 2.3626364129849486 260
1694729442479 2.362594925152328 261
1694729442831 2.3625534468526554 262
1694729443164 2.3625119780836195 263
1694729443488 2.3624705188429087 264
1694729443863 2.3624290691282135 265
1694729444292 2.3623876289372245 266
1694729444670 2.362346198267632 267
1694729444979 2.362304777117129 268
1694729445314 2.3622633654834058 269
1694729445661 2.3622219633641564 270
1694729446014 2.362180570757074 271
1694729446379 2.3621391876598525 272
1694729446713 2.362097814070187 273
1694729447068 2.362056449985773 274
1694729447402 2.3620150954043058 275
1694729447710 2.3619737503234823 276
1694729448055 2.3619324147409997 277
1694729448406 2.3618910886545543 278
1694729448763 2.3618497720618463 279
1694729449101 2.3618084649605735 280
1694729449485 2.3617671673484364 281
1694729449832 2.361725879223134 282
1694729450199 2.361684600582368 283
1694729450535 2.3616433314238394 284
1694729450837 2.3616020717452497 285
1694729451191 2.361560821544302 286
1694729451647 2.361519580818699 287
1694729452161 2.3614783495661453 288
1694729452464 2.3614371277843444 289
1694729452775 2.361395915471002 290
1694729453098 2.361354712623823 291
1694729453511 2.361313519240514 292
1694729453827 2.361272335318782 293
1694729454140 2.361231160856334 294
1694729454397 2.361189995850878 295
1694729454702 2.361148840300123 296
1694729455047 2.361107694201777 297
1694729455382 2.3610665575535514 298
1694729455782 2.3610254303531564 299
1694729456125 2.3609843125983017 300
1694729456450 2.3609432042867007 301
1694729456758 2.360902105416064 302
1694729457079 2.3608610159841055 303
1694729457428 2.360819935988538 304
1694729457741 2.360778865427076 305
1694729458142 2.360737804297434 306
1694729458481 2.3606967525973266 307
1694729458814 2.360655710324471 308
1694729459140 2.360614677476582 309
1694729459497 2.360573654051378 310
1694729459845 2.360532640046576 311
1694729460304 2.360491635459894 312
1694729460696 2.3604506402890517 313
1694729461006 2.360409654531768 314
1694729461439 2.360368678185762 315
1694729461791 2.3603277112487566 316
1694729462107 2.360286753718471 317
1694729462472 2.360245805592628 318
1694729462832 2.3602048668689495 319
1694729463105 2.3601639375451593 320
1694729463451 2.3601230176189802 321
1694729463824 2.3600821070881373 322
1694729464236 2.3600412059503544 323
1694729464563 2.360000314203358 324
1694729464876 2.359959431844873 325
1694729465151 2.3599185588726264 326
1694729465468 2.3598776952843465 327
1694729465809 2.3598368410777595 328
1694729466073 2.359795996250595 329
1694729466355 2.359755160800582 330
1694729466713 2.359714334725449 331
1694729467045 2.359673518022928 332
1694729467458 2.359632710690748 333
1694729467816 2.359591912726641 334
1694729468115 2.35955112412834 335
1694729468435 2.3595103448935757 336
1694729468727 2.3594695750200834 337
1694729469039 2.3594288145055957 338
1694729469372 2.3593880633478466 339
1694729469753 2.3593473215445724 340
1694729470091 2.3593065890935074 341
1694729470434 2.359265865992388 342
1694729470796 2.359225152238952 343
1694729471149 2.3591844478309363 344
1694729471490 2.3591437527660775 345
1694729471885 2.3591030670421165 346
1694729472219 2.3590623906567902 347
1694729472571 2.3590217236078397 348
1694729472905 2.3589810658930053 349
1694729473263 2.358940417510028 350
1694729473599 2.358899778456648 351
1694729473935 2.358859148730609 352
1694729474282 2.3588185283296528 353
1694729474624 2.358777917251523 354
1694729474961 2.3587373154939644 355
1694729475282 2.35869672305472 356
1694729475687 2.358656139931535 357
1694729476020 2.358615566122156 358
1694729476308 2.358575001624329 359
1694729476641 2.358534446435801 360
1694729476982 2.3584939005543184 361
1694729477265 2.3584533639776306 362
1694729477718 2.3584128367034856 363
1694729478044 2.358372318729633 364
1694729478376 2.3583318100538215 365
1694729478754 2.3582913106738035 366
1694729479061 2.358250820587328 367
1694729479422 2.3582103397921474 368
1694729479762 2.3581698682860144 369
1694729480143 2.358129406066681 370
1694729480480 2.3580889531319014 371
1694729480753 2.358048509479428 372
1694729481095 2.358008075107018 373
1694729481429 2.3579676500124243 374
1694729481753 2.3579272341934026 375
1694729482079 2.3578868276477105 376
1694729482415 2.357846430373104 377
1694729482828 2.3578060423673413 378
1694729483113 2.3577656636281796 379
1694729483505 2.3577252941533784 380
1694729483859 2.3576849339406962 381
1694729484128 2.357644582987894 382
1694729484453 2.357604241292731 383
1694729484798 2.3575639088529683 384
1694729485091 2.3575235856663688 385
1694729485343 2.3574832717306937 386
1694729485695 2.3574429670437063 387
1694729485954 2.357402671603169 388
1694729486254 2.3573623854068466 389
1694729486600 2.357322108452504 390
1694729486920 2.357281840737905 391
1694729487218 2.357241582260816 392
1694729487553 2.357201333019004 393
1694729487930 2.357161093010235 394
1694729488328 2.3571208622322772 395
1694729488607 2.357080640682898 396
1694729489010 2.3570404283598667 397
1694729489283 2.3570002252609523 398
1694729489571 2.3569600313839243 399
1694729489923 2.3569198467265533 400
1694729490265 2.3568796712866105 401
1694729490650 2.3568395050618673 402
1694729491001 2.3567993480500955 403
1694729491349 2.356759200249069 404
1694729491707 2.3567190616565608 405
1694729491998 2.356678932270343 406
1694729492328 2.3566388120881925 407
1694729492723 2.3565987011078833 408
1694729493071 2.356558599327191 409
1694729493372 2.3565185067438925 410
1694729493723 2.356478423355764 411
1694729494042 2.3564383491605834 412
1694729494295 2.356398284156128 413
1694729494620 2.356358228340177 414
1694729495000 2.3563181817105097 415
1694729495313 2.356278144264906 416
1694729495646 2.356238116001145 417
1694729495993 2.356198096917008 418
1694729496309 2.3561580870102783 419
1694729496609 2.356118086278736 420
1694729496967 2.3560780947201647 421
1694729497325 2.3560381123323473 422
1694729497700 2.3559981391130678 423
1694729498041 2.3559581750601106 424
1694729498392 2.3559182201712603 425
1694729498715 2.355878274444303 426
1694729499096 2.3558383378770245 427
1694729499414 2.355798410467212 428
1694729499787 2.3557584922126527 429
1694729500170 2.3557185831111336 430
1694729500506 2.3556786831604444 431
1694729500854 2.355638792358373 432
1694729501207 2.3555989107027107 433
1694729501530 2.355559038191246 434
1694729501884 2.3555191748217705 435
1694729502233 2.355479320592076 436
1694729502596 2.3554394754999537 437
1694729502956 2.3553996395431964 438
1694729503299 2.355359812719597 439
1694729503663 2.3553199950269494 440
1694729504011 2.355280186463048 441
1694729504411 2.3552403870256877 442
1694729504763 2.3552005967126632 443
1694729505156 2.3551608155217716 444
1694729505459 2.3551210434508087 445
1694729505772 2.3550812804975725 446
1694729506099 2.355041526659859 447
1694729506420 2.355001781935468 448
1694729506757 2.354962046322199 449
1694729507126 2.3549223198178493 450
1694729507406 2.3548826024202207 451
1694729507809 2.3548428941271133 452
1694729508193 2.354803194936328 453
1694729508484 2.3547635048456668 454
1694729508857 2.354723823852933 455
1694729509228 2.354684151955928 456
1694729509522 2.354644489152456 457
1694729509826 2.3546048354403206 458
1694729510182 2.354565190817327 459
1694729510475 2.3545255552812807 460
1694729510829 2.354485928829987 461
1694729511205 2.354446311461252 462
1694729511522 2.3544067031728835 463
1694729511873 2.354367103962689 464
1694729512243 2.3543275138284754 465
1694729512551 2.354287932768052 466
1694729512916 2.3542483607792284 467
1694729513293 2.3542087978598145 468
1694729513633 2.3541692440076205 469
1694729513933 2.354129699220457 470
1694729514227 2.3540901634961355 471
1694729514510 2.3540506368324694 472
1694729514792 2.3540111192272697 473
1694729515054 2.3539716106783506 474
1694729515384 2.3539321111835263 475
1694729515742 2.35389262074061 476
1694729516078 2.3538531393474176 477
1694729516395 2.353813667001764 478
1694729516707 2.3537742037014664 479
1694729516998 2.3537347494443406 480
1694729517285 2.353695304228204 481
1694729517591 2.353655868050874 482
1694729517916 2.3536164409101707 483
1694729518375 2.3535770228039112 484
1694729518706 2.353537613729916 485
1694729519024 2.3534982136860054 486
1694729519360 2.353458822669999 487
1694729519669 2.353419440679719 488
1694729520004 2.3533800677129872 489
1694729520309 2.3533407037676253 490
1694729520731 2.3533013488414576 491
1694729521071 2.3532620029323064 492
1694729521396 2.3532226660379965 493
1694729521665 2.3531833381563523 494
1694729522043 2.3531440192851987 495
1694729522376 2.3531047094223627 496
1694729522632 2.3530654085656693 497
1694729522986 2.3530261167129467 498
1694729523381 2.3529868338620217 499
