1694754079388 nan 0
1694754079597 nan 1
1694754079803 nan 2
1694754080004 nan 3
1694754080220 nan 4
1694754080441 nan 5
1694754080661 nan 6
1694754080823 nan 7
1694754080979 nan 8
1694754081175 nan 9
1694754081383 nan 10
1694754081588 nan 11
1694754081780 nan 12
1694754082052 nan 13
1694754082241 nan 14
1694754082394 nan 15
1694754082610 nan 16
1694754082809 nan 17
1694754082994 nan 18
1694754083220 nan 19
1694754083451 nan 20
1694754083711 nan 21
1694754083883 nan 22
1694754084053 nan 23
1694754084320 nan 24
1694754084541 nan 25
1694754084776 nan 26
1694754084953 nan 27
1694754085165 nan 28
1694754085383 nan 29
1694754085609 nan 30
1694754085803 nan 31
1694754085997 nan 32
1694754086227 nan 33
1694754086482 nan 34
1694754086741 nan 35
1694754086929 nan 36
1694754087152 nan 37
1694754087354 nan 38
1694754087552 nan 39
1694754087723 nan 40
1694754087886 nan 41
1694754088127 nan 42
1694754088357 nan 43
1694754088609 nan 44
1694754088859 nan 45
1694754089044 nan 46
1694754089459 nan 47
1694754089675 nan 48
1694754089859 nan 49
1694754090144 nan 50
1694754090373 nan 51
1694754090602 nan 52
1694754090836 nan 53
1694754091094 nan 54
1694754091317 nan 55
1694754091530 nan 56
1694754091732 nan 57
1694754091911 nan 58
1694754092045 nan 59
1694754092277 nan 60
1694754092491 nan 61
1694754092722 nan 62
1694754093038 nan 63
1694754093242 nan 64
1694754093389 nan 65
1694754093575 nan 66
1694754093778 nan 67
1694754093937 nan 68
1694754094115 nan 69
1694754094353 nan 70
1694754094613 nan 71
1694754094806 nan 72
1694754094996 nan 73
1694754095201 nan 74
1694754095431 nan 75
1694754095629 nan 76
1694754095809 nan 77
1694754095971 nan 78
1694754096139 nan 79
1694754096356 nan 80
1694754096582 nan 81
1694754096736 nan 82
1694754096911 nan 83
1694754097102 nan 84
1694754097279 nan 85
1694754097529 nan 86
1694754097885 nan 87
1694754098072 nan 88
1694754098277 nan 89
1694754098449 nan 90
1694754098637 nan 91
1694754098846 nan 92
1694754099025 nan 93
1694754099239 nan 94
1694754099483 nan 95
1694754099710 nan 96
1694754099989 nan 97
1694754100276 nan 98
1694754100510 nan 99
1694754100710 nan 100
1694754100868 nan 101
1694754101083 nan 102
1694754101269 nan 103
1694754101491 nan 104
1694754101835 nan 105
1694754102102 nan 106
1694754102305 nan 107
1694754102535 nan 108
1694754102752 nan 109
1694754103008 nan 110
1694754103233 nan 111
1694754103412 nan 112
1694754103594 nan 113
1694754103744 nan 114
1694754103884 nan 115
1694754104095 nan 116
1694754104359 nan 117
1694754104574 nan 118
1694754104795 nan 119
1694754105028 nan 120
1694754105235 nan 121
1694754105429 nan 122
1694754105645 nan 123
1694754105846 nan 124
1694754106009 nan 125
1694754106201 nan 126
1694754106342 nan 127
1694754106554 nan 128
1694754106708 nan 129
1694754106899 nan 130
1694754107051 nan 131
1694754107252 nan 132
1694754107518 nan 133
1694754107808 nan 134
1694754108053 nan 135
1694754108275 nan 136
1694754108475 nan 137
1694754108687 nan 138
1694754108853 nan 139
1694754109039 nan 140
1694754109206 nan 141
1694754109482 nan 142
1694754109701 nan 143
1694754109911 nan 144
1694754110111 nan 145
1694754110262 nan 146
1694754110485 nan 147
1694754110672 nan 148
1694754111027 nan 149
1694754111179 nan 150
1694754111400 nan 151
1694754111590 nan 152
1694754111802 nan 153
1694754112017 nan 154
1694754112169 nan 155
1694754112368 nan 156
1694754112605 nan 157
1694754112813 nan 158
1694754113055 nan 159
1694754113267 nan 160
1694754113458 nan 161
1694754113720 nan 162
1694754113944 nan 163
1694754114121 nan 164
1694754114266 nan 165
1694754114446 nan 166
1694754114650 nan 167
1694754114830 nan 168
1694754114995 nan 169
1694754115137 nan 170
1694754115283 nan 171
1694754115491 nan 172
1694754115608 nan 173
1694754115779 nan 174
1694754115982 nan 175
1694754116155 nan 176
1694754116316 nan 177
1694754116539 nan 178
1694754116751 nan 179
1694754116934 nan 180
1694754117151 nan 181
1694754117350 nan 182
1694754117543 nan 183
1694754117798 nan 184
1694754118010 nan 185
1694754118180 nan 186
1694754118358 nan 187
1694754118573 nan 188
1694754118909 nan 189
1694754119315 nan 190
1694754119669 nan 191
1694754119909 nan 192
1694754120163 nan 193
1694754120373 nan 194
1694754120646 nan 195
1694754120866 nan 196
1694754121120 nan 197
1694754121267 nan 198
1694754121465 nan 199
1694754121731 nan 200
1694754121896 nan 201
1694754122158 nan 202
1694754122345 nan 203
1694754122509 nan 204
1694754122728 nan 205
1694754122938 nan 206
1694754123191 nan 207
1694754123380 nan 208
1694754123598 nan 209
1694754123805 nan 210
1694754123968 nan 211
1694754124144 nan 212
1694754124305 nan 213
1694754124469 nan 214
1694754124634 nan 215
1694754124761 nan 216
1694754124928 nan 217
1694754125108 nan 218
1694754125286 nan 219
1694754125434 nan 220
1694754125609 nan 221
1694754125753 nan 222
1694754125931 nan 223
1694754126153 nan 224
1694754126324 nan 225
1694754126491 nan 226
1694754126756 nan 227
1694754126951 nan 228
1694754127120 nan 229
1694754127292 nan 230
1694754127483 nan 231
1694754127729 nan 232
1694754127949 nan 233
1694754128199 nan 234
1694754128367 nan 235
1694754128598 nan 236
1694754128863 nan 237
1694754129079 nan 238
1694754129337 nan 239
1694754129588 nan 240
1694754129873 nan 241
1694754130103 nan 242
1694754130308 nan 243
1694754130459 nan 244
1694754130607 nan 245
1694754130750 nan 246
1694754130910 nan 247
1694754131187 nan 248
1694754131353 nan 249
1694754131545 nan 250
1694754131740 nan 251
1694754131953 nan 252
1694754132130 nan 253
1694754132307 nan 254
1694754132515 nan 255
1694754132729 nan 256
1694754132856 nan 257
1694754133034 nan 258
1694754133275 nan 259
1694754133471 nan 260
1694754133680 nan 261
1694754133865 nan 262
1694754134082 nan 263
1694754134277 nan 264
1694754134441 nan 265
1694754134631 nan 266
1694754134782 nan 267
1694754134937 nan 268
1694754135120 nan 269
1694754135334 nan 270
1694754135565 nan 271
1694754135701 nan 272
1694754135861 nan 273
1694754136056 nan 274
1694754136183 nan 275
1694754136366 nan 276
1694754136515 nan 277
1694754136698 nan 278
1694754136917 nan 279
1694754137140 nan 280
1694754137346 nan 281
1694754137791 nan 282
1694754138081 nan 283
1694754138318 nan 284
1694754138604 nan 285
1694754138908 nan 286
1694754139155 nan 287
1694754139378 nan 288
1694754139648 nan 289
1694754139894 nan 290
1694754140183 nan 291
1694754140340 nan 292
1694754140539 nan 293
1694754140738 nan 294
1694754140894 nan 295
1694754141144 nan 296
1694754141335 nan 297
1694754141525 nan 298
1694754141767 nan 299
1694754142007 nan 300
1694754142310 nan 301
1694754142466 nan 302
1694754142623 nan 303
1694754142850 nan 304
1694754143149 nan 305
1694754143395 nan 306
1694754143718 nan 307
1694754144032 nan 308
1694754144295 nan 309
1694754144626 nan 310
1694754145001 nan 311
1694754145298 nan 312
1694754145471 nan 313
1694754145666 nan 314
1694754145879 nan 315
1694754146189 nan 316
1694754146389 nan 317
1694754146611 nan 318
1694754146816 nan 319
1694754147036 nan 320
1694754147367 nan 321
1694754147650 nan 322
1694754147989 nan 323
1694754148322 nan 324
1694754148646 nan 325
1694754148996 nan 326
1694754149328 nan 327
1694754149651 nan 328
1694754149833 nan 329
1694754149996 nan 330
1694754150223 nan 331
1694754150494 nan 332
1694754150761 nan 333
1694754151003 nan 334
1694754151327 nan 335
1694754151577 nan 336
1694754151820 nan 337
1694754152071 nan 338
1694754152318 nan 339
1694754152522 nan 340
1694754152740 nan 341
1694754152966 nan 342
1694754153217 nan 343
1694754153429 nan 344
1694754153656 nan 345
1694754153867 nan 346
1694754154111 nan 347
1694754154366 nan 348
1694754154565 nan 349
1694754154782 nan 350
1694754154957 nan 351
1694754155143 nan 352
1694754155332 nan 353
1694754155516 nan 354
1694754155669 nan 355
1694754155952 nan 356
1694754156179 nan 357
1694754156431 nan 358
1694754156647 nan 359
1694754156913 nan 360
1694754157215 nan 361
1694754157450 nan 362
1694754157694 nan 363
1694754157879 nan 364
1694754158191 nan 365
1694754158443 nan 366
1694754158606 nan 367
1694754158791 nan 368
1694754159011 nan 369
1694754159268 nan 370
1694754159524 nan 371
1694754159725 nan 372
1694754159995 nan 373
1694754160331 nan 374
1694754160566 nan 375
1694754160742 nan 376
1694754160963 nan 377
1694754161260 nan 378
1694754161598 nan 379
1694754161901 nan 380
1694754162113 nan 381
1694754162373 nan 382
1694754162628 nan 383
1694754162847 nan 384
1694754163105 nan 385
1694754163314 nan 386
1694754163509 nan 387
1694754163680 nan 388
1694754163872 nan 389
1694754164040 nan 390
1694754164261 nan 391
1694754164517 nan 392
1694754164659 nan 393
1694754164920 nan 394
1694754165170 nan 395
1694754165428 nan 396
1694754165597 nan 397
1694754165839 nan 398
1694754166113 nan 399
1694754166392 nan 400
1694754166636 nan 401
1694754166891 nan 402
1694754167197 nan 403
1694754167406 nan 404
1694754167684 nan 405
1694754167921 nan 406
1694754168175 nan 407
1694754168421 nan 408
1694754168635 nan 409
1694754168848 nan 410
1694754169079 nan 411
1694754169414 nan 412
1694754169622 nan 413
1694754169869 nan 414
1694754170114 nan 415
1694754170388 nan 416
1694754170627 nan 417
1694754170805 nan 418
1694754171031 nan 419
1694754171271 nan 420
1694754171486 nan 421
1694754171697 nan 422
1694754171954 nan 423
1694754172199 nan 424
1694754172448 nan 425
1694754172678 nan 426
1694754172921 nan 427
1694754173130 nan 428
1694754173363 nan 429
1694754173615 nan 430
1694754173871 nan 431
1694754174107 nan 432
1694754174360 nan 433
1694754174619 nan 434
1694754174783 nan 435
1694754174953 nan 436
1694754175189 nan 437
1694754175481 nan 438
1694754175682 nan 439
1694754175847 nan 440
1694754176064 nan 441
1694754176272 nan 442
1694754176505 nan 443
1694754176714 nan 444
1694754176888 nan 445
1694754177052 nan 446
1694754177236 nan 447
1694754177421 nan 448
1694754177729 nan 449
1694754177989 nan 450
1694754178299 nan 451
1694754178576 nan 452
1694754178791 nan 453
1694754179041 nan 454
1694754179338 nan 455
1694754179618 nan 456
1694754179844 nan 457
1694754180099 nan 458
1694754180338 nan 459
1694754180599 nan 460
1694754180835 nan 461
1694754181112 nan 462
1694754181338 nan 463
1694754181632 nan 464
1694754181844 nan 465
1694754182164 nan 466
1694754182543 nan 467
1694754182942 nan 468
1694754183347 nan 469
1694754183639 nan 470
1694754183894 nan 471
1694754184144 nan 472
1694754184416 nan 473
1694754184702 nan 474
1694754184961 nan 475
1694754185470 nan 476
1694754185759 nan 477
1694754186059 nan 478
1694754186360 nan 479
1694754186667 nan 480
1694754186878 nan 481
1694754187113 nan 482
1694754187425 nan 483
1694754187748 nan 484
1694754187925 nan 485
1694754188148 nan 486
1694754188428 nan 487
1694754188745 nan 488
1694754188936 nan 489
1694754189263 nan 490
1694754189560 nan 491
1694754189837 nan 492
1694754191141 nan 493
1694754191361 nan 494
1694754191625 nan 495
1694754191867 nan 496
1694754192108 nan 497
1694754192319 nan 498
1694754192579 nan 499
