1694738485344 0.005790810717350048 0
1694738485769 0.8308438275956266 1
1694738486124 0.040470197886058414 2
1694738486424 0.0009279686448528646 3
1694738486714 1.0411407399542147 4
1694738487144 1.08539444908219 5
1694738487460 1.046417130441994 6
1694738487755 0.011187608804251622 7
1694738488069 0.001127726002155568 8
1694738488424 5.262994987353909 9
1694738488726 4.084415769579245 10
1694738489082 1.6227837952950317 11
1694738489455 0.34028608882104355 12
1694738489736 0.06059298213201633 13
1694738489987 1.2900733762529288 14
1694738490265 4.547324330877699 15
1694738490595 2.077045017724841 16
1694738490863 0.4375713058378328 17
1694738491151 0.09458430807724275 18
1694738491512 0.9152675109844729 19
1694738491789 1.3676961016471647 20
1694738492018 1.6791699038986252 21
1694738492273 1.0888158178656526 22
1694738492522 1.575368744816029 23
1694738492771 1.6314377000665419 24
1694738493035 2.5085755744965015 25
1694738493355 2.5475264514461387 26
1694738493724 0.5849574478618058 27
1694738494004 0.9928773259585281 28
1694738494478 3.1773580968681268 29
1694738494812 2.143144349586875 30
1694738495074 0.6439769067066216 31
1694738495451 2.9035966058687848 32
1694738495751 0.6641119913302859 33
1694738496123 0.0002973050858622041 34
1694738496440 0.23968855886233284 35
1694738496779 0.019771204688791975 36
1694738497110 0.04309900962829803 37
1694738497383 3.728665041926265 38
1694738497706 10.075643815915996 39
1694738498132 0.01006609311639467 40
1694738498485 13.35587517860696 41
1694738498799 0.30257897247151017 42
1694738499053 1.4747864576630898 43
1694738499391 0.004777636662220913 44
1694738499711 7.524919956215043 45
1694738499999 3.7780537558955904 46
1694738500326 1.1254188117574246 47
1694738500676 1.3703805157845583 48
1694738500948 0.09529868790510479 49
1694738501199 0.1039637178675997 50
1694738501528 1.409349958677615 51
1694738501848 0.2935322680077656 52
1694738502142 0.567391432887149 53
1694738502455 1.0254666152232432 54
1694738502855 2.5437533681036255 55
1694738503132 1.918058054330871 56
1694738503451 1.3670118049933004 57
1694738503805 0.03114101533006018 58
1694738504111 0.7182816785205419 59
1694738504373 4.384542086597641 60
1694738504731 10.914093415577998 61
1694738505059 1.8525642518833827 62
1694738505428 0.3213963060618638 63
1694738505747 8.62677079192993e-05 64
1694738506031 29.58384191771977 65
1694738506329 11.301435132450173 66
1694738506587 4.101263049756439 67
1694738506983 2.414746232838056 68
1694738507287 0.013926257957105158 69
1694738507626 0.34152107978461393 70
1694738507985 2.2225690024731946 71
1694738508247 0.3425360968706928 72
1694738508483 3.8395931111627624 73
1694738508768 0.6374807603288505 74
1694738509089 0.0807382601590499 75
1694738509429 0.09786899146048346 76
1694738509738 0.03790642732666083 77
1694738510066 0.004099338442254833 78
1694738510332 1.2219002641008514 79
1694738510628 0.0007072462446999377 80
1694738510912 0.002406572825109532 81
1694738511210 0.042934497417972194 82
1694738511571 3.4042895940053093 83
1694738511886 0.3245182085559469 84
1694738512258 0.009713075849705115 85
1694738512594 6.905984953658667 86
1694738512909 0.8759529372362083 87
1694738513230 0.6309309529885979 88
1694738513539 0.9453091334600978 89
1694738513915 6.552634386477881 90
1694738514194 1.050357570569206 91
1694738514457 0.3237064557023789 92
1694738514731 1.1644706093651014 93
1694738515034 0.17437006883318767 94
1694738515446 0.30478978724579503 95
1694738515757 0.9294250946918406 96
1694738516137 0.2007341916799974 97
1694738516426 0.3651461508255205 98
1694738516664 0.8961257859323916 99
1694738516973 6.011926780188789 100
1694738517262 0.5583011274146199 101
1694738517560 1.4765092713430665 102
1694738517825 4.4117217694281745 103
1694738518196 0.8366209448962746 104
1694738518482 0.1182837015089331 105
1694738518807 1.445585124080171 106
1694738519125 1.0035916636373836 107
1694738519408 0.9327134469779694 108
1694738519728 0.9260582934549537 109
1694738520004 0.036845280519461995 110
1694738520317 3.0875365563054418 111
1694738520602 0.9574470849287376 112
1694738520896 3.099870790121484 113
1694738521166 0.02809176418520953 114
1694738521394 0.6890107479151905 115
1694738521672 0.45024324256288445 116
1694738521989 0.931731969316834 117
1694738522315 0.02043708907118411 118
1694738522591 2.1115646741282665 119
1694738522903 1.873570488460914 120
1694738523245 0.6169358657192713 121
1694738523492 0.43054721090205966 122
1694738523784 0.00902754234162009 123
1694738524123 0.8390809213062035 124
1694738524400 1.0981282452959633 125
1694738524646 0.580226552617377 126
1694738524988 4.368854072336738 127
1694738525347 5.608856184405533 128
1694738525590 0.059499547333583286 129
1694738525877 30.03605224741576 130
1694738526191 1.0903639657595636 131
1694738526485 1.1127896180516303 132
1694738526776 0.000737324124379717 133
1694738527237 7.566334514409446 134
1694738527511 0.5818025323583388 135
1694738527749 0.6322789188751184 136
1694738528060 18.04008118508756 137
1694738528375 0.006085483991159019 138
1694738528614 4.546742779805596 139
1694738528911 3.855116454228069 140
1694738529264 0.02118875032896112 141
1694738529555 0.6616310097771557 142
1694738529837 1.7727504489854817 143
1694738530082 0.5688844598585445 144
1694738530358 6.446198165203374 145
1694738530642 0.0010282423867184801 146
1694738530971 0.006215242200748546 147
1694738531298 0.7180667563480724 148
1694738531683 0.20941598119165986 149
1694738531952 1.4599411602337324 150
1694738532225 0.0008456424467082089 151
1694738532559 0.7734456314164756 152
1694738532882 0.04811789390164185 153
1694738533204 0.029916735250194244 154
1694738533537 0.005145657649753359 155
1694738533828 0.13367938601871832 156
1694738534103 0.2042617620536979 157
1694738534383 0.07017086426315958 158
1694738534675 3.8738222791069963 159
1694738534964 11.419108777548471 160
1694738535306 0.00029465861203172196 161
1694738535583 0.030221826716047565 162
1694738535830 0.7021229417305667 163
1694738536154 0.2914056187658946 164
1694738536377 2.4911136604217035 165
1694738536605 2.3003498258035697 166
1694738536947 2.679624327105737 167
1694738537254 0.36620912257964655 168
1694738537549 0.8747302113021832 169
1694738537818 0.5117559514472257 170
1694738538167 0.012441460110395493 171
1694738538500 0.5353021531312351 172
1694738538909 12.651672469301966 173
1694738539229 0.6327915462553123 174
1694738539543 0.2254378775185403 175
1694738539831 0.046676545374169376 176
1694738540145 27.377736801062003 177
1694738540480 0.032699893856258995 178
1694738540720 0.018048053687617614 179
1694738541048 0.7634542314693895 180
1694738541342 3.4919479762490186 181
1694738541647 0.8980841681555091 182
1694738541854 1.073461077330858 183
1694738542143 0.05699587586370827 184
1694738542499 1.9267702765073336 185
1694738542840 0.22067299776938423 186
1694738543182 0.15552193167976594 187
1694738543503 2.533664582456305 188
1694738543807 1.1534402544505196 189
1694738544103 1.834423339199263 190
1694738544439 0.5620867156532274 191
1694738544738 5.0950027476010495 192
1694738545103 1.1556697042982234 193
1694738545495 24.61855218428637 194
1694738545810 4.451077766185921 195
1694738546059 4.519970922848141e-05 196
1694738546431 1.054304974515239 197
1694738546825 1.017762450719179 198
1694738547215 2.4637882505566844 199
1694738547606 9.10925385632094 200
1694738547914 3.697397458308705 201
1694738548155 0.711401650134667 202
1694738548486 0.14867432906370942 203
1694738548808 23.11675828860464 204
1694738549078 0.30874225488630297 205
1694738549450 6.023142034892322 206
1694738549762 8.458669723504311 207
1694738550026 0.05908078105256604 208
1694738550340 1.1270573796044276 209
1694738550693 3.978002122014745 210
1694738550979 2.7014257935474704 211
1694738551296 1.009134890506218 212
1694738551656 1.466704431522691 213
1694738551936 0.12401117251452959 214
1694738552204 7.498800238419391 215
1694738552524 23.4709733427261 216
1694738552877 0.26950432879219566 217
1694738553116 9.074360437964772 218
1694738553435 5.628924948898357 219
1694738553799 0.998889218741092 220
1694738554054 1.7582368470171343 221
1694738554358 0.8185146227165124 222
1694738554684 0.03468977128512181 223
1694738554998 3.7108542400645392 224
1694738555357 0.568756341987855 225
1694738555666 0.6047512864252952 226
1694738556040 2.6623723745049004 227
1694738556304 0.9016400127401057 228
1694738556602 0.8265423733626124 229
1694738556949 4.484285928125597 230
1694738557239 1.1117570530785645 231
1694738557562 0.1933082329702066 232
1694738557882 3.2274281141078633 233
1694738558253 8.234200035620578 234
1694738558570 1.9123821480119225 235
1694738558889 4.331131725588667 236
1694738559175 0.11039381321579414 237
1694738559461 0.07081286435319502 238
1694738559765 10.475921416826576 239
1694738560062 0.8990547013007333 240
1694738560394 0.17477820601026908 241
1694738560750 10.19301582218291 242
1694738561055 1.9465678355917668 243
1694738561374 0.013714015378751887 244
1694738561677 0.42342024511815335 245
1694738562016 1.2854648084109879 246
1694738562362 1.8543603072434713 247
1694738562861 1.1141776997802417 248
1694738563158 0.4242969985713526 249
1694738563440 1.6753648729068678 250
1694738563757 7.564263102917649 251
1694738564065 1.8786715303901886 252
1694738564319 1.1429037567174554 253
1694738564637 2.5953743403705114 254
1694738565001 2.739317461396877 255
1694738565308 3.6202001807147473 256
1694738565584 0.8674687898168166 257
1694738565889 4.859699712005781 258
1694738566202 2.306318891240218 259
1694738566469 3.3962490321502714 260
1694738566752 0.18006650304865432 261
1694738567195 0.13661253394875444 262
1694738567482 1.6269070599339035 263
1694738567804 0.19417511073426227 264
1694738568125 1.0831078177896705 265
1694738568348 1.2222124482744479 266
1694738568643 0.6322761235405072 267
1694738568954 1.3185767717120365 268
1694738569295 5.638088603155519 269
1694738569634 0.40240583777193717 270
1694738569927 1.6950547413769073 271
1694738570257 0.004314566847299906 272
1694738570547 5.308114703031974 273
1694738570853 0.8804990821792488 274
1694738571141 0.7887643584081234 275
1694738571441 1.181453284847841 276
1694738571791 0.5049672128067584 277
1694738572066 0.0012747091516149831 278
1694738572356 7.139832429103949 279
1694738572670 0.29702603393245014 280
1694738573031 3.4067417868544205 281
1694738573326 2.832849827061018 282
1694738573652 0.0009231124577346515 283
1694738574000 0.5836587670147875 284
1694738574296 0.21400621027044867 285
1694738574576 1.096157582160705 286
1694738574871 1.1052222635241893 287
1694738575114 0.5794561113471348 288
1694738575455 0.8547308828737747 289
1694738575790 4.22937822488586 290
1694738576148 3.27080273096945 291
1694738576408 1.5920161477397738 292
1694738576678 2.6259061299022988 293
1694738577031 5.596148751804612 294
1694738577383 1.3626645858985056 295
1694738577732 2.4302614249846752 296
1694738578042 0.4984406549401324 297
1694738578355 5.299145015487887 298
1694738578653 0.4336152609328381 299
1694738578983 0.018136970830716744 300
1694738579306 0.13881633382569378 301
1694738579561 0.47142310968036594 302
1694738579897 1.645486327321325 303
1694738580208 0.1836451739029251 304
1694738580539 0.6892433739726262 305
1694738580867 0.5972520191461941 306
1694738581193 12.772178375838761 307
1694738581476 0.7117679953626231 308
1694738581787 0.03289573545472221 309
1694738582125 0.38619181771664846 310
1694738582398 1.0268701757533738 311
1694738582724 0.08575823377613193 312
1694738583004 3.879043204596708 313
1694738583296 0.8125738505492749 314
1694738583585 2.007937700583575 315
1694738583901 0.09106832400299435 316
1694738584228 1.4792908201463066 317
1694738584520 0.018317132639138423 318
1694738584783 3.8905090902826527 319
1694738585072 0.7494706419686087 320
1694738585408 0.003933394756370246 321
1694738585651 2.8568272843647207 322
1694738585944 2.2173847675912732 323
1694738586280 1.138587795816529 324
1694738586550 0.27372674914025014 325
1694738586801 6.538536188269813 326
1694738587184 1.471346849192268 327
1694738587522 0.9718729604225202 328
1694738587767 2.3548414569752683 329
1694738588043 0.00827154982150159 330
1694738588367 2.2237981605403863 331
1694738588682 1.2453755568109517 332
1694738589001 0.0012768673886596458 333
1694738589381 0.4563376752538488 334
1694738589714 0.0013779239882064625 335
1694738590022 1.0503140735480392 336
1694738590322 0.4828136174100547 337
1694738590628 2.61504451162569 338
1694738590940 4.20329414276108 339
1694738591263 0.34872311140441303 340
1694738591633 0.2763605921345029 341
1694738591911 0.012662844330443474 342
1694738592217 0.05686951847971245 343
1694738592524 21.897716196255004 344
1694738592848 0.4745485036228667 345
1694738593120 0.29806171105956625 346
1694738593418 0.8647860423590842 347
1694738593756 2.110545456584568 348
1694738594006 0.46367156093045386 349
1694738594324 0.7604286341536317 350
1694738594615 4.9651162887057 351
1694738594867 0.005250850667877341 352
1694738595117 0.045936805637581506 353
1694738595493 0.027303914435404898 354
1694738595785 0.9338374959229948 355
1694738596167 2.6896091668811914 356
1694738596477 1.1021330286289392 357
1694738596783 1.1811231201702224 358
1694738597135 1.28177618279738 359
1694738597510 0.26716246346430245 360
1694738597788 3.600854666848965 361
1694738598037 0.0011921914777763862 362
1694738598424 1.482130219595242 363
1694738598816 28.74120902633486 364
1694738599045 4.678173209351192 365
1694738599368 4.92978850688787 366
1694738599690 0.8533191289642409 367
1694738599971 2.319965331470442 368
1694738600346 1.227348597353803 369
1694738600687 0.02250757157736091 370
1694738600920 0.25952781383119894 371
1694738601204 6.410365907193618 372
1694738601610 18.945400697167226 373
