1694722558110 170.9015798219296 0
1694722558508 133.1669923286321 1
1694722558859 120.03562577169308 2
1694722559173 107.15094058883984 3
1694722559513 95.74057426048105 4
1694722559837 85.56902954096732 5
1694722560258 76.5058113234703 6
1694722560583 68.42991384999583 7
1694722560941 61.233795210471406 8
1694722561176 54.82161222716172 9
1694722561489 49.10796378265433 10
1694722561816 44.01675221310323 11
1694722562079 39.48016986231009 12
1694722562873 35.43779597274603 13
1694722563172 31.83579196435365 14
1694722563525 28.62618437864174 15
1694722563930 25.766225938153926 16
1694722564212 23.21782621148494 17
1694722564552 20.947044301085906 18
1694722564914 18.923636797157478 19
1694722566449 17.120654976997972 20
1694722567031 15.514085885055405 21
1694722567370 14.082532513363029 22
1694722567771 12.806928822801325 23
1694722568070 11.670285809661387 24
1694722568390 10.657465235465247 25
1694722568786 9.754978006435401 26
1694722569198 8.950804517305171 27
1694722569527 8.234234566696305 28
1694722569984 7.595724711956787 29
1694722570373 7.026771163621249 30
1694722570728 6.519796526622924 31
1694722571094 6.068048879805744 32
1694722571447 5.665511849614442 33
1694722571834 5.306824480267682 34
1694722572179 4.987209833195192 35
1694722572588 4.702411364781435 36
1694722572931 4.448636235054883 37
1694722573244 4.2225047922724555 38
1694722573573 4.021005560603325 39
1694722573896 3.84145513140984 40
1694722574227 3.6814624239325475 41
1694722574618 3.538896839380798 42
1694722575006 3.4118598842851293 43
1694722575293 3.2986598851735836 44
1694722575590 3.1977894578060853 45
1694722575903 3.1079054308881195 46
1694722576206 3.0278109568751495 47
1694722576629 2.9564395716082754 48
1694722577033 2.89284099047739 49
1694722577354 2.8361684519362442 50
1694722577693 2.78566743980245 51
1694722578050 2.7406656341389333 52
1694722578329 2.700563956876416 53
1694722578653 2.6648285929169013 54
1694722578986 2.6329838804502526 55
1694722579347 2.604605975792639 56
1694722579657 2.5793172083711826 57
1694722579974 2.556781050671013 58
1694722580289 2.5366976361512887 59
1694722580609 2.518799765435015 60
1694722580990 2.5028493475805753 61
1694722581274 2.4886342290376295 62
1694722581634 2.4759653680534037 63
1694722582012 2.4646743168963625 64
1694722582299 2.45461097836394 65
1694722582667 2.4456416066940982 66
1694722583033 2.4376470262556 67
1694722583371 2.430521044292389 68
1694722583787 2.424169036582037 69
1694722584181 2.4185066871711487 70
1694722584504 2.4134588654027507 71
1694722584752 2.4089586252791957 72
1694722585058 2.4049463138334923 73
1694722585395 2.4013687766337637 74
1694722585733 2.3981786498392768 75
1694722586142 2.395333729379176 76
1694722586449 2.3927964088522686 77
1694722586793 2.3905331786614457 78
1694722587139 2.388514179711904 79
1694722587456 2.386712805729045 80
1694722587807 2.3851053488994594 81
1694722588126 2.3836706841154425 82
1694722588504 2.3823899876175885 83
1694722588846 2.3812464862881915 84
1694722589168 2.3802252342563683 85
1694722589458 2.3793129138396005 86
1694722589772 2.3784976581705077 87
1694722590088 2.3777688931464813 88
1694722590396 2.377117196597177 89
1694722590727 2.376534172794148 90
1694722591096 2.3760123406312874 91
1694722591431 2.3755450339867727 92
1694722591784 2.3751263129394906 93
1694722592137 2.3747508846574448 94
1694722592464 2.3744140329045127 95
1694722592915 2.374111555226661 96
1694722593298 2.373839706981036 97
1694722593648 2.3735951514624642 98
1694722593994 2.373374915463128 99
1694722594341 2.3731763496735216 100
1694722594682 2.3729970933972924 101
1694722594998 2.372835043110009 102
1694722595354 2.3726883244431067 103
1694722595640 2.3725552672198735 104
1694722595915 2.3724343832109938 105
1694722596243 2.3723243463133787 106
1694722596496 2.3722239748882954 107
1694722596786 2.3721322160235627 108
1694722597136 2.372048131510209 109
1694722597423 2.3719708853468187 110
1694722597812 2.371899732605139 111
1694722598122 2.3718340095086656 112
1694722598455 2.3717731245920466 113
1694722598781 2.371716550823579 114
1694722599135 2.3716638185858714 115
1694722599441 2.371614509421184 116
1694722599747 2.3715682504581497 117
1694722600220 2.371524709445637 118
1694722600531 2.3714835903276223 119
1694722600861 2.3714446293001337 120
1694722601188 2.3714075912977397 121
1694722601500 2.371372266862805 122
1694722601842 2.371338469355799 123
1694722602181 2.371306032469519 124
1694722602565 2.3712748080141015 125
1694722602913 2.37124466394334 126
1694722603199 2.3712154825960106 127
1694722603507 2.371187159128785 128
1694722603830 2.371159600119865 129
1694722604159 2.3711327223247274 130
1694722604524 2.371106451567425 131
1694722604862 2.3710807217526653 132
1694722605168 2.37105547398551 133
1694722605462 2.371030655786978 134
1694722605774 2.3710062203950923 135
1694722606101 2.3709821261420827 136
1694722606408 2.370958335899423 137
1694722606737 2.370934816583329 138
1694722607102 2.370911538714134 139
1694722607421 2.3708884760236546 140
1694722607727 2.370865605105337 141
1694722608070 2.3708429051025135 142
1694722608476 2.370820357430621 143
1694722608812 2.370797945529679 144
1694722609143 2.3707756546437353 145
1694722609514 2.3707534716243366 146
1694722609850 2.370731384755406 147
