1694725216073 1.797324896103186 0
1694725216500 2.335037845595197 1
1694725216848 1.340062355703143 2
1694725217227 0.008924968029520522 3
1694725217551 0.024961777025688595 4
1694725217921 1.4022353368353782 5
1694725218241 8.321851428852321 6
1694725218581 0.6863401378500068 7
1694725218910 1.3564784861723287 8
1694725219224 11.58818144900689 9
1694725219566 0.019366042824418627 10
1694725219884 2.0563138060032604 11
1694725220247 0.19516052335720488 12
1694725220573 0.6218290486959233 13
1694725220892 1.093927631242287 14
1694725221201 4.130707928563524 15
1694725221536 0.08838342111506288 16
1694725221848 6.3598874559312595 17
1694725222159 3.601043765323244 18
1694725222542 2.4443127447084954 19
1694725222865 1.8163737636866977 20
1694725223143 0.2651063129688655 21
1694725223450 0.05465695634515274 22
1694725223783 0.2574670386272263 23
1694725224102 1.3940045846026317 24
1694725224380 1.5758769948991742 25
1694725224884 0.006801078341256155 26
1694725225150 0.00770122202946422 27
1694725225547 0.10328899649097106 28
1694725225926 10.09004693023817 29
1694725226189 2.7409415725391395 30
1694725226517 9.000261410021341 31
1694725226873 2.174170223014788 32
1694725227120 3.1030890438010954 33
1694725227320 2.6929231532276448 34
1694725227613 3.1351420276469106 35
1694725227943 1.359083603921751 36
1694725228205 3.612255431555802 37
1694725228472 0.13025759598577727 38
1694725228785 1.125105210938686 39
1694725229174 13.720630959949034 40
1694725229463 0.06963082130677331 41
1694725229807 0.5615671005458233 42
1694725230142 23.052487193374336 43
1694725230388 0.8218050759876528 44
1694725230682 0.34835724934899137 45
1694725231007 0.7061297635601163 46
1694725231311 0.5918669621355627 47
1694725231650 4.459436738055368 48
1694725231965 0.7189797424671021 49
1694725232265 0.7025256757828998 50
1694725232506 0.3259102683904683 51
1694725232806 0.5527301004867206 52
1694725233158 0.9654622028380715 53
1694725233397 0.28421242094324534 54
1694725233742 2.960912506271992 55
1694725234016 0.4506667385820261 56
1694725234314 3.1618054619090907 57
1694725234664 8.369715118735698 58
1694725235049 0.17177022987087298 59
1694725235361 3.4057897847507976 60
1694725235717 2.618138407949369 61
1694725236064 15.785639718478013 62
1694725236462 4.715332257043881 63
1694725236845 0.013289815583618298 64
1694725237153 1.8144573072563797 65
1694725237427 1.7915185094280153 66
1694725237709 1.1823366161744275 67
1694725238084 0.6347109506483516 68
1694725238327 1.5205061008033722 69
1694725238628 2.1310592945224167 70
1694725238959 7.0841285633951365 71
1694725239308 1.358695692016476 72
1694725239608 0.2789774585232452 73
1694725239909 3.9186477257043664 74
1694725240294 1.0655566192413586 75
1694725240585 7.743130235353421 76
1694725240901 5.208484711641713 77
1694725241218 0.5838620187199788 78
1694725241434 0.4735569796800712 79
1694725241733 2.2156344693315153e-05 80
1694725242062 1.9348273699036886 81
1694725242444 0.8023824029081353 82
1694725242790 3.798670303777675 83
1694725243111 0.1599612415965201 84
1694725243380 0.00209183250936234 85
1694725243619 0.009463850162412081 86
1694725243889 2.7543960739193722 87
1694725244207 0.6801055272320518 88
1694725244464 0.7667545018346413 89
1694725244851 0.21723260208631034 90
1694725245134 0.1836255981934555 91
1694725245412 0.4140690750629092 92
1694725245654 0.8813966176893637 93
1694725245927 0.7683270054678368 94
1694725246262 0.5215113144342489 95
1694725246618 2.007465431247287 96
1694725246999 0.9381868102964903 97
1694725247319 0.18930238820759288 98
1694725247602 0.26376148680278205 99
1694725247865 0.8688266436977824 100
1694725248155 0.4728512795024007 101
1694725248460 0.2965441693043974 102
1694725248766 0.28787622314919004 103
1694725249069 0.522103258485785 104
1694725249429 0.4571037067731908 105
1694725249674 8.873915241054933 106
1694725249995 1.8378495252176408 107
1694725250311 0.7860311933821098 108
1694725250603 4.520369010262209 109
1694725250925 0.09112441342039604 110
1694725251251 3.6496564301333816 111
1694725251587 0.10985276778185583 112
1694725251909 0.3733725397248428 113
1694725252261 0.3616878965493997 114
1694725252558 1.5988635033231298 115
1694725252813 0.16176158495410833 116
1694725253046 0.025492411697945066 117
1694725253421 7.345593225202244 118
1694725253994 2.5712116414370176 119
1694725254229 0.16870810144941453 120
1694725254490 3.490885468338185 121
1694725254832 9.319428570210604 122
1694725255174 2.934992717307144 123
1694725255501 3.0351241467735237 124
1694725255742 0.016694980496338066 125
1694725256107 0.000233380860426348 126
1694725256483 0.6930942873219863 127
1694725256809 0.35068855623046724 128
1694725257142 0.3835842310311729 129
1694725257433 1.0412745039978162 130
1694725257723 1.8553840832279518 131
1694725258047 3.3355862716925357 132
1694725258421 0.8565665534772818 133
1694725258676 0.27915739280596297 134
1694725258955 2.569892325494531 135
1694725259239 0.04251028474506878 136
1694725259538 0.02361114367929593 137
1694725259824 0.645410906693578 138
1694725260127 0.0326942839776908 139
1694725260499 1.3313107578234957 140
1694725260812 1.55136940055499 141
1694725261131 0.6949439910945808 142
1694725261533 3.7741276290026224 143
1694725261788 1.2086912226699287 144
1694725262103 0.677355990216689 145
1694725262429 0.09994117944115531 146
1694725262781 5.309762244006247 147
1694725263115 1.012299435520398 148
1694725263447 0.2930840745591623 149
1694725263752 0.6538784242038528 150
1694725263986 1.0849308959567 151
1694725264276 18.425639800354958 152
1694725264597 2.143651066216544 153
1694725265042 5.151789063229915 154
1694725265357 0.027561990151098805 155
1694725265698 0.3735204238149804 156
1694725265979 1.6227005724533843 157
1694725266277 2.195417077412189 158
1694725266627 9.137337385187088e-05 159
1694725266918 6.654586613868868e-05 160
1694725267289 1.829270769208094 161
1694725267624 0.6686670496331052 162
1694725267894 2.8604601118595423 163
1694725268189 1.0506608268367053 164
1694725268513 0.9675562117526639 165
1694725268819 6.543323447625648 166
1694725269150 0.004167714604516944 167
1694725269526 0.11576507883342804 168
1694725269815 0.05276551285039191 169
1694725270146 0.17344803217431995 170
1694725270448 0.11451217920293233 171
1694725270768 0.6819018462941554 172
1694725271022 0.33891278371711886 173
1694725271260 0.9491636730602191 174
1694725271530 0.0031238466726470366 175
1694725271847 0.0009388022243598253 176
1694725272106 1.097349034132232 177
1694725272348 0.17949168309577584 178
1694725272633 0.8323974376099805 179
1694725272901 0.2398874721517394 180
1694725273229 1.1942705667184037 181
1694725273601 6.3508804095932225 182
1694725273937 0.0285065574917238 183
1694725274202 6.931959663796067 184
1694725274515 3.2615769031960244 185
1694725274881 0.7628485000043883 186
1694725275184 5.590643969754094 187
1694725275520 6.102684954893433 188
1694725275847 4.154446233684498 189
1694725276150 1.2507574562292125 190
1694725276497 0.15349376550333224 191
1694725276779 1.3697911149541642 192
1694725277204 0.014233019871591309 193
1694725277497 0.435419369421113 194
1694725277804 0.07556405831910755 195
1694725278077 0.6278373992586757 196
1694725278442 1.0504420333004838 197
1694725278795 1.2055107424349494 198
1694725279056 0.04066122372142443 199
1694725279317 0.2028327740684883 200
1694725279650 23.29491043309947 201
1694725279954 2.188946857950687 202
1694725280273 0.4576056012351562 203
1694725280666 3.2624700688358543 204
1694725280954 2.722434603120298 205
1694725281233 0.26645933849166714 206
1694725281541 0.2684599210533337 207
1694725281875 0.009231598239914545 208
1694725282148 0.006305396942178502 209
1694725282479 0.006359032017075008 210
1694725282864 1.1527069482888934 211
1694725283127 0.02423751343477256 212
1694725283377 0.05125244696431743 213
1694725283635 6.011810023946126 214
1694725283967 3.6239930397219635 215
1694725284253 0.028702275618455803 216
1694725284566 0.917034926120459 217
1694725285010 0.7762883902077122 218
1694725285296 1.161451122725597 219
1694725285625 8.538904513420851 220
1694725285974 0.29424926435822907 221
1694725286224 1.1112914127297255 222
1694725286583 0.8471063177946012 223
1694725286910 0.03243169214980922 224
1694725287254 31.813298580252937 225
1694725287504 7.80690070197698 226
1694725287796 0.681055692875355 227
1694725288167 0.19078595550136804 228
1694725288409 0.7400281712619703 229
1694725288670 0.4573810849922606 230
1694725288927 5.775004463094276 231
1694725289229 6.275347141233097 232
1694725289589 0.1679975960623341 233
1694725289893 0.44936816164206983 234
1694725290206 4.463721713204487 235
1694725290492 0.017824388999103356 236
1694725290806 0.06166159388116645 237
1694725291120 1.8006373286664497 238
1694725291402 0.050589827564321246 239
1694725291762 3.662270094168159 240
1694725292076 1.132827078543145 241
1694725292409 2.2548166345096416 242
1694725292736 3.9741840633486207 243
1694725293040 3.7270349021114755 244
1694725293325 0.6683556282142368 245
1694725293642 0.010387244495141147 246
1694725294019 15.73640751834913 247
1694725294311 0.47944482719815606 248
1694725294622 0.07714802092734031 249
1694725294989 1.9969637113204093 250
1694725295289 0.4327746219679051 251
1694725295603 21.409331338177438 252
1694725295929 0.22782055589117048 253
1694725296306 3.891251762854887 254
1694725296694 2.0854437775245245 255
1694725296952 1.4274155184146111 256
1694725297201 0.5696203668512304 257
1694725297495 2.0694171457290573 258
1694725297839 6.452012271486847 259
1694725298161 17.985972549164206 260
1694725298459 0.912766234314512 261
1694725298742 0.490038337008231 262
1694725299063 0.0002695964496672418 263
1694725299354 0.07590144775565229 264
1694725299615 0.22902108762745058 265
1694725299958 0.01927389255554838 266
1694725300270 0.1881750307858426 267
1694725300538 0.18764335886099218 268
1694725300861 18.772766576680343 269
1694725301288 0.5024470845466409 270
1694725301585 5.669261712241228 271
1694725301935 3.188763354735389 272
1694725302272 0.34946178781010884 273
1694725302558 0.7513796427180035 274
1694725302933 0.32077699478122107 275
1694725303222 3.3496325287675957 276
1694725303498 0.15294074011207062 277
1694725303827 0.0009570780962037687 278
1694725304139 0.6361432758948693 279
1694725304442 1.4828521825318706 280
1694725304834 0.6395952751922414 281
1694725305208 0.0868770909026422 282
1694725305484 5.317427238317969 283
1694725305775 0.05658266758988321 284
1694725306082 0.0013574675110567612 285
1694725306400 4.038952833361762 286
1694725306667 1.701297735102649 287
1694725306907 0.26675495575740454 288
1694725307211 0.006188011427015397 289
1694725307589 0.4954327327540153 290
1694725307958 1.1820126921143745 291
1694725308280 0.022721603347737197 292
1694725308568 0.24340377550938502 293
1694725308894 0.0058439455512919805 294
1694725309225 2.4721923754849473 295
1694725309586 0.011837806809351323 296
1694725309906 7.9120704447276236 297
1694725310219 2.533839900827971 298
1694725310539 0.17341188213222847 299
1694725310812 0.0025941342278899943 300
1694725311132 0.00011252749908952148 301
1694725311459 0.723302837624842 302
1694725311753 0.0013861978438302054 303
1694725312056 0.031245798498399945 304
1694725312374 0.01779720878133009 305
1694725312653 4.97636634838784 306
1694725312892 0.06705350817359201 307
1694725313187 1.4681276744436291 308
1694725313487 0.04666176551063716 309
1694725313815 0.21512491647944695 310
1694725314170 1.2084783835905597 311
1694725314473 8.79655540755716 312
1694725314755 3.515040546083122 313
1694725315017 3.7938440451944015 314
1694725315318 0.23445511495087035 315
1694725315613 2.350157559772783 316
1694725315915 3.426710949389042 317
1694725316303 0.21784293442159813 318
1694725316663 0.13114123845750486 319
1694725316907 0.41974804702023116 320
1694725317224 12.878481283166419 321
1694725317582 1.5125405793975624 322
1694725317819 0.22889397308335635 323
1694725318066 3.521203743538023 324
1694725318455 0.695894910812455 325
1694725318741 0.2519685006901465 326
1694725319026 0.4422457030328909 327
1694725319317 0.00029324078016982453 328
1694725319598 0.03295951739592744 329
1694725319875 0.6895056642097752 330
1694725320194 0.3256516449628001 331
1694725320597 15.886081893112665 332
1694725320849 0.6546148887246787 333
1694725321134 0.4286591994968429 334
1694725321417 0.0001088957069043623 335
1694725321727 9.642750586954834 336
1694725321990 1.0679029790604333 337
1694725322313 1.028407304814252 338
1694725322574 0.9346948344287606 339
1694725322920 18.93902627922096 340
1694725323240 1.2607660522843773 341
1694725323547 9.221343976584503 342
1694725323877 4.081027788651453 343
1694725324175 2.580695340615308 344
1694725324487 0.7738459966555952 345
1694725324883 0.19113112712224697 346
1694725325261 0.8409260503488993 347
1694725325589 0.011129856203402814 348
1694725325874 6.846440847321433 349
1694725326186 7.297285608925989 350
1694725326535 0.027152056060568492 351
1694725326812 0.025083424361663435 352
1694725327096 0.4978073124060718 353
1694725327461 1.0279920892112844 354
1694725327752 0.16330031812785492 355
1694725328068 0.6673194778884147 356
1694725328388 0.0004948719947434484 357
1694725328713 5.651219403903677 358
1694725328966 0.36614734973348506 359
1694725329433 0.21449117771483928 360
1694725329937 1.8277963903863883 361
1694725330144 0.321390795243652 362
1694725330458 2.3038013368216372 363
1694725330776 0.041191141798653956 364
1694725331106 22.511613810478813 365
1694725331434 0.0009009871218773275 366
1694725331777 1.4592304448388813 367
1694725332055 1.0757664203481503 368
1694725332386 3.2550387365639026 369
1694725332709 0.5307636842623232 370
1694725333031 1.5847888881017884 371
1694725333366 1.77105615751592 372
1694725333696 11.104665614860574 373
1694725333988 0.14314964575099523 374
1694725334282 0.8523384135533721 375
1694725334552 1.8125126140863672 376
1694725334923 1.0646294551565956 377
1694725335248 1.09178763586494 378
1694725335604 0.16728904418447585 379
1694725335895 0.3397589392445984 380
1694725336260 0.009806490206420097 381
1694725336728 0.2479223939326211 382
1694725337123 0.09185679973912741 383
1694725337410 2.7764525116242345 384
1694725337793 1.6871865106904518 385
1694725338103 1.3695849103513336 386
1694725338473 1.15379271843493 387
1694725338840 1.384379500005665 388
1694725339114 4.289688306581049 389
1694725339392 0.5963228206311555 390
1694725339717 0.09286798895541852 391
1694725339998 0.49383800800498934 392
1694725340260 0.0010229401891675145 393
1694725340632 6.417536939459185 394
1694725340996 2.642486086264293 395
1694725341324 1.515442336686759 396
1694725341654 1.3289695543343143 397
1694725341987 0.4887260197399534 398
1694725342290 0.7342031995501084 399
1694725342627 0.19904269663540852 400
1694725342987 4.521279514857649 401
1694725343319 0.013503802502124827 402
1694725343643 0.12136185364850331 403
1694725343944 16.964026895285656 404
1694725344242 3.024478367250771 405
1694725344563 22.011222257406047 406
1694725344945 0.24227163675727145 407
1694725345273 1.5850790508047052 408
1694725345513 0.07293059240788856 409
1694725345759 7.008266489281095 410
1694725346086 0.4436074735263705 411
1694725346400 2.830891434324091 412
1694725346766 16.599439827645565 413
1694725347085 2.5854121987117327 414
1694725347384 7.109114997801027 415
1694725347690 1.7707307205955944 416
1694725347973 3.3008741289840144 417
1694725348217 3.876325311518165 418
1694725348506 0.177423110778483 419
1694725348813 0.015260650224323826 420
1694725349133 1.0933195507123892 421
1694725349376 0.016976664779274318 422
1694725349736 0.00845694067508881 423
1694725350046 0.05045325017169799 424
1694725350323 0.5903254760142835 425
1694725350642 0.05290338284908557 426
1694725350955 0.16387528717848815 427
1694725351249 9.273848710025563 428
1694725351465 0.1436866672940292 429
1694725351824 0.09104855802209803 430
1694725352171 0.4564139847753883 431
1694725352425 0.05670834413633648 432
1694725352751 0.6664427572634297 433
1694725353076 0.43212515998773277 434
1694725353358 6.242746373713341 435
1694725353699 0.6538262279073496 436
1694725354164 0.08000522057764205 437
1694725354437 6.322927774741169 438
1694725354853 13.630442581002624 439
1694725355173 0.08475110848658328 440
1694725355410 4.268597413730675 441
1694725355655 0.021762419836253665 442
1694725355959 2.4943787548251057 443
1694725356308 0.2536288991508541 444
1694725356606 0.4252963426134169 445
1694725356940 3.0095228715250193 446
1694725357241 9.536302664210833 447
1694725357511 2.7607974449129755 448
1694725357831 1.5156063752806983 449
1694725358159 0.6025552666936302 450
1694725358457 5.240831219745844 451
1694725358765 0.8630817046265749 452
1694725359088 0.9919694414582781 453
1694725359402 0.43637854053800934 454
1694725359653 0.06898350897409024 455
1694725359969 2.25322364452851 456
1694725360307 0.7425523830631813 457
1694725360576 0.024649801643765443 458
1694725360877 0.16420786962217276 459
1694725361215 0.03122971034366165 460
1694725361524 0.002515528999491164 461
1694725361820 0.37795435529870164 462
1694725362129 1.6198223855067986 463
1694725362462 2.2590347006863736 464
1694725362715 0.4103193702114313 465
1694725362973 1.6658112622695962 466
1694725363276 0.3356989264683955 467
1694725363591 0.7878350600092409 468
1694725363937 0.012483727995239478 469
1694725364322 0.3702037544239556 470
1694725364886 20.596803147676034 471
1694725365225 0.9448078344648124 472
1694725365626 0.22560270912888694 473
1694725365968 0.014517228930497542 474
1694725366219 0.6378097558445317 475
1694725366576 2.4189271579678007 476
1694725366808 0.7090032844704944 477
1694725367087 3.7959292522426606 478
1694725367395 6.005364570984016e-05 479
1694725367752 0.6061351453555881 480
1694725368128 2.2666275908511127 481
1694725368430 0.01384312604540116 482
1694725368721 2.7462045785994795 483
1694725369010 7.497144466018517 484
1694725369338 0.5362795381631795 485
1694725369692 0.4120588619117853 486
1694725369962 2.2010837306179485 487
1694725370307 3.1548291503732364 488
1694725370604 0.4341573945082555 489
1694725370871 32.56711280612755 490
1694725371168 0.8566851834444018 491
1694725371547 2.2024126633656587 492
1694725371890 0.41627540690421316 493
1694725372234 0.06585453240861974 494
1694725372585 7.668894220539201 495
1694725372889 0.20477353935231576 496
1694725373154 4.323798221157372 497
1694725373473 5.7738009945695605 498
1694725373792 1.0130416902808574 499
