1694725829057 1.2169735672586395 0
1694725829382 0.13176609713690804 1
1694725829679 27.778213826531754 2
1694725829927 4.55236765320746 3
1694725830238 6.528206707500569 4
1694725830504 11.172937091946574 5
1694725830768 0.008599750131802109 6
1694725831085 6.121741780632219 7
1694725831346 0.658703859414555 8
1694725831632 1.7739298480681613 9
1694725831990 0.07781801680350581 10
1694725832317 0.2998020883349108 11
1694725832612 9.70969342814286 12
1694725832907 8.823777846147792 13
1694725833194 0.17101283126275785 14
1694725833477 15.321504431277958 15
1694725833795 1.650708819720967 16
1694725834124 12.618782160362779 17
1694725834436 0.05676946935547043 18
1694725834752 6.019113276518768 19
1694725835101 3.679579832892295 20
1694725835433 24.002807142220764 21
1694725835664 5.299471582740989 22
1694725835978 12.58908701095347 23
1694725836312 0.2934740578046959 24
1694725836561 4.108170293627589 25
1694725836941 2.906978056427647 26
1694725837257 10.478669668534645 27
1694725837535 5.9543110830743755 28
1694725837800 0.23425825113614338 29
1694725838536 0.020402343014250836 30
1694725838843 1.6488704424469725 31
1694725839280 0.4925907648886875 32
1694725839559 19.399006868002736 33
1694725839799 9.767579616113524 34
1694725840114 12.604862213989675 35
1694725840455 13.864336444180068 36
1694725840699 3.5958014525641007 37
1694725840966 0.06520496247111267 38
1694725841237 1.0526884708760527 39
1694725841546 0.07475204867145024 40
1694725841784 12.9222611452517 41
1694725842027 8.532508230792219 42
1694725842340 16.868862017896156 43
1694725842631 35.85439657341436 44
1694725842876 0.6789971215157726 45
1694725843214 8.359780332784327 46
1694725843525 1.8598597493219786 47
1694725843778 0.03659845203518923 48
1694725844093 0.4841346017842971 49
1694725844404 6.288361964275979 50
1694725844695 4.405315100499194 51
1694725844994 3.255797163731604 52
1694725845429 3.825261179732163 53
1694725845745 6.40909934194748 54
1694725845996 0.7008392908729211 55
1694725846292 0.576731542648194 56
1694725846562 0.1278279531994634 57
1694725846856 9.139357547534562 58
1694725847202 2.2450081082421636 59
1694725847547 0.286674609251258 60
1694725847817 0.02188688978220907 61
1694725848135 28.62070047677617 62
1694725848452 13.704155955446197 63
1694725848706 0.25817839065309456 64
1694725848956 0.10967328340284384 65
1694725849195 2.1364518053020145 66
1694725849433 4.3824461751095125 67
1694725849692 0.004128550977080645 68
1694725850049 0.47236080909723116 69
1694725850338 0.05683819137072331 70
1694725850647 1.7287579086302964 71
1694725850849 5.193919235737199 72
1694725851129 8.239839193601242 73
1694725851453 35.43855573251394 74
1694725851753 1.4044077519299067 75
1694725852070 0.09937101342731834 76
1694725852364 0.00035815263368453907 77
1694725852678 4.738344427462305 78
1694725852913 0.549071013016457 79
1694725853317 18.75182286825275 80
1694725853845 1.4724750867679304 81
1694725854194 0.004125326408190626 82
1694725854526 0.00560579118498396 83
1694725854939 0.6756851470325949 84
1694725855270 0.2906197820218033 85
1694725855580 4.887135596551664 86
1694725855866 1.7815661092637662 87
1694725856114 0.004538294386226348 88
1694725856476 7.51639147362049 89
1694725856739 0.1230216338001406 90
1694725857052 10.388906971265145 91
1694725857326 0.1632973550245656 92
1694725857644 0.007048457525032822 93
1694725857922 0.894632554066525 94
1694725858150 1.6606966450797882 95
1694725858402 0.021571563770432952 96
1694725858773 1.1599122195247156 97
1694725859041 25.576590853535244 98
1694725859261 0.017049840683940016 99
1694725859568 1.154195572685402 100
1694725859987 6.327322980695729 101
1694725860259 0.1941559772094368 102
1694725860611 1.4330929436198414 103
1694725861054 5.891004498105222 104
1694725861413 1.1935810653019607 105
1694725861757 0.13024859936600663 106
1694725862071 12.287868783108278 107
1694725862318 15.31659653085919 108
1694725862583 19.36299417187747 109
1694725862874 0.049899882262747004 110
1694725863232 0.00496463498286876 111
1694725863469 4.551121338210759 112
1694725863739 9.694343002459343 113
1694725864066 20.981597737556037 114
1694725864364 11.893613954092668 115
1694725864681 0.21871649634947704 116
1694725865003 3.6809861694850308 117
1694725865446 1.220909845051706 118
1694725865792 13.752550704680656 119
1694725866113 0.0021267721118886068 120
1694725866404 3.3505324696866827 121
1694725866692 0.9182148038756917 122
1694725867010 0.03721558265950667 123
1694725867300 2.1948828627640764 124
1694725867573 0.0609444287799346 125
1694725867936 1.0619790788828283 126
1694725868254 6.7584007159077935 127
1694725868564 2.9047057807572383 128
1694725868846 0.13043973197423 129
1694725869156 2.1446822520917466 130
1694725869446 0.06183047012236566 131
1694725869760 0.15159653286390007 132
1694725870068 0.9780359515713208 133
1694725870332 0.2483387820359749 134
1694725870615 6.448581351866498 135
1694725870931 19.78778333567302 136
1694725871247 1.110027155676461 137
1694725871542 6.225017707456401 138
1694725871853 10.32372323706231 139
1694725872225 0.03604754884535703 140
1694725872476 19.401504727248348 141
1694725872756 0.019859452125986863 142
1694725873098 0.4622852999915767 143
1694725873395 4.834523603637875 144
1694725873688 0.238659722690408 145
1694725874000 1.4122076650799027 146
1694725874366 2.6741427374353623 147
1694725874617 1.921485922251543 148
1694725874949 5.90597690566298 149
1694725875337 3.810102808194284 150
1694725875620 8.63686287186563 151
1694725875942 0.46119111430237164 152
1694725876249 0.7910472677266827 153
1694725876567 11.27637434534492 154
1694725876872 0.8011270640762279 155
1694725877312 0.8354549436426465 156
1694725877595 10.25181463006776 157
1694725877907 0.7617399080426727 158
1694725878212 1.51000578733297 159
1694725878513 0.13852456397250001 160
1694725878837 2.23613802141044 161
1694725879159 8.202770176851024 162
1694725879470 0.14620041972379366 163
1694725879746 9.191794783082804 164
1694725880081 26.297421336041044 165
1694725880428 2.8987432170517495 166
1694725880699 8.140525912890118 167
1694725881047 9.330497226979675 168
1694725881377 7.202161306697934 169
1694725881637 7.845845649285358 170
1694725881937 2.038056792634171 171
1694725882266 2.499215501218814 172
1694725882568 5.513050094413203 173
1694725882786 1.9755285788065888 174
1694725883042 0.04992179173519028 175
1694725883464 3.0159568983630187 176
1694725883751 1.9855229341126748 177
1694725884027 1.3542508843832188 178
1694725884312 4.932005057895515 179
1694725884590 0.8326125245929744 180
1694725884856 1.572742675105253 181
1694725885234 2.30105603698266 182
1694725885606 6.517053285001245 183
1694725885913 0.3561284355672644 184
1694725886234 41.5684625255403 185
1694725886558 19.0045574514008 186
1694725886808 0.46156986817377904 187
1694725887145 4.116725681130299 188
1694725887448 5.4127310605308905 189
1694725887775 5.070745483888764 190
1694725888099 8.398314723238379 191
1694725888403 1.5107002794697755 192
1694725888697 1.1509411221644765 193
1694725888939 0.20473502099293664 194
1694725889189 1.2970464092741492 195
1694725889482 4.235038047883818 196
1694725889794 1.4392334916441913 197
1694725890108 0.6964686743508747 198
1694725890355 0.12992321694320344 199
1694725890673 2.151258687074002 200
1694725890898 5.478656149654724 201
1694725891193 15.058578751174242 202
1694725891496 0.0002399418998907235 203
1694725891824 0.713369933446492 204
1694725892172 12.321493190560707 205
1694725892499 0.012509039533569608 206
1694725892806 4.182499156248855 207
1694725893041 21.55250299193115 208
1694725893335 0.3116895621865643 209
1694725893659 0.013307050880740787 210
1694725893914 1.061690810477268 211
1694725894204 3.0754721356464 212
1694725894601 12.938335028818631 213
1694725894931 0.34062711111736904 214
1694725895319 0.6082059886949401 215
1694725895637 5.213829431824031 216
1694725895911 0.16955763644325875 217
1694725896197 2.4026943573478117 218
1694725896578 0.8799189369132657 219
1694725896853 0.16498174506893046 220
1694725897221 6.1550635293083555 221
1694725897545 1.4037558210412837 222
1694725897791 4.772096248181449 223
1694725898013 15.491017605238852 224
1694725898297 0.5209721348635163 225
1694725898622 17.061378163431808 226
1694725898924 14.900630945956255 227
1694725899204 1.0730664679774211 228
1694725899522 7.3163889448844905 229
1694725899847 0.3677727738315594 230
1694725900163 1.5643785822530747 231
1694725900486 0.009217690828783712 232
1694725900806 2.0967894877788766 233
1694725901107 11.592231631763484 234
1694725901400 1.4286665615380296 235
1694725901716 0.0037542685250396995 236
1694725901996 0.414612463185271 237
1694725902301 0.27985155185419797 238
1694725902626 0.9155916201421311 239
1694725902957 0.7283724813565124 240
1694725903342 13.591694676752173 241
1694725903668 1.5158221432301953 242
1694725903981 1.138169807980338 243
1694725904269 0.11937881236098088 244
1694725904618 0.12686936689059547 245
1694725904929 9.988429085594074 246
1694725905218 1.8120602607127168 247
1694725905604 0.134006196884776 248
1694725905918 0.011040503193745003 249
1694725906202 0.4010718763290235 250
1694725906486 4.428763150798891 251
1694725906772 5.237918391204093 252
1694725907144 1.0876939487191806 253
1694725907446 17.980232894578258 254
1694725907847 4.294960031170823 255
1694725908114 4.456546730328906 256
1694725908422 6.823639518774029 257
1694725908714 4.452250931468895 258
1694725909022 2.246157789985959 259
1694725909289 8.225717909575632 260
1694725909607 30.815970978198717 261
1694725909968 0.7940438105593781 262
1694725910253 0.012563440216090918 263
1694725910580 2.8284643090538673 264
1694725910882 0.5207550357269868 265
1694725911189 1.0265331822272044 266
1694725911441 0.11863630043806556 267
1694725911697 0.1545096133144427 268
1694725911943 17.506518567578123 269
1694725912261 0.046956107777563 270
1694725912530 0.6840354859939508 271
1694725912833 27.716810119933804 272
1694725913134 0.391631839402944 273
1694725913374 2.6300789720533215 274
1694725913686 0.0070361166440495665 275
1694725913928 0.8191561132258399 276
1694725914202 0.8241657197107684 277
1694725914560 1.0955311522322806 278
1694725914865 1.8532037761823534 279
1694725915187 0.5539621178089134 280
1694725915582 5.528245767841902 281
1694725915914 1.7136892114866373 282
1694725916177 1.3446724184707008 283
1694725916443 0.19103020323256814 284
1694725916757 3.9159340726619916 285
1694725917055 0.9610354418952876 286
1694725917356 36.382661766456174 287
1694725917666 0.20173074196087037 288
1694725917982 7.482940750483664 289
1694725918267 0.16278116570737877 290
1694725918510 8.118170281411748 291
1694725918854 0.239174394721417 292
1694725919238 34.16319182389315 293
1694725919542 3.1213767925261853 294
1694725919855 14.250655163787567 295
1694725920168 7.838675191672014 296
1694725920454 8.180450941339437 297
1694725920764 11.54095414536504 298
1694725921144 2.449103568313336 299
1694725921431 0.08270331499048289 300
1694725921739 0.7245793621181611 301
1694725922049 8.268239375120427 302
1694725922377 7.2610227418940205 303
1694725922659 3.6002402886853555 304
1694725922978 9.794794741235457 305
1694725923364 6.790137638234608 306
1694725923661 0.8230033629376277 307
1694725923964 0.025683869291040568 308
1694725924310 0.2578937368597179 309
1694725924562 17.48297476553308 310
1694725924833 0.006964925198378917 311
1694725925114 25.279942274542858 312
1694725925544 0.15180637644988865 313
1694725925822 3.7258146409596673 314
1694725926174 0.6926333653344641 315
1694725926564 3.370078338120649 316
1694725926803 9.717092819719761 317
1694725927153 2.9071767329675443e-05 318
1694725927494 1.6146947278840538 319
1694725927766 1.5825318852857002 320
1694725928063 13.527568114356619 321
1694725928308 5.97171110573321 322
1694725928616 1.1454753089071714 323
1694725928926 1.6588223081776334 324
1694725929571 0.8357502768184975 325
1694725930017 0.6525876552942061 326
1694725930358 0.016591865537613774 327
1694725930614 1.729184223240806 328
1694725930864 3.223328349066217 329
1694725931128 9.37982610243933 330
1694725931439 17.139749767647647 331
1694725931748 0.13562278746880302 332
1694725932080 0.8524733558731482 333
1694725932457 0.9897839142274032 334
1694725932721 1.1558500797148026 335
1694725932989 0.1660503373916592 336
1694725933299 1.2126894091610856 337
1694725933627 1.4441368951335583 338
1694725933900 0.20257493186562206 339
1694725934219 24.973598373131225 340
1694725934589 0.4317704282724155 341
1694725934896 1.78965978907538 342
1694725935207 5.303497696727684 343
1694725935583 0.0012370866936712661 344
1694725935840 1.220291319018056 345
1694725936159 0.27643048971493556 346
1694725936453 2.444520174599653 347
1694725936782 5.51019208467523 348
1694725937117 5.723285091620302 349
1694725937506 0.3002979259028478 350
1694725937803 0.029535563578656644 351
1694725938050 7.012905262772095 352
1694725938314 0.02510495913977211 353
1694725938626 2.7656899547250426 354
1694725938927 0.060752878485563565 355
1694725939220 6.7604392233342905 356
1694725939505 8.063951868946294 357
1694725939808 0.9676792569746914 358
1694725940056 3.2854628440021605 359
1694725940311 11.39347181138658 360
1694725940677 6.011642507238366 361
1694725940960 2.891610203803886 362
1694725941332 7.699536779298292 363
1694725941664 0.24065219834803409 364
1694725941939 3.8906692387842994 365
1694725942217 0.736177603716589 366
1694725942463 16.419214275618305 367
1694725942697 2.3882842540822455 368
1694725942941 4.254485669381702 369
1694725943239 12.595227589241574 370
1694725943547 2.6271778378966175 371
1694725943853 0.05547504928294256 372
1694725944122 1.8694094625493076 373
1694725944410 14.678269638322933 374
1694725944741 6.131780308990897 375
1694725945026 19.490819174948694 376
1694725945495 2.0968867347793236 377
1694725945812 5.960795466538202 378
1694725946087 9.377693736072937 379
1694725946368 2.087944530648284 380
1694725946687 1.380532813201464 381
1694725947033 0.11616268006798436 382
1694725947382 1.2734977989098901 383
1694725947670 0.0005275007891484388 384
1694725948057 5.395259982510085 385
1694725948377 0.31976192966012335 386
1694725948659 0.2445978714577923 387
1694725948916 4.9687788184127415 388
1694725949147 10.239377672616229 389
1694725949421 11.979415549588941 390
1694725949669 1.9489247413893767 391
1694725949918 0.8772096495123556 392
1694725950238 2.6718773521065162 393
1694725950561 12.188118656883661 394
1694725950851 16.667810917236324 395
1694725951068 1.0769803050810822 396
1694725951280 0.3054788625096737 397
1694725951546 0.44739666505172393 398
1694725951865 4.713324187016435 399
1694725952100 5.62118225966516 400
1694725952406 3.0581895500747582 401
1694725952718 3.1457371902193723 402
1694725953022 5.962475370448148 403
1694725953332 0.01701605526416667 404
1694725953613 7.206969565553326 405
1694725953861 4.479319941530994 406
1694725954104 5.903558038880388 407
1694725954393 12.33435445956333 408
1694725954775 0.08917452497483982 409
1694725955056 5.48871825266004 410
1694725955490 7.190812737150596 411
1694725955804 0.421377745154543 412
1694725956074 0.4812260426338013 413
1694725956402 5.282927327039807 414
1694725956741 1.4840118824551494 415
1694725957139 1.850899458585315 416
1694725957395 0.7090722146730638 417
1694725957717 4.349136086232884 418
1694725958034 1.974001981078418 419
1694725958313 2.708762090324726 420
1694725958639 9.247439474339771 421
1694725958992 4.923894515767918 422
1694725959179 0.21666797471864527 423
1694725959432 0.8661892732477586 424
1694725959720 1.212716951724339 425
1694725960016 1.1187608016252462 426
1694725960336 5.633510687999872 427
1694725960650 0.9181746417356744 428
1694725960964 0.20982665466210507 429
1694725961335 12.711936750734342 430
1694725961673 29.055376034480403 431
1694725961987 28.85880166726069 432
1694725962256 1.552568247423457 433
1694725962590 0.592307675148239 434
1694725962915 1.2160270383650493 435
1694725963199 0.005511083001598304 436
1694725963538 0.29009687271509843 437
1694725963844 46.1084978172032 438
1694725964164 0.5905924673486174 439
1694725964645 0.03570074959706236 440
1694725965007 0.0008621489541015554 441
1694725965427 8.602654443286452 442
1694725965785 11.367876031935433 443
1694725966075 1.7290408170520803 444
1694725966313 0.08733724679845611 445
1694725966638 4.398671765319097 446
1694725967005 12.555830261579011 447
1694725967256 0.02301905554257365 448
1694725967902 3.7302864637129924 449
1694725968171 0.008524738430758802 450
1694725968494 3.984331482637577 451
1694725968836 2.723860404367276 452
1694725969145 36.992776230819 453
1694725969459 3.036891714262311 454
1694725969795 15.59377409618972 455
1694725970148 27.840723159088313 456
1694725970424 12.90197815359791 457
1694725970699 0.05740112988774613 458
1694725971019 29.2166214394517 459
1694725971274 0.0005265870508037495 460
1694725971563 2.2339920050137234 461
1694725971874 4.560072119555419 462
1694725972256 0.02320406600894186 463
1694725972578 0.6272094679986676 464
1694725972832 13.179974394311836 465
1694725973164 0.8597828709516835 466
1694725973398 1.9821637264021092 467
1694725973620 1.9519699665431536 468
1694725973894 60.14793751679465 469
1694725974178 0.26416729297798275 470
1694725974436 0.13085195977568836 471
1694725974739 9.306465595851648 472
1694725975036 0.031160760109178075 473
1694725975435 6.567216229344645 474
1694725975692 0.975123940326573 475
1694725976063 7.461701661777196 476
1694725976434 0.40616039610139465 477
1694725976789 0.19831982957631847 478
1694725977162 4.9436856327579255 479
1694725977463 4.841880480020248 480
1694725977717 1.0650559503955868 481
1694725978021 0.013044023567826588 482
1694725978338 4.529958447413642 483
1694725978652 14.841299834533846 484
1694725978969 0.9751648155205362 485
1694725979293 18.569454573595813 486
1694725979597 5.348809613379794 487
1694725979913 0.09089427603752283 488
1694725980236 2.9637534439597246 489
1694725980504 8.66897646585351 490
1694725980835 13.77997400744086 491
1694725981150 5.135280734925082 492
1694725981442 2.524776339120103 493
1694725981768 7.549348931192843 494
1694725982089 12.358268147117252 495
1694725982390 15.031255848052933 496
1694725982703 6.457997405348603 497
1694725983035 14.771705312909344 498
1694725983362 10.617315358424255 499
