1694742969443 0.2928255707517967 0
1694742969685 4.68700246771711 1
1694742969993 20.957043623896382 2
1694742970274 3.869717457975398 3
1694742970601 9.146552146950674 4
1694742970901 5.148933879203553 5
1694742971260 4.021728737780344 6
1694742971525 1.8484178296380755 7
1694742971774 1.894944771153502 8
1694742972082 1.963669222996574 9
1694742972397 6.179201490362659 10
1694742972689 12.972943713222662 11
1694742973006 17.979577322285117 12
1694742973424 1.2079100402369896 13
1694742973684 8.744719401713258 14
1694742973985 18.82680714208712 15
1694742974299 20.715799118146506 16
1694742974552 12.522345117516052 17
1694742974813 0.10939245603726856 18
1694742975089 5.275851577736292 19
1694742975401 6.639395903479811 20
1694742975684 2.3097650359675046 21
1694742975938 18.96591638849314 22
1694742976214 2.433262402952446 23
1694742976505 16.828050381322306 24
1694742976752 14.971257070733724 25
1694742977067 11.229126008354788 26
1694742977385 5.068627122095717 27
1694742977648 0.24849812662179047 28
1694742978147 1.0660099272394539 29
1694742978463 0.3412820115511149 30
1694742978761 28.625160138478527 31
1694742979079 1.0381210329661645 32
1694742979480 42.779635225042774 33
1694742979713 0.005267259522989634 34
1694742980109 0.15053766641685376 35
1694742980486 15.8285201451094 36
1694742980717 6.645270800506548 37
1694742980959 1.698153125638501 38
1694742981243 48.89186850205903 39
1694742981524 0.06091524894760283 40
1694742981739 63.34287866657363 41
1694742981984 34.896508313278 42
1694742982353 36.50939310811877 43
1694742982631 34.30819170128811 44
1694742982856 60.302844822452414 45
1694742983134 35.3331230509513 46
1694742983477 0.05217878940279547 47
1694742983730 17.896642290162788 48
1694742983977 1.8976617303573293 49
1694742984267 1.0339101056078888 50
1694742984644 0.02158892862844492 51
1694742984881 14.612049798778955 52
1694742985167 4.650224502879338 53
1694742985367 1.0466671963417942 54
1694742985634 13.962322647513211 55
1694742985843 0.4174050784500464 56
1694742986127 2.3578129994900343 57
1694742986391 4.876078191514444 58
1694742986747 7.503917745142353 59
1694742987058 29.933415016346064 60
1694742987366 33.66212905866032 61
1694742987704 27.19634112356652 62
1694742988010 0.012643142942902722 63
1694742988313 3.5384614615689176 64
1694742988661 7.579948822075605 65
1694742988991 5.668121109931232 66
1694742989240 1.1393764762580898 67
1694742989531 61.82457871724026 68
1694742989803 11.891298498288634 69
1694742990066 46.48906762655839 70
1694742990341 23.283505615126955 71
1694742990659 12.728920183773587 72
1694742990920 8.129134656976563 73
1694742991276 19.4627250894182 74
1694742991638 0.8230801757976043 75
1694742991914 9.532998070144746 76
1694742992239 0.3551067780422324 77
1694742992659 6.372848180532807 78
1694742992997 0.007055229510099118 79
1694742993345 17.320503477807666 80
1694742993645 0.5341122493712451 81
1694742993907 9.706902980378521 82
1694742994217 1.6093949765361677 83
1694742994566 8.822211599261456 84
1694742994913 1.6480324650669522 85
1694742995200 6.396903105654397 86
1694742995524 4.961208060796992 87
1694742995828 3.237327608050862 88
1694742996101 2.3753716951695054 89
1694742996414 1.2231465073550396 90
1694742996736 52.633822660698186 91
1694742996968 4.1785717740362704 92
1694742997251 10.06710836343944 93
1694742997573 6.411667836727136 94
1694742997937 0.05711009061908549 95
1694742998188 12.950087958607973 96
1694742998443 0.04247876894331794 97
1694742998785 0.3785086136174257 98
1694742999058 0.2374825245798138 99
1694742999380 0.3406008113339628 100
1694742999689 14.592280390801003 101
1694743000012 6.886460737527757 102
1694743000287 16.29984163849755 103
1694743000629 1.8154087300059012 104
1694743000915 20.85540961328929 105
1694743001119 35.4214534128737 106
1694743001400 18.89678782886597 107
1694743001656 32.95311133828199 108
1694743001941 3.0028953306594297 109
1694743002328 58.36075835026875 110
1694743002649 5.923137283732017 111
1694743002926 0.5493772595148902 112
1694743003150 9.312616910719816 113
1694743003397 1.617042985724226 114
1694743003661 13.307189286078511 115
1694743003920 19.471401948040928 116
1694743004161 4.570770349091745 117
1694743004546 6.624989416453742 118
1694743004873 2.089179727575506 119
1694743005131 6.053106237478919 120
1694743005409 3.8049682960683966 121
1694743005735 0.13031882043620413 122
1694743006011 34.48949049962888 123
1694743006231 8.93942097424563 124
1694743006501 0.8010920517140186 125
1694743006868 20.249104364914785 126
1694743007143 7.094640527560525 127
1694743007425 0.10096301171530765 128
1694743007731 1.1534614670714323 129
1694743008023 51.949031063900016 130
1694743008264 40.11178932472057 131
1694743008582 37.84376959392477 132
1694743008997 0.2522746109817325 133
1694743009264 62.25969010204177 134
1694743009517 0.19043361082395366 135
1694743009790 86.92311529636903 136
1694743010107 0.09205958068051723 137
1694743010461 0.12051943787268685 138
1694743010766 4.095420433864611 139
1694743011102 3.9700372625794884 140
1694743011362 2.8420680651757566 141
1694743011617 0.37089078622104893 142
1694743011897 0.005243827062875306 143
1694743012178 1.274557516254079 144
1694743012481 5.898148022506086 145
1694743012794 7.745517856337545 146
1694743013069 5.520243682288359 147
1694743013438 6.935339896318966 148
1694743013773 9.60925270628821 149
1694743014058 0.09851166107072125 150
1694743014361 14.03071226400309 151
1694743014673 8.413444575030082 152
1694743014974 36.80444332682391 153
1694743015262 18.77347027089185 154
1694743015647 1.4728646230154874 155
1694743015961 17.00010559498438 156
1694743016200 78.36298172825789 157
1694743016492 0.1739092359846682 158
1694743016746 0.15511682403016475 159
1694743017034 0.6061041960628512 160
1694743017276 0.25346335782126456 161
1694743017593 2.6952151765904695 162
1694743018010 8.810542137032302 163
1694743018216 15.732091751940407 164
1694743018501 6.243569680308744 165
1694743018852 17.853158140002144 166
1694743019163 13.560817966336643 167
1694743019422 19.46160406093043 168
1694743019732 4.089578315153451 169
1694743020103 53.73132199416994 170
1694743020438 12.55884618744134 171
1694743020710 44.06782703516928 172
1694743020971 3.7966507500665614 173
1694743021251 17.309412910094572 174
1694743021518 18.402256382885593 175
1694743021836 17.566826253243462 176
1694743022107 10.287346137752381 177
1694743022426 2.266223991584368 178
1694743022735 23.899206303580005 179
1694743022975 16.917600886010668 180
1694743023257 0.6842818600048979 181
1694743023505 0.02956639643769262 182
1694743023815 25.444854087526874 183
1694743024131 8.007003544057325 184
1694743024459 0.5908774754291284 185
1694743024734 2.5494470005862024 186
1694743025145 19.657252444041028 187
1694743025400 6.199061387971906 188
1694743025636 0.42978101561583154 189
1694743025923 0.5680775613963415 190
1694743026227 6.261931669588232 191
1694743026505 7.396627059594105 192
1694743026827 0.2553403222060623 193
1694743027100 15.401055817292479 194
1694743027416 3.142174826517659 195
1694743027732 44.1806320567759 196
1694743028039 0.46523729381298307 197
1694743028284 3.306216438441963 198
1694743028623 33.5635237647696 199
1694743029039 1.5461919295151605 200
1694743029305 24.43969629249877 201
1694743029553 27.229659760817874 202
1694743029820 15.956268855293258 203
1694743030142 11.800442518226898 204
1694743030467 15.191131243646646 205
1694743030833 1.8679224561651984 206
1694743031197 18.831932580007685 207
1694743031437 0.2776268645819847 208
1694743031746 0.030792662528368923 209
1694743031992 1.7907497445586888 210
1694743032290 2.7642171041213737 211
1694743032519 8.836956066363326 212
1694743032837 4.158743816525111 213
1694743033176 0.015716524934429644 214
1694743033496 1.7547124313005145 215
1694743033715 0.3001631511612721 216
1694743033999 1.906051305675723 217
1694743034270 17.421798226063085 218
1694743034539 0.14462537828164718 219
1694743034862 1.1086626106632504 220
1694743035176 29.288690445819068 221
1694743035490 3.6504933091539433 222
1694743035820 8.273438520131016 223
1694743036124 4.8394040140491725 224
1694743036424 11.118636282735643 225
1694743036737 0.004315277523600001 226
1694743037070 6.369143987652058 227
1694743037379 7.601272262186284 228
1694743037598 0.08317215138834995 229
1694743037911 0.018106639524073483 230
1694743038216 0.46130272440902703 231
1694743038500 0.45448041272467987 232
1694743038834 1.274930625250075 233
1694743039168 19.27645222111724 234
1694743039589 2.0141009325212105 235
1694743039812 0.06161086036485114 236
1694743040214 0.20853472153241748 237
1694743040563 22.2536623576454 238
1694743040823 11.584326975308183 239
1694743041053 5.661540219633185 240
1694743041333 9.74512946114273 241
1694743041590 0.8513747246773048 242
1694743041837 3.050817606711495e-05 243
1694743042179 0.004301160023319234 244
1694743042521 2.740240927413116 245
1694743042740 10.412276103059156 246
1694743043025 32.10830340619819 247
1694743043335 0.40354310085082995 248
1694743043672 0.2900779881006487 249
1694743043985 2.7848066518782275 250
1694743044297 0.47981884817936266 251
1694743044669 6.416711584033214 252
1694743044995 0.26388849238562945 253
1694743045319 0.4085373879012935 254
1694743045626 31.14782078616554 255
1694743045895 0.441552215333665 256
1694743046174 14.44023775583605 257
1694743046428 1.6989361616888445 258
1694743046764 4.3402414533453735 259
1694743047058 1.8121208478874407 260
1694743047304 5.819002974500075 261
1694743047579 12.166693184931146 262
1694743047887 2.1191773151788156 263
1694743048142 0.00014421204629283017 264
1694743048415 27.191021374946114 265
1694743048696 20.82040887063082 266
1694743049028 16.171393403827217 267
1694743049257 6.16385409568892 268
1694743049487 3.094568351166838 269
1694743049721 23.092975290980682 270
1694743049967 11.88127694406541 271
1694743050201 7.335556134763385 272
1694743050493 0.9101925814532935 273
1694743050727 57.57488643286358 274
1694743051012 0.13864934706638155 275
1694743051341 0.4949973635937829 276
1694743051633 3.316814780250639 277
1694743051919 1.125475067920768 278
1694743052237 0.5601022098413966 279
1694743052557 5.054896171259868 280
1694743052794 59.19618882268146 281
1694743053141 1.6947788001864144 282
1694743053533 0.6050067939207676 283
1694743053793 6.761516658695901 284
1694743054089 21.383380036501574 285
1694743054389 19.451010840797387 286
1694743054679 88.42728549642213 287
1694743054907 1.5566223159719788 288
1694743055157 7.091763957563058 289
1694743055418 7.370039228040041 290
1694743055712 0.14058506413376756 291
1694743055937 1.9981847953838394 292
1694743056213 7.085342020852304 293
1694743056437 89.18482713056106 294
1694743056721 5.885755756783675 295
1694743056984 54.07486908722183 296
1694743057264 3.6970363816971066 297
1694743057604 3.3739617397140043 298
1694743057896 0.12296365105416697 299
1694743058205 20.88080410907869 300
1694743058536 0.044843327345918664 301
1694743058895 9.474270736550558 302
1694743059180 7.195784655107805 303
1694743059516 2.15898133538587 304
1694743059785 2.5397496240951036 305
1694743060136 9.72552315475385 306
1694743060531 40.041806562583716 307
1694743060767 6.109885854198594 308
1694743061049 21.5705175695414 309
1694743061360 0.02432018816346119 310
1694743061647 4.556073272056795 311
1694743061831 1.2050947101351126 312
1694743062054 12.26428781057182 313
1694743062416 13.44579601055536 314
1694743062742 2.020509995699848 315
1694743062981 23.351886001091692 316
1694743063225 0.040208296905478925 317
1694743063476 5.65529662426583 318
1694743063748 5.178861160744172 319
1694743063978 13.71059345993361 320
1694743064207 12.076881959374742 321
1694743064550 0.6102266942023343 322
1694743064840 7.916865923320778 323
1694743065089 0.6000010158399243 324
1694743065415 19.750462549712893 325
1694743065725 11.515007445956684 326
1694743066030 26.532577477174513 327
1694743066335 16.116081608744093 328
1694743066688 3.7587458862569014 329
1694743066976 35.77306517524756 330
1694743067254 51.03890663199463 331
1694743067553 0.6045518666565114 332
1694743067831 3.6076633993766998 333
1694743068124 21.47687344797956 334
1694743068447 2.0404699268451854 335
1694743068786 1.0229538390100401 336
1694743069121 4.162479791938228 337
1694743069429 41.84376429408567 338
1694743069746 17.117412100275377 339
1694743070033 1.4294352682694271 340
1694743070304 0.5710342199921885 341
1694743070640 57.313912970327095 342
1694743070907 34.09182341269738 343
1694743071238 5.188811778565485 344
1694743071506 12.919725360759259 345
1694743071814 38.83598114615061 346
1694743072096 0.054469782540793654 347
1694743072425 0.05390184203904271 348
1694743072740 0.34524801667031485 349
1694743073016 9.07928314450375 350
1694743073339 4.98117971022243 351
1694743073671 4.738703513534102e-05 352
1694743073957 0.20657033747492434 353
1694743074185 2.008690134250142 354
1694743074472 0.22828317439963286 355
1694743074784 0.47576893530881065 356
1694743075059 3.5585824308446017 357
1694743075296 30.326553754827934 358
1694743075660 2.0079519718205048 359
1694743075949 4.681944403190339 360
1694743076218 1.3459841049613697 361
1694743076541 48.360030964858446 362
1694743076839 8.883225360991974 363
1694743077089 61.6113221679988 364
1694743077339 3.529561350358931 365
1694743077659 16.851814109427178 366
1694743078000 1.7754006701782608 367
1694743078289 20.501617531858543 368
1694743078563 0.17589094046037337 369
1694743078914 5.098235699923948 370
1694743079145 8.137679635591255 371
1694743079366 3.0338222291234205 372
1694743079679 28.005896445784973 373
1694743080028 83.45476788960907 374
1694743080333 26.54076404120023 375
1694743080703 14.064213872744254 376
1694743080983 0.5177585340393479 377
1694743081202 10.690608525426285 378
1694743081478 7.066245944339185 379
1694743081762 0.4039996558085207 380
1694743082084 30.790385144327807 381
1694743082396 10.393884872271752 382
1694743082731 1.3968837547204345 383
1694743083027 0.37391623248599815 384
1694743083258 0.8635686011523664 385
1694743083594 3.461428843104312 386
1694743083836 8.789890368818515 387
1694743084087 0.9736551703555221 388
1694743084313 9.376294041538495 389
1694743084602 6.720186203283089 390
1694743084802 16.54794256722425 391
1694743085090 6.479934679554694 392
1694743085314 1.408527666543448 393
1694743085591 28.800347591686446 394
1694743085825 0.03794008701426676 395
1694743086126 2.8903790634673023 396
1694743086407 0.7854293215941676 397
1694743086728 3.453921250136367 398
1694743087038 0.1058854973055864 399
1694743087304 29.988652022854485 400
1694743087560 92.72706497853399 401
1694743087794 9.372434094560502 402
1694743088029 2.0461105155950987 403
1694743088321 16.269265104488063 404
1694743088657 3.7953323345974854 405
1694743089077 0.13052482484499817 406
1694743089397 0.3349811881375068 407
1694743089713 1.0422248919515404 408
1694743090025 2.2401210766375326 409
1694743090282 1.2232457257638623 410
1694743090606 18.711995568876304 411
1694743090915 30.100834705163376 412
1694743091242 15.598944261467702 413
1694743091524 31.312903783866094 414
1694743091803 8.85812322258045 415
1694743092115 0.24309756684089534 416
1694743092395 15.148835684215236 417
1694743092708 0.09487302169688153 418
1694743093015 24.071180528884874 419
1694743093283 0.09081660539271612 420
1694743093578 3.4015219181580005 421
1694743093839 48.30347657996899 422
1694743094083 6.110746918246506 423
1694743094383 38.6650508410142 424
1694743094698 0.852073425530689 425
1694743095028 0.23475018652296775 426
1694743095301 1.680130946081192 427
1694743095677 6.0916943387176445 428
1694743096025 19.677624862558645 429
1694743096292 43.03627927555449 430
1694743096538 7.98582428918346 431
1694743096773 4.516280716133198 432
1694743097057 27.63289261649634 433
1694743097318 11.518818104472883 434
1694743097566 16.16154223217798 435
1694743097882 26.387533039707805 436
1694743098199 20.57336351606591 437
1694743098457 6.310279578362447 438
1694743098749 0.5196211444878919 439
1694743099086 14.340124998790333 440
1694743099484 22.140033407099704 441
1694743099723 4.184969803345112 442
1694743099994 0.7408703240035212 443
1694743100245 7.867829521115715 444
1694743100537 14.444549332193581 445
1694743100781 0.5358103909883828 446
1694743101077 6.1381523021667475 447
1694743101384 2.1825237972890714 448
1694743101708 2.0045656008162216 449
1694743102023 25.84625929183482 450
1694743102392 5.015190472467255 451
1694743102701 5.072418171518338 452
1694743103036 12.775658209133026 453
1694743103344 29.137726815823942 454
1694743103581 0.5282008143314411 455
1694743103854 18.9568073631331 456
1694743104213 14.875872909232738 457
1694743104587 2.8437132683240534 458
1694743104890 1.83797607951015 459
1694743105165 22.634594611632696 460
1694743105435 7.614354343986518 461
1694743105700 30.858571697944242 462
1694743105986 0.46294584120380167 463
1694743106286 0.00010064883035576481 464
1694743106563 22.368906302251375 465
1694743106847 14.22188729198553 466
1694743107154 2.980933798189573 467
1694743107429 32.09634338236256 468
1694743107751 3.7975963164344333 469
1694743108072 3.177955928046235 470
1694743108384 3.632250610002087 471
1694743108694 5.83640195891415 472
1694743109104 0.32715210081710056 473
1694743109365 0.09423359144882563 474
1694743109660 1.4185638772689033 475
1694743110011 8.41994707761507 476
1694743110302 48.30954471997949 477
1694743110579 9.705091476807304 478
1694743110806 13.215188160310298 479
1694743111125 36.58185405425198 480
1694743111440 19.23916745261838 481
1694743111679 18.512034382792944 482
1694743111921 0.024559400662431622 483
1694743112174 0.4434452209630845 484
1694743112427 8.453934965548056 485
1694743112681 2.165312868310972 486
1694743113006 0.5246824542236201 487
1694743113341 10.286247758630216 488
1694743113647 0.22544016163779065 489
1694743113939 0.0006358383266826822 490
1694743114207 38.187648930840226 491
1694743114522 1.6481183104104415 492
1694743114756 5.618545449131639 493
1694743114991 0.615673563195209 494
1694743115273 0.6068400075603125 495
1694743115635 0.25099336507439907 496
1694743115842 0.13585230171639362 497
1694743116069 30.467847185836174 498
1694743116371 8.752896678624282 499
