1694755216850 703789286.4944444 0
1694755217096 1.7674946749623466e+16 1
1694755217345 3.9640871246451335e+23 2
1694755217542 8.602116648477649e+30 3
1694755217831 1.8190436793723432e+38 4
1694755218110 4.253487247078181e+45 5
1694755218371 1.0960450403518814e+53 6
1694755218678 2.1040694111806807e+60 7
1694755218893 5.052875867274421e+67 8
1694755219205 1.2211650923237544e+75 9
1694755219481 2.596055309059808e+82 10
1694755219719 6.052073118332545e+89 11
1694755220143 1.208063608296583e+97 12
1694755220482 2.7494195752667366e+104 13
1694755220681 5.278671234999894e+111 14
1694755220971 1.2660699389408403e+119 15
1694755221296 2.902525072419436e+126 16
1694755221564 7.29935951749268e+133 17
1694755221830 1.4758060457182453e+141 18
1694755222050 3.19665795402662e+148 19
1694755222415 7.54510645541894e+155 20
1694755222639 1.582196033962715e+163 21
1694755222841 3.5306276011648067e+170 22
1694755223075 8.042698203592679e+177 23
1694755223338 1.6020905116003808e+185 24
1694755223572 3.886489942388577e+192 25
1694755223741 9.004562239837257e+199 26
1694755223920 1.9893609325421186e+207 27
1694755224247 4.498653355281712e+214 28
1694755224674 9.8613776938439e+221 29
1694755225010 2.0712790517982774e+229 30
1694755225311 4.578479331876846e+236 31
1694755225903 1.055089375323407e+244 32
1694755226248 2.3936365140807296e+251 33
1694755226624 5.0773332650141166e+258 34
1694755227041 1.2598401364931216e+266 35
1694755227347 3.068827203739085e+273 36
1694755227612 5.899569281050029e+280 37
1694755227883 1.384403154436829e+288 38
1694755228132 2.62168451210824e+295 39
1694755228442 7.33568015276908e+302 40
1694755228718 inf 41
1694755228993 inf 42
