1694717180637 2.2328201264808007 0
1694717180837 1.8765544284906674 1
1694717181035 1.2237987490769775 2
1694717181272 2.572761775513245 3
1694717181516 2.5667999598828746 4
1694717181705 1.492776460899341 5
1694717181997 2.7824166724361796 6
1694717182261 2.114499088400592 7
1694717182462 2.2743599536085064 8
1694717182651 1.9134316234569917 9
1694717182817 2.0236742617504464 10
1694717182989 1.6639066809107133 11
1694717183229 1.6396909495107543 12
1694717183479 1.779844426090991 13
1694717183659 2.497779071058055 14
1694717183863 3.0663652588782164 15
1694717184036 2.546016218537017 16
1694717184251 1.5443648390692941 17
1694717184496 1.4424675125932775 18
1694717184676 2.630839281463052 19
1694717184843 1.6319972342226567 20
1694717185056 2.0257302456419697 21
1694717185259 1.7117383746457782 22
1694717185527 1.748151832101309 23
1694717185931 2.3046282015123523 24
1694717186280 1.9214504378267747 25
1694717186491 1.550425538415995 26
1694717186728 1.445246472109617 27
1694717186974 1.574714210537376 28
1694717187222 1.0682550788227072 29
1694717187459 1.4611272332006247 30
1694717187633 1.408440529835208 31
1694717187825 1.7360445092770906 32
1694717188057 1.4337801870805507 33
1694717188264 1.0093213314265024 34
1694717188530 1.7420777351293417 35
1694717188743 1.5510411158378032 36
1694717188914 1.9817905619014837 37
1694717189142 1.7849076998974296 38
1694717189391 1.809547349175315 39
1694717189574 1.5758696024521879 40
1694717189772 1.4250314507353632 41
1694717190041 1.6129093151041924 42
1694717190361 1.3668988958647876 43
1694717190610 1.3433767116196982 44
1694717190817 1.6730851483434606 45
1694717191081 1.8246791146384702 46
1694717191331 1.868556882816609 47
1694717191552 0.9967572320132111 48
1694717191799 1.2150344129086956 49
1694717192026 1.8124342326407756 50
1694717192240 1.6201986527923946 51
1694717192493 1.2349348238522948 52
1694717192667 1.1964077865251728 53
1694717192897 1.0789516191374668 54
1694717193181 1.4100132275552812 55
1694717193459 0.8542311862650459 56
1694717193659 0.9312648381025697 57
1694717193843 1.5800729797670332 58
1694717194102 1.3570363102977987 59
1694717194360 0.8705158278909405 60
1694717194558 1.096133201316029 61
1694717194718 1.104860955273187 62
1694717194932 1.1965468952930867 63
1694717195246 1.4762966087543958 64
1694717195497 1.2955393202785777 65
1694717195690 1.097959428582049 66
1694717195907 1.022451382063318 67
1694717196124 1.3928458765405978 68
1694717196386 1.0943704954971862 69
1694717196611 1.257174727950263 70
1694717196860 1.1944419768830343 71
1694717197097 1.3032651218371232 72
1694717197405 0.9989973529545734 73
1694717197612 1.2702448475345631 74
1694717197833 1.0922836417387887 75
1694717198061 0.7665782597916748 76
1694717198328 0.8869001327267577 77
1694717198580 1.0070881523128201 78
1694717198712 0.9974077352773826 79
1694717198874 1.170998564564832 80
1694717199065 1.6690203081117747 81
1694717199281 1.0955204195834463 82
1694717199544 0.8295075479749697 83
1694717199800 1.3504360156744546 84
1694717200067 1.178313569961625 85
1694717200314 1.7071179376406718 86
1694717200560 0.9392432692979565 87
1694717200711 0.8720609110819421 88
1694717200889 1.1227706620640967 89
1694717201077 0.902230716741709 90
1694717201253 0.9179433147640216 91
1694717201502 1.089016355825409 92
1694717201713 1.1848561941510978 93
1694717202040 1.2430649782578427 94
1694717202284 0.9234683528147429 95
1694717202525 0.8282027827431033 96
1694717202737 1.2612593807921513 97
1694717202970 0.7574542241351429 98
1694717203211 0.9073013787309324 99
1694717203464 1.7024947684027776 100
1694717203680 0.9324434732996437 101
1694717203920 1.1988730556314673 102
1694717204258 1.351697867547733 103
1694717204454 1.1985443731789511 104
1694717204655 1.304607015778529 105
1694717204906 0.9252760529718916 106
1694717205127 1.0381923398005284 107
1694717205339 0.8885563676185354 108
1694717205592 1.2902205532083035 109
1694717205761 1.1994611018280898 110
1694717205959 1.0375660728778169 111
1694717206242 1.341809641984644 112
1694717206535 1.1761477722350755 113
1694717206820 1.0164742075965905 114
1694717207057 1.1853731987212353 115
1694717207379 1.33437285377 116
1694717207622 0.9901769053307289 117
1694717207815 1.0179307680106378 118
1694717208073 1.2902470295654256 119
1694717208378 1.0286620247503677 120
1694717208665 1.0778591978006007 121
1694717208844 1.1067436459280602 122
1694717209083 0.917213848719196 123
1694717209312 1.0173057197763173 124
1694717209563 0.7551593169759938 125
1694717209815 0.7928702240310632 126
1694717210090 0.9595215770677935 127
1694717210336 0.8084058703030905 128
1694717210576 1.096309381413316 129
1694717210855 1.0368241908896771 130
1694717211085 1.4427329267933644 131
1694717211342 0.9168919508097276 132
1694717211595 1.1700576902780753 133
1694717211798 1.0923116582040653 134
1694717211982 1.3199672673383416 135
1694717212159 1.027804647881916 136
1694717212412 0.8343824623716124 137
1694717212651 1.0565307148321983 138
1694717212812 0.8590183272605617 139
1694717213074 0.7444857159346863 140
1694717213675 0.7033941304428085 141
1694717213856 0.6140040428399979 142
1694717214038 1.123125228447196 143
1694717214290 1.2797045064183772 144
1694717214461 1.1953694068207563 145
1694717214645 0.657015380448892 146
1694717214832 1.2207594360547158 147
1694717214993 0.6287207308290778 148
1694717215223 1.3080922517108517 149
1694717215521 1.0720012487802084 150
1694717215753 1.150966175624094 151
1694717215892 0.7901202511831267 152
1694717216091 1.7447145938562183 153
1694717216325 1.3899497850696987 154
1694717216571 1.3929614315093761 155
1694717216824 0.610979713889204 156
1694717217066 1.0024641470984454 157
1694717217322 1.0455884276570584 158
1694717217589 0.7879103394224499 159
1694717217849 0.9302984926508335 160
1694717218069 0.8419509075259266 161
1694717218327 0.68517282041045 162
1694717218603 0.7165217488453978 163
1694717218824 1.0132975523260883 164
1694717219158 0.9576146464484028 165
1694717219457 0.8574163378368244 166
1694717219710 0.971013833237861 167
1694717219938 1.1016310922502293 168
1694717220180 0.8128172971451283 169
1694717220406 0.7129781693351541 170
1694717220661 0.9671667932772667 171
1694717220858 0.7050079307465383 172
1694717221019 0.7625208709986201 173
1694717221210 0.7006490783573124 174
1694717221445 0.7673007090965872 175
1694717221680 0.7793568919530599 176
1694717221876 1.1894578065427144 177
1694717222121 0.7721532522897862 178
1694717222299 1.126533847492168 179
1694717222503 0.5025210875548426 180
1694717222781 1.0661919181097625 181
1694717222955 1.4418568624684358 182
1694717223138 1.087096541518578 183
1694717223342 0.9606935092075249 184
1694717223563 1.3123873947759879 185
1694717223799 1.1664077497762153 186
1694717223948 0.8374241681411719 187
1694717224157 0.7860775805951232 188
1694717224441 0.6747631173038724 189
1694717224684 0.8421821947962821 190
1694717224865 1.11827392866394 191
1694717225006 0.8155241649035562 192
1694717225138 1.012543329727947 193
1694717225283 0.9826924988424182 194
1694717225449 2.4222198961694463 195
1694717225647 0.6509299396910562 196
1694717225872 1.0511231234453662 197
1694717226017 1.226108236344404 198
1694717226215 0.6183103516465177 199
1694717226490 0.8261092406742131 200
1694717226753 0.7416958019872232 201
1694717226957 0.7883355875358925 202
