1694735492021 3.2805880867073327 0
1694735492289 1.961669987850284 1
1694735492469 2.766241282174009 2
1694735492707 2.3875201976672344 3
1694735493001 1.543508048683884 4
1694735493231 1.7952361343007304 5
1694735493409 3.015760906239583 6
1694735493666 2.4765166738649107 7
1694735493882 3.4086192427281863 8
1694735494117 3.8108954363473777 9
1694735494348 1.8019806975483899 10
1694735494587 1.7854081969552789 11
1694735494820 3.0840124222223433 12
1694735495052 1.7754442357289493 13
1694735495282 2.1637186695578787 14
1694735495455 2.504997230932989 15
1694735495606 2.813545821533151 16
1694735495838 2.56904997193859 17
1694735496060 2.871778705738391 18
1694735496300 1.94549815666248 19
