1694712747116 0.5949510453974656 0
1694712747422 0.07056813440623555 1
1694712747715 1.6538374325074061 2
1694712748017 1.2358657637673696 3
1694712748346 0.0010006539513370382 4
1694712748656 0.0003765069628400675 5
1694712748961 5.632875052669996 6
1694712749374 3.3294367349195677 7
1694712749688 0.3191041272234698 8
1694712749985 0.40862289571170224 9
1694712750232 3.045855836398587 10
1694712750541 0.7677698916981551 11
1694712750836 2.555555015604982 12
1694712751096 0.0008301194099693412 13
1694712751315 0.9288359304828099 14
1694712751653 0.6272360393785217 15
1694712751968 0.09130810655543159 16
1694712752227 0.39811398334265746 17
1694712752494 0.1726551030036763 18
1694712752799 0.5650582652463295 19
1694712753162 0.20315666953710276 20
1694712753423 3.0592109519615542 21
1694712753767 0.020880138037190767 22
1694712754060 0.5028015738116559 23
1694712754282 0.04944580279880238 24
1694712754514 2.3160099115806 25
1694712754896 0.03889151217745048 26
1694712755306 0.27850923751821627 27
1694712755642 1.7428455803705907 28
1694712756063 1.828140263324702 29
1694712756283 0.6759996524076305 30
1694712756584 0.051877428496284676 31
1694712756936 0.4002064079049482 32
1694712757214 0.893382423701966 33
1694712757502 0.008030412851313014 34
1694712757782 8.128972117099918 35
1694712758054 0.21216715717383053 36
1694712758326 0.024190025662922204 37
1694712758573 1.8722272245378866 38
1694712758875 6.046590070383327 39
1694712759166 0.5137254594021082 40
1694712759397 1.5967701571588444 41
1694712759695 0.011559217010005396 42
1694712759988 0.47959988766976674 43
1694712760279 0.018609040873623903 44
1694712760592 0.4220785964489912 45
1694712760878 1.540816558332091 46
1694712761167 0.004781559152088109 47
1694712761400 0.13913934378308435 48
1694712761661 0.38462725701262823 49
1694712761962 0.04554226338417079 50
1694712762213 0.0332354162163811 51
1694712762480 0.0030314373203966937 52
1694712762777 1.0231145122403251 53
1694712763070 2.8755633389695108 54
1694712763324 9.793529695051523 55
1694712763571 0.3262506504066089 56
1694712763881 0.06475299780589827 57
1694712764213 0.8688269717545128 58
1694712764455 0.5310266964338596 59
1694712764793 0.013768091814984304 60
1694712765208 2.651717057244906 61
1694712765471 1.4731660460597669 62
1694712765777 0.0273809312813111 63
1694712766108 7.498862483225264 64
1694712766372 0.010298322502693358 65
1694712766750 1.4409229377413986 66
1694712767048 0.03667132673504293 67
1694712767391 0.2005731300415036 68
1694712767688 1.580124630174613 69
1694712767991 0.0023846936169604 70
1694712768321 0.11330919415134977 71
1694712768557 1.971670254881083 72
1694712768900 0.9795837758930678 73
1694712769403 3.0098611424726376 74
1694712769830 0.18669987426117643 75
1694712770276 0.022597909062137166 76
1694712770619 0.16504733700537047 77
1694712770909 4.315788929636906 78
1694712771348 0.06691899743976318 79
1694712771891 0.007145553433526439 80
1694712772218 2.5263021662172 81
1694712772552 0.5551511355873497 82
1694712772875 0.7813345907496948 83
1694712773189 0.5346070061033278 84
1694712773497 0.1152008033545046 85
1694712773707 0.01570495293280553 86
1694712774000 0.0825826420018909 87
1694712774370 0.41377194391511707 88
1694712774662 0.02987582407017645 89
1694712774980 0.8690011596255572 90
1694712775242 0.7701208000002506 91
1694712775511 0.019658509085098457 92
1694712775770 7.138088380224439e-05 93
1694712776045 4.326185235333978 94
1694712776400 0.10613190700342509 95
1694712776771 0.007756360167237811 96
1694712776996 0.4960931154088192 97
1694712777258 0.6469044509848113 98
1694712777564 0.0024430404899528305 99
1694712777826 0.0009925487861649873 100
1694712778114 1.0965968190640765 101
1694712778434 0.2874178524925624 102
1694712778788 3.268022245858251 103
1694712779037 4.3041843880977755 104
1694712779329 2.009999575904279 105
1694712779643 0.157466456527614 106
1694712779936 1.4518776280152779 107
1694712780186 0.3626001495777397 108
1694712780477 0.07956772657119415 109
1694712780780 0.06219439703407186 110
1694712781091 4.370354101355608 111
1694712781350 1.3066631766913812 112
1694712781623 0.1703341708554642 113
1694712781902 0.000977826496621505 114
1694712782182 0.16828181492698527 115
1694712782477 0.9777361518219115 116
1694712782727 0.6721426484492549 117
1694712783052 0.010190867774745416 118
1694712783426 1.23498424631082 119
1694712783739 0.7078469912228303 120
1694712783969 3.51846818192927 121
1694712784225 0.7625198733132257 122
1694712784513 0.13770433183287079 123
1694712784787 0.6671953921023291 124
1694712785120 0.009129866243325483 125
1694712785600 0.03840395171906106 126
1694712785901 0.014045313668199947 127
1694712786160 1.3060199806015425 128
1694712786475 0.24944537724196914 129
1694712786847 0.0012620052492314216 130
1694712787120 3.774862250316809 131
1694712787416 0.016901696161823267 132
1694712787759 0.004851430806779571 133
1694712788012 0.25515354285057007 134
1694712788248 0.025542738420864852 135
1694712788494 0.6256835357157216 136
1694712788805 0.08374881370183088 137
1694712789052 1.8433985017969017 138
1694712789307 0.9338764491955619 139
1694712789586 1.8758551400943493 140
1694712789886 0.4514944761386026 141
1694712790179 2.6331580125459526 142
1694712790481 1.516224296662527 143
1694712790855 1.357531189143725e-06 144
1694712791124 1.3286071486439002 145
1694712791415 0.5200959626777166 146
1694712791756 2.6033933891428504e-06 147
1694712792048 0.9397221016016811 148
1694712792415 0.07490050683409566 149
1694712792653 0.6918307314829386 150
1694712792976 0.18980894021957487 151
1694712793255 5.773005704847581 152
1694712793537 0.9865170799575638 153
1694712793952 0.040222919889030345 154
1694712794203 1.6717620027931017 155
1694712794502 3.2223425478918455 156
1694712794898 0.05357177498371706 157
1694712795230 0.0014492130013738342 158
1694712795517 0.259914880001921 159
1694712795757 0.5241037081227725 160
1694712796019 0.2701505251850648 161
1694712796265 0.70338127091963 162
1694712796505 1.649680505926862 163
1694712796873 0.8882750914818274 164
1694712797163 0.8119972207647802 165
1694712797403 0.32221909614103567 166
1694712797690 0.0678709078558036 167
1694712798006 0.02719665578396605 168
1694712798261 0.7012966274438824 169
1694712798533 0.6763295626586343 170
1694712798847 0.6092871683563105 171
1694712799209 5.32652247259198 172
1694712799512 0.20212945108089658 173
1694712799805 0.0023969072909117463 174
1694712800109 0.0025355455425455473 175
1694712800403 0.003974772659043105 176
1694712800687 0.021271022868186697 177
1694712801000 0.0012201448141366184 178
1694712801344 2.3369820286805374 179
1694712801618 0.14145094726825103 180
1694712801928 8.035843097579153 181
1694712802178 0.22290099705138347 182
1694712802405 0.05292584353531796 183
1694712802676 0.2804856395682247 184
1694712802973 0.10070745634464934 185
1694712803268 2.0725648426408942 186
1694712803568 0.0022473415999592966 187
1694712803835 2.7366966668688386 188
1694712804099 1.5421186019755513 189
1694712804334 0.34538539550264513 190
1694712804625 0.9262339237988139 191
1694712805012 0.07177802127272916 192
1694712805313 0.050678074296888684 193
1694712805545 0.03642245411986203 194
1694712805894 0.8299355224378706 195
1694712806200 0.7064802790388536 196
1694712806427 0.47964789867482804 197
1694712806738 1.1049736406269588 198
1694712807055 0.5880897664266515 199
1694712807355 0.8759566560601949 200
1694712807633 1.0011000072458496 201
1694712807949 0.010403609748566767 202
1694712808273 3.845354120201989 203
1694712808492 1.6408743008264508 204
1694712808741 0.8599046612251786 205
1694712809078 0.3626557908114912 206
1694712809397 3.614622848136512 207
1694712809713 0.6144894508552673 208
1694712810018 0.9926531474644731 209
1694712810379 0.07482922579687074 210
1694712810629 0.09443686980127958 211
1694712810906 0.32408974963761233 212
1694712811183 0.08670743010127581 213
1694712811466 1.9581647020661888 214
1694712811700 0.016109330341764663 215
1694712811913 1.3853210641348466 216
1694712812205 2.256145287595149 217
1694712812507 5.132918185436105 218
1694712812808 1.5864572363455172 219
1694712813146 0.5929242431852731 220
1694712813455 0.7275029321769312 221
1694712813726 0.20939796683943432 222
1694712813992 2.0009678829686517 223
1694712814282 0.3045844237340258 224
1694712814524 0.000641148790488467 225
1694712814928 5.144772642812114e-07 226
1694712815246 1.5753225592900955 227
1694712815491 0.21470939912151205 228
1694712815805 0.2802280918174007 229
1694712816125 0.01976369282624976 230
1694712816428 0.27839418285909984 231
1694712816727 0.21386982306405594 232
1694712817018 0.0004873568120661974 233
1694712817332 0.00012735270130324918 234
1694712817579 0.6253949732575813 235
1694712817849 2.6913632991173118 236
1694712818099 0.17611406097918547 237
1694712818464 0.15939768243581032 238
1694712818695 2.1474232498425403 239
1694712818956 2.094559967901028 240
1694712819307 0.028257384528234928 241
1694712819643 0.06234476695517231 242
1694712819933 7.186909373990718 243
1694712820233 0.15865652341129405 244
1694712820472 2.152740529980591 245
1694712820730 0.7876047897790925 246
1694712820990 4.037682576915259 247
1694712821271 0.004037791537165533 248
1694712821565 2.1205237714846588 249
1694712821837 5.931956226625597 250
1694712822099 0.4474875221863506 251
1694712822409 0.5569735648089219 252
1694712822662 1.5324954118330256 253
1694712822962 7.558798758931691 254
1694712823298 3.0430788915931877 255
1694712823616 1.8768389655277649 256
1694712823867 0.7307428010217792 257
1694712824147 2.2212764590369303 258
1694712824435 0.20923105546030152 259
1694712824664 0.011973756278563992 260
1694712824997 5.418896621529106 261
1694712825353 0.00013505945417158427 262
1694712825674 6.256051680716424e-05 263
1694712825957 0.3475530238752871 264
1694712826369 0.31074408121906427 265
1694712826892 0.03137900489376209 266
1694712827162 0.02236646197105581 267
1694712827394 1.3585059966564428 268
1694712827648 0.5539243788704652 269
1694712827923 1.5144282194697152 270
1694712828204 2.0139918943245947 271
1694712828556 0.015383513337882716 272
1694712828798 0.43826765064923845 273
1694712829090 0.008293913663164952 274
1694712829383 1.0942442664893395 275
1694712829697 0.3264350953851929 276
1694712829983 0.046391961148611244 277
1694712830292 3.686496114640317 278
1694712830680 0.4617488999351249 279
1694712830956 0.3799668394890293 280
1694712831253 0.8836657037095125 281
1694712831568 1.149092420366434 282
1694712831856 0.886955953573455 283
1694712832120 0.17585459568880282 284
1694712832397 0.03677434442244427 285
1694712832646 1.0934343675558391 286
1694712832985 0.1305917096439059 287
1694712833339 1.3356620431555444 288
1694712833657 0.0011805144808510594 289
1694712833921 3.7246077964953033 290
1694712834225 0.2720962321368912 291
1694712834525 0.0002421536971304539 292
1694712834852 0.11586133961337185 293
1694712835274 0.017560411567984525 294
1694712835562 0.04235195455055675 295
1694712835831 0.5825298834419768 296
1694712836090 0.06914934409949965 297
1694712836386 8.241383768825676 298
1694712836742 1.1208799903936109 299
1694712836995 1.485150105853629 300
1694712837339 2.6317918850694157 301
1694712837687 0.05606332534738223 302
1694712837952 0.0775291262097658 303
1694712838275 2.2239530580475795 304
1694712838579 0.06278190339934756 305
1694712838869 0.4774926837077097 306
1694712839179 0.3434604712047482 307
1694712839484 0.16585479291466396 308
1694712839844 1.0411049326903865 309
1694712840077 0.0027839435941121966 310
1694712840369 0.00014031258635596318 311
1694712840689 1.268135271814132 312
1694712840958 0.8014185050492206 313
1694712841237 0.7074123223117151 314
1694712841556 0.0068279574940064815 315
1694712841892 0.03345174325722758 316
1694712842216 4.555153161125038 317
1694712842521 0.5044341662664736 318
1694712842831 0.012186170195061278 319
1694712843054 1.6491075429600355 320
1694712843280 1.2297809823029755 321
1694712843562 0.30525522375647446 322
1694712843881 0.8599393838140772 323
1694712844199 1.463168114095558 324
1694712844492 0.9493068148353768 325
1694712844791 0.872306953938681 326
1694712845115 0.13406640428287825 327
1694712845394 0.20545311358388568 328
1694712845679 0.12668207296120862 329
1694712845967 0.6321587931024116 330
1694712846240 3.2678073798380307 331
1694712846604 0.15366951579998475 332
1694712846964 5.560946763398893 333
1694712847241 0.8421309913256045 334
1694712847552 2.0107534853875375 335
1694712847882 0.24763154819372155 336
1694712848148 1.3299695608011988 337
1694712848375 1.4467447062499095 338
1694712848685 0.002633344808591789 339
1694712849017 4.40567368654923 340
1694712849233 0.029982100565583057 341
1694712849483 4.602129941612597 342
1694712849721 4.068191563221747 343
1694712850027 0.1402755088241773 344
1694712850255 1.6316206436036527 345
1694712850525 0.0986880042955816 346
1694712850887 0.0438068064821395 347
1694712851167 0.000506067289464763 348
1694712851428 0.23554007835311044 349
1694712851670 0.060283743633459064 350
1694712851898 4.594171992952812 351
1694712852154 4.5123986688476245 352
1694712852401 0.28523076810624537 353
1694712852674 0.2727506452712572 354
1694712852897 0.21300630433301793 355
1694712853249 3.584195950366678 356
1694712853556 0.3189590910498338 357
1694712854002 2.718523649615245 358
1694712854331 1.86729196324126 359
1694712854647 4.609989122016045 360
1694712855026 0.8635123649036038 361
1694712855409 0.2758003405208102 362
1694712855699 0.08103962042712333 363
1694712856011 1.8409443984947786 364
1694712856322 0.5115656661917687 365
1694712856598 0.018860431436412552 366
1694712856919 0.027602085210606527 367
1694712857223 2.053587659822253 368
1694712857520 3.081608162682781 369
1694712857838 0.056505202817744384 370
1694712858125 0.027648354920310654 371
1694712858427 0.4985463208444348 372
1694712858652 9.265961708318953 373
1694712858952 1.3343055007091174 374
1694712859224 6.272562343474547e-05 375
1694712859463 0.6685257571804673 376
1694712859797 3.825227136275806 377
1694712860216 0.2545536050977043 378
1694712860450 0.9695990913974023 379
1694712860719 0.7288906247587078 380
1694712861004 0.3963695938366438 381
1694712861323 0.3653330135633752 382
1694712861599 0.010016671017954603 383
1694712861914 1.2242237212746898 384
1694712862297 0.02274790758481085 385
1694712862614 2.8943918883290283 386
1694712862888 0.27115307829729607 387
1694712863207 0.7068597761414199 388
1694712863449 0.05190205308606969 389
1694712863677 0.5945568740464414 390
1694712863969 0.005337141699314595 391
1694712864350 0.07193429497754895 392
1694712864613 0.005392135302799794 393
1694712864976 2.359241900713688 394
1694712865312 0.03499238250739496 395
1694712865615 0.03400808154271333 396
1694712865939 0.011217873332564209 397
1694712866196 0.013146985376279684 398
1694712866544 0.3251663069011644 399
1694712866862 0.23653019791200655 400
1694712867184 3.750490358717208 401
1694712867484 0.04164848993047554 402
1694712867711 1.3394387431646118 403
1694712867939 6.885105129411785 404
1694712868256 0.7130489075885484 405
1694712868538 0.7247658375782956 406
1694712868844 0.13068763957704047 407
1694712869144 0.1129001627184586 408
1694712869458 4.8048911803146276e-05 409
1694712869683 1.899508957074532 410
1694712869962 0.04415757881528967 411
1694712870253 0.0031892712837918776 412
1694712870554 0.0011522447903479303 413
1694712870774 0.15680996229062388 414
1694712871078 0.11007904959024276 415
1694712871403 0.9565566758698985 416
1694712871656 2.7645500662622946 417
1694712871925 0.14977142890761047 418
1694712872272 0.7754828176664953 419
1694712872523 0.0910973963003731 420
1694712872749 2.554522941640752 421
1694712872994 1.553830797307814 422
1694712873291 2.8629955653951678 423
1694712873660 0.3476909726216251 424
1694712873935 1.3305956791474185 425
1694712874148 0.07087637311523817 426
1694712874450 0.24425446369322165 427
1694712874724 0.188962808754986 428
1694712875076 0.2851648486240151 429
1694712875403 0.5145275473664638 430
1694712875713 2.2924371360322247 431
1694712875947 1.4643770272799914 432
1694712876203 0.015167132996025278 433
1694712876521 0.08521874896558893 434
1694712876891 0.021436690070679828 435
1694712877202 0.3427149574957076 436
1694712877478 0.3649719573851497 437
1694712877817 4.095995690155074 438
1694712878021 0.7385726003773141 439
1694712878277 0.20913328087549157 440
1694712878566 4.344069718583763 441
1694712878855 0.375423799227812 442
1694712879183 0.03461463571170477 443
1694712879501 2.613462270306552 444
1694712879779 0.765636227051449 445
1694712880110 0.00023578573285324464 446
1694712880447 2.4629236206879828 447
1694712880738 0.04151945696903931 448
1694712881042 0.0005641824637231473 449
1694712881301 0.04237103631675389 450
1694712881587 1.136661667216814 451
1694712881862 0.8267229365892406 452
1694712882154 1.0082373481116806 453
1694712882493 0.0024155369137015673 454
1694712882768 1.4358149556175246 455
1694712883018 0.19752137610647996 456
1694712883297 0.4933079268290545 457
1694712883614 2.462606844357525 458
1694712883850 0.4856365597877177 459
1694712884201 1.105440741013065 460
1694712884540 0.06607981647240878 461
1694712884938 0.5274798847243676 462
1694712885236 0.36732276359780086 463
1694712885531 1.3155007372862455 464
1694712885780 0.0760391648657428 465
1694712886053 0.15531628548804416 466
1694712886374 0.33844894140916154 467
1694712886735 1.0526669006371165 468
1694712887042 0.08459993942526942 469
1694712887331 0.3966684044460913 470
1694712887629 0.00579451247927109 471
1694712887886 2.6681653868453856 472
1694712888141 3.8706518238837604 473
1694712888428 1.3051113462841135 474
1694712888707 0.008692174882470437 475
1694712888983 3.162680980621739 476
1694712889353 0.038533252966992664 477
1694712889635 0.025146592760803027 478
1694712889919 0.1733628298325038 479
1694712890238 0.13209553598662757 480
1694712890546 0.3118587385127751 481
1694712890798 2.5643210462798094 482
1694712891091 0.006165455791567453 483
1694712891453 0.03945406074691972 484
1694712891755 1.985689250149558 485
1694712892006 0.39435889110106015 486
1694712892219 0.2833981115926633 487
1694712892463 0.035132409013415 488
1694712892723 0.12387537800201327 489
1694712893015 0.9530604643682443 490
1694712893293 1.0508179906766726 491
1694712893565 0.5611130096686652 492
1694712893914 2.0021729939883106 493
1694712894191 0.05351696281916049 494
1694712894425 1.7612627401886225 495
1694712894704 1.2306671315916193 496
1694712895089 1.7382197983625318 497
1694712895371 0.1432743267596189 498
1694712895671 0.1031404248121561 499
