1694745196897 2.763899378116747 0
1694745197131 3.448967315486511 1
1694745197362 2.4035089752583914 2
1694745197562 1.6013766761346215 3
1694745197782 2.4421584462290777 4
1694745198000 2.596147247541396 5
1694745198250 2.429210722847419 6
1694745198452 3.698644802718458 7
1694745198668 3.8078270789324478 8
1694745198911 2.2506196309679027 9
1694745199226 3.2013969845351054 10
1694745199421 2.565314025423912 11
1694745199722 1.866065699153225 12
1694745199955 1.9882216615168258 13
1694745200184 1.5797003543483392 14
1694745200407 2.999436092962274 15
1694745200705 4.470143281867273 16
1694745200943 3.2311526869577047 17
1694745201217 2.7087340041176398 18
1694745201456 2.4351020257807785 19
1694745201702 2.4773012826691114 20
1694745201933 3.645698867352154 21
1694745202236 2.258530336639755 22
1694745202503 3.2968864340743385 23
1694745202772 1.4819757100262372 24
1694745203006 2.612863962597849 25
1694745203247 1.033122830943347 26
1694745203503 1.5832956879445141 27
1694745203702 3.8006666317046864 28
1694745203952 1.9170866337921986 29
1694745204197 3.668173579668385 30
1694745204428 2.009372153406528 31
1694745204598 2.301264119091234 32
1694745204809 2.524718084059392 33
1694745205055 2.581145667536365 34
1694745205287 3.621479699767535 35
1694745205478 2.0374802124503537 36
1694745205664 2.69963385711891 37
1694745206072 2.1061632645775386 38
1694745206347 2.1252109531266323 39
1694745206527 2.193210050077538 40
1694745206754 3.5229412459641813 41
1694745206994 2.6682304933055794 42
1694745207259 1.4864146820433988 43
1694745207490 2.5278687225409806 44
1694745207737 2.465376189222334 45
1694745208021 2.259575614085204 46
1694745208268 2.8256057086031663 47
1694745208495 2.3527666957422215 48
1694745208662 2.0427740122594606 49
1694745208835 1.7141452521833447 50
1694745209006 2.9049059813557996 51
1694745209212 2.318470833707636 52
1694745209437 2.0507086513741903 53
1694745209625 2.752382117475039 54
1694745209852 2.950771861865217 55
1694745210078 2.1499756467991724 56
1694745210321 2.7248676748497935 57
1694745210582 2.4421777591615537 58
1694745210798 2.6471386509112875 59
1694745211032 2.781503243833651 60
1694745211206 2.262523099748453 61
1694745211381 2.3538608179799354 62
1694745211592 2.2821063951259104 63
1694745211832 2.5819023271436086 64
1694745212057 1.6649443115415197 65
1694745212373 1.9371018805438414 66
1694745212602 1.8199555847896367 67
1694745212834 2.156141627879522 68
1694745213076 3.703972484074301 69
1694745213289 3.9100530200700447 70
1694745213495 2.4688078907017137 71
1694745213699 2.4374124474478642 72
1694745213922 2.654459190691029 73
1694745214136 2.456156245442625 74
1694745214345 2.410891587241352 75
1694745214584 1.903841430554069 76
1694745214788 2.590537694949567 77
1694745214990 2.107578935249531 78
1694745215226 2.503102033333693 79
1694745215454 2.0119215440212046 80
1694745215674 1.85372007360387 81
1694745215920 1.7369794986861187 82
1694745216161 2.489767945843067 83
1694745216410 1.9251743734368416 84
1694745216619 1.9084396822928185 85
1694745216917 2.5985567612639877 86
1694745217149 3.696593982589522 87
1694745217385 2.14651192491187 88
1694745217611 3.9893441897794517 89
1694745217853 2.5743012392200733 90
1694745218105 1.837314751999955 91
1694745218337 2.9257962245299436 92
1694745218590 2.759865297528176 93
1694745218810 3.226727896816005 94
1694745219105 2.6906313386385023 95
1694745219320 1.9125688408944086 96
1694745219549 2.4194253500919225 97
1694745219731 2.479290633405932 98
1694745219972 2.2841094659250123 99
1694745220225 2.1927109620143193 100
1694745220479 3.1296072416031264 101
1694745220717 2.3687960483999224 102
1694745220945 2.215135277415183 103
1694745221272 1.7904799582114659 104
1694745221604 1.8808025556005337 105
1694745221873 2.0848184914305885 106
1694745222130 2.7122595281164688 107
1694745222435 2.9987365818833562 108
1694745222671 3.1059361463703463 109
1694745222981 2.0681706955200347 110
1694745223233 2.3441161442702056 111
1694745223457 2.4424834519142786 112
1694745223689 1.4448240424397572 113
1694745223894 1.6318077029055382 114
1694745224122 2.5286646851135868 115
1694745224347 2.142222949297566 116
1694745224593 2.845191101753509 117
1694745224786 2.920227322319431 118
1694745225011 1.4525684741305522 119
1694745225250 1.6421037345249676 120
1694745225504 2.294332871782311 121
1694745225728 2.1441822093111544 122
1694745225995 2.0034439050297954 123
1694745226240 1.168133168349476 124
1694745226483 3.2219229094887063 125
1694745226723 1.8479667629884247 126
1694745226934 2.2586226286980757 127
1694745227176 1.7567489135976297 128
1694745227416 3.4786789849412982 129
1694745227690 2.2792420585718705 130
1694745227910 2.805268486253443 131
1694745228184 2.0258538162395223 132
1694745228405 2.4719262672552813 133
1694745228641 1.9765776048671393 134
1694745228874 1.905106214733092 135
1694745229095 2.8173985143387026 136
1694745229329 2.486056217715941 137
1694745229564 1.7398042529234339 138
1694745229790 2.603657152780398 139
1694745230032 1.8659703625007118 140
1694745230326 2.222864288852444 141
1694745230628 2.103251970839033 142
1694745230862 1.9470416700960431 143
1694745231128 2.34630848237812 144
1694745231363 2.6814388635488107 145
1694745231598 2.099280318063491 146
1694745231818 3.1951186244729457 147
1694745232069 5.236810455835377 148
1694745232384 2.5081741978273775 149
1694745232647 2.228105260537261 150
1694745232836 2.3981357277240325 151
1694745233088 2.5296439100643417 152
1694745233326 2.3854696083419604 153
1694745233594 3.251822378933831 154
1694745233780 1.9806945745392903 155
1694745233942 2.510790333547402 156
1694745234195 1.9088806644496998 157
1694745234438 2.3696007389812705 158
1694745234716 2.629951371696736 159
1694745234919 3.176853947513924 160
1694745235133 1.9526731924965504 161
1694745235367 2.3019328341262795 162
1694745235601 2.1939112275656103 163
1694745235814 2.21301787326318 164
1694745236048 2.9101774754116874 165
1694745236296 1.5897733161179834 166
1694745236535 2.192396772934424 167
1694745236767 2.1022609364036913 168
1694745237038 1.7246095226088507 169
1694745237294 2.255906500049821 170
1694745237530 2.1918890325717544 171
1694745237776 1.6296239609967935 172
1694745238016 2.258561995523913 173
1694745238268 2.0958494544860904 174
1694745238492 2.4222058797442894 175
1694745238722 2.225643946431656 176
1694745238936 2.39932687233256 177
1694745239226 2.372948325926498 178
1694745239470 1.566619241281689 179
1694745239715 2.8178259313468152 180
1694745239943 2.560101150708714 181
1694745240210 1.6118140635906115 182
1694745240577 2.3751252134321494 183
1694745240799 0.7883343865025041 184
1694745241024 3.25467099675055 185
1694745241285 1.8894108492776986 186
1694745241547 1.7631981892390354 187
1694745241772 2.6848885275207715 188
1694745241969 2.547796058436132 189
1694745242218 1.7822179566905163 190
1694745242399 1.889985154461329 191
1694745242534 3.127565951349654 192
1694745242794 2.247722215721566 193
1694745242954 1.6390694696611376 194
1694745243137 2.293334500357645 195
1694745243330 2.2200335527707757 196
1694745243648 1.6315851311811322 197
1694745243844 2.847961287458331 198
1694745244037 1.973140370357861 199
1694745244257 1.7791039170827976 200
1694745244482 2.6615344298689396 201
1694745244718 2.3647425584642736 202
1694745244882 1.6995713273376236 203
1694745245016 2.6159545225549063 204
1694745245220 1.979137846438497 205
1694745245403 2.446666151146825 206
1694745245586 1.8042530977758577 207
1694745245837 1.823288691990771 208
1694745246055 1.6703094600553416 209
1694745246308 2.4377937673582952 210
1694745246559 3.1239271568105735 211
1694745246799 2.74927792365046 212
1694745247032 2.121649189508238 213
1694745247249 1.5232335033031426 214
1694745247484 2.173459178985639 215
1694745247690 2.5725440098841093 216
1694745247852 1.826935417389425 217
1694745248123 2.6986872682312324 218
1694745248354 1.7251336299220614 219
1694745248588 2.438415170773106 220
1694745248822 1.7082824935024885 221
1694745249029 2.782211873130658 222
1694745249238 2.2676039988349164 223
1694745249445 3.1181006246240686 224
1694745249706 2.0156995560460986 225
1694745249933 2.2754032430287783 226
1694745250143 2.1564102131564593 227
1694745250411 2.0387768281693757 228
1694745250688 2.1117530081438556 229
1694745250893 2.476061654147632 230
1694745251062 1.3340334982528688 231
1694745251301 1.626095257159646 232
1694745251534 1.8503478465566001 233
1694745251772 1.7811917264637127 234
1694745252036 1.581711661274096 235
1694745252296 2.20872671641427 236
1694745252581 1.8431910986177502 237
1694745252807 2.2398868883254006 238
1694745252987 2.6346287856040327 239
1694745253198 2.1356826482346842 240
1694745253439 1.485561646088781 241
1694745253602 2.4025073991912937 242
1694745253842 2.47592115511868 243
1694745254015 2.230869929516 244
1694745254230 2.7027846157239765 245
1694745254469 1.5460582908189806 246
1694745254754 2.1496357690990595 247
1694745254923 2.4897393486114243 248
1694745255079 1.6299398655982384 249
1694745255301 1.984852469622675 250
1694745255525 3.143138084023034 251
1694745255667 2.186355770911913 252
1694745255845 1.6528273536728104 253
1694745256006 2.2133314008116227 254
1694745256212 2.078122174073796 255
1694745256470 3.3334324857480584 256
1694745256688 2.823735356438061 257
1694745256948 1.974079223727239 258
1694745257146 2.0160925194722292 259
1694745257390 2.28499089713571 260
1694745257600 1.5957750656344356 261
1694745257773 2.5922115846988567 262
1694745257938 2.3621881263579594 263
1694745258112 1.700420759267061 264
1694745258349 2.491204407470114 265
1694745258527 1.6914650871715649 266
1694745258763 2.535968196002792 267
1694745258981 1.5791425071709693 268
1694745259282 1.6099888129709867 269
1694745259496 2.135261260811832 270
1694745259868 1.7643558084584872 271
1694745260051 1.8699376939496954 272
1694745260243 2.0085233646241307 273
1694745260399 2.8621387898467803 274
1694745260600 4.490660055127506 275
1694745260864 1.9611739013733718 276
1694745261047 1.9229528367722282 277
1694745261341 2.586458615251471 278
1694745261577 2.387499429122011 279
1694745261766 2.438867329388812 280
1694745261977 2.5962600547875145 281
1694745262189 1.5762860866509332 282
1694745262468 1.9789769141705944 283
1694745262631 3.1391146871650193 284
1694745262807 2.8276797904148183 285
1694745263009 1.6065681701171701 286
1694745263262 1.5787630276391742 287
1694745263442 2.6520899287689765 288
1694745263716 2.1885500093932677 289
1694745263964 2.8992064810632066 290
1694745264127 2.142004679351437 291
1694745264296 2.444553241378378 292
1694745264518 2.1154303155141014 293
1694745264761 2.532718673778816 294
1694745264935 1.705054472739053 295
1694745265137 1.6239168320212682 296
1694745265372 2.5223552576843162 297
1694745265603 2.122942212978305 298
1694745265889 2.7762358271874312 299
1694745266073 1.7349653993993928 300
1694745266234 1.8535189352376122 301
1694745266444 1.8844089034823284 302
1694745266671 2.976977559133802 303
1694745266900 1.5212127235334343 304
1694745267071 1.6562930457757183 305
1694745267393 2.3435730851950063 306
1694745267603 3.564715652666191 307
1694745267782 2.1245924414324087 308
1694745267988 2.443712140580948 309
1694745268165 2.3857227762570505 310
1694745268399 1.2288151148530078 311
1694745268602 1.6214454386356376 312
1694745268812 1.9942117393279695 313
1694745269010 3.0811541217378693 314
1694745269201 2.088179787955317 315
1694745269435 1.8376320346886195 316
1694745269682 1.9689110977322741 317
1694745269929 2.4690320854551673 318
1694745270079 2.5031388171469096 319
1694745270310 2.361036988134637 320
1694745270542 2.5023387528321845 321
1694745270778 2.4405689596042888 322
1694745270997 2.5574220016409686 323
1694745271188 1.6779538943178942 324
1694745271445 3.052138279441112 325
1694745271691 1.7679695465782324 326
1694745271945 2.3138733011751254 327
1694745272137 1.7152109672799127 328
1694745272470 1.4723810764058942 329
1694745272702 1.4682055048268465 330
1694745272867 2.531047740253029 331
1694745273080 2.0812150243919003 332
1694745273252 2.796144848581747 333
1694745273473 1.8885670336236473 334
1694745273695 2.5170039383193283 335
1694745273897 2.736617408329231 336
1694745274140 3.6899733509738204 337
1694745274394 1.7662062184336593 338
1694745274664 1.7451576046661879 339
1694745274903 3.380679845132871 340
1694745275130 1.8796302851722946 341
1694745275363 1.860073155965633 342
1694745275610 2.5660849508743766 343
1694745275855 1.3792938115317284 344
1694745276104 1.7422422719275428 345
1694745276340 1.643974952620909 346
1694745276586 2.9337541692963676 347
1694745276832 2.6419453646866704 348
1694745277090 2.8087278971282608 349
1694745277316 2.094326872365885 350
1694745277520 2.523138436268155 351
1694745277821 1.5414602957431744 352
1694745278053 2.205940370019802 353
1694745278236 2.2803501652953035 354
1694745278473 2.161708106938916 355
1694745278932 2.4703151063150535 356
1694745279192 1.9249063950699243 357
1694745279445 2.170247594257074 358
1694745279677 1.4310861631708232 359
1694745280038 2.6966639547877223 360
1694745280236 3.1355099254445697 361
1694745280468 1.866294696310512 362
1694745280764 3.196737331378308 363
1694745280998 3.5994123938577616 364
1694745281203 1.7666499933184951 365
1694745281512 3.081513013022274 366
1694745281752 2.686828753661597 367
1694745281990 2.025424315644786 368
1694745282209 2.9768127074248056 369
1694745282476 2.168874599481098 370
1694745282669 2.562591472455838 371
1694745282873 1.2904436984477543 372
1694745283112 2.5652732338294473 373
1694745283287 1.4122122545159896 374
1694745283532 2.6259032094757635 375
1694745283789 2.2228827829540614 376
1694745284027 2.613548868928095 377
1694745284222 2.6121281570556665 378
1694745284433 1.996491717619967 379
1694745284701 3.1312289727262743 380
1694745284936 1.2465119923090504 381
1694745285151 2.6341220074908844 382
1694745285328 2.181676888035308 383
1694745285546 1.5193372504754097 384
1694745285856 2.2254853949134117 385
1694745286104 2.941711303012829 386
1694745286275 2.225926101817402 387
1694745286426 2.4507603022220934 388
1694745286591 3.0858917773698518 389
1694745286760 3.6152805304970257 390
1694745286997 1.6948329907215685 391
1694745287212 2.7921357096840183 392
1694745287358 1.8177100605294818 393
1694745287545 1.5700703319011529 394
1694745287738 2.7365271074471837 395
1694745288039 2.120664642735735 396
1694745288256 2.622139671194262 397
1694745288474 1.7419993644903304 398
1694745288699 1.5693501003743846 399
1694745288954 2.671337391852589 400
1694745289183 4.32882066071944 401
1694745289366 1.6486058363738245 402
1694745289584 1.8420307036707715 403
1694745289809 1.9330066874186436 404
1694745290065 2.3511890309636163 405
1694745290311 1.6329877634911432 406
1694745290561 1.9201467100936906 407
1694745290817 2.4311932388640956 408
1694745291062 4.079873361186034 409
1694745291274 2.493411016375816 410
1694745291505 1.355975901675076 411
1694745291717 2.6206654542935013 412
1694745291957 1.5749448435897249 413
1694745292217 2.106268024312568 414
1694745292450 1.4240040516849473 415
1694745292631 1.2687257578723734 416
1694745292822 2.6197115705916807 417
1694745293016 1.8432245462278065 418
1694745293253 2.846183901921956 419
1694745293417 2.0543278730798797 420
1694745293631 2.333889538387428 421
1694745293872 1.942291140297323 422
1694745294087 2.147975630786131 423
1694745294301 2.225926687394502 424
1694745294493 1.6479380306154345 425
1694745294809 1.3667819068881204 426
1694745295043 2.4248423960376235 427
1694745295249 1.7788645331546793 428
1694745295416 2.609287589415237 429
1694745295646 2.4015261109336765 430
1694745295935 1.5836158572945613 431
1694745296173 2.2235233401801655 432
1694745296343 1.5018711744425126 433
1694745296546 1.4407908135796266 434
1694745296783 3.266562152504449 435
1694745297081 3.0817067989672924 436
1694745297309 2.556764525295119 437
1694745297564 3.164277861046719 438
1694745297805 3.560088581397936 439
1694745298042 1.8689241456593553 440
1694745298271 2.9691771147255905 441
1694745298438 3.3581166690166033 442
1694745298665 1.960875269707093 443
1694745298906 1.799740159570263 444
1694745299190 2.711636522066044 445
1694745299402 2.7700121564462434 446
1694745299641 3.3752529886513933 447
1694745299885 1.9588277638119547 448
1694745300135 2.5439410557964184 449
1694745300348 1.9184468389234286 450
1694745300586 2.9353685207353237 451
1694745300829 1.9232532713475516 452
1694745301045 2.5531528784740467 453
1694745301282 1.3803837271995363 454
1694745301521 2.5362282722167584 455
1694745301719 2.6603229864371185 456
1694745301984 2.76369834366808 457
1694745302225 2.1838937502863573 458
1694745302432 1.6775892083417803 459
1694745302639 2.095899220484139 460
1694745302912 1.7906908841535765 461
1694745303132 2.5235977431893755 462
1694745303345 1.95237147102761 463
1694745303587 1.5497846466100238 464
1694745303859 1.6464836796226627 465
1694745304116 1.8622802909615765 466
1694745304326 2.2359439528565552 467
1694745304480 2.7579783017206645 468
1694745304683 2.5542300373001954 469
1694745304933 2.093311085043196 470
1694745305179 2.002004753437363 471
1694745305380 2.0487655572689594 472
1694745305545 2.868829614319886 473
1694745305803 2.485537988334567 474
1694745306069 1.8756237559480045 475
1694745306280 2.798377630935733 476
1694745306484 1.8874307544997733 477
1694745306723 2.3791259962316365 478
1694745306960 1.8294826697675572 479
1694745307214 2.0759156077439327 480
1694745307402 3.6221187661860212 481
1694745307560 2.386252545385776 482
1694745307727 2.676779418769897 483
1694745307966 2.087212222932577 484
1694745308252 2.029387740078026 485
1694745308677 1.3364668375089177 486
1694745308890 3.015536240689394 487
1694745309101 2.4950104253551366 488
1694745309341 2.1682740127481437 489
1694745309500 1.4375807021269968 490
1694745309684 2.3559742644156496 491
1694745309845 1.6390316483417955 492
1694745310024 1.6907660611570314 493
1694745310298 2.6431020435090296 494
1694745310642 1.8342655740243734 495
1694745310899 1.3958709202783075 496
1694745311138 2.9146343349186776 497
1694745311372 1.5271657077609877 498
1694745311594 2.615334297388405 499
