1694715074396 168.8278829759285 0
1694715074826 131.502672498408 1
1694715075139 102.54715339391434 2
1694715075418 80.08452937073093 3
1694715075804 62.658851712539466 4
1694715076127 49.14064958976467 5
1694715076394 38.6537215671751 6
1694715076764 30.518343180005008 7
1694715077110 24.20720948509473 8
1694715077385 19.311256931706204 9
1694715077689 15.513149240873883 10
1694715078002 12.566708737353878 11
1694715078323 10.280959942433068 12
1694715078683 8.507751187063592 13
1694715078993 7.13215192000626 14
1694715079285 6.065003296861702 15
1694715079681 5.237139204277799 16
1694715079965 4.594903145600012 17
1694715080252 4.09667040760232 18
1694715080578 3.7101500868680763 19
1694715080881 3.410292102263949 20
1694715081193 3.1776635331097673 21
1694715081447 2.9971890427568453 22
1694715081808 2.8571737460764113 23
1694715082190 2.7485451864220543 24
1694715082465 2.664265289567757 25
1694715082814 2.59887417945773 26
1694715083175 2.5481362874424685 27
1694715083531 2.5087658169944733 28
1694715083901 2.4782137694518123 29
1694715084266 2.454502726516002 30
1694715084554 2.436098680662616 31
1694715084840 2.421811605943771 32
1694715085132 2.410718324517062 33
1694715085369 2.402102669369299 34
1694715085659 2.395409064784492 35
1694715085911 2.390206515798455 36
1694715086204 2.38616067255786 37
1694715086530 2.3830121588896396 38
1694715086845 2.3805597604116544 39
1694715087104 2.378647382494621 40
1694715087349 2.3771539327343434 41
1694715087582 2.3759854721502087 42
1694715087861 2.37506912637708 43
1694715088147 2.3743483621945636 44
1694715088500 2.3737793232342064 45
1694715088875 2.3733279873575124 46
1694715089184 2.3729679614555934 47
1694715089488 2.3726787707368087 48
1694715089828 2.3724445316197844 49
1694715090154 2.3722529222132045 50
1694715090459 2.3720943836523456 51
1694715090765 2.371961500525691 52
1694715091112 2.371848520232947 53
1694715091382 2.3717509801208854 54
1694715091757 2.3716654182292043 55
1694715092028 2.371589148897933 56
1694715092319 2.3715200886920034 57
1694715092577 2.371456621360022 58
1694715092889 2.3713974930742947 59
1694715093187 2.3713417311619516 60
1694715093499 2.37128858105957 61
1694715093832 2.3712374574049173 62
1694715094137 2.3711879060957504 63
1694715094386 2.371139574856439 64
1694715094625 2.3710921904046507 65
1694715094956 2.3710455407381112 66
1694715095279 2.37099946139334 67
1694715095572 2.370953824785676 68
1694715095898 2.3709085319396817 69
1694715096168 2.370863506073885 70
1694715096435 2.370818687624068 71
1694715096772 2.370774030382519 72
1694715097092 2.3707294985030036 73
1694715097392 2.370685064177339 74
1694715097685 2.3706407058329626 75
1694715098045 2.3705964067346743 76
1694715098373 2.3705521538999177 77
1694715098738 2.370507937257301 78
1694715099057 2.370463748993803 79
1694715099383 2.3704195830483634 80
1694715099629 2.3703754347190285 81
1694715099905 2.3703313003581865 82
1694715100284 2.370287177136149 83
1694715100564 2.3702430628577384 84
1694715100879 2.3701989558200074 85
1694715101199 2.3701548547018643 86
1694715101510 2.370110758478447 87
1694715101810 2.3700666663546954 88
1694715102104 2.3700225777138217 89
1694715102413 2.3699784920773355 90
1694715102692 2.3699344090740335 91
1694715103000 2.369890328415939 92
1694715103310 2.369846249879643 93
1694715103562 2.369802173291822 94
1694715103852 2.36975809851801 95
1694715104151 2.369714025453883 96
1694715104438 2.3696699540185016 97
1694715104677 2.369625884149066 98
1694715105008 2.36958181579685 99
1694715105328 2.3695377489240435 100
1694715105634 2.3694936835013065 101
1694715105959 2.369449619505867 102
1694715106268 2.369405556920052 103
1694715106532 2.3693614957301397 104
1694715106896 2.36931743592548 105
1694715107252 2.3692733774977954 106
1694715107521 2.3692293204406614 107
1694715107792 2.3691852647490816 108
1694715108050 2.369141210419171 109
1694715108422 2.3690971574479054 110
1694715108707 2.369053105832932 111
1694715108987 2.3690090555724135 112
1694715109303 2.3689650066649177 113
1694715109591 2.368920959109322 114
1694715109837 2.368876912904748 115
1694715110072 2.3688328680505033 116
1694715110400 2.3687888245460424 117
1694715110659 2.3687447823909333 118
1694715110985 2.36870074158483 119
1694715111306 2.368656702127456 120
1694715111596 2.368612664018587 121
1694715111930 2.3685686272580395 122
1694715112272 2.368524591845662 123
1694715112578 2.3684805577813273 124
1694715112889 2.368436525064929 125
1694715113212 2.3683924936963727 126
1694715113504 2.3683484636755767 127
1694715113852 2.36830443500247 128
1694715114233 2.3682604076769853 129
1694715114544 2.3682163816990633 130
1694715114815 2.368172357068648 131
1694715115167 2.368128333785686 132
1694715115449 2.3680843118501276 133
1694715115687 2.368040291261924 134
1694715115994 2.3679962720210286 135
1694715116330 2.3679522541273954 136
1694715116689 2.36790823758098 137
1694715117034 2.367864222381738 138
1694715117332 2.3678202085296256 139
1694715117605 2.3677761960246 140
1694715117859 2.3677321848666186 141
1694715118160 2.3676881750556387 142
1694715118545 2.3676441665916177 143
1694715118883 2.367600159474514 144
1694715119209 2.367556153704285 145
1694715119530 2.3675121492808886 146
1694715119803 2.3674681462042835 147
1694715120115 2.367424144474428 148
1694715120418 2.3673801440912796 149
1694715120680 2.367336145054797 150
1694715120955 2.3672921473649384 151
1694715121217 2.3672481510216614 152
1694715121519 2.3672041560249255 153
1694715121792 2.3671601623746885 154
1694715122118 2.367116170070909 155
1694715122451 2.3670721791135447 156
1694715122735 2.367028189502554 157
1694715123032 2.366984201237896 158
1694715123377 2.366940214319529 159
1694715123703 2.366896228747411 160
1694715123970 2.3668522445214997 161
1694715124279 2.3668082616417543 162
1694715124641 2.366764280108133 163
1694715124930 2.366720299920595 164
1694715125219 2.3666763210790975 165
1694715125531 2.3666323435835985 166
1694715125863 2.3665883674340584 167
1694715126174 2.3665443926304333 168
1694715126501 2.366500419172683 169
1694715126866 2.366456447060765 170
1694715127123 2.366412476294639 171
1694715127456 2.3663685068742626 172
1694715127750 2.366324538799594 173
1694715128005 2.3662805720705915 174
1694715128342 2.3662366066872136 175
1694715128690 2.3661926426494193 176
1694715129008 2.3661486799571665 177
1694715129403 2.366104718610414 178
1694715129845 2.366060758609119 179
1694715130261 2.3660167999532415 180
1694715130677 2.365972842642739 181
1694715130914 2.3659288866775703 182
1694715131169 2.365884932057693 183
1694715131461 2.3658409787830665 184
1694715131738 2.3657970268536492 185
1694715132003 2.365753076269398 186
1694715132300 2.3657091270302737 187
1694715132609 2.3656651791362324 188
1694715132935 2.3656212325872343 189
1694715133265 2.3655772873832364 190
1694715133595 2.365533343524198 191
1694715133910 2.3654894010100773 192
1694715134248 2.3654454598408323 193
1694715134555 2.365401520016423 194
1694715134808 2.3653575815368053 195
1694715135087 2.3653136444019403 196
1694715135411 2.365269708611785 197
1694715135778 2.365225774166297 198
1694715136057 2.365181841065436 199
1694715136364 2.3651379093091602 200
1694715136698 2.3650939788974275 201
1694715136973 2.3650500498301974 202
1694715137224 2.3650061221074274 203
1694715137576 2.364962195729076 204
1694715137870 2.364918270695102 205
1694715138107 2.364874347005464 206
1694715138372 2.36483042466012 207
1694715138693 2.3647865036590283 208
1694715138938 2.3647425840021477 209
1694715139210 2.364698665689436 210
1694715139539 2.364654748720853 211
1694715139935 2.364610833096356 212
1694715140269 2.3645669188159038 213
1694715140553 2.3645230058794553 214
1694715140862 2.3644790942869673 215
1694715141180 2.3644351840384 216
1694715141475 2.364391275133712 217
1694715141759 2.36434736757286 218
1694715142110 2.364303461355804 219
1694715142448 2.364259556482502 220
1694715142748 2.364215652952912 221
1694715142949 2.364171750766993 222
1694715143220 2.364127849924703 223
1694715143529 2.364083950426001 224
1694715143831 2.364040052270845 225
1694715144147 2.3639961554591946 226
1694715144546 2.3639522599910063 227
1694715144881 2.36390836586624 228
1694715145102 2.3638644730848535 229
1694715145409 2.363820581646806 230
1694715145706 2.3637766915520553 231
1694715145978 2.36373280280056 232
1694715146260 2.3636889153922787 233
1694715146604 2.3636450293271696 234
1694715146943 2.3636011446051914 235
1694715147217 2.363557261226303 236
1694715147539 2.3635133791904623 237
1694715147836 2.363469498497628 238
1694715148083 2.3634256191477574 239
1694715148378 2.3633817411408113 240
1694715148755 2.3633378644767467 241
1694715149075 2.3632939891555225 242
1694715149411 2.3632501151770966 243
1694715149738 2.363206242541428 244
1694715150009 2.3631623712484755 245
1694715150334 2.363118501298197 246
1694715150661 2.3630746326905507 247
1694715150948 2.363030765425496 248
1694715151239 2.3629868995029915 249
1694715151547 2.3629430349229947 250
1694715151838 2.3628991716854646 251
1694715152128 2.3628553097903584 252
1694715152423 2.362811449237637 253
1694715152743 2.362767590027258 254
1694715153051 2.36272373215918 255
1694715153301 2.36267987563336 256
1694715153599 2.3626360204497585 257
1694715153904 2.3625921666083323 258
1694715154197 2.3625483141090413 259
1694715154504 2.3625044629518435 260
1694715154815 2.362460613136697 261
1694715155069 2.362416764663561 262
1694715155385 2.3623729175323933 263
1694715155685 2.362329071743153 264
1694715155991 2.362285227295799 265
1694715156235 2.362241384190289 266
1694715156529 2.362197542426581 267
1694715156810 2.362153702004635 268
1694715157120 2.362109862924408 269
1694715157388 2.36206602518586 270
1694715157723 2.362022188788949 271
1694715158051 2.3619783537336323 272
1694715158420 2.3619345200198705 273
1694715158751 2.361890687647621 274
1694715159013 2.361846856616842 275
1694715159260 2.3618030269274923 276
1694715159523 2.3617591985795316 277
1694715159846 2.3617153715729162 278
1694715160106 2.361671545907606 279
1694715160382 2.3616277215835595 280
1694715160661 2.3615838986007356 281
1694715160979 2.361540076959092 282
1694715161238 2.3614962566585875 283
1694715161550 2.3614524376991812 284
1694715161896 2.3614086200808306 285
1694715162195 2.361364803803495 286
1694715162489 2.3613209888671323 287
1694715162812 2.361277175271702 288
1694715163141 2.361233363017161 289
1694715163409 2.361189552103471 290
1694715163690 2.3611457425305873 291
1694715163989 2.3611019342984694 292
1694715164350 2.3610581274070768 293
1694715164881 2.361014321856367 294
1694715165314 2.3609705176462987 295
1694715165633 2.3609267147768307 296
1694715165941 2.3608829132479214 297
1694715166260 2.36083911305953 298
1694715166580 2.3607953142116145 299
1694715166938 2.3607515167041333 300
1694715167199 2.360707720537045 301
1694715167529 2.360663925710308 302
1694715167828 2.3606201322238816 303
1694715168100 2.360576340077724 304
1694715168377 2.3605325492717935 305
1694715168723 2.360488759806049 306
1694715169042 2.360444971680449 307
1694715169313 2.360401184894952 308
1694715169584 2.3603573994495166 309
1694715169968 2.3603136153441016 310
1694715170250 2.3602698325786644 311
1694715170534 2.360226051153165 312
1694715170835 2.3601822710675617 313
1694715171129 2.3601384923218123 314
1694715171430 2.360094714915877 315
1694715171705 2.3600509388497124 316
1694715172058 2.3600071641232776 317
1694715172389 2.3599633907365325 318
1694715172696 2.3599196186894345 319
1694715173021 2.359875847981942 320
1694715173336 2.3598320786140143 321
1694715173647 2.35978831058561 322
1694715173939 2.359744543896687 323
1694715174334 2.3597007785472046 324
1694715174640 2.3596570145371207 325
1694715174939 2.3596132518663944 326
1694715175213 2.3595694905349847 327
1694715175511 2.3595257305428485 328
1694715175814 2.3594819718899465 329
1694715176109 2.3594382145762363 330
1694715176419 2.3593944586016757 331
1694715176794 2.359350703966225 332
1694715177125 2.359306950669842 333
1694715177404 2.359263198712485 334
1694715177723 2.3592194480941124 335
1694715178045 2.359175698814684 336
1694715178349 2.3591319508741573 337
1694715178739 2.3590882042724917 338
1694715179094 2.359044459009645 339
1694715179355 2.359000715085576 340
1694715179612 2.3589569725002435 341
1694715179922 2.3589132312536063 342
1694715180211 2.358869491345623 343
1694715180563 2.358825752776252 344
1694715180887 2.3587820155454517 345
1694715181208 2.3587382796531817 346
1694715181533 2.358694545099399 347
1694715181835 2.3586508118840634 348
1694715182148 2.3586070800071335 349
1694715182404 2.358563349468568 350
1694715182681 2.3585196202683245 351
1694715182992 2.358475892406363 352
1694715183270 2.3584321658826406 353
1694715183548 2.358388440697117 354
1694715183878 2.358344716849751 355
1694715184200 2.358300994340501 356
1694715184483 2.358257273169325 357
1694715184752 2.358213553336182 358
1694715184982 2.358169834841031 359
1694715185235 2.3581261176838306 360
1694715185684 2.3580824018645394 361
1694715186122 2.3580386873831154 362
1694715186441 2.3579949742395176 363
1694715186869 2.357951262433705 364
1694715187209 2.357907551965636 365
1694715187584 2.3578638428352687 366
1694715187943 2.3578201350425627 367
1694715188291 2.3577764285874765 368
1694715188686 2.3577327234699688 369
1694715189013 2.357689019689997 370
1694715189299 2.357645317247521 371
1694715189594 2.3576016161424986 372
1694715189893 2.35755791637489 373
1694715190185 2.3575142179446527 374
1694715190508 2.3574705208517446 375
1694715190865 2.357426825096126 376
1694715191178 2.357383130677755 377
1694715191447 2.3573394375965893 378
1694715191710 2.3572957458525887 379
1694715192043 2.3572520554457115 380
1694715192337 2.3572083663759167 381
1694715192624 2.3571646786431617 382
1694715192982 2.3571209922474066 383
1694715193214 2.3570773071886095 384
1694715193503 2.3570336234667297 385
1694715193802 2.3569899410817245 386
1694715194140 2.3569462600335536 387
1694715194451 2.356902580322176 388
1694715194747 2.356858901947548 389
1694715195104 2.356815224909632 390
1694715195460 2.3567715492083843 391
1694715195801 2.356727874843764 392
1694715196107 2.3566842018157295 393
1694715196402 2.35664053012424 394
1694715196843 2.356596859769254 395
1694715197165 2.35655319075073 396
1694715197444 2.3565095230686275 397
1694715197713 2.356465856722904 398
1694715198028 2.3564221917135186 399
1694715198352 2.3563785280404304 400
1694715198695 2.356334865703598 401
1694715198997 2.3562912047029796 402
1694715199295 2.356247545038534 403
1694715199564 2.35620388671022 404
1694715199951 2.356160229717997 405
1694715200293 2.3561165740618226 406
1694715200600 2.356072919741656 407
1694715200887 2.356029266757456 408
1694715201180 2.355985615109181 409
1694715201444 2.3559419647967905 410
1694715201768 2.355898315820242 411
1694715202136 2.3558546681794947 412
1694715202409 2.3558110218745076 413
1694715202689 2.355767376905239 414
1694715202983 2.3557237332716476 415
1694715203280 2.3556800909736935 416
1694715203566 2.355636450011333 417
1694715203877 2.3555928103845263 418
1694715204211 2.3555491720932316 419
1694715204563 2.3555055351374086 420
1694715204829 2.355461899517015 421
1694715205135 2.35541826523201 422
1694715205439 2.355374632282351 423
1694715205696 2.355331000667999 424
1694715205936 2.3552873703889112 425
1694715206236 2.355243741445047 426
1694715206523 2.355200113836364 427
1694715206882 2.355156487562822 428
1694715207121 2.35511286262438 429
1694715207416 2.3550692390209957 430
1694715207644 2.3550256167526284 431
1694715207930 2.3549819958192364 432
1694715208196 2.354938376220779 433
1694715208467 2.3548947579572155 434
1694715208763 2.3548511410285027 435
1694715209146 2.354807525434601 436
1694715209457 2.354763911175468 437
1694715209729 2.354720298251064 438
1694715210045 2.3546766866613464 439
1694715210378 2.3546330764062744 440
1694715210743 2.354589467485806 441
1694715211071 2.354545859899901 442
1694715211440 2.354502253648518 443
1694715211710 2.3544586487316153 444
1694715212034 2.3544150451491523 445
1694715212364 2.3543714429010865 446
1694715212640 2.354327841987378 447
1694715212890 2.354284242407985 448
1694715213180 2.354240644162866 449
1694715213535 2.3541970472519798 450
1694715213940 2.3541534516752862 451
1694715214257 2.3541098574327424 452
1694715214556 2.354066264524308 453
1694715214811 2.354022672949942 454
1694715215079 2.353979082709602 455
1694715215384 2.353935493803248 456
1694715215693 2.353891906230838 457
1694715216083 2.353848319992332 458
1694715216406 2.353804735087687 459
1694715216699 2.353761151516863 460
1694715217041 2.3537175692798176 461
1694715217367 2.353673988376511 462
1694715217631 2.3536304088069016 463
1694715217959 2.353586830570947 464
1694715218343 2.353543253668608 465
1694715218648 2.3534996780998414 466
1694715218975 2.353456103864607 467
1694715219287 2.3534125309628635 468
1694715219578 2.3533689593945697 469
1694715219859 2.3533253891596835 470
1694715220192 2.353281820258166 471
1694715220537 2.353238252689972 472
1694715220802 2.3531946864550646 473
1694715221054 2.3531511215534002 474
1694715221342 2.353107557984938 475
1694715221640 2.353063995749636 476
1694715221976 2.353020434847455 477
1694715222315 2.3529768752783524 478
1694715222577 2.352933317042287 479
1694715222908 2.352889760139217 480
1694715223210 2.352846204569104 481
1694715223559 2.3528026503319035 482
1694715223798 2.3527590974275756 483
1694715224099 2.3527155458560793 484
1694715224440 2.352671995617373 485
1694715224699 2.352628446711416 486
1694715224981 2.352584899138167 487
1694715225316 2.3525413528975836 488
1694715225620 2.352497807989626 489
1694715225850 2.3524542644142534 490
1694715226138 2.352410722171423 491
1694715226530 2.3523671812610947 492
1694715227104 2.3523236416832267 493
1694715227422 2.3522801034377783 494
1694715227707 2.3522365665247085 495
1694715228000 2.352193030943975 496
1694715228368 2.352149496695538 497
1694715228749 2.3521059637793558 498
1694715229076 2.3520624321953867 499
