1694712164053 4.399993595301274 0
1694712164298 1.1202932821861802 1
1694712164587 0.015125802243153161 2
1694712164799 2.822542596439533 3
1694712165028 1.7146745576336615 4
1694712165248 2.4056133607323544 5
1694712165492 2.880089351247558 6
1694712165725 4.998056445089353 7
1694712165996 6.548666999277581 8
1694712166242 4.8068427995350795 9
1694712166468 0.001986388399274082 10
1694712166707 0.789434636580329 11
1694712166950 0.7838993350585032 12
1694712167411 0.03865014112528381 13
1694712167822 0.008924237647360573 14
1694712168229 4.282114942109611 15
1694712168530 0.010257586344838405 16
1694712168816 16.38848976527005 17
1694712169087 1.6475881999585926 18
1694712169303 0.3294159308748628 19
1694712169512 2.955915640505925 20
1694712169744 3.2138404615871345 21
1694712169946 1.4453511706835647 22
1694712170163 0.0014372730862417546 23
1694712170436 2.8374882287424863 24
1694712170660 1.3735328335823487 25
1694712170896 0.16814507341193016 26
1694712171127 7.313027086380792 27
1694712171443 0.16252681419554718 28
1694712171866 0.3935187114128196 29
1694712172088 1.1740788313942843 30
1694712172301 1.3194819818973478 31
1694712172517 0.09930362464352421 32
1694712172766 0.01738757264115177 33
1694712173007 1.2346874021002403 34
1694712173265 3.4335997919105123 35
1694712173603 0.8629904266267334 36
1694712173829 0.17194939120352729 37
1694712174064 1.3959651238403432 38
1694712174426 4.054059177030471 39
1694712174787 11.516515377146526 40
1694712175098 0.9578624558208435 41
1694712175329 0.00016695624621321435 42
1694712175553 0.0004816267292952224 43
1694712175776 2.9272033400868436 44
1694712176006 3.5131084762210074 45
1694712176323 2.7095680273798517 46
1694712176539 1.1037595949603478 47
1694712176763 0.9954117069426239 48
1694712177003 2.0874660336590583 49
1694712177296 1.6460459153584701 50
1694712177515 3.1501030394482004 51
1694712177746 0.04287864903175527 52
1694712177967 0.6510646820538836 53
1694712178182 0.9324110250605334 54
1694712178443 1.199026778623097 55
1694712178665 4.234644095131337 56
1694712178886 2.5275288912194642 57
1694712179106 0.026655388212726963 58
1694712179397 1.946264072561014 59
1694712179634 0.9003617359122041 60
1694712179855 1.7212025949327785 61
1694712180084 0.057582071006790934 62
1694712180363 5.601675974891556 63
1694712180646 12.991833276257672 64
1694712180869 0.7685549153510528 65
1694712181100 0.006195084950383868 66
1694712181328 1.1061982074989294 67
1694712181594 0.2278104830625683 68
1694712181852 5.702243991164025 69
1694712182077 0.018268065706341135 70
1694712182310 0.1677893668129661 71
1694712182547 3.6021491138055017 72
1694712182769 0.012698565533602293 73
1694712183045 7.653926413063997 74
1694712183266 1.6631979412524966 75
1694712183487 2.5780739941024944 76
1694712183734 1.2507770709167276 77
1694712184039 4.554699535261597 78
1694712184318 9.302548658631583 79
1694712184587 0.3155904018654599 80
1694712184803 8.342869891009668 81
1694712185062 3.383944033996061 82
1694712185408 7.113123634702254 83
1694712185676 0.0018472234688043604 84
1694712185967 8.568108950018019 85
1694712186305 0.014556743677327413 86
1694712186529 1.2460279228979951 87
1694712186821 0.6385955931509588 88
1694712187074 0.02224987958697619 89
1694712187298 1.1704890086331488 90
1694712187524 1.0328733304313336 91
1694712187748 1.641721897083918 92
1694712187987 0.00524883438209988 93
1694712188213 0.3716397779061629 94
1694712188538 1.9513191146528401 95
1694712188831 1.7045058406879567 96
1694712189093 0.19241753090811745 97
1694712189358 1.226958063556836 98
1694712189557 0.9322499291197774 99
1694712189815 1.1366948489242255 100
1694712190120 0.041188206951428497 101
1694712190422 0.9671279995087134 102
1694712190777 2.238590921235761 103
1694712191221 0.9883298675878276 104
1694712191558 6.15698551233292 105
1694712191955 0.30006729958766226 106
1694712192387 0.49051880113954005 107
1694712192683 2.6465372047900546 108
1694712193226 0.39161544350050365 109
1694712193580 6.256185814849336 110
1694712193855 0.0024984839271280242 111
1694712194113 0.7084518154871889 112
1694712194492 1.994027503874704 113
1694712194958 0.5703831903894758 114
1694712195322 4.1491587819219955 115
1694712195659 0.06110779023939705 116
1694712195989 6.7158178284503265 117
1694712196287 2.599485295986052 118
1694712196613 0.05859475657597794 119
1694712196942 3.096872405585862 120
1694712197238 0.8808863148233268 121
1694712197473 1.8501614808501916 122
1694712197779 0.015469925200791837 123
1694712198018 0.03828710435504794 124
1694712198252 2.200252685739223 125
1694712198488 4.683601324720738 126
1694712198739 2.5145970148435848 127
1694712198976 1.719575028024456 128
1694712199211 4.231596202269706 129
1694712199449 0.6154255731895822 130
1694712199708 0.03507852458816159 131
1694712200006 2.641791847375357 132
1694712200252 0.5627258834475777 133
1694712200489 0.4043949527846729 134
1694712200772 0.08164335556380346 135
1694712201018 0.014421945585225115 136
1694712201261 0.0023903107537046244 137
1694712201511 1.7739516318613542 138
1694712201756 0.9969324942105334 139
1694712202081 2.909779309231511 140
1694712202357 0.13811300513294072 141
1694712202592 3.0506222355657835 142
1694712202854 2.548837496855049 143
1694712203081 0.27824969142084516 144
1694712203307 1.008429177018337 145
1694712203540 1.8225373798404163 146
1694712203776 0.35411387998957194 147
1694712204027 0.6649500915190681 148
1694712204252 2.0013467148474167 149
1694712204600 3.402148297599819 150
1694712204792 0.6316217364142944 151
1694712205043 0.8983167551358119 152
1694712205375 1.1248752409700005 153
1694712205740 0.06641677603962451 154
1694712205975 2.1267533262198737 155
1694712206281 7.127540415683871 156
1694712206513 1.4769988994114946 157
1694712206806 0.6079010701776423 158
1694712207045 0.005204383239077586 159
1694712207284 0.03271296806727199 160
1694712207508 0.023024642616161696 161
1694712207740 0.5283568558563779 162
1694712207972 0.3561550641830724 163
1694712208206 0.039299282847223865 164
1694712208411 5.823073929509017 165
1694712208670 2.270014344917802 166
1694712208987 1.9755275061680233 167
1694712209266 0.06061276355526835 168
1694712209493 2.098938833071483 169
1694712209722 0.32281089262199847 170
1694712209950 5.273331993984825 171
1694712210274 7.457521904209387 172
1694712210583 1.5703911240834636 173
1694712210861 0.010634535904592424 174
1694712211300 0.024546129151776046 175
1694712211672 2.586973830783501 176
1694712212068 0.09609788928286495 177
1694712212403 0.006766409562851385 178
1694712212616 1.4926624157552635 179
1694712212868 3.3415323722507595 180
1694712213120 1.6597011552800038 181
1694712213359 6.941929521448687 182
1694712213695 4.925336334620539 183
1694712213902 18.09061780065455 184
1694712214126 2.675029185733575 185
1694712214399 0.9620858234885031 186
1694712214690 0.11743356806232877 187
1694712215010 1.7865355302305483 188
1694712215355 2.4393871893729147 189
1694712215647 4.236944973893313 190
1694712215973 0.8157806012818274 191
1694712216229 0.8861894136475525 192
1694712216408 0.11272928121714877 193
1694712216582 0.05114983839437531 194
1694712216851 0.24028887401945603 195
1694712217100 0.5211831010350021 196
1694712217337 1.2308747710882781 197
1694712217541 0.025622722960703656 198
1694712217808 4.598128255279153 199
1694712218100 0.16919669638029763 200
1694712218328 0.5941827484615136 201
1694712218593 0.935419142531502 202
1694712218823 3.5513821170916358 203
1694712219082 0.15877045210504517 204
1694712219327 0.1565387320867715 205
1694712219550 0.4211266496120022 206
1694712219811 0.1359804949198898 207
1694712220089 0.8407384370332033 208
1694712220404 1.1839088328137124 209
1694712220612 0.11214513796621617 210
1694712220827 3.0983590665594463 211
1694712221140 3.865693753109252 212
1694712221416 0.4098322734035262 213
1694712221698 1.6758578684108965 214
1694712221925 0.0847112360535432 215
1694712222179 0.8660864499353536 216
1694712222362 0.18469033852331534 217
1694712222681 0.0471223479300515 218
1694712222858 1.0332161809911538 219
1694712223068 0.6024646444931568 220
1694712223271 0.0015077842029763353 221
1694712223478 2.3845974704578214 222
1694712223667 2.4227417551183574 223
1694712223871 2.4372356095517 224
1694712224124 1.09007363627996 225
1694712224447 0.010233453546102111 226
1694712224714 0.7877318715361775 227
1694712225012 3.3884929450666386 228
1694712225214 0.6790333573656412 229
1694712225479 0.17211892988419666 230
1694712225709 0.06595498204129355 231
1694712225977 0.11277983566265902 232
1694712226284 0.44615792945559307 233
1694712226675 13.328280156850349 234
1694712227064 14.650365235547625 235
1694712227317 5.995166286600495 236
1694712227532 0.05360844121932938 237
1694712227744 0.1205946418536309 238
1694712227950 4.6057767881005285 239
1694712228170 1.8054260232835535 240
1694712228384 0.7587379122176618 241
1694712228594 3.970408681124933 242
1694712228794 0.0002944903662329495 243
1694712229019 15.51511576985549 244
1694712229248 1.4046683194524896 245
1694712229540 0.00017383598688121608 246
1694712229760 0.42541124917529843 247
1694712229981 6.972077402539649 248
1694712230200 2.906844561811 249
1694712230416 0.2191561409655477 250
1694712230641 0.0009844471887258727 251
1694712230856 0.5820947973516231 252
1694712231087 0.10715963198203346 253
1694712231330 1.3410225505458397 254
1694712231531 3.216662773834728 255
1694712231794 3.0040373165780436 256
1694712232018 0.05619770630529197 257
1694712232242 4.100282563723532 258
1694712232460 15.405000296650142 259
1694712232667 0.035425482300788576 260
1694712232883 2.4154433250504446 261
1694712233108 0.07793122903628112 262
1694712233346 0.32591966849069726 263
1694712233547 2.102574378796334 264
1694712233834 4.584691489461045 265
1694712234086 3.1013098280475915 266
1694712234292 0.15025311653214446 267
1694712234604 6.698467762371014 268
1694712234823 0.011297937828554318 269
1694712235047 0.6395837776923082 270
1694712235340 0.8694328976694506 271
1694712235599 0.0001063229494487605 272
1694712235804 4.803969126001426 273
1694712236013 5.016427321911047 274
1694712236374 2.614381082276004 275
1694712236632 0.09942693072637475 276
1694712236842 5.419251648595368 277
1694712237059 0.24804499950197595 278
1694712237352 0.46816411084929527 279
1694712237619 2.369290394427771 280
1694712237827 4.091236878532215 281
1694712238028 0.05102418171972603 282
1694712238236 0.0028338478232739586 283
1694712238490 2.184433909760556 284
1694712238721 0.29524462797287054 285
1694712238923 1.6061667367427575 286
1694712239125 0.6696965135301619 287
1694712239335 5.074028357395399 288
1694712239572 4.279531104072971 289
1694712239795 2.0631375893548762 290
1694712239993 1.4730972648162455 291
1694712240209 0.320625272652835 292
1694712240422 1.2260779202289185 293
1694712240673 0.0692047764008627 294
1694712240904 0.17556486424971568 295
1694712241165 1.3961586008970794 296
1694712241415 0.38405131220608146 297
1694712241612 4.968870894927348 298
1694712241883 0.5927249169924208 299
1694712242087 6.4300059302308155 300
1694712242380 1.7407165369713744 301
1694712242582 1.7656006015783254 302
1694712242842 0.9505951150258682 303
1694712243112 0.012062646920309547 304
1694712243333 0.09385616445818848 305
1694712243578 3.8935282078457907 306
1694712243779 12.307091628301748 307
1694712244008 0.4480307402955798 308
1694712244322 0.12983789340610474 309
1694712244633 8.479572194066503 310
1694712244845 12.630940417005004 311
1694712245143 0.38501983232657017 312
1694712245484 2.0058981764039228 313
1694712245735 6.115683305196398 314
1694712245995 2.2115902622989934 315
1694712246303 2.457772556832603 316
1694712246508 15.61770494752907 317
1694712246713 6.007933369907262 318
1694712246921 4.7897515614399175 319
1694712247141 1.5582137668679832 320
1694712247442 1.2398547256934778 321
1694712247649 2.022075522342812 322
1694712247851 3.1612935540735547 323
1694712248062 0.12807842317443707 324
1694712248292 2.241406034359729 325
1694712248499 3.4984735563755827 326
1694712248718 0.6112065739446887 327
1694712248907 2.3337301436917843 328
1694712249090 0.041539584893774975 329
1694712249299 1.0236189084054146 330
1694712249539 0.00041497400949883615 331
1694712249747 0.48033232704174805 332
1694712249922 4.99789568110579 333
1694712250185 1.2611226785388514 334
1694712250415 0.3762304403297692 335
1694712250628 2.051187527984148 336
1694712250839 0.6689299023585973 337
1694712251047 0.47896854211799045 338
1694712251254 0.1456850304451585 339
1694712251532 0.0729692793011419 340
1694712251920 0.3983115299500625 341
1694712252184 2.337513237716838 342
1694712252395 9.929266354976003 343
1694712252652 0.16180704652211003 344
1694712252939 13.233272560881955 345
1694712253216 3.3274153572031886 346
1694712253491 0.04528492229179572 347
1694712253822 0.1751231178447389 348
1694712254227 34.20384527773718 349
1694712254663 8.357554486094516 350
1694712254955 1.3709295167603277 351
1694712255197 0.38882209840262866 352
1694712255420 0.5565280471689186 353
1694712255734 2.4626279238165805 354
1694712255996 0.05085957585946344 355
1694712256282 1.8673334632394765 356
1694712256599 0.047142527157665766 357
1694712256898 1.1890944036453506 358
1694712257169 0.39860200149523656 359
1694712257424 2.191343269807677 360
1694712257728 0.5241224948692264 361
1694712258015 0.12680599179161203 362
1694712258245 3.9056667694196454 363
1694712258490 1.5593765330356228 364
1694712258819 0.6162215687999277 365
1694712259060 13.19179640508334 366
1694712259308 0.003026461087469777 367
1694712259589 6.80982710854094 368
1694712259899 1.2131891243916284 369
1694712260178 0.689763783530367 370
1694712260501 2.648299799172158 371
1694712260833 2.1462009532077846 372
1694712261223 11.500872863311413 373
1694712261499 0.34146260948212737 374
1694712261786 3.582908467249276 375
1694712262094 0.001203428578877778 376
1694712262324 2.353774204951991 377
1694712262598 3.0168900705074657 378
1694712262897 0.002221828155637057 379
1694712263236 1.8145822515699728 380
1694712263456 0.000933064316174745 381
1694712263731 0.8581942645382414 382
1694712264004 1.1565000130917089e-05 383
1694712264325 10.35752409883316 384
1694712264627 0.2886043264220238 385
1694712264898 2.460117958659304 386
1694712265178 2.222246985349623 387
1694712265459 1.191486834110989 388
1694712265689 0.17791481769801118 389
1694712266002 0.013368154601479686 390
1694712266400 6.805046086667448 391
1694712266651 2.190974609261488 392
1694712266925 3.2965687540303357 393
1694712267198 1.3520430391966074 394
1694712267444 0.2639483835809702 395
1694712267786 1.56771127099997 396
1694712268072 4.436156210262818 397
1694712268337 0.7071751483695148 398
1694712268596 0.49082416442523397 399
1694712268860 0.41230665058116966 400
1694712269146 1.9025962582007891 401
1694712269394 3.454026420384471 402
1694712269729 2.88842943775825 403
1694712270069 4.20428461144445 404
1694712270331 6.468216005500771 405
1694712270558 2.940496390271677 406
1694712270836 10.540346370093195 407
1694712271074 0.1422386091704543 408
1694712271361 3.753915369201546 409
1694712271584 4.8971626283349465 410
1694712271871 3.7959911362039325 411
1694712272218 0.28991350266674143 412
1694712272427 2.2164707171038733 413
1694712272632 0.005203281809767154 414
1694712272875 0.8050737675597923 415
1694712273155 9.379715495074206e-07 416
1694712273405 2.655552998571379 417
1694712273657 2.8200502577328104 418
1694712273927 1.0449573182219132 419
1694712274301 0.8752058238349586 420
1694712274622 3.142150662168694 421
1694712274916 0.7426264855954536 422
1694712275149 0.20194505787985761 423
1694712275383 0.08705248839341263 424
1694712275613 0.28432194203266864 425
1694712275824 6.282495729508249 426
1694712276157 0.37154078669601137 427
1694712276418 6.295114981585858 428
1694712276723 0.9343371319856549 429
1694712276986 0.9978067578528116 430
1694712277258 2.708292489314197 431
1694712277488 0.10720530118714196 432
1694712277697 15.968532694914419 433
1694712277969 1.8143199810624038 434
1694712278246 3.1397386745985147 435
1694712278490 0.15790459177929092 436
1694712278751 0.7441732748445217 437
1694712279102 1.3409739440261157 438
1694712279426 0.24753757274322846 439
1694712279681 7.206757338458404 440
1694712279957 0.5688001755907679 441
1694712280282 1.5251261609250522 442
1694712280545 0.2399381469792078 443
1694712280784 6.100906846783609 444
1694712281123 0.39258498977547873 445
1694712281428 0.9627413735375445 446
1694712281662 3.821707926509033 447
1694712282033 0.017207271526857276 448
1694712282283 4.381862830700165 449
1694712282526 2.1978585788638908e-05 450
1694712282754 1.4209903577863938 451
1694712283081 0.8474862800246392 452
1694712283440 0.2080367696400555 453
1694712283695 0.29750117507303847 454
1694712283937 3.3526079407059077 455
1694712284195 0.1598315705728418 456
1694712284483 0.843402024213843 457
1694712284728 2.3988199720493224 458
1694712285021 1.5808241889413452 459
1694712285313 0.24817683477145458 460
1694712285666 0.012289303796967015 461
1694712285955 0.1058901781042514 462
1694712286269 6.65512354063447 463
1694712286500 4.411302669480109 464
1694712286770 0.8481655433696031 465
1694712287054 1.541592744987642 466
1694712287348 1.8283342168667858 467
1694712287632 0.9310610441386243 468
1694712287924 0.026840433604268694 469
1694712288198 5.537179820911043 470
1694712288488 0.1332999086697763 471
1694712288772 0.9821546161703215 472
1694712289118 0.1368945893705542 473
1694712289409 0.03190203915483774 474
1694712289673 2.8663767472816466 475
1694712289903 2.1399053140147455 476
1694712290218 1.7410852574801121 477
1694712290505 3.324112060885182 478
1694712290778 0.02030075443616913 479
1694712291069 1.7670431216651246 480
1694712291375 1.7579594919844779 481
1694712291626 0.6736321171743626 482
1694712291830 0.12052012101414258 483
1694712292079 7.455532972465343 484
1694712292404 0.22517151115423162 485
1694712292652 1.699068984808464 486
1694712292856 1.216926590238538 487
1694712293102 0.8575183449737909 488
1694712293416 0.38471853860272404 489
1694712293697 10.522397612038102 490
1694712293935 7.313102656128929 491
1694712294180 2.8008093300324157 492
1694712294476 5.15350903337756 493
1694712294788 2.79945534567423 494
1694712294999 5.495046579033747 495
1694712295203 7.289299511040893 496
1694712295458 0.13021910557113248 497
1694712295735 0.5555745500506821 498
1694712295970 7.471433446351145 499
