1694718924064 12.022189739820387 0
1694718924470 0.03659260338121612 1
1694718924811 15.808020898375352 2
1694718925056 5.8569200014441405 3
1694718925417 3.378738946957709 4
1694718925746 3.2592807794448277 5
1694718926140 3.056769368175692 6
1694718926487 5.530960571069448 7
1694718926966 0.17886059343245378 8
1694718927466 2.3146128345599974 9
1694718927849 6.526769420867435 10
1694718928157 2.2473274206871547 11
1694718928545 7.151451256390022 12
1694718928858 4.579580079137793 13
1694718929171 15.850880210375156 14
1694718929784 0.9773525523929857 15
1694718930166 26.375600881278537 16
1694718930495 15.346225413179114 17
1694718930941 8.892872614633967 18
1694718931286 0.30985147182239975 19
1694718931934 2.3260099888335 20
1694718932354 0.156744941961629 21
1694718933022 2.060840339436168 22
1694718933293 0.5419856337051584 23
1694718933722 1.94823428916967 24
1694718934084 3.553812363883371 25
1694718934385 1.6587570153788225 26
1694718934826 1.3461436915761518 27
1694718935348 7.472022661968334 28
1694718935637 0.5129297023961688 29
1694718935969 15.353379601427273 30
1694718936274 0.1783651942684202 31
1694718936647 1.4454253644062105 32
1694718937026 4.973220149844826 33
1694718937348 11.858562176577793 34
1694718937742 17.652825888048522 35
1694718938110 4.951389100832627 36
1694718938531 6.70089250742924 37
1694718938907 3.943849414164955 38
1694718939273 6.1655031000571014 39
1694718939580 26.024408387656585 40
1694718939952 25.85633015442046 41
1694718940301 4.176160536781347 42
1694718940641 23.974642624271578 43
1694718940964 0.8647401976754373 44
1694718941289 6.611606112459889 45
1694718941643 1.8068771943293946 46
1694718942058 4.302005645140759 47
1694718942448 0.9808915054510253 48
1694718942761 1.1909683703980438 49
1694718943090 32.04838801302842 50
1694718943435 0.011961040316253856 51
1694718943750 3.3278875062802613 52
1694718944096 2.1466009521749667 53
1694718944504 12.889333896792557 54
1694718944912 3.478889105941762 55
1694718945238 0.8883881267275505 56
1694718945603 5.798443802827529 57
1694718945876 0.06713668611339148 58
1694718946227 5.644391583899778 59
1694718946474 0.02987169706490029 60
1694718946863 0.0036206063927763216 61
1694718947181 2.2733233503807617 62
1694718947550 1.1011443579090816 63
1694718947925 8.32495982867743 64
1694718948324 0.8785345602654188 65
1694718948622 0.05175780314413247 66
1694718948998 1.1290578824470467 67
1694718949397 0.2492454272110843 68
1694718949839 2.311882705197329 69
1694718950181 1.7193089490879836 70
1694718950529 13.70639696521186 71
1694718950872 7.295881017292774 72
1694718951362 2.5752266142299827 73
1694718951822 2.663881901432572 74
1694718952197 0.8789228470660873 75
1694718952557 1.8806123808114614 76
1694718952905 1.559603355103402 77
1694718953245 1.5794812704593093 78
1694718953694 21.009170593199997 79
1694718954012 0.016517473786835452 80
1694718954338 10.914773651321472 81
1694718954626 18.56199375943665 82
1694718954988 0.3978924200671802 83
1694718955322 24.28117946414582 84
1694718955578 0.3984277549798315 85
1694718955981 2.1984703832223875 86
1694718956317 0.034791899988608724 87
1694718956606 0.6210617101422533 88
1694718957084 0.6082303670768643 89
1694718957447 0.4120112952996423 90
1694718957718 2.105639373044332 91
1694718958096 0.28434684437595154 92
1694718958446 2.651788429691007 93
1694718958756 1.9212596329095346 94
1694718959117 2.775573465222427 95
1694718959527 7.406535955497807 96
1694718959903 1.5266149659102155 97
1694718960184 1.569473300359778 98
1694718960571 5.745444224750452 99
1694718960919 1.8204995248792375 100
1694718961296 2.3638392126928203 101
1694718961683 22.52286219784179 102
1694718962013 8.596204984203519 103
1694718962385 0.5800557855786125 104
1694718962745 0.00012856353723994933 105
1694718963081 0.003577997748516963 106
1694718963451 1.062061861525134 107
1694718963771 3.648992659901175 108
1694718964321 30.581033285552557 109
1694718965052 2.7911803607461083 110
1694718965550 5.482347572600237 111
1694718965930 5.447015939320082 112
1694718966295 0.21129598945890565 113
1694718966645 12.910751022532576 114
1694718966987 2.5300186464051198 115
1694718967441 6.658468421953364 116
1694718967823 29.79657636711327 117
1694718968164 28.85156237983219 118
1694718968541 4.085289985328068 119
1694718968827 0.585657367474999 120
1694718969150 32.52049228127688 121
1694718969562 4.577574972028702 122
1694718969933 0.09727239518830344 123
1694718970238 0.3067935231161767 124
1694718970638 5.5530472084221625 125
1694718970976 39.60843521181219 126
1694718971309 19.735080675328522 127
1694718971729 1.8572810663576427 128
1694718972077 2.291726692074918 129
1694718972374 3.0341315146057326 130
1694718972785 26.544276778901256 131
1694718973083 1.9295698754596402 132
1694718973369 0.4372187673291275 133
1694718973739 3.6321535244356093 134
1694718974078 2.622010143466634 135
1694718974496 1.8174836245788688 136
1694718974816 0.004969208904152402 137
1694718975051 8.205062950918746 138
1694718975352 7.411593155504416 139
1694718975658 61.68540343333381 140
1694718976035 1.4920052659061154 141
1694718976425 0.011550093902767905 142
1694718976726 1.5694538364197654 143
1694718977010 1.6268119151453948 144
1694718977341 30.766818446275565 145
1694718977686 0.018875984620514093 146
1694718978019 0.02441611939234218 147
1694718978345 0.03276126170097473 148
1694718978755 0.7703985831417381 149
1694718979021 7.577751318180927 150
1694718979359 4.000581125614007 151
1694718979815 2.8808167280770323 152
1694718980130 0.16562561399480746 153
1694718980479 5.4814788747439565 154
1694718980860 2.9536065346920894 155
1694718981151 2.0858310004110865 156
1694718981516 4.150296383896872 157
1694718981853 19.028262941830874 158
1694718982167 3.5448782759122786 159
1694718982530 11.256997224754034 160
1694718982891 2.871670831101294 161
1694718983296 0.621602700133142 162
1694718983569 5.031091986197035 163
1694718983877 0.020986544101535068 164
1694718984178 4.365421484491187 165
1694718984511 8.462145149205833 166
1694718984818 2.594167685580584 167
1694718985081 0.005575011124886438 168
1694718985458 1.104840467354981 169
1694718985784 0.9373252400295597 170
1694718986145 5.179273114002343 171
1694718986501 0.12287335713980706 172
1694718986884 1.40089682861576 173
1694718987132 0.15041331515086365 174
1694718987433 0.8255798552807524 175
1694718987794 10.330070948799252 176
1694718988055 13.285040417002834 177
1694718988354 4.03549923480002 178
1694718988780 22.141334905975764 179
1694718989100 0.005754995495647333 180
1694718989345 1.2223005906668303 181
1694718989951 19.56762911914427 182
1694718990315 2.5632147767044042 183
1694718990652 8.387351537510382 184
1694718991002 4.238868943570903 185
1694718991260 0.026766437417594904 186
1694718991609 1.2579588658759884 187
1694718991932 1.5576280861538971 188
1694718992548 7.79882203732152 189
1694718993005 0.9261365846605065 190
1694718993384 0.031336538241961906 191
1694718993741 0.6533142946416183 192
1694718994109 0.21147802376411626 193
1694718994432 5.43368127765834 194
1694718994796 0.2449958842217873 195
1694718995117 9.094110565266146 196
1694718995376 6.042366891884482 197
1694718995667 4.726679543350479 198
1694718996040 8.392855730556123 199
1694718996412 0.08292390227703773 200
1694718996793 2.3373174205891867 201
1694718997134 0.1628542421065627 202
1694718997410 0.6225210316563532 203
1694718997732 2.4022332976123177 204
1694718998239 7.327484271552032 205
1694718998547 3.274037067042074 206
1694718998976 0.03499288134308076 207
1694718999290 0.969149080170689 208
1694718999506 3.3000257592249853 209
1694718999846 6.2289704031073665 210
1694719000132 11.424880384664847 211
1694719000357 6.68343752565952 212
1694719000577 3.785621170666464 213
1694719000929 0.07135438796130274 214
1694719001439 3.0812912523953973 215
1694719001856 1.6682851664695866 216
1694719002185 1.8319274745054748 217
1694719002467 0.015868974212887594 218
1694719002813 0.9781979275520382 219
1694719003132 4.635193193469923 220
1694719003385 0.4388918665780875 221
1694719003681 0.3124886942213391 222
1694719003980 0.2988150281874657 223
1694719004290 0.5184843953659299 224
1694719004604 3.144221564010809 225
1694719005029 1.6700973211308576 226
1694719005337 0.6393618946497902 227
1694719005881 12.214255086965888 228
1694719006232 1.4066956544535834 229
1694719006523 13.82830631345195 230
1694719006858 11.738243407513547 231
1694719007146 12.188486422250374 232
1694719007458 1.8258855283632658 233
1694719007941 3.6729798550411865 234
1694719008412 6.1319281343574366 235
1694719008721 0.0311468821449165 236
1694719009024 9.387147781983106 237
1694719009350 0.7981809091126977 238
1694719009698 0.11385018656234974 239
1694719010182 5.471219047684999 240
1694719010786 4.1650575731384825 241
1694719011150 5.936153664721943 242
1694719011561 27.89847559595624 243
1694719011803 0.5675721353319848 244
1694719012171 0.7610963076470001 245
1694719012564 0.023106283524456407 246
1694719012948 0.023976338959681813 247
1694719013313 4.851595848528081 248
1694719013670 0.7053934087030941 249
1694719014014 6.10315348708713 250
1694719014366 0.53209607520063 251
1694719014766 0.0023834067003875355 252
1694719015112 0.032723379714863714 253
1694719015424 0.09122826970384447 254
1694719015675 2.7821964690238477 255
1694719016002 2.83892444385528 256
1694719016507 0.08548324001375583 257
1694719016871 3.7785720530147975 258
1694719017278 10.153164673543886 259
1694719017668 14.986854958995261 260
1694719017966 9.58832449339442 261
1694719018297 0.8162561155425164 262
1694719018645 1.8554332642342537 263
1694719019045 0.48347401907661464 264
1694719019378 0.47276110078905276 265
1694719019829 1.9573559534022276 266
1694719020160 4.111469170781351 267
1694719020508 0.02058431136227018 268
1694719020879 1.3625284426480735 269
1694719021214 0.3781167882346769 270
1694719021641 3.5638708238713503 271
1694719021964 8.039882888658084 272
1694719022302 12.141099672628519 273
1694719022730 5.19839393399006 274
1694719023012 12.188899320904124 275
1694719023444 3.407969620376773 276
1694719023854 0.2806923520431184 277
1694719024440 30.374233039665544 278
1694719024755 0.0019136373936245448 279
1694719024975 5.419799758967434 280
1694719025402 0.3236989692670113 281
1694719025871 1.5509877268633345 282
1694719026189 2.604745681508336 283
1694719026602 9.672732102540362 284
1694719026964 33.84038144375849 285
1694719027290 1.4906319091214315 286
1694719027667 1.253200711428309 287
1694719027908 0.20244585802440662 288
1694719028221 1.7447797714553268 289
1694719028552 1.5177994472634087 290
1694719028954 0.10988809141333931 291
1694719029471 1.8858574510775774 292
1694719030016 5.150383765674979 293
1694719030354 0.7767132075853528 294
1694719030715 1.5784424517960567 295
1694719031103 2.736867230433131 296
1694719031730 12.422407460564123 297
1694719032069 1.0220645008137637 298
1694719032476 3.5945153382922492 299
1694719032854 0.2659414727468341 300
1694719033197 3.394988489276793 301
1694719033562 4.437385653629709 302
1694719033888 5.2563056103474 303
1694719034196 1.974863955476499 304
1694719034510 0.15882345942606835 305
1694719034858 8.861647839486123 306
1694719035094 10.186172048709444 307
1694719035390 18.0241039428238 308
1694719035745 10.843368661308489 309
1694719036178 11.495173555578182 310
1694719036520 12.809103518743731 311
1694719036843 10.534062744994033 312
1694719037111 3.156989225754062 313
1694719037569 4.648254409346822 314
1694719037989 1.418375406833801 315
1694719038375 3.142148415980433 316
1694719038810 0.39428604822724267 317
1694719039097 3.3576140195247297 318
1694719039442 0.046960910799929874 319
1694719039931 15.760367006698075 320
1694719040295 12.773761043145898 321
1694719040638 0.08693763220617888 322
1694719040981 0.007072631044474463 323
1694719041291 2.5197490179495063 324
1694719041762 3.3446702742206535 325
1694719042103 4.936539904307342 326
1694719042389 0.3888983554568669 327
1694719042731 5.25130096824069 328
1694719043094 0.41071602640647137 329
1694719043353 2.4179567047891664 330
1694719043620 3.076986714151982 331
1694719043925 5.081004560051547 332
1694719044159 3.2041277781792723 333
1694719044355 3.4324758045620665 334
1694719044646 4.818426611041772 335
1694719045065 0.9066987001522316 336
1694719045272 0.003814099054606442 337
1694719045591 26.51051077253694 338
1694719045925 19.99660890438614 339
1694719046179 0.05206741016391546 340
1694719046495 2.398386882961324 341
1694719046777 0.00014504621745981298 342
1694719047121 1.2350935941716894 343
1694719047336 1.5867783733279923 344
1694719047630 14.726059421279714 345
1694719047922 0.03239621792549978 346
1694719048275 0.9333318675694566 347
1694719048650 1.7333219489452554 348
1694719048947 52.46210974561991 349
1694719049268 1.664418345499268 350
1694719049722 8.489272177066246 351
1694719050076 0.3919092930046516 352
1694719050313 0.1310471209257071 353
1694719050628 0.577416598783455 354
1694719051052 2.460072832657442 355
1694719051336 7.498034182558032 356
1694719051704 0.2159133364761621 357
1694719052027 27.958809302246838 358
1694719052284 7.3529243805774716 359
1694719052581 22.23939381718734 360
1694719052916 1.7450120752797817 361
1694719053223 1.0981425333322083 362
1694719053486 17.228191319884584 363
1694719053795 0.49016359830436107 364
1694719054117 17.64289583489332 365
1694719054353 1.0573952684451573 366
1694719054694 2.479906629286333 367
1694719055025 17.652376710068417 368
1694719055305 21.01896556044047 369
1694719055624 2.989550637841193 370
1694719055983 6.41263109870652 371
1694719056280 1.0364667550919573 372
1694719056537 1.1322265926240518 373
1694719056836 0.21157432722733266 374
1694719057160 0.25214603737459296 375
1694719057399 9.924401298400975 376
1694719057638 0.8172861411260566 377
1694719059204 0.0006362815593636946 378
1694719059542 0.09483143343711771 379
1694719060089 9.95724087317075 380
1694719060479 12.591354810249493 381
1694719060844 0.18523799496045654 382
1694719061319 10.995181042893256 383
1694719061704 0.9187766532277707 384
1694719062004 7.157405409140557 385
1694719062358 10.138948302085165 386
1694719062653 8.539530100356146 387
1694719062893 6.434247078870299 388
1694719063203 0.0046606561306068005 389
1694719063565 8.816152590110306 390
1694719063914 9.885921962811391 391
1694719064271 5.091945842225429 392
1694719064589 2.5602295693092256 393
1694719064883 8.81417175729505 394
1694719065158 0.01587158834141101 395
1694719065485 2.9678505728488522 396
1694719065807 2.015920632324392 397
1694719066157 39.62014008433239 398
1694719066502 16.226290157219022 399
1694719066847 3.5734737206506115 400
1694719067273 8.529978432977849 401
1694719067591 0.011515162180954663 402
1694719067941 9.653628485691177 403
1694719068316 5.943923493919384 404
1694719068599 18.38543868712315 405
1694719068854 19.503942310161314 406
1694719069138 0.8056319147267461 407
1694719069635 0.05019709067754124 408
1694719070145 4.753574720058724 409
1694719070517 2.8278440595469343 410
1694719070771 0.3143780924856171 411
1694719071156 1.156024992903136 412
1694719071527 0.11799852223907109 413
1694719071842 0.3075464330631669 414
1694719072174 62.41809720887796 415
1694719072548 16.942351028258525 416
1694719072803 1.591150338884828 417
1694719073168 0.007143747153425675 418
1694719073541 0.07004150035254547 419
1694719074021 0.803744932179505 420
1694719074633 2.317993556735086 421
1694719075087 4.1613031802966365 422
1694719075515 8.60569046774171 423
1694719075810 2.820439625676345 424
1694719076184 0.04578342426716991 425
1694719076548 0.10360362917361664 426
1694719076844 0.41308886113227594 427
1694719077195 0.9275853253313711 428
1694719077552 0.49807305462921075 429
1694719077875 1.628640360376096 430
1694719078178 0.929393142706461 431
1694719078590 18.032026606088294 432
1694719078909 4.691666938008677 433
1694719079288 1.3979253988331615 434
1694719079653 10.70938611774162 435
1694719080172 18.958696185199635 436
1694719080656 5.752131926043054 437
1694719081006 0.06188335707072234 438
1694719081334 1.2225444719577496 439
1694719081724 3.806498098259961 440
1694719081988 4.704677382831199 441
1694719082379 6.475393191824046 442
1694719082666 0.21212065693628912 443
1694719083056 8.46426479776686 444
1694719083359 2.995693976321935 445
1694719083655 1.741803657894212 446
1694719083937 3.3713019289145367 447
1694719084250 0.43670918367125017 448
1694719084569 3.5536145264465233 449
1694719084868 15.324282253547988 450
1694719085276 1.1222533383658915 451
1694719085628 4.418792125615556 452
1694719086039 18.97051765565192 453
1694719086412 5.149204537661548 454
1694719086829 2.6994280376876074 455
1694719087550 19.81793262192162 456
1694719087974 0.1396544739912648 457
1694719088429 0.6767795952289255 458
1694719088757 0.18423719445669756 459
1694719089034 11.045597422482668 460
1694719089376 5.914846939716062 461
1694719089741 0.8498080426759516 462
1694719090145 0.29846024460033105 463
1694719090570 4.351581766972931 464
1694719090994 3.4547995022202884 465
1694719091356 3.497231448716149 466
1694719091809 10.024455852577796 467
1694719092243 0.024618049548868714 468
1694719092719 2.9515912381343488 469
1694719093028 0.000558568183362902 470
1694719093329 18.076729456945618 471
1694719093627 11.36264258858811 472
1694719093925 1.096999914692298 473
1694719094213 1.5660382750439081 474
1694719094584 2.4810040398970377 475
1694719094938 6.683409051630055 476
1694719095198 0.054220967009064314 477
1694719095531 8.27584452036679 478
1694719095882 28.643113336234492 479
1694719096314 8.587296312955615 480
1694719096604 4.243356852545344 481
1694719096976 0.42464478285863166 482
1694719097524 29.605440492138264 483
1694719098010 2.995211739710403 484
1694719098306 15.819130257061406 485
1694719098587 0.6647237478337505 486
1694719098917 2.741652065884043 487
1694719099450 1.2521372584382886 488
1694719100009 45.80517568918342 489
1694719100247 0.023236807129558213 490
1694719100573 1.5139035955564248 491
1694719100913 8.93025788923601 492
1694719101255 0.3255416783012215 493
1694719101661 0.0065268265859717445 494
1694719102035 2.8679243035601303 495
1694719102389 0.27125184522909584 496
1694719102731 0.41971735638679974 497
1694719103078 2.634017351847459 498
1694719103342 5.389076307033485 499
