1694714736663 168.82788297592853 0
1694714736922 8.526316860832374 1
1694714737224 2.600499822459818 2
1694714737515 2.381032388426078 3
1694714737773 2.3724947497502984 4
1694714738088 2.371754056028307 5
1694714738411 2.37130169889886 6
1694714738759 2.3708601299138383 7
1694714739107 2.370419089724492 8
1694714739449 2.3699781990637683 9
1694714739746 2.369537443872243 10
1694714740114 2.369096823590051 11
1694714740438 2.3686563381563355 12
1694714740711 2.3682159875286977 13
1694714741050 2.3677757716654355 14
1694714741345 2.3673356905248832 15
1694714741677 2.3668957440653915 16
1694714742008 2.366455932245322 17
1694714742320 2.3660162550230504 18
1694714742616 2.365576712356965 19
1694714742860 2.3651373042054673 20
1694714743188 2.3646980305269722 21
1694714743497 2.3642588912799085 22
1694714743794 2.3638198864227147 23
1694714744057 2.3633810159138466 24
1694714744293 2.3629422797117714 25
1694714744542 2.3625036777749684 26
1694714744905 2.362065210061931 27
1694714745237 2.3616268765311643 28
1694714745567 2.3611886771411883 29
1694714745904 2.360750611850536 30
1694714746229 2.360312680617752 31
1694714746636 2.3598748834013934 32
1694714746946 2.359437220160033 33
1694714747223 2.358999690852255 34
1694714747518 2.3585622954366556 35
1694714747767 2.358125033871846 36
1694714748118 2.35768790611645 37
1694714748454 2.3572509121291025 38
1694714748699 2.3568140518684544 39
1694714749006 2.3563773252931672 40
1694714749322 2.3559407323619164 41
1694714749584 2.3555042730333904 42
1694714749896 2.3550679472662903 43
1694714750274 2.354631755019331 44
1694714750584 2.3541956962512383 45
1694714750913 2.353759770920754 46
1694714751243 2.3533239789866305 47
1694714751550 2.3528883204076343 48
1694714751793 2.3524527951425442 49
1694714752090 2.3520174031501524 50
1694714752444 2.351582144389264 51
1694714752814 2.3511470188186965 52
1694714753180 2.3507120263972814 53
1694714753537 2.350277167083862 54
1694714754028 2.3498424408372953 55
1694714754318 2.349407847616452 56
1694714754631 2.3489733873802128 57
1694714754930 2.3485390600874747 58
1694714755239 2.348104865697145 59
1694714755501 2.3476708041681458 60
1694714755788 2.3472368754594113 61
1694714756107 2.3468030795298884 62
1694714756444 2.3463694163385376 63
1694714756775 2.345935885844332 64
1694714757088 2.3455024880062565 65
1694714757432 2.34506922278331 66
1694714757725 2.3446360901345056 67
1694714758036 2.344203090018866 68
1694714758359 2.3437702223954293 69
1694714758651 2.343337487223246 70
1694714758972 2.3429048844613787 71
1694714759315 2.342472414068904 72
1694714759670 2.34204007600491 73
1694714759963 2.3416078702284984 74
1694714760291 2.3411757966987845 75
1694714760605 2.3407438553748947 76
1694714760925 2.3403120462159697 77
1694714761246 2.3398803691811634 78
1694714761543 2.3394488242296396 79
1694714761912 2.339017411320579 80
1694714762213 2.338586130413172 81
1694714762471 2.338154981466624 82
1694714762722 2.337723964440151 83
1694714762979 2.337293079292983 84
1694714763299 2.336862325984364 85
1694714763595 2.336431704473548 86
1694714763813 2.336001214719805 87
1694714764069 2.335570856682415 88
1694714764418 2.335140630320672 89
1694714764697 2.3347105355938833 90
1694714764982 2.334280572461369 91
1694714765290 2.3338507408824603 92
1694714765601 2.333421040816502 93
1694714765900 2.3329914722228535 94
1694714766200 2.332562035060884 95
1694714766541 2.332132729289978 96
1694714766863 2.3317035548695304 97
1694714767167 2.3312745117589513 98
1694714767462 2.330845599917662 99
1694714767765 2.3304168193050967 100
1694714768044 2.3299881698807026 101
1694714768346 2.329559651603939 102
1694714768632 2.32913126443428 103
1694714768932 2.3287030083312095 104
1694714769237 2.3282748832542266 105
1694714769575 2.327846889162841 106
1694714769878 2.327419026016577 107
1694714770211 2.3269912937749706 108
1694714770562 2.3265636923975705 109
1694714770830 2.326136221843939 110
1694714771197 2.3257088820736507 111
1694714771508 2.3252816730462906 112
1694714771798 2.3248545947214607 113
1694714772105 2.324427647058772 114
1694714772389 2.3240008300178507 115
1694714772697 2.323574143558333 116
1694714772958 2.323147587639871 117
1694714773242 2.322721162222127 118
1694714773589 2.3222948672647767 119
1694714773852 2.321868702727509 120
1694714774134 2.3214426685700245 121
1694714774441 2.3210167647520374 122
1694714774755 2.3205909912332743 123
1694714775076 2.320165347973473 124
1694714775475 2.319739834932387 125
1694714775839 2.3193144520697793 126
1694714776139 2.3188891993454277 127
1694714776539 2.3184640767191214 128
1694714776839 2.318039084150662 129
1694714777112 2.317614221599866 130
1694714777380 2.31718948902656 131
1694714777706 2.316764886390584 132
1694714778039 2.31634041365179 133
1694714778383 2.3159160707700446 134
1694714778691 2.3154918577052257 135
1694714778958 2.315067774417223 136
1694714779218 2.3146438208659394 137
1694714779485 2.3142199970112918 138
1694714779806 2.3137963028132074 139
1694714780015 2.313372738231628 140
1694714780290 2.312949303226506 141
1694714780605 2.3125259977578088 142
1694714780896 2.3121028217855133 143
1694714781196 2.311679775269612 144
1694714781493 2.311256858170108 145
1694714781798 2.3108340704470187 146
1694714782114 2.31041141206037 147
1694714782415 2.309988882970207 148
1694714782774 2.3095664831365816 149
1694714783065 2.3091442125195605 150
1694714783365 2.3087220710792224 151
1694714783685 2.308300058775659 152
1694714783965 2.3078781755689755 153
1694714784263 2.307456421419287 154
1694714784566 2.3070347962867235 155
1694714784847 2.3066133001314264 156
1694714785201 2.3061919329135496 157
1694714785456 2.3057706945932606 158
1694714785735 2.3053495851307364 159
1694714785985 2.3049286044861717 160
1694714786264 2.304507752619769 161
1694714786591 2.304087029491745 162
1694714786843 2.303666435062329 163
1694714787084 2.3032459692917624 164
1694714787366 2.3028256321403 165
1694714787635 2.302405423568208 166
1694714787931 2.301985343535765 167
1694714788169 2.3015653920032633 168
1694714788379 2.3011455689310067 169
1694714788718 2.3007258742793106 170
1694714788993 2.300306308008506 171
1694714789240 2.2998868700789323 172
1694714789516 2.2994675604509442 173
1694714789891 2.2990483790849088 174
1694714790137 2.2986293259412034 175
1694714790441 2.29821040098022 176
1694714790766 2.2977916041623616 177
1694714791030 2.2973729354480446 178
1694714791323 2.2969543947976967 179
1694714791671 2.2965359821717604 180
1694714791999 2.296117697530687 181
1694714792328 2.2956995408349443 182
1694714792651 2.2952815120450087 183
1694714792933 2.294863611121371 184
1694714793174 2.2944458380245343 185
1694714793443 2.2940281927150146 186
1694714793713 2.293610675153339 187
1694714793984 2.2931932853000467 188
1694714794278 2.292776023115692 189
1694714794597 2.2923588885608384 190
1694714794873 2.291941881596063 191
1694714795238 2.2915250021819564 192
1694714795613 2.2911082502791196 193
1694714795890 2.290691625848168 194
1694714796159 2.2902751288497276 195
1694714796414 2.2898587592444373 196
1694714796811 2.289442516992949 197
1694714797093 2.2890264020559266 198
1694714797349 2.2886104143940456 199
1694714797602 2.2881945539679944 200
1694714797920 2.2877788207384744 201
1694714798216 2.287363214666198 202
1694714798554 2.2869477357118915 203
1694714798973 2.286532383836292 204
1694714799251 2.28611715900015 205
1694714799746 2.2857020611642276 206
1694714800094 2.2852870902893003 207
1694714800366 2.2848722463361533 208
1694714800672 2.284457529265588 209
1694714800983 2.2840429390384154 210
1694714801335 2.2836284756154583 211
1694714801642 2.2832141389575544 212
1694714801964 2.282799929025552 213
1694714802236 2.2823858457803112 214
1694714802533 2.281971889182706 215
1694714802845 2.281558059193621 216
1694714803115 2.2811443557739537 217
1694714803441 2.280730778884615 218
1694714803828 2.2803173284865266 219
1694714804140 2.2799040045406227 220
1694714804433 2.2794908070078503 221
1694714804732 2.2790777358491683 222
1694714805085 2.2786647910255478 223
1694714805368 2.2782519724979715 224
1694714805698 2.2778392802274374 225
1694714806068 2.277426714174951 226
1694714806308 2.2770142743015334 227
1694714806735 2.2766019605682173 228
1694714807048 2.276189772936047 229
1694714807347 2.2757777113660795 230
1694714807723 2.2753657758193846 231
1694714808052 2.2749539662570415 232
1694714808406 2.2745422826401454 233
1694714808724 2.274130724929802 234
1694714809051 2.273719293087128 235
1694714809286 2.2733079870732555 236
1694714809558 2.2728968068493245 237
1694714809807 2.272485752376491 238
1694714810097 2.2720748236159216 239
1694714810354 2.271664020528795 240
1694714810715 2.271253343076302 241
1694714811050 2.2708427912196454 242
1694714811309 2.2704323649200417 243
1694714811628 2.2700220641387174 244
1694714811940 2.2696118888369132 245
1694714812237 2.2692018389758806 246
1694714812515 2.2687919145168833 247
1694714812848 2.2683821154211983 248
1694714813158 2.267972441650113 249
1694714813444 2.267562893164928 250
1694714813765 2.2671534699269564 251
1694714814096 2.266744171897523 252
1694714814410 2.266334999037965 253
1694714814753 2.26592595130963 254
1694714815119 2.2655170286738806 255
1694714815508 2.2651082310920896 256
1694714815823 2.264699558525642 257
1694714816156 2.264291010935936 258
1694714816440 2.263882588284381 259
1694714816790 2.2634742905323986 260
1694714817133 2.263066117641423 261
1694714817428 2.2626580695728986 262
1694714817765 2.262250146288286 263
1694714818057 2.2618423477490524 264
1694714818405 2.2614346739166824 265
1694714818817 2.2610271247526694 266
1694714819129 2.2606197002185193 267
1694714819415 2.2602124002757513 268
1694714819776 2.2598052248858953 269
1694714820148 2.2593981740104936 270
1694714820396 2.2589912476111023 271
1694714820702 2.2585844456492867 272
1694714821042 2.258177768086626 273
1694714821323 2.257771214884711 274
1694714821623 2.257364786005145 275
1694714822035 2.256958481409541 276
1694714822346 2.256552301059528 277
1694714822653 2.256146244916744 278
1694714822997 2.255740312942841 279
1694714823346 2.2553345050994804 280
1694714823675 2.2549288213483383 281
1694714823993 2.254523261651102 282
1694714824328 2.25411782596947 283
1694714824697 2.2537125142651537 284
1694714825002 2.253307326499876 285
1694714825290 2.2529022626353714 286
1694714825605 2.252497322633388 287
1694714825936 2.2520925064556847 288
1694714826225 2.2516878140640326 289
1694714826612 2.2512832454202143 290
1694714826958 2.250878800486025 291
1694714827272 2.2504744792232723 292
1694714827577 2.2500702815937745 293
1694714827887 2.249666207559364 294
1694714828223 2.249262257081882 295
1694714828503 2.2488584301231844 296
1694714828845 2.2484547266451376 297
1694714829275 2.248051146609621 298
1694714829765 2.247647689978525 299
1694714830142 2.247244356713753 300
1694714830398 2.246841146777219 301
1694714830632 2.24643806013085 302
1694714830931 2.2460350967365845 303
1694714831228 2.2456322565563727 304
1694714831537 2.2452295395521777 305
1694714831867 2.2448269456859737 306
1694714832175 2.2444244749197475 307
1694714832444 2.244022127215496 308
1694714832734 2.2436199025352304 309
1694714832968 2.2432178008409727 310
1694714833231 2.242815822094756 311
1694714833515 2.2424139662586273 312
1694714833866 2.242012233294644 313
1694714834166 2.2416106231648754 314
1694714834442 2.241209135831404 315
1694714834679 2.2408077712563217 316
1694714834988 2.240406529401735 317
1694714835357 2.2400054102297617 318
1694714835795 2.2396044137025295 319
1694714836185 2.23920353978218 320
1694714836539 2.2388027884308666 321
1694714836891 2.238402159610753 322
1694714837199 2.2380016532840163 323
1694714837474 2.237601269412844 324
1694714837788 2.2372010079594387 325
1694714838099 2.236800868886011 326
1694714838448 2.2364008521547833 327
1694714838712 2.2360009577279953 328
1694714838991 2.2356011855678917 329
1694714839288 2.2352015356367323 330
1694714839567 2.2348020078967896 331
1694714839879 2.2344026023103463 332
1694714840201 2.2340033188396973 333
1694714840469 2.2336041574471484 334
1694714840764 2.23320511809502 335
1694714841090 2.232806200745642 336
1694714841421 2.232407405361356 337
1694714841653 2.2320087319045165 338
1694714841882 2.2316101803374893 339
1694714842177 2.231211750622652 340
1694714842449 2.230813442722395 341
1694714842753 2.2304152565991178 342
1694714843151 2.230017192215235 343
1694714843451 2.229619249533171 344
1694714843769 2.2292214285153613 345
1694714844076 2.2288237291242563 346
1694714844417 2.228426151322314 347
1694714844683 2.2280286950720076 348
1694714844966 2.227631360335821 349
1694714845287 2.2272341470762487 350
1694714845615 2.2268370552557983 351
1694714845930 2.226440084836989 352
1694714846270 2.2260432357823516 353
1694714846633 2.2256465080544277 354
1694714846911 2.2252499016157725 355
1694714847239 2.2248534164289513 356
1694714847564 2.224457052456542 357
1694714847914 2.2240608096611334 358
1694714848249 2.2236646880053272 359
1694714848541 2.2232686874517364 360
1694714848823 2.222872807962986 361
1694714849143 2.2224770495017103 362
1694714849477 2.222081412030559 363
1694714849735 2.2216858955121923 364
1694714850092 2.221290499909279 365
1694714850401 2.220895225184505 366
1694714850686 2.2205000713005636 367
1694714850984 2.2201050382201615 368
1694714851252 2.2197101259060172 369
1694714851525 2.21931533432086 370
1694714851835 2.218920663427432 371
1694714852180 2.218526113188486 372
1694714852488 2.2181316835667872 373
1694714852743 2.217737374525112 374
1694714852998 2.2173431860262487 375
1694714853289 2.2169491180329963 376
1694714853648 2.2165551705081685 377
1694714853953 2.2161613434145866 378
1694714854246 2.2157676367150856 379
1694714854583 2.215374050372513 380
1694714854915 2.2149805843497257 381
1694714855244 2.214587238609595 382
1694714855572 2.2141940131150015 383
1694714855909 2.213800907828838 384
1694714856234 2.2134079227140084 385
1694714856589 2.2130150577334313 386
1694714856903 2.2126223128500326 387
1694714857250 2.2122296880267527 388
1694714857555 2.2118371832265424 389
1694714857888 2.2114447984123657 390
1694714858226 2.2110525335471958 391
1694714858558 2.210660388594018 392
1694714858890 2.2102683635158313 393
1694714859267 2.2098764582756436 394
1694714859585 2.2094846728364774 395
1694714859899 2.2090930071613637 396
1694714860246 2.208701461213346 397
1694714860574 2.2083100349554816 398
1694714860813 2.207918728350836 399
1694714861113 2.207527541362489 400
1694714861455 2.2071364739535295 401
1694714861796 2.2067455260870608 402
1694714862160 2.2063546977261947 403
1694714862471 2.205963988834058 404
1694714862748 2.205573399373785 405
1694714863043 2.205182929308526 406
1694714863375 2.2047925786014386 407
1694714863701 2.2044023472156953 408
1694714864029 2.2040122351144773 409
1694714864360 2.2036222422609804 410
1694714864755 2.2032323686184094 411
1694714865211 2.2028426141499824 412
1694714865550 2.202452978818927 413
1694714865795 2.2020634625884834 414
1694714866116 2.2016740654219054 415
1694714866519 2.201284787282454 416
1694714866835 2.2008956281334053 417
1694714867134 2.200506587938046 418
1694714867491 2.2001176666596725 419
1694714867781 2.199728864261595 420
1694714868121 2.199340180707135 421
1694714868556 2.198951615959623 422
1694714868849 2.198563169982405 423
1694714869180 2.1981748427388346 424
1694714869503 2.1977866341922794 425
1694714869790 2.197398544306118 426
1694714870094 2.1970105730437393 427
1694714870409 2.196622720368545 428
1694714870729 2.1962349862439474 429
1694714871082 2.195847370633371 430
1694714871429 2.1954598735002513 431
1694714871747 2.1950724948080356 432
1694714872046 2.1946852345201813 433
1694714872357 2.1942980926001594 434
1694714872691 2.1939110690114516 435
1694714872975 2.1935241637175493 436
1694714873436 2.1931373766819586 437
1694714873864 2.1927507078681936 438
1694714874102 2.192364157239782 439
1694714874387 2.1919777247602625 440
1694714874724 2.1915914103931846 441
1694714875100 2.1912052141021108 442
1694714875482 2.190819135850613 443
1694714875770 2.1904331756022755 444
1694714876089 2.1900473333206936 445
1694714876387 2.189661608969475 446
1694714876755 2.1892760025122375 447
1694714877068 2.1888905139126122 448
1694714877393 2.1885051431342384 449
1694714877758 2.1881198901407704 450
1694714878011 2.187734754895871 451
1694714878328 2.187349737363216 452
1694714878606 2.1869648375064923 453
1694714878901 2.186580055289398 454
1694714879213 2.1861953906756426 455
1694714879519 2.1858108436289467 456
1694714879830 2.185426414113043 457
1694714880254 2.1850421020916744 458
1694714880581 2.1846579075285963 459
1694714880862 2.184273830387575 460
1694714881223 2.183889870632388 461
1694714881560 2.183506028226824 462
1694714881867 2.183122303134684 463
1694714882213 2.182738695319779 464
1694714882549 2.1823552047459325 465
1694714882885 2.1819718313769783 466
1694714883215 2.1815885751767623 467
1694714883504 2.1812054361091424 468
1694714883807 2.1808224141379857 469
1694714884121 2.1804395092271713 470
1694714884449 2.1800567213405913 471
1694714884826 2.179674050442148 472
1694714885081 2.1792914964957544 473
1694714885512 2.1789090594653353 474
1694714885879 2.1785267393148273 475
1694714886148 2.1781445360081775 476
1694714886515 2.1777624495093444 477
1694714886900 2.1773804797822987 478
1694714887282 2.1769986267910206 479
1694714887620 2.1766168904995036 480
1694714887897 2.176235270871752 481
1694714888165 2.175853767871779 482
1694714888518 2.1754723814636128 483
1694714888817 2.17509111161129 484
1694714889070 2.1747099582788603 485
1694714889424 2.1743289214303836 486
1694714889731 2.1739480010299306 487
1694714890007 2.173567197041585 488
1694714890350 2.1731865094294402 489
1694714890636 2.1728059381576017 490
1694714890911 2.172425483190186 491
1694714891187 2.1720451444913196 492
1694714891568 2.171664922025143 493
1694714891882 2.1712848157558056 494
1694714892116 2.1709048256474675 495
1694714892359 2.170524951664303 496
1694714892696 2.170145193770495 497
1694714892998 2.1697655519302397 498
1694714893318 2.169386026107742 499
