1694751880952 nan 0
1694751881287 nan 1
1694751881570 nan 2
1694751881904 nan 3
1694751882192 nan 4
1694751882437 nan 5
1694751882797 nan 6
1694751883098 nan 7
1694751883424 nan 8
1694751883819 nan 9
1694751884183 nan 10
1694751884666 nan 11
1694751885059 nan 12
1694751885416 nan 13
1694751886109 nan 14
1694751886499 nan 15
1694751886745 nan 16
1694751887044 nan 17
1694751887356 nan 18
1694751887695 nan 19
1694751888052 nan 20
1694751888322 nan 21
1694751888583 nan 22
1694751888901 nan 23
1694751889200 nan 24
1694751889476 nan 25
1694751889921 nan 26
1694751890289 nan 27
1694751890649 nan 28
1694751890999 nan 29
1694751891320 nan 30
1694751891579 nan 31
1694751891863 nan 32
1694751892177 nan 33
1694751892456 nan 34
1694751892767 nan 35
1694751893074 nan 36
1694751893379 nan 37
1694751893700 nan 38
1694751893918 nan 39
1694751894128 nan 40
1694751894345 nan 41
1694751894588 nan 42
1694751894899 nan 43
1694751895202 nan 44
1694751895456 nan 45
1694751895691 nan 46
1694751896051 nan 47
1694751896320 nan 48
1694751896626 nan 49
1694751897045 nan 50
1694751897327 nan 51
1694751897687 nan 52
1694751898047 nan 53
1694751898365 nan 54
1694751898738 nan 55
1694751899219 nan 56
1694751899486 nan 57
1694751899886 nan 58
1694751900252 nan 59
1694751900605 nan 60
1694751900908 nan 61
1694751901338 nan 62
1694751901641 nan 63
1694751901955 nan 64
1694751902211 nan 65
1694751902535 nan 66
1694751902868 nan 67
1694751903178 nan 68
1694751903484 nan 69
1694751903833 nan 70
1694751904145 nan 71
1694751904461 nan 72
1694751904700 nan 73
1694751904929 nan 74
1694751905163 nan 75
1694751905487 nan 76
1694751905825 nan 77
1694751906126 nan 78
1694751906445 nan 79
1694751906738 nan 80
1694751907032 nan 81
1694751907313 nan 82
1694751907666 nan 83
1694751907968 nan 84
1694751908337 nan 85
1694751908620 nan 86
1694751908882 nan 87
1694751909197 nan 88
1694751909506 nan 89
1694751909789 nan 90
1694751910092 nan 91
1694751910412 nan 92
1694751910707 nan 93
1694751911015 nan 94
1694751911342 nan 95
1694751911647 nan 96
1694751911962 nan 97
1694751912292 nan 98
1694751912658 nan 99
1694751912878 nan 100
1694751913190 nan 101
1694751913461 nan 102
1694751913763 nan 103
1694751914007 nan 104
1694751914287 nan 105
1694751914612 nan 106
1694751914930 nan 107
1694751915283 nan 108
1694751915553 nan 109
1694751915787 nan 110
1694751916039 nan 111
1694751916342 nan 112
1694751916649 nan 113
1694751916871 nan 114
1694751917176 nan 115
1694751917441 nan 116
1694751917767 nan 117
1694751918070 nan 118
1694751918424 nan 119
1694751918738 nan 120
1694751918959 nan 121
1694751919249 nan 122
1694751919572 nan 123
1694751919814 nan 124
1694751920084 nan 125
1694751920417 nan 126
1694751920766 nan 127
1694751920987 nan 128
1694751921231 nan 129
1694751921560 nan 130
1694751921782 nan 131
1694751922015 nan 132
1694751922313 nan 133
1694751922562 nan 134
1694751922776 nan 135
1694751922990 nan 136
1694751923213 nan 137
1694751923425 nan 138
1694751923720 nan 139
1694751923979 nan 140
1694751924214 nan 141
1694751924511 nan 142
1694751924781 nan 143
1694751925074 nan 144
1694751925322 nan 145
1694751925624 nan 146
1694751925996 nan 147
1694751926234 nan 148
1694751926472 nan 149
1694751926807 nan 150
1694751927016 nan 151
1694751927268 nan 152
1694751927581 nan 153
1694751927929 nan 154
1694751928241 nan 155
1694751928570 nan 156
1694751928885 nan 157
1694751929106 nan 158
1694751929354 nan 159
1694751929638 nan 160
1694751929959 nan 161
1694751930212 nan 162
1694751930606 nan 163
1694751930880 nan 164
1694751931172 nan 165
1694751931524 nan 166
1694751931798 nan 167
1694751932069 nan 168
1694751932359 nan 169
1694751932657 nan 170
1694751932974 nan 171
1694751933236 nan 172
1694751933567 nan 173
1694751933868 nan 174
1694751934099 nan 175
1694751934446 nan 176
1694751934816 nan 177
1694751935093 nan 178
1694751935344 nan 179
1694751935603 nan 180
1694751935909 nan 181
1694751936150 nan 182
1694751936398 nan 183
1694751936714 nan 184
1694751937049 nan 185
1694751937311 nan 186
1694751937648 nan 187
1694751937893 nan 188
1694751938158 nan 189
1694751938416 nan 190
1694751938741 nan 191
1694751939057 nan 192
1694751939385 nan 193
1694751939651 nan 194
1694751939946 nan 195
1694751940194 nan 196
1694751940448 nan 197
1694751940759 nan 198
1694751941001 nan 199
1694751941224 nan 200
1694751941565 nan 201
1694751941979 nan 202
1694751942261 nan 203
1694751942571 nan 204
1694751942873 nan 205
1694751943176 nan 206
1694751943490 nan 207
1694751943810 nan 208
1694751944114 nan 209
1694751944375 nan 210
1694751944610 nan 211
1694751944848 nan 212
1694751945149 nan 213
1694751945434 nan 214
1694751945692 nan 215
1694751946118 nan 216
1694751946341 nan 217
1694751946577 nan 218
1694751946820 nan 219
1694751947044 nan 220
1694751947300 nan 221
1694751947576 nan 222
1694751947854 nan 223
1694751948170 nan 224
1694751948461 nan 225
1694751948781 nan 226
1694751949110 nan 227
1694751949379 nan 228
1694751949644 nan 229
1694751949882 nan 230
1694751950112 nan 231
1694751950339 nan 232
1694751950686 nan 233
1694751950974 nan 234
1694751951244 nan 235
1694751951445 nan 236
1694751951758 nan 237
1694751952107 nan 238
1694751952501 nan 239
1694751952898 nan 240
1694751953207 nan 241
1694751953525 nan 242
1694751954405 nan 243
1694751955461 nan 244
1694751955889 nan 245
1694751956323 nan 246
1694751956818 nan 247
1694751957406 nan 248
1694751957815 nan 249
1694751958112 nan 250
1694751958548 nan 251
1694751958810 nan 252
1694751959043 nan 253
1694751959478 nan 254
1694751959905 nan 255
1694751960252 nan 256
1694751960600 nan 257
1694751960909 nan 258
1694751961203 nan 259
1694751961426 nan 260
1694751961741 nan 261
1694751962170 nan 262
1694751962799 nan 263
1694751963143 nan 264
1694751963447 nan 265
1694751963782 nan 266
1694751964088 nan 267
1694751964383 nan 268
1694751964615 nan 269
1694751964847 nan 270
1694751965122 nan 271
1694751965458 nan 272
1694751965779 nan 273
1694751966193 nan 274
1694751966813 nan 275
1694751967223 nan 276
1694751967608 nan 277
1694751967950 nan 278
1694751968348 nan 279
1694751968688 nan 280
1694751969155 nan 281
1694751969689 nan 282
1694751970087 nan 283
1694751970371 nan 284
1694751970682 nan 285
1694751971002 nan 286
1694751971584 nan 287
1694751971978 nan 288
1694751972408 nan 289
1694751972770 nan 290
1694751973023 nan 291
1694751973392 nan 292
1694751973952 nan 293
1694751974277 nan 294
1694751974513 nan 295
1694751974871 nan 296
1694751975209 nan 297
1694751975575 nan 298
1694751975977 nan 299
1694751976237 nan 300
1694751976512 nan 301
1694751976896 nan 302
1694751977230 nan 303
1694751977788 nan 304
1694751978218 nan 305
1694751978600 nan 306
1694751979031 nan 307
1694751979377 nan 308
1694751979760 nan 309
1694751980296 nan 310
1694751980906 nan 311
1694751981351 nan 312
1694751981739 nan 313
1694751982034 nan 314
1694751982291 nan 315
1694751982515 nan 316
1694751982879 nan 317
1694751983155 nan 318
1694751983435 nan 319
1694751983738 nan 320
1694751984110 nan 321
1694751984428 nan 322
1694751984718 nan 323
1694751985004 nan 324
1694751985236 nan 325
1694751985528 nan 326
1694751985916 nan 327
1694751986330 nan 328
1694751986670 nan 329
1694751986940 nan 330
1694751987276 nan 331
1694751987554 nan 332
1694751987906 nan 333
1694751988189 nan 334
1694751988465 nan 335
1694751988767 nan 336
1694751989050 nan 337
1694751989384 nan 338
1694751989705 nan 339
1694751989948 nan 340
1694751990191 nan 341
1694751990496 nan 342
1694751990832 nan 343
1694751991132 nan 344
1694751991366 nan 345
1694751991704 nan 346
1694751992016 nan 347
1694751992290 nan 348
1694751992578 nan 349
1694751992870 nan 350
1694751993170 nan 351
1694751993408 nan 352
1694751993660 nan 353
1694751993943 nan 354
1694751994191 nan 355
1694751994506 nan 356
1694751994854 nan 357
1694751995241 nan 358
1694751995474 nan 359
1694751995767 nan 360
1694751996200 nan 361
1694751996467 nan 362
1694751996780 nan 363
1694751997087 nan 364
1694751997386 nan 365
1694751997710 nan 366
1694751997935 nan 367
1694751998218 nan 368
1694751998539 nan 369
1694751998859 nan 370
1694751999170 nan 371
1694751999453 nan 372
1694751999726 nan 373
1694752000006 nan 374
1694752000269 nan 375
1694752000573 nan 376
1694752000885 nan 377
1694752001188 nan 378
1694752001442 nan 379
1694752001785 nan 380
1694752002094 nan 381
1694752002371 nan 382
1694752002642 nan 383
1694752003023 nan 384
1694752003316 nan 385
1694752003620 nan 386
1694752003902 nan 387
1694752004204 nan 388
1694752004518 nan 389
1694752004790 nan 390
1694752005155 nan 391
1694752005429 nan 392
1694752005718 nan 393
1694752006093 nan 394
1694752006372 nan 395
1694752006634 nan 396
1694752006912 nan 397
1694752007371 nan 398
1694752007688 nan 399
1694752007972 nan 400
1694752008282 nan 401
1694752008538 nan 402
1694752008833 nan 403
1694752009118 nan 404
1694752009453 nan 405
1694752009815 nan 406
1694752010176 nan 407
1694752010435 nan 408
1694752010773 nan 409
1694752011069 nan 410
1694752011338 nan 411
1694752011701 nan 412
1694752012102 nan 413
1694752012560 nan 414
1694752012870 nan 415
1694752013144 nan 416
1694752013474 nan 417
1694752013825 nan 418
1694752014231 nan 419
1694752014515 nan 420
1694752014849 nan 421
1694752015178 nan 422
1694752015484 nan 423
1694752015736 nan 424
1694752016086 nan 425
1694752016462 nan 426
1694752016730 nan 427
1694752017049 nan 428
1694752017380 nan 429
1694752017691 nan 430
1694752017987 nan 431
1694752018298 nan 432
1694752018662 nan 433
1694752018902 nan 434
1694752019202 nan 435
1694752019508 nan 436
1694752019813 nan 437
1694752020130 nan 438
1694752020459 nan 439
1694752020803 nan 440
1694752021117 nan 441
1694752021442 nan 442
1694752021729 nan 443
1694752022050 nan 444
1694752022362 nan 445
1694752022644 nan 446
1694752022991 nan 447
1694752023333 nan 448
1694752023645 nan 449
1694752023880 nan 450
1694752024157 nan 451
1694752024515 nan 452
1694752024805 nan 453
1694752025129 nan 454
1694752025477 nan 455
1694752025845 nan 456
1694752026247 nan 457
1694752026605 nan 458
1694752026872 nan 459
1694752027136 nan 460
1694752027469 nan 461
1694752028017 nan 462
1694752028355 nan 463
1694752028732 nan 464
1694752029121 nan 465
1694752029500 nan 466
1694752029919 nan 467
1694752030314 nan 468
1694752030726 nan 469
1694752031069 nan 470
1694752031458 nan 471
1694752031777 nan 472
1694752032222 nan 473
1694752032683 nan 474
1694752032966 nan 475
1694752033262 nan 476
1694752033517 nan 477
1694752033766 nan 478
1694752034005 nan 479
1694752034381 nan 480
1694752034653 nan 481
1694752034929 nan 482
1694752035216 nan 483
1694752035536 nan 484
1694752035911 nan 485
1694752036327 nan 486
1694752036690 nan 487
1694752036931 nan 488
1694752037172 nan 489
1694752037446 nan 490
1694752037838 nan 491
1694752038085 nan 492
1694752038396 nan 493
1694752038813 nan 494
1694752039126 nan 495
1694752039469 nan 496
1694752039876 nan 497
1694752040254 nan 498
1694752040739 nan 499
