1694754201107 1.3143065935191172e+208 0
1694754201359 inf 1
1694754201653 nan 2
1694754201926 nan 3
1694754202170 nan 4
1694754202403 nan 5
1694754202642 nan 6
1694754202911 nan 7
1694754203173 nan 8
1694754203383 nan 9
1694754203713 nan 10
1694754203924 nan 11
1694754204119 nan 12
1694754204270 nan 13
1694754204491 nan 14
1694754204742 nan 15
1694754205018 nan 16
1694754205200 nan 17
1694754205349 nan 18
1694754205528 nan 19
1694754205783 nan 20
1694754205992 nan 21
1694754206150 nan 22
1694754206425 nan 23
1694754206640 nan 24
1694754206816 nan 25
1694754206978 nan 26
1694754207147 nan 27
1694754207310 nan 28
1694754207468 nan 29
1694754207877 nan 30
1694754208053 nan 31
1694754208213 nan 32
1694754208353 nan 33
1694754208493 nan 34
1694754208618 nan 35
1694754208762 nan 36
1694754208956 nan 37
1694754209115 nan 38
1694754209278 nan 39
1694754209507 nan 40
1694754209658 nan 41
1694754209827 nan 42
1694754210323 nan 43
1694754210602 nan 44
1694754210889 nan 45
1694754211165 nan 46
1694754211325 nan 47
1694754211554 nan 48
1694754211777 nan 49
1694754212020 nan 50
1694754212240 nan 51
1694754212485 nan 52
1694754212657 nan 53
1694754212821 nan 54
1694754212997 nan 55
1694754213186 nan 56
1694754213366 nan 57
1694754213699 nan 58
1694754213959 nan 59
1694754214301 nan 60
1694754214631 nan 61
1694754214958 nan 62
1694754215168 nan 63
1694754215408 nan 64
1694754215678 nan 65
1694754215879 nan 66
1694754216152 nan 67
1694754216358 nan 68
1694754216540 nan 69
1694754216765 nan 70
1694754217152 nan 71
1694754217343 nan 72
1694754217540 nan 73
1694754217770 nan 74
1694754217937 nan 75
1694754218209 nan 76
1694754218414 nan 77
1694754218624 nan 78
1694754218795 nan 79
1694754219003 nan 80
1694754219227 nan 81
1694754219481 nan 82
1694754219710 nan 83
1694754220064 nan 84
1694754220263 nan 85
1694754220437 nan 86
1694754220639 nan 87
1694754220903 nan 88
1694754221075 nan 89
1694754221286 nan 90
1694754221494 nan 91
1694754221829 nan 92
1694754222124 nan 93
1694754222348 nan 94
1694754222587 nan 95
1694754222927 nan 96
1694754223216 nan 97
1694754223406 nan 98
1694754223735 nan 99
1694754224137 nan 100
1694754224357 nan 101
1694754224626 nan 102
1694754224941 nan 103
1694754225280 nan 104
1694754225509 nan 105
1694754225751 nan 106
1694754226010 nan 107
1694754226374 nan 108
1694754226633 nan 109
1694754226935 nan 110
1694754227247 nan 111
1694754227487 nan 112
1694754227805 nan 113
1694754228131 nan 114
1694754228425 nan 115
1694754228634 nan 116
1694754228907 nan 117
1694754229197 nan 118
1694754229501 nan 119
1694754229755 nan 120
1694754230018 nan 121
1694754230270 nan 122
1694754230487 nan 123
1694754230680 nan 124
1694754230972 nan 125
1694754231204 nan 126
1694754231446 nan 127
1694754231720 nan 128
1694754231991 nan 129
1694754232239 nan 130
1694754232505 nan 131
1694754232835 nan 132
1694754233168 nan 133
1694754233412 nan 134
1694754233742 nan 135
1694754233970 nan 136
1694754234307 nan 137
1694754234579 nan 138
1694754234898 nan 139
1694754235251 nan 140
1694754235506 nan 141
1694754235789 nan 142
1694754236038 nan 143
1694754236332 nan 144
1694754236512 nan 145
1694754236671 nan 146
1694754236874 nan 147
1694754237107 nan 148
1694754237257 nan 149
1694754237498 nan 150
1694754237751 nan 151
1694754237917 nan 152
1694754238100 nan 153
1694754238313 nan 154
1694754238505 nan 155
1694754238718 nan 156
1694754238928 nan 157
1694754239191 nan 158
1694754239470 nan 159
1694754239710 nan 160
1694754239870 nan 161
1694754240035 nan 162
1694754240282 nan 163
1694754240475 nan 164
1694754240639 nan 165
1694754240797 nan 166
1694754241103 nan 167
1694754241316 nan 168
1694754241475 nan 169
1694754241660 nan 170
1694754241867 nan 171
1694754242074 nan 172
1694754242283 nan 173
1694754242455 nan 174
1694754242618 nan 175
1694754242779 nan 176
1694754243010 nan 177
1694754243253 nan 178
1694754243479 nan 179
1694754243641 nan 180
1694754243810 nan 181
1694754243993 nan 182
1694754244282 nan 183
1694754244511 nan 184
1694754244674 nan 185
1694754244832 nan 186
1694754244997 nan 187
1694754245161 nan 188
1694754245330 nan 189
1694754245552 nan 190
1694754245817 nan 191
1694754245996 nan 192
1694754246219 nan 193
1694754246540 nan 194
1694754246772 nan 195
1694754246984 nan 196
1694754247245 nan 197
1694754247518 nan 198
1694754247872 nan 199
1694754248233 nan 200
1694754248564 nan 201
1694754248953 nan 202
1694754249215 nan 203
1694754249527 nan 204
1694754249679 nan 205
1694754249883 nan 206
1694754250163 nan 207
1694754250514 nan 208
1694754250787 nan 209
1694754251139 nan 210
1694754251415 nan 211
1694754251723 nan 212
1694754251980 nan 213
1694754252313 nan 214
1694754252572 nan 215
1694754252729 nan 216
1694754252895 nan 217
1694754253094 nan 218
1694754253409 nan 219
1694754253632 nan 220
1694754253833 nan 221
1694754254105 nan 222
1694754254381 nan 223
1694754254642 nan 224
1694754254876 nan 225
1694754255131 nan 226
1694754255352 nan 227
1694754255682 nan 228
1694754255954 nan 229
1694754256243 nan 230
1694754256523 nan 231
1694754256767 nan 232
1694754256958 nan 233
1694754257165 nan 234
1694754257411 nan 235
1694754257674 nan 236
1694754258000 nan 237
1694754258193 nan 238
1694754258366 nan 239
1694754258562 nan 240
1694754258765 nan 241
1694754258945 nan 242
1694754259185 nan 243
1694754259483 nan 244
1694754259662 nan 245
1694754259953 nan 246
1694754260274 nan 247
1694754260496 nan 248
1694754260708 nan 249
1694754261022 nan 250
1694754261313 nan 251
1694754261583 nan 252
1694754261897 nan 253
1694754262202 nan 254
1694754262588 nan 255
1694754262879 nan 256
1694754263148 nan 257
1694754263517 nan 258
1694754263799 nan 259
1694754264001 nan 260
1694754264231 nan 261
1694754264474 nan 262
1694754264787 nan 263
1694754264961 nan 264
1694754265120 nan 265
1694754265287 nan 266
1694754265566 nan 267
1694754265768 nan 268
1694754265947 nan 269
1694754266215 nan 270
1694754266479 nan 271
1694754266754 nan 272
1694754267026 nan 273
1694754267247 nan 274
1694754267511 nan 275
1694754267835 nan 276
1694754268128 nan 277
1694754268335 nan 278
1694754268551 nan 279
1694754268749 nan 280
1694754268928 nan 281
1694754269134 nan 282
1694754269341 nan 283
1694754269664 nan 284
1694754269935 nan 285
1694754270237 nan 286
1694754270565 nan 287
1694754270815 nan 288
1694754271126 nan 289
1694754271400 nan 290
1694754271695 nan 291
1694754271877 nan 292
1694754272063 nan 293
1694754272258 nan 294
1694754272492 nan 295
1694754272754 nan 296
1694754272918 nan 297
1694754273113 nan 298
1694754273379 nan 299
1694754273682 nan 300
1694754273935 nan 301
1694754274184 nan 302
1694754274454 nan 303
1694754274670 nan 304
1694754274906 nan 305
1694754275180 nan 306
1694754275469 nan 307
1694754275715 nan 308
1694754275985 nan 309
1694754276295 nan 310
1694754276615 nan 311
1694754276837 nan 312
1694754277071 nan 313
1694754277534 nan 314
1694754277958 nan 315
1694754278323 nan 316
1694754278604 nan 317
1694754278835 nan 318
1694754279007 nan 319
1694754279226 nan 320
1694754279602 nan 321
1694754279864 nan 322
1694754280137 nan 323
1694754280381 nan 324
1694754280635 nan 325
1694754280848 nan 326
1694754281057 nan 327
1694754281294 nan 328
1694754281490 nan 329
1694754281725 nan 330
1694754281922 nan 331
1694754282139 nan 332
1694754282352 nan 333
1694754282576 nan 334
1694754282879 nan 335
1694754283034 nan 336
1694754283280 nan 337
1694754283502 nan 338
1694754283734 nan 339
1694754283954 nan 340
1694754284179 nan 341
1694754284430 nan 342
1694754284670 nan 343
1694754284933 nan 344
1694754285225 nan 345
1694754285415 nan 346
1694754285635 nan 347
1694754285857 nan 348
1694754286019 nan 349
1694754286289 nan 350
1694754286582 nan 351
1694754286881 nan 352
1694754287166 nan 353
1694754287448 nan 354
1694754287725 nan 355
1694754287959 nan 356
1694754288214 nan 357
1694754288551 nan 358
1694754288795 nan 359
1694754288994 nan 360
1694754289204 nan 361
1694754289453 nan 362
1694754289745 nan 363
1694754290001 nan 364
1694754290257 nan 365
1694754290475 nan 366
1694754290713 nan 367
1694754290914 nan 368
1694754291078 nan 369
1694754291300 nan 370
1694754291521 nan 371
1694754291829 nan 372
1694754292008 nan 373
1694754292156 nan 374
1694754292343 nan 375
1694754292582 nan 376
1694754292817 nan 377
1694754293006 nan 378
1694754293230 nan 379
1694754293449 nan 380
1694754293667 nan 381
1694754293896 nan 382
1694754294133 nan 383
1694754294383 nan 384
1694754294648 nan 385
1694754294914 nan 386
1694754295067 nan 387
1694754295232 nan 388
1694754295432 nan 389
1694754295690 nan 390
1694754295939 nan 391
1694754296075 nan 392
1694754296332 nan 393
1694754296513 nan 394
1694754296729 nan 395
1694754296933 nan 396
1694754297095 nan 397
1694754297250 nan 398
1694754297400 nan 399
1694754297565 nan 400
1694754297826 nan 401
1694754298046 nan 402
1694754298252 nan 403
1694754298547 nan 404
1694754298812 nan 405
1694754299053 nan 406
1694754299264 nan 407
1694754299488 nan 408
1694754299654 nan 409
1694754299885 nan 410
1694754300112 nan 411
1694754300343 nan 412
1694754300639 nan 413
1694754300871 nan 414
1694754301071 nan 415
1694754301313 nan 416
1694754301565 nan 417
1694754301824 nan 418
1694754302041 nan 419
1694754302385 nan 420
1694754302668 nan 421
1694754303044 nan 422
1694754303323 nan 423
1694754303587 nan 424
1694754303859 nan 425
1694754304114 nan 426
1694754304416 nan 427
1694754304807 nan 428
1694754305116 nan 429
1694754305461 nan 430
1694754305766 nan 431
1694754306026 nan 432
1694754306265 nan 433
1694754306451 nan 434
1694754306765 nan 435
1694754307064 nan 436
1694754307265 nan 437
1694754307597 nan 438
1694754307979 nan 439
1694754308236 nan 440
1694754308480 nan 441
1694754308771 nan 442
1694754309069 nan 443
1694754309334 nan 444
1694754309689 nan 445
1694754310023 nan 446
1694754310242 nan 447
1694754310416 nan 448
1694754310667 nan 449
1694754310978 nan 450
1694754311233 nan 451
1694754311481 nan 452
1694754311771 nan 453
1694754312143 nan 454
1694754312336 nan 455
1694754312526 nan 456
1694754312777 nan 457
1694754313054 nan 458
1694754313323 nan 459
1694754313604 nan 460
1694754313878 nan 461
1694754314207 nan 462
1694754314539 nan 463
1694754314856 nan 464
1694754315260 nan 465
1694754315563 nan 466
1694754315845 nan 467
1694754316124 nan 468
1694754316392 nan 469
1694754316764 nan 470
1694754317025 nan 471
1694754317294 nan 472
1694754317571 nan 473
1694754317927 nan 474
1694754318226 nan 475
1694754318528 nan 476
1694754318865 nan 477
1694754319152 nan 478
1694754319390 nan 479
1694754319680 nan 480
1694754319948 nan 481
1694754320250 nan 482
1694754320434 nan 483
1694754320640 nan 484
1694754320951 nan 485
1694754321308 nan 486
1694754321599 nan 487
1694754321892 nan 488
1694754322193 nan 489
1694754322378 nan 490
1694754322593 nan 491
1694754322881 nan 492
1694754323264 nan 493
1694754323611 nan 494
1694754323922 nan 495
1694754324253 nan 496
1694754324464 nan 497
1694754324658 nan 498
1694754324910 nan 499
