1694713321800 0.03347982021959372 0
1694713322026 3.1108100618257897 1
1694713322245 0.18836728664833213 2
1694713322455 4.302069247605827 3
1694713322827 5.360528611669507 4
1694713323052 0.5706370167686466 5
1694713323258 1.547928393983083 6
1694713323539 2.457130626668764 7
1694713323841 18.984057468293923 8
1694713324082 0.015362729771693092 9
1694713324315 4.70081964575527 10
1694713324602 0.37344205338846614 11
1694713324888 2.5495204320530367 12
1694713325110 1.647357670777031 13
1694713325474 2.016360362912238 14
1694713325753 3.028000888390571 15
1694713325944 0.7252744617273406 16
1694713326218 0.003997692417452207 17
1694713326504 0.5185245580660772 18
1694713326788 0.018478238177273607 19
1694713327112 1.255879100129224 20
1694713327364 0.9233856894496886 21
1694713327654 0.33006116780099737 22
1694713327954 1.1930340406265385 23
1694713328189 0.0006548754464886682 24
1694713328510 0.6482949688195365 25
1694713328775 5.996423711306428 26
1694713329098 2.430788636491395 27
1694713329371 0.2077316000867855 28
1694713329824 0.04060820097855027 29
1694713330095 0.04337964340080979 30
1694713330321 4.457485132886467e-05 31
1694713330621 4.565629226733841 32
1694713330879 4.5413466919707135 33
1694713331134 0.0009336392382847884 34
1694713331368 1.572163687371309 35
1694713331592 1.4722911306823971 36
1694713331843 0.7001872291348417 37
1694713332127 6.889721563716725 38
1694713332410 1.8516348879303466 39
1694713332716 0.45571368736022383 40
1694713333028 0.4328451333966006 41
1694713333285 4.454374680285122 42
1694713333570 0.17650490718878958 43
1694713333999 11.723680586354535 44
1694713334288 0.7117181365368529 45
1694713334502 0.3009593257647936 46
1694713334708 0.0005783230468598962 47
1694713335004 0.9718107292238993 48
1694713335361 3.423015081171486 49
1694713335574 6.735855656327979 50
1694713335822 2.7279321449777285 51
1694713336136 4.241887209970283 52
1694713336474 1.740864475543728 53
1694713336891 0.20733289021900062 54
1694713337313 0.0373958427792393 55
1694713337614 0.16225649980743095 56
1694713337841 0.03037541956951036 57
1694713338100 2.849021746018106 58
1694713338327 0.3163996075488891 59
1694713338571 0.1444196222828636 60
1694713338825 0.2278137296066437 61
1694713339111 4.504166783621984 62
1694713339327 0.23118429227586337 63
1694713339764 3.2375755871679033 64
1694713340088 1.1038865694330442 65
1694713340407 0.569990005823446 66
1694713340659 6.896321793717181 67
1694713340956 1.5342980891373825 68
1694713341241 11.215375217735913 69
1694713341535 4.159379787513471 70
1694713341940 2.730780074807753 71
1694713342291 3.240290752766201 72
1694713342556 0.0028731814290177404 73
1694713342888 1.2786076345985686 74
1694713343230 0.8816751394062959 75
1694713343448 7.820518385218149e-05 76
1694713343671 0.01085759239361176 77
1694713343989 1.8289702985659448 78
1694713344319 0.07405600496846941 79
1694713344621 0.18610527536728022 80
1694713344889 0.1616179194518616 81
1694713345194 0.8325508997666173 82
1694713345468 0.007238598241397965 83
1694713345686 1.8297659947989589 84
1694713345941 1.8813766195755557 85
1694713346148 7.299590116593625 86
1694713346389 1.2004388520909313 87
1694713346727 0.2576741206573506 88
1694713347036 0.05275482902018608 89
1694713347325 4.74512383632203 90
1694713347680 2.652117039600819 91
1694713347964 8.440734366443367 92
1694713348255 0.2481056703015174 93
1694713348490 1.6974559904812714 94
1694713348723 0.6568383037101623 95
1694713348992 1.1505599036233047 96
1694713349254 0.23688761299448932 97
1694713349525 3.100147974112131 98
1694713349800 0.055179962786321965 99
1694713350077 0.05012150681670708 100
1694713350350 0.0020633378605889926 101
1694713350600 7.35943177020058 102
1694713350859 0.01943390241871839 103
1694713351183 0.5102764376609683 104
1694713351458 0.20061229373873726 105
1694713351719 4.04743029093942 106
1694713351974 1.8355300375397086 107
1694713352219 0.08989597368838152 108
1694713352431 6.669687037382961 109
1694713352721 10.40468834238996 110
1694713352997 13.924308225047342 111
1694713353258 1.7291981997495813 112
1694713353613 0.009948521695825187 113
1694713353883 1.7939356285734 114
1694713354144 1.8505442336600557 115
1694713354390 1.2955722632115678 116
1694713354655 0.1330405344141465 117
1694713354948 0.06091268556799348 118
1694713355264 0.6891996831763892 119
1694713355625 3.0475524174165125 120
1694713355890 2.133997694835546 121
1694713356124 0.294422980070228 122
1694713356346 0.027427467364013604 123
1694713356558 0.05254729198176757 124
1694713356780 2.1778769962414395 125
1694713357120 0.1405362530479872 126
1694713357404 1.446490343235622 127
1694713357609 3.2047225466383846 128
1694713357887 9.194918245828601 129
1694713358155 1.3872056628377585 130
1694713358426 2.487805379379786 131
1694713358641 0.8751307980099616 132
1694713358880 1.871195973970677 133
1694713359158 0.3989332612186009 134
1694713359440 0.6631377219118856 135
1694713359645 0.37556534872188496 136
1694713359852 1.6182050143581774 137
1694713360134 0.8707000216019801 138
1694713360400 0.01332737446938712 139
1694713360664 1.1498831920810508 140
1694713360901 9.485955452209994 141
1694713361153 8.247935469275957 142
1694713361400 0.28484265250193413 143
1694713361667 1.1933850365121603 144
1694713361945 5.4261504503482945 145
1694713362267 4.7921305636274205 146
1694713362553 0.22283201984868756 147
1694713362773 3.8238275028342303 148
1694713363047 0.24978237688389865 149
1694713363358 0.01560491239320545 150
1694713363607 3.0759006203289596 151
1694713363858 0.12650658246871094 152
1694713364135 8.588116656325825 153
1694713364444 3.3719370335360663 154
1694713364730 1.390358762196838 155
1694713364999 0.1162802769018273 156
1694713365386 0.5783455790203568 157
1694713365634 0.31904513602016765 158
1694713365935 1.6319744649482966 159
1694713366222 0.021699755782602994 160
1694713366474 0.023941007486494168 161
1694713366738 2.5865128286943597 162
1694713367073 6.100710976731105 163
1694713367350 5.193443659315561 164
1694713367620 0.9308763398281368 165
1694713367869 0.7670843036441279 166
1694713368104 1.7612729813454586 167
1694713368342 0.029040860424823088 168
1694713368626 9.636629782523741 169
1694713368857 2.9660967054650196 170
1694713369176 6.556373445529103 171
1694713369432 0.9776784091917873 172
1694713369688 0.5493063222364034 173
1694713369936 1.7847710668572072 174
1694713370182 1.6634208349597174e-08 175
1694713370416 1.0432153218376519 176
1694713370670 0.0019766178790654424 177
1694713370914 0.17571012147536788 178
1694713371228 2.5497347895259104 179
1694713371611 1.9516432836243032 180
1694713372121 18.860051924325504 181
1694713372419 2.218604147165801 182
1694713372713 1.726158350668904e-05 183
1694713372936 4.38429258717887 184
1694713373149 1.1255011528795427 185
1694713373461 0.15711346099426363 186
1694713373749 0.18697804160027826 187
1694713374036 0.13211942259426226 188
1694713374307 2.5220485494776783 189
1694713374537 2.3564106785636376 190
1694713374724 0.406601466060162 191
1694713374955 5.968556521747954 192
1694713375229 5.006239512451513 193
1694713375536 0.28945088581291833 194
1694713375821 4.643624214298838 195
1694713376058 0.12048574437684063 196
1694713376332 0.1289840403036055 197
1694713376622 0.0072068801114450725 198
1694713376883 0.012485969268425481 199
1694713377199 1.5531613237672912 200
1694713377486 0.4218039492026658 201
1694713377770 0.034566236311953734 202
1694713378033 1.577649128009943 203
1694713378351 0.40771767857264923 204
1694713378628 2.5554111093368315 205
1694713378827 2.848218956162211 206
1694713379054 2.406661101866807 207
1694713379345 1.0563814056734675 208
1694713379627 1.4558628630586796 209
1694713379869 0.09129686982218903 210
1694713380151 0.1988688600409325 211
1694713380418 0.0024433038697473128 212
1694713380676 0.9463560006952803 213
1694713380916 1.3608063126195193 214
1694713381163 8.172023020637374 215
1694713381395 2.399111107923595 216
1694713381666 0.5471206745624401 217
1694713381880 1.8162557513610824 218
1694713382148 3.2287433514037605 219
1694713382507 0.9647676432712439 220
1694713382776 0.13649708725551404 221
1694713382986 0.052476191235780165 222
1694713383264 0.06181138846161196 223
1694713383534 1.2823252817780673 224
1694713383755 0.0009170273585701425 225
1694713383967 3.078875867987748 226
1694713384251 0.009591389551208255 227
1694713384575 1.7154804582859515 228
1694713384884 14.731726492633921 229
1694713385179 0.20789865091169113 230
1694713385631 1.4235378132445473 231
1694713385897 0.4438749789407246 232
1694713386165 3.3101029903508596 233
1694713386439 0.4702785899639993 234
1694713386723 4.1184411270142345 235
1694713387078 0.07807527525711976 236
1694713387341 0.03584205989991932 237
1694713387619 0.8117618049290262 238
1694713387882 0.037710876454852764 239
1694713388090 0.465499967591479 240
1694713388331 3.307060186023177 241
1694713388588 8.078181701891447 242
1694713388905 6.1180603548025205 243
1694713389168 12.329516301047104 244
1694713389431 6.544042759735725 245
1694713389671 0.24502657162548636 246
1694713389944 1.7585434515711935 247
1694713390160 0.09108041042560965 248
1694713390401 0.32907075630753296 249
1694713390697 5.82272363087437 250
1694713391002 12.2297805975323 251
1694713391299 0.7683680308054601 252
1694713391622 0.707288156910763 253
1694713391906 2.0368629024365457 254
1694713392177 9.607885977865417 255
1694713392447 3.956319202021493 256
1694713392724 9.218011216998091 257
1694713393024 0.1858722027666201 258
1694713393291 0.018078265909789643 259
1694713393614 2.2372112038038257 260
1694713393924 0.06513111193624221 261
1694713394195 3.0204950421685473 262
1694713394413 6.882136501066854 263
1694713394699 0.3733255401096077 264
1694713394978 0.30222320846337025 265
1694713395235 0.09588572351543563 266
1694713395568 0.18887750281713045 267
1694713395913 0.45384730611934976 268
1694713396143 1.3243206990525704 269
1694713396373 0.5849679018751225 270
1694713396608 0.646533170546153 271
1694713396820 0.004655574623660089 272
1694713397067 4.64680007810006 273
1694713397309 0.1967992305846038 274
1694713397600 8.755775669862857 275
1694713397875 0.21186386123426396 276
1694713398205 0.029979575387351267 277
1694713398485 0.32055347069527473 278
1694713398755 0.6563204680098222 279
1694713399042 0.9238760959116255 280
1694713399238 1.7257476274912174 281
1694713399516 0.1022727939094872 282
1694713399750 0.1614912184015031 283
1694713400007 3.1131456023341944 284
1694713400226 8.0756701183253 285
1694713400520 0.06167479214496824 286
1694713400727 0.9085590731903475 287
1694713400990 2.6307759617035655 288
1694713401271 3.327770335259783 289
1694713401581 0.04490186341270983 290
1694713401821 0.24504753368335158 291
1694713402091 20.022706478435722 292
1694713402271 4.451954075010418 293
1694713402566 3.863458005519648 294
1694713402850 0.29748387027253637 295
1694713403100 9.58208387330554 296
1694713403298 10.066051767854981 297
1694713403580 10.364580721279443 298
1694713403945 0.9456215952608359 299
1694713404223 0.7575713389789651 300
1694713404439 0.01969277140416943 301
1694713404729 4.413285199592458 302
1694713405057 2.243851222069798 303
1694713405431 4.315342920487505 304
1694713405652 11.922054189421921 305
1694713405852 1.392518447664129 306
1694713406111 0.06452550858788333 307
1694713406356 0.11426464178628866 308
1694713406627 0.011255805098893457 309
1694713406853 0.7410821069501745 310
1694713407188 4.924402653344247 311
1694713407436 3.1968373639099377 312
1694713407713 3.274839894796643 313
1694713408018 1.6434100184297884 314
1694713408372 0.5277561596191593 315
1694713408664 0.01979428054505307 316
1694713408947 8.466618950624433 317
1694713409258 2.141864275728782 318
1694713409527 0.8507231525717971 319
1694713409786 4.426156867146788 320
1694713410113 0.01740347513200429 321
1694713410349 4.5285213024207085 322
1694713410583 0.011798359491430575 323
1694713410867 1.3587672589263426 324
1694713411162 0.22589510420063477 325
1694713411401 0.17881384360568944 326
1694713411673 1.7383265765040798 327
1694713411923 0.002806681264659782 328
1694713412211 0.5610013177462446 329
1694713412427 0.010623535517916614 330
1694713412693 4.14336404115837 331
1694713412944 10.888074729674964 332
1694713413161 4.256728116261805 333
1694713413396 0.6355296547084185 334
1694713413636 0.8334512859595743 335
1694713413976 1.568697032333707 336
1694713414267 2.496112438957745 337
1694713414483 0.015868123021135296 338
1694713414686 0.0057136650535608725 339
1694713414923 6.903831697486726 340
1694713415234 0.473944163475144 341
1694713415566 3.4833308832343794 342
1694713415852 0.40237980838516063 343
1694713416155 4.174869993102461 344
1694713416399 2.033899339781712 345
1694713416634 2.5783850762097185 346
1694713416935 5.915803856883004 347
1694713417278 0.2185929863670015 348
1694713417537 3.2444927725525052 349
1694713417796 0.0005714934294679616 350
1694713418071 0.0793196395544015 351
1694713418414 0.9203152003704589 352
1694713418606 2.0853398870460658 353
1694713418857 0.554218418055007 354
1694713419158 3.3409196220842405 355
1694713419432 0.008772463600131206 356
1694713419663 0.14197144422190747 357
1694713419859 1.1032745867444278 358
1694713420123 2.3727306629268905 359
1694713420377 1.546341734023457 360
1694713420608 0.0029913280011645833 361
1694713420792 0.48534309507972667 362
1694713421098 2.4429653423194604 363
1694713421409 5.70690603773795 364
1694713421609 6.021505649654298 365
1694713421875 1.2189794350519176 366
1694713422125 11.047615368760848 367
1694713422355 0.4165860717877736 368
1694713422564 1.3647948519882107 369
1694713422858 0.1960106538001945 370
1694713423072 2.4843053314645087 371
1694713423344 0.23458113443191414 372
1694713423581 1.540581225021163 373
1694713423790 1.1110289545743626 374
1694713424046 0.4181380801772225 375
1694713424356 2.4110938928100767 376
1694713424607 0.8612912508408314 377
1694713424866 0.3039983699263154 378
1694713425175 2.7570175842803146 379
1694713425570 0.039819181758339296 380
1694713425793 4.837010830755624 381
1694713426043 0.8859881176215236 382
1694713426510 1.0396131247377116 383
1694713426868 0.3828875960622412 384
1694713427162 0.4667187853038001 385
1694713427466 5.685230119434584 386
1694713427723 1.3972312263501006 387
1694713428014 1.5237288922071694 388
1694713428299 0.14592369457147278 389
1694713428617 3.8916532565829742 390
1694713428869 11.015214547187647 391
1694713429161 0.4239642160626226 392
1694713429490 9.080970023793908 393
1694713429732 6.579371290872468 394
1694713430025 0.5510158243452074 395
1694713430310 4.43198294695886 396
1694713430587 3.181306743258433 397
1694713430860 11.170409143386424 398
1694713431153 0.41789453923016684 399
1694713431431 5.664389964887513e-05 400
1694713431697 0.6304726345019923 401
1694713431951 0.03527284700445855 402
1694713432223 3.996353364692075 403
1694713432519 1.2121994854673195 404
1694713432717 0.6313928805114583 405
1694713432947 0.04149249638627473 406
1694713433198 0.000749097504491821 407
1694713433487 1.3019597541519239 408
1694713433717 0.1840206846903549 409
1694713434027 2.892814998940275 410
1694713434307 0.0033375686403844017 411
1694713434598 9.47084220894578 412
1694713434827 1.1173197607201912 413
1694713435123 1.176723191357732 414
1694713435404 2.3183266277973966 415
1694713435650 5.297427895356276 416
1694713435895 0.03521194921757247 417
1694713436245 0.010153449426251937 418
1694713436543 0.019349640788502428 419
1694713436750 4.573190790200193 420
1694713437074 7.278433101304477 421
1694713437377 1.5934784163193043 422
1694713437660 0.14590245163977636 423
1694713437910 1.4309526535414892 424
1694713438210 2.129289118315508 425
1694713438549 0.4403846823160282 426
1694713438775 4.649983202546327 427
1694713439012 1.8439829186953287 428
1694713439217 1.2661896901644372 429
1694713439455 0.5689123310669357 430
1694713439706 0.03412934888453755 431
1694713439960 2.8406353609521937 432
1694713440234 0.24798310594718354 433
1694713440470 3.643184721231423 434
1694713440749 1.8443747555772563 435
1694713440955 0.00847384764609925 436
1694713441200 0.5591771654547326 437
1694713441450 0.039824461953138476 438
1694713441698 4.434930188846145 439
1694713441903 0.4617308228138887 440
1694713442127 0.4566044763359924 441
1694713442435 0.1166713376141027 442
1694713442729 0.6357555123478512 443
1694713442963 1.5583005993013386 444
1694713443222 2.175676698034442 445
1694713443577 0.44976848152062116 446
1694713443831 5.597224625399479 447
1694713444035 0.25720231159867296 448
1694713444218 0.6165398364700759 449
1694713444408 0.013901768440692975 450
1694713444666 0.5619640613756678 451
1694713444865 6.0413441530728935 452
1694713445124 0.1582250288264444 453
1694713445445 1.0515986189598885 454
1694713445724 0.05033649548118491 455
1694713445967 2.6996116973828275 456
1694713446239 5.237785597785476 457
1694713446512 3.131686670272721 458
1694713446788 0.05897112725860802 459
1694713447010 1.603025332084784 460
1694713447361 3.102445112131064 461
1694713447594 2.5970546379272785 462
1694713447845 0.5227398531680821 463
1694713448063 2.920630580699073 464
1694713448300 2.313044992334663 465
1694713448582 2.3109901507533914 466
1694713448833 0.19971333787846357 467
1694713449091 0.1738151305640815 468
1694713449355 0.45942659554366266 469
1694713449672 12.947644761758474 470
1694713449945 1.5942719714181908 471
1694713450188 0.6824686144855979 472
1694713450404 3.8169911698718004 473
1694713450626 0.06582337404481207 474
1694713450856 2.455304516212985 475
1694713451124 1.6552012625981536 476
1694713451380 2.598579420573588 477
1694713451662 7.628072778787133 478
1694713451936 0.952137864885136 479
1694713452223 3.7498053191611715 480
1694713452508 0.000853652139965918 481
1694713452790 0.11555085887392212 482
1694713452998 0.9807806384737626 483
1694713453308 0.09559358754409586 484
1694713453610 0.32446239579566255 485
1694713453920 0.006409395352502265 486
1694713454266 0.0001180183649303898 487
1694713454536 0.2342901440439052 488
1694713454785 3.4043989101611243 489
1694713454986 10.266999158916228 490
1694713455202 0.39401429402835647 491
1694713455539 0.142424556206447 492
1694713455826 0.08081904453977083 493
1694713456040 1.226664815971719 494
1694713456288 5.734035540954463 495
1694713456614 0.9726373874794775 496
1694713456894 0.9464079637683304 497
1694713457192 1.795787322733189 498
1694713457479 0.839880116243149 499
