1694740577863 169.47425234767582 0
1694740578196 165.51400155271355 1
1694740578581 161.64765010000505 2
1694740578988 157.87297123357695 3
1694740579458 154.18779100762313 4
1694740579790 150.58998703399843 5
1694740580119 147.07748725941843 6
1694740580441 143.64826877166146 7
1694740580760 140.3003566340847 8
1694740581066 137.0318227477821 9
1694740581459 133.8407847407303 10
1694740581791 130.72540488328033 11
1694740582098 127.68388902937173 12
1694740582446 124.71448558285852 13
1694740582810 121.8154844883513 14
1694740583141 118.98521624599405 15
1694740583512 116.22205094960822 16
1694740583833 113.52439734764954 17
1694740584153 110.89070192643682 18
1694740584493 108.31973041372966 19
1694740584838 105.80970976629945 20
1694740585154 103.35919467377221 21
1694740585531 100.96677410188438 22
1694740585890 98.63107047956464 23
1694740586203 96.35073890529665 24
1694740586558 94.12446637230421 25
1694740587021 91.95097101211351 26
1694740587399 89.82900135605595 27
1694740587748 87.75733561428603 28
1694740588111 85.7347809718994 29
1694740588507 83.76017290174471 30
1694740588898 81.83237449353416 31
1694740589178 79.95027579886558 32
1694740589444 78.11279319177875 33
1694740589717 76.3188687444779 34
1694740590067 74.5674696178601 35
1694740590402 72.85758746649894 36
1694740590799 71.18823785774029 37
1694740591124 69.55845970457545 38
1694740591437 67.96742452350226 39
1694740591733 66.41410272615282 40
1694740591993 64.89760009603982 41
1694740592345 63.417043622538344 42
1694740592718 61.971580997961766 43
1694740593120 60.56038012656564 44
1694740593457 59.182628645196466 45
1694740593793 57.83753345530956 46
1694740594101 56.52432026608583 47
1694740594443 55.242233148384805 48
1694740594770 53.99053409927643 49
1694740595143 52.76850261690094 50
1694740595464 51.57543528541198 51
1694740595827 50.410645369763415 52
1694740596156 49.27346242010683 53
1694740596427 48.1632318855715 54
1694740596806 47.07931473720427 55
1694740597073 46.02108709985238 56
1694740597410 44.9879398927767 57
1694740597760 43.979278478788835 58
1694740598066 42.99452232170931 59
1694740598368 42.033104651950154 60
1694740598713 41.09447214002855 61
1694740599033 40.17808457782406 62
1694740599360 39.28341456739514 63
1694740599749 38.40994721717628 64
1694740600058 37.55717984538015 65
1694740600294 36.72462169043426 66
1694740600608 35.911793628285274 67
1694740600941 35.118227896407674 68
1694740601222 34.34346782435842 69
1694740601512 33.58706757072177 70
1694740601853 32.84859186629301 71
1694740602166 32.12761576335312 72
1694740602449 31.423724390889678 73
1694740602727 30.73651271562332 74
1694740602976 30.065585308701767 75
1694740603271 29.41055611792716 76
1694740603603 28.77104824538539 77
1694740603952 28.14669373034935 78
1694740604364 27.537133337331028 79
1694740604728 26.94201634916026 80
1694740605049 26.361000364970977 81
1694740605318 25.79375110297861 82
1694740605626 25.23994220793483 83
1694740605941 24.699255063148907 84
1694740606215 24.171378606967252 85
1694740606570 23.656009153605456 86
1694740606944 23.152850218229514 87
1694740607240 22.66161234618561 88
1694740607533 22.182012946279933 89
1694740607867 21.713776128012498 90
1694740608172 21.256632542671216 91
1694740608525 20.810319228194686 92
1694740608943 20.374579457714283 93
1694740609259 19.949162591688207 94
1694740609578 19.53382393354253 95
1694740609920 19.128324588735758 96
1694740610244 18.732431327166005 97
1694740610598 18.34591644884127 98
1694740610943 17.96855765273556 99
1694740611294 17.60013790875526 100
1694740611624 17.240445332742016 101
1694740611984 16.88927306443999 102
1694740612297 16.546419148357373 103
1694740612629 16.211686417453375 104
1694740612945 15.884882379583688 105
1694740613256 15.565819106639074 106
1694740613669 15.254313126313125 107
1694740614033 14.950185316436876 108
1694740614384 14.653260801819437 109
1694740614694 14.363368853535064 110
1694740615001 14.080342790598856 111
1694740615308 13.804019883974199 112
1694740615700 13.53424126285688 113
1694740616013 13.270851823181681 114
1694740616309 13.013700138298859 115
1694740616634 12.762638371769022 116
1694740617010 12.517522192226137 117
1694740617264 12.278210690259646 118
1694740617537 12.044566297267792 119
1694740617893 11.816454706235389 120
1694740618201 11.593744794390426 121
1694740618507 11.376308547694936 122
1694740618903 11.164020987126602 123
1694740619245 10.956760096708631 124
1694740619564 10.754406753246489 125
1694740619926 10.556844657730961 126
1694740620283 10.363960268367999 127
1694740620638 10.175642735196853 128
1694740621010 9.991783836258712 129
1694740621402 9.812277915279209 130
1694740621748 9.637021820828755 131
1694740622150 9.46591484692576 132
1694740622398 9.298858675048407 133
1694740622780 9.13575731752174 134
1694740623108 8.976517062247257 135
1694740623378 8.821046418743299 136
1694740623739 8.6692560654651 137
1694740624085 8.521058798374165 138
1694740624354 8.376369480727325 139
1694740624664 8.23510499405655 140
1694740625051 8.097184190311298 141
1694740625318 7.962527845135805 142
1694740625577 7.831058612254413 143
1694740625836 7.702700978938648 144
1694740626132 7.577381222530388 145
1694740626407 7.4550273679961006 146
1694740626737 7.335569146487677 147
1694740627213 7.218937954885964 148
1694740627524 7.105066816303753 149
1694740627891 6.993890341525419 150
1694740628256 6.885344691360998 151
1694740628591 6.779367539893032 152
1694740628934 6.675898038595027 153
1694740629315 6.574876781300787 154
1694740629617 6.4762457700045415 155
1694740629920 6.3799483814720555 156
1694740630226 6.285929334643562 157
1694740630584 6.1941346588097295 158
1694740630898 6.104511662542301 159
1694740631242 6.017008903361531 160
1694740631586 5.931576158122951 161
1694740631945 5.848164394106366 162
1694740632285 5.766725740790468 163
1694740632632 5.687213462296799 164
1694740632958 5.609581930487181 165
1694740633284 5.533786598699103 166
1694740633615 5.45978397610396 167
1694740633944 5.387531602673366 168
1694740634330 5.316988024739092 169
1694740634613 5.248112771132602 170
1694740634972 5.180866329890409 171
1694740635309 5.115210125511813 172
1694740635622 5.051106496755962 173
1694740635953 4.988518674965422 174
1694740636271 4.927410762903785 175
1694740636567 4.867747714095095 176
1694740636964 4.809495312653236 177
1694740637284 4.752620153589587 178
1694740637553 4.697089623587726 179
1694740637886 4.642871882233944 180
1694740638260 4.5899358436929285 181
1694740638568 4.538251158817907 182
1694740639002 4.487788197685061 183
1694740639389 4.43851803254209 184
1694740639693 4.390412421161118 185
1694740640080 4.343443790586351 186
1694740640443 4.297585221267129 187
1694740640764 4.252810431567221 188
1694740641153 4.209093762641471 189
1694740641508 4.166410163671035 190
1694740641907 4.124735177448742 191
1694740642327 4.084044926306262 192
1694740642671 4.044316098374999 193
1694740643107 4.005525934172723 194
1694740643482 3.9676522135083143 195
1694740643814 3.930673242697011 196
1694740644143 3.8945678420788012 197
1694740644484 3.8593153338327917 198
1694740644859 3.8248955300805343 199
1694740645217 3.791288721271432 200
1694740645589 3.7584756648435564 201
1694740645927 3.726437574153336 202
1694740646268 3.6951561076677555 203
1694740646572 3.664613358412803 204
1694740646921 3.634791843672146 205
1694740647307 3.6056744949300334 206
1694740647640 3.5772446480526927 207
1694740647985 3.549486033702535 208
1694740648363 3.5223827679796464 209
1694740648701 3.495919343285183 210
1694740649011 3.470080619401417 211
1694740649350 3.444851814783274 212
1694740649621 3.420218498056354 213
1694740649909 3.396166579716567 214
1694740650274 3.3726823040265415 215
1694740650643 3.3497522411042127 216
1694740651006 3.3273632791989636 217
1694740651373 3.3055026171509336 218
1694740651675 3.284157757029096 219
1694740651988 3.2633164969439 220
1694740652322 3.2429669240303403 221
1694740652696 3.223097407597376 222
1694740653067 3.203696592439796 223
1694740653404 3.1847533923086537 224
1694740653735 3.1662569835365217 225
1694740654062 3.1481967988138813 226
1694740654409 3.1305625211130934 227
1694740654728 3.113344077756405 228
1694740655089 3.0965316346246112 229
1694740655437 3.0801155905030377 230
1694740655753 3.064086571561561 231
1694740656116 3.048435425965512 232
1694740656434 3.033153218614353 233
1694740656722 3.0182312260050748 234
1694740657035 3.003660931217415 235
1694740657320 2.9894340190179385 236
1694740657619 2.975542371080201 237
1694740657933 2.961978061318252 238
1694740658285 2.9487333513307497 239
1694740658613 2.9358006859531125 240
1694740658931 2.9231726889151046 241
1694740659293 2.9108421586013704 242
1694740659660 2.8988020639124965 243
1694740659950 2.8870455402241806 244
1694740660292 2.875565885442215 245
1694740660652 2.8643565561509767 246
1694740660931 2.8534111638532544 247
1694740661234 2.8427234712991893 248
1694740661515 2.832287388902284 249
1694740661853 2.8220969712403314 250
1694740662182 2.8121464136393457 251
1694740662471 2.8024300488384326 252
1694740662778 2.792942343733755 253
1694740663026 2.7836778961996806 254
1694740663307 2.7746314319852847 255
1694740663585 2.7657978016844256 256
1694740663909 2.75717197777765 257
1694740664275 2.748749051744224 258
1694740664550 2.7405242312426346 259
1694740664851 2.732492837357899 260
1694740665163 2.724650301914175 261
1694740665463 2.7169921648510322 262
1694740665737 2.709514071661949 263
1694740666093 2.702211770893518 264
1694740666497 2.695081111703937 265
1694740666894 2.6881180414793704 266
1694740667238 2.681318603506818 267
1694740667572 2.6746789347021522 268
1694740667902 2.6681952633919974 269
1694740668240 2.6618639071482018 270
1694740668652 2.6556812706736364 271
1694740668991 2.6496438437381 272
1694740669333 2.6437481991631646 273
1694740669684 2.6379909908547834 274
1694740670004 2.632368951882519 275
1694740670330 2.626878892604322 276
1694740670589 2.6215176988357456 277
1694740670922 2.6162823300625484 278
1694740671254 2.611169817695677 279
1694740671588 2.606177263367606 280
1694740671903 2.601301837269051 281
1694740672242 2.596540776525112 282
1694740672585 2.5918913836099056 283
1694740672926 2.587351024798769 284
1694740673337 2.582917128657151 285
1694740673708 2.5785871845653157 286
1694740673955 2.574358741278019 287
1694740674204 2.570229405518317 288
1694740674494 2.5661968406046993 289
1694740674809 2.562258765110767 290
1694740675111 2.558412951556669 291
1694740675438 2.5546572251315585 292
1694740675811 2.5509894624463225 293
1694740676080 2.547407590315873 294
1694740676370 2.543909584570291 295
1694740676689 2.5404934688941583 296
1694740677067 2.5371573136933825 297
1694740677389 2.533899234988885 298
1694740677679 2.5307173933365052 299
1694740678068 2.5276099927724953 300
1694740678403 2.524575279784011 301
1694740678766 2.5216115423040018 302
1694740679069 2.5187171087299127 303
1694740679420 2.515890346965641 304
1694740679762 2.513129663486195 305
1694740680077 2.5104335024245326 306
1694740680454 2.5078003446800095 307
1694740680808 2.505228707047979 308
1694740681051 2.502717141370009 309
1694740681337 2.500264233704229 310
1694740681626 2.497868603515343 311
1694740681915 2.4955289028838314 312
1694740682197 2.4932438157338974 313
1694740682614 2.4910120570796943 314
1694740682962 2.4888323722894263 315
1694740683354 2.4867035363668784 316
1694740683693 2.484624353249968 317
1694740683981 2.4825936551259233 318
1694740684263 2.480610301762678 319
1694740684509 2.4786731798561177 320
1694740684867 2.4767812023927798 321
1694740685112 2.4749333080276656 322
1694740685374 2.4731284604767803 323
1694740685690 2.471365647924073 324
1694740685977 2.469643882442424 325
1694740686280 2.4679621994283507 326
1694740686562 2.4663196570501036 327
1694740686890 2.4647153357088416 328
1694740687238 2.463148337512564 329
1694740687585 2.4616177857625128 330
1694740687907 2.4601228244517386 331
1694740688322 2.4586626177755426 332
1694740688767 2.457236349653519 333
1694740689062 2.4558432232629186 334
1694740689460 2.4544824605830655 335
1694740689790 2.4531533019505622 336
1694740690096 2.4518550056250383 337
1694740690435 2.4505868473651793 338
1694740690794 2.4493481200147937 339
1694740691106 2.4481381330986993 340
1694740691433 2.446956212428165 341
1694740691792 2.4458016997157026 342
1694740692107 2.4446739521989915 343
1694740692449 2.4435723422736957 344
1694740692819 2.442496257134988 345
1694740693168 2.441445098427561 346
1694740693518 2.440418281903924 347
1694740693823 2.439415237090795 348
1694740694154 2.4384354069633987 349
1694740694526 2.437478247627462 350
1694740694858 2.4365432280087598 351
1694740695126 2.4356298295499967 352
1694740695466 2.4347375459148797 353
1694740695833 2.433865882699184 354
1694740696139 2.4330143571486778 355
1694740696559 2.432182497883708 356
1694740696947 2.4313698446303236 357
1694740697236 2.430575947957757 358
1694740697581 2.4298003690221193 359
1694740697887 2.4290426793161717 360
1694740698198 2.4283024604250163 361
1694740698605 2.4275793037875717 362
1694740699038 2.4268728104636965 363
1694740699498 2.426182590906827 364
1694740699812 2.4255082647419957 365
1694740700165 2.4248494605491073 366
1694740700510 2.424205815651345 367
1694740700880 2.4235769759085812 368
1694740701180 2.4229625955156875 369
1694740701494 2.42236233680561 370
1694740701834 2.421775870057115 371
1694740702115 2.421202873307074 372
1694740702426 2.420643032167205 373
1694740702775 2.420096039645145 374
1694740703086 2.4195615959697516 375
1694740703445 2.419039408420555 376
1694740703772 2.418529191161229 377
1694740704078 2.4180306650770147 378
1694740704386 2.417543557615991 379
1694740704703 2.4170676026340963 380
1694740705037 2.416602540243822 381
1694740705371 2.416148116666485 382
1694740705743 2.4157040840879977 383
1694740706067 2.4152702005180484 384
1694740706403 2.414846229652618 385
1694740706743 2.4144319407397434 386
1694740707147 2.414027108448464 387
1694740707517 2.4136315127408667 388
1694740707907 2.413244938747154 389
1694740708210 2.412867176643676 390
1694740708542 2.412498021533841 391
1694740708941 2.412137273331847 392
1694740709272 2.411784736649163 393
1694740709613 2.4114402206836973 394
1694740709948 2.4111035391115827 395
1694740710253 2.410774509981529 396
1694740710566 2.4104529556116674 397
1694740710909 2.410138702488841 398
1694740711204 2.409831581170272 399
1694740711454 2.409531426187557 400
1694740711770 2.4092380759529353 401
1694740712115 2.408951372667771 402
1694740712407 2.4086711622331993 403
1694740712715 2.4083972941628873 404
1694740712987 2.4081296214978574 405
1694740713304 2.4078680007233255 406
1694740713605 2.4076122916875047 407
1694740713940 2.4073623575223277 408
1694740714204 2.4071180645660504 409
1694740714519 2.406879282287674 410
1694740714863 2.406645883213163 411
1694740715187 2.406417742853408 412
1694740715516 2.4061947396338823 413
1694740715845 2.4059767548259727 414
1694740716204 2.4057636724799263 415
1694740716521 2.405555379359384 416
1694740716849 2.405351764877463 417
1694740717289 2.4051527210343506 418
1694740717613 2.404958142356366 419
1694740717916 2.404767925836474 420
1694740718216 2.4045819708761944 421
1694740718538 2.40440017922889 422
1694740718867 2.404222454944392 423
1694740719180 2.4040487043149326 424
1694740719546 2.403878835822364 425
1694740719905 2.4037127600866106 426
1694740720204 2.4035503898153507 427
1694740720509 2.4033916397548802 428
1694740720874 2.403236426642144 429
1694740721237 2.4030846691578907 430
1694740721581 2.402936287880942 431
1694740722017 2.402791205243543 432
1694740722476 2.402649345487758 433
1694740722928 2.4025106346229066 434
1694740723285 2.4023750003839988 435
1694740723599 2.402242372191153 436
1694740723959 2.402112681109977 437
1694740724295 2.401985859812874 438
1694740724546 2.401861842541274 439
1694740724841 2.40174056506875 440
1694740725189 2.401621964665008 441
1694740725462 2.4015059800607217 442
1694740725710 2.401392551413208 443
1694740726021 2.4012816202729033 444
1694740726320 2.4011731295506324 445
1694740726638 2.401067023485656 446
1694740726950 2.400963247614466 447
1694740727295 2.4008617487403185 448
1694740727598 2.40076247490349 449
1694740727889 2.400665375352229 450
1694740728229 2.4005704005143986 451
1694740728566 2.400477501969787 452
1694740728970 2.4003866324230665 453
1694740729264 2.4002977456773977 454
1694740729577 2.400210796608652 455
1694740729862 2.4001257411402426 456
1694740730223 2.4000425362185513 457
1694740730515 2.3999611397889318 458
1694740730813 2.399881510772282 459
1694740731109 2.399803609042165 460
1694740731380 2.3997273954024756 461
1694740731646 2.3996528315656267 462
1694740731991 2.3995798801312542 463
1694740732293 2.3995085045654236 464
1694740732590 2.399438669180325 465
1694740732890 2.3993703391144483 466
1694740733210 2.3993034803132254 467
1694740733581 2.3992380595101297 468
1694740733949 2.3991740442082166 469
1694740734295 2.3991114026621068 470
1694740734609 2.3990501038603855 471
1694740734978 2.3989901175084234 472
1694740735291 2.398931414011598 473
1694740735556 2.398873964458913 474
1694740735932 2.398817740607002 475
1694740736222 2.3987627148645068 476
1694740736524 2.3987088602768303 477
1694740736825 2.3986561505112416 478
1694740737227 2.3986045598423362 479
1694740737537 2.398554063137835 480
1694740737903 2.3985046358447226 481
1694740738287 2.398456253975706 482
1694740738578 2.398408894095997 483
1694740738925 2.3983625333104026 484
