1694744289732 168.8278829759285 0
1694744290020 164.98296839669828 1
1694744290367 163.07569334744747 2
1694744290678 161.17818870862516 3
1694744291055 159.30317299395688 4
1694744291403 157.45030402016795 5
1694744291792 155.61932060013228 6
1694744292109 153.80996417396918 7
1694744292413 152.02197923947776 8
1694744292751 150.2551133132571 9
1694744293095 148.5091168950529 10
1694744293484 146.78374343250906 11
1694744293779 145.07874928633598 12
1694744294099 143.3938936958902 13
1694744294432 141.7289387451611 14
1694744294744 140.08364932915893 15
1694744295027 138.4577931207007 16
1694744295325 136.85114053758792 17
1694744295674 135.26346471017274 18
1694744295980 133.6945414493067 19
1694744296311 132.14414921466874 20
1694744296613 130.6120690834672 21
1694744296936 129.09808471951152 22
1694744297259 127.60198234264998 23
1694744297557 126.12355069856761 24
1694744297923 124.66258102894184 25
1694744298311 123.21886704195036 26
1694744298756 121.79220488312761 27
1694744299146 120.38239310656536 28
1694744299548 118.98923264645417 29
1694744299931 117.61252678896037 30
1694744300340 116.25208114443605 31
1694744300640 114.9077036199568 32
1694744300945 113.57920439218461 33
1694744301311 112.26639588055059 34
1694744301651 110.96909272075543 35
1694744301972 109.68711173858237 36
1694744302285 108.4202719240199 37
1694744302639 107.16839440569007 38
1694744302941 105.93130242557902 39
1694744303240 104.70882131406621 40
1694744303573 103.50077846524847 41
1694744303848 102.30700331255575 42
1694744304162 101.12732730465511 43
1694744304501 99.96158388163923 44
1694744304840 98.80960845149625 45
1694744305153 97.67123836685802 46
1694744305469 96.54631290202258 47
1694744305766 95.4346732302485 48
1694744306078 94.33616240131742 49
1694744306391 93.25062531936163 50
1694744306720 92.17790872095368 51
1694744307067 91.1178611534551 52
1694744307388 90.07033295362048 53
1694744307647 89.03517622645485 54
1694744307926 88.01224482432059 55
1694744308176 87.00139432629135 56
1694744308485 86.00248201774976 57
1694744308787 85.01536687022654 58
1694744309105 84.0399095214774 59
1694744309502 83.07597225579563 60
1694744309879 82.12341898455738 61
1694744310183 81.18211522699656 62
1694744310466 80.25192809120705 63
1694744310728 79.33272625536947 64
1694744311007 78.42437994919953 65
1694744311295 77.52676093561595 66
1694744311674 76.63974249262456 67
1694744311975 75.76319939541682 68
1694744312317 74.89700789867965 69
1694744312641 74.04104571911438 70
1694744312933 73.19519201816223 71
1694744313247 72.35932738493398 72
1694744313581 71.5333338193411 73
1694744313911 70.71709471542657 74
1694744314209 69.91049484489228 75
1694744314491 69.11342034082149 76
1694744314766 68.32575868159314 77
1694744315088 67.54739867498661 78
1694744315403 66.77823044247417 79
1694744315712 66.01814540369904 80
1694744315990 65.26703626113675 81
1694744316291 64.52479698493791 82
1694744316578 63.79132279795002 83
1694744316925 63.06651016091618 84
1694744317247 62.35025675784879 85
1694744317595 61.64246148157603 86
1694744317914 60.94302441945913 87
1694744318351 60.25184683927841 88
1694744318720 59.56883117528611 89
1694744319052 58.89388101442392 90
1694744319397 58.22690108270348 91
1694744319736 57.56779723174778 92
1694744320128 56.916476425491545 93
1694744320471 56.27284672703881 94
1694744320777 55.636817285675704 95
1694744321095 55.008298324036836 96
1694744321491 54.387201125423196 97
1694744321864 53.773438021269925 98
1694744322261 53.16692237876225 99
1694744322622 52.56756858859762 100
1694744322942 51.975292052892534 101
1694744323305 51.390009173232286 102
1694744323678 50.81163733886177 103
1694744324023 50.24009491501599 104
1694744324337 49.675301231388325 105
1694744324696 49.117176570735126 106
1694744324946 48.56564215761498 107
1694744325291 48.02062014726093 108
1694744325722 47.48203361458426 109
1694744326018 46.94980654330825 110
1694744326377 46.42386381523011 111
1694744326741 45.90413119961011 112
1694744327024 45.39053534268583 113
1694744327305 44.88300375731047 114
1694744327617 44.38146481271344 115
1694744327987 43.8858477243821 116
1694744328294 43.39608254406293 117
1694744328657 42.912100149880914 118
1694744329006 42.433832236575675 119
1694744329359 41.96121130585286 120
1694744329691 41.494170656849754 121
1694744330181 41.03264437671333 122
1694744330548 40.576567331289745 123
1694744330859 40.12587515592385 124
1694744331159 39.68050424636734 125
1694744331489 39.24039174979439 126
1694744331882 38.80547555592343 127
1694744332188 38.37569428824385 128
1694744332585 37.95098729534634 129
1694744332887 37.531294642355626 130
1694744333172 37.11655710246457 131
1694744333508 36.70671614856813 132
1694744333868 36.3017139449963 133
1694744334145 35.901493339344704 134
1694744334493 35.50599785440164 135
1694744334963 35.11517168017065 136
1694744335300 34.72895966598725 137
1694744335612 34.347307312728766 138
1694744335910 33.97016076511639 139
1694744336243 33.597466804108 140
1694744336606 33.229172839381015 141
1694744336942 32.86522690190393 142
1694744337345 32.505577636595774 143
1694744337705 32.1501742950722 144
1694744337992 31.79896672847729 145
1694744338350 31.45190538040011 146
1694744338705 31.108941279874934 147
1694744339019 30.77002603446415 148
1694744339366 30.435111823422925 149
1694744339793 30.104151390944637 150
1694744340091 29.777098039486127 151
1694744340350 29.453905623171785 152
1694744340705 29.134528541275575 153
1694744340992 28.818921731780097 154
1694744341331 28.507040665011754 155
1694744341759 28.19884133735108 156
1694744342111 27.894280265017475 157
1694744342437 27.593314477927255 158
1694744342806 27.295901513624365 159
1694744343107 27.001999411282824 160
1694744343354 26.711566705779912 161
1694744343670 26.424562421839514 162
1694744344027 26.140946068244627 163
1694744344360 25.860677632118165 164
1694744344711 25.583717573271503 165
1694744345031 25.31002681861965 166
1694744345352 25.039566756662495 167
1694744345696 24.77229923203119 168
1694744346041 24.50818654009907 169
1694744346380 24.247191421656172 170
1694744346793 23.98927705764668 171
1694744347149 23.734407063968565 172
1694744347460 23.48254548633472 173
1694744347797 23.23365679519474 174
1694744348080 22.987705880716707 175
1694744348353 22.744658047828324 176
1694744348680 22.504479011316622 177
1694744348990 22.26713489098553 178
1694744349272 22.032592206870685 179
1694744349626 21.800817874510805 180
1694744349978 21.571779200274896 181
1694744350313 21.345443876744724 182
1694744350632 21.121779978151736 183
1694744351059 20.900755955868036 184
1694744351410 20.682340633950542 185
1694744351735 20.466503204737805 186
1694744352044 20.253213224498943 187
1694744352324 20.0424406091338 188
1694744352592 19.834155629924105 189
1694744352863 19.62832890933474 190
1694744353235 19.424931416864613 191
1694744353554 19.22393446494654 192
1694744353893 19.025309704895662 193
1694744354188 18.82902912290565 194
1694744354484 18.635065036092215 195
1694744354801 18.44339008858345 196
1694744355111 18.25397724765625 197
1694744355482 18.06679979991847 198
1694744355832 17.88183134753617 199
1694744356149 17.699045804505406 200
1694744356444 17.518417392968118 201
1694744356793 17.33992063957152 202
1694744357124 17.163530371870504 203
1694744357400 16.98922171477257 204
1694744357749 16.816970087024753 205
1694744358153 16.646751197742024 206
1694744358493 16.47854104297679 207
1694744358821 16.312315902328823 208
1694744359142 16.14805233559535 209
1694744359497 15.98572717946064 210
1694744359897 15.82531754422474 211
1694744360249 15.666800810570876 212
1694744360611 15.510154626371026 213
1694744360953 15.355356903529229 214
1694744361261 15.20238581486221 215
1694744361665 15.051219791016887 216
1694744361986 14.901837517424214 217
1694744362353 14.754217931289139 218
1694744362735 14.60834021861598 219
1694744363103 14.464183811269082 220
1694744363439 14.321728384068148 221
1694744363764 14.180953851917852 222
1694744364030 14.041840366971433 223
1694744364326 13.904368315827751 224
1694744364675 13.7685183167615 225
1694744365016 13.634271216986136 226
1694744365330 13.501608089949109 227
1694744365677 13.37051023265911 228
1694744365997 13.240959163044844 229
1694744366263 13.11293661734506 230
1694744366533 12.98642454752937 231
1694744366908 12.86140511874958 232
1694744367216 12.737860706821115 233
1694744367506 12.615773895734204 234
1694744367849 12.495127475194487 235
1694744368195 12.37590443819265 236
1694744368480 12.2580879786028 237
1694744368774 12.14166148880919 238
1694744369233 12.026608557361033 239
1694744369524 11.91291296665498 240
1694744369844 11.800558690644992 241
1694744370181 11.689529892579277 242
1694744370432 11.579810922763953 243
1694744370744 11.471386316353161 244
1694744371078 11.36424079116526 245
1694744371493 11.258359245524828 246
1694744371898 11.153726756130178 247
1694744372222 11.050328575946034 248
1694744372516 10.948150132121167 249
1694744372837 10.847177023930573 250
1694744373192 10.747395020741974 251
1694744373471 10.648790060006398 252
1694744373802 10.551348245272438 253
1694744374121 10.45505584422399 254
1694744374420 10.359899286741207 255
1694744374771 10.265865162984307 256
1694744375088 10.172940221500077 257
1694744375400 10.081111367350724 258
1694744375755 9.990365660264821 259
1694744376123 9.900690312810115 260
1694744376457 9.81207268858793 261
1694744376811 9.72450030044889 262
1694744377144 9.637960808729717 263
1694744377505 9.552442019510899 264
1694744377866 9.46793188289489 265
1694744378327 9.384418491304693 266
1694744378606 9.30189007780254 267
1694744378947 9.2203350144284 268
1694744379260 9.139741810558188 269
1694744379567 9.060099111281298 270
1694744379926 8.98139569579735 271
1694744380260 8.903620475831868 272
1694744380599 8.826762494070694 273
1694744380902 8.75081092261284 274
1694744381230 8.675755061441695 275
1694744381569 8.601584336914247 276
1694744381879 8.528288300268185 277
1694744382240 8.455856626146609 278
1694744382509 8.384279111140174 279
1694744382839 8.313545672346494 280
1694744383142 8.243646345946528 281
1694744383422 8.174571285797805 282
1694744383685 8.106310762044252 283
1694744383987 8.038855159742484 284
1694744384274 7.97219497750427 285
1694744384606 7.906320826155098 286
1694744384932 7.841223427408522 287
1694744385311 7.776893612556244 288
1694744385625 7.7133223211736155 289
1694744385919 7.650500599840465 290
1694744386233 7.588419600877014 291
1694744386502 7.527070581094752 292
1694744386826 7.46644490056207 293
1694744387151 7.406534021384448 294
1694744387471 7.347329506499076 295
1694744387784 7.288823018483722 296
1694744388123 7.231006318379671 297
1694744388438 7.17387126452854 298
1694744388745 7.117409811422888 299
1694744389120 7.061614008570366 300
1694744389477 7.006475999371297 301
1694744389792 6.951988020009518 302
1694744390183 6.898142398356332 303
1694744390474 6.844931552887415 304
1694744390735 6.792347991612481 305
1694744390987 6.740384311017648 306
1694744391269 6.689033195020258 307
1694744391548 6.638287413936065 308
1694744391959 6.588139823458624 309
1694744392304 6.5385833636507344 310
1694744392593 6.489611057947776 311
1694744392942 6.4412160121728865 312
1694744393278 6.393391413563692 313
1694744393645 6.346130529810597 314
1694744393920 6.299426708106406 315
1694744394298 6.2532733742071915 316
1694744394676 6.2076640315042395 317
1694744395038 6.16259226010696 318
1694744395382 6.118051715936685 319
1694744395676 6.0740361298310575 320
1694744396033 6.030539306659136 321
1694744396390 5.987555124446869 322
1694744396739 5.945077533512902 323
1694744397079 5.903100555614668 324
1694744397368 5.861618283104452 325
1694744397643 5.820624878095527 326
1694744397967 5.780114571638099 327
1694744398280 5.740081662904983 328
1694744398562 5.700520518386919 329
1694744398843 5.661425571097373 330
1694744399228 5.622791319786756 331
1694744399547 5.584612328165895 332
1694744399922 5.5468832241387345 333
1694744400341 5.509598699044029 334
1694744400630 5.472753506906041 335
1694744400923 5.436342463694105 336
1694744401300 5.400360446590884 337
1694744401708 5.364802393269346 338
1694744402026 5.329663301178189 339
1694744402343 5.29493822683581 340
1694744402616 5.2606222851325235 341
1694744402977 5.2267106486410935 342
1694744403293 5.193198546935355 343
1694744403613 5.160081265916958 344
1694744403909 5.127354147149982 345
1694744404251 5.095012587203454 346
1694744404588 5.063052037001637 347
1694744404983 5.031468001182 348
1694744405328 5.000256037460754 349
1694744405607 4.969411756005876 350
1694744405899 4.938930818817567 351
1694744406288 4.908808939116015 352
1694744406623 4.879041880736402 353
1694744406973 4.849625457531026 354
1694744407309 4.82055553277853 355
1694744407612 4.791828018600093 356
1694744407925 4.763438875382498 357
1694744408262 4.735384111208062 358
1694744408618 4.707659781291228 359
1694744408958 4.680261987421892 360
1694744409294 4.653186877415277 361
1694744409615 4.626430644568267 362
1694744409959 4.599989527122229 363
1694744410321 4.573859807732147 364
1694744410668 4.548037812941994 365
1694744410995 4.522519912666397 366
1694744411312 4.497302519678327 367
1694744411657 4.472382089102902 368
1694744411956 4.447755117917121 369
1694744412282 4.42341814445557 370
1694744412596 4.399367747921928 371
1694744412884 4.375600547906232 372
1694744413277 4.352113203907881 373
1694744413630 4.328902414864246 374
1694744413976 4.305964918684875 375
1694744414296 4.283297491791166 376
1694744414624 4.260896948661533 377
1694744414913 4.2387601413818645 378
1694744415276 4.216883959201368 379
1694744415595 4.195265328093629 380
1694744415868 4.173901210322867 381
1694744416178 4.152788604015291 382
1694744416530 4.131924542735543 383
1694744416856 4.111306095068133 384
1694744417192 4.0909303642038415 385
1694744417575 4.070794487530967 386
1694744417912 4.050895636231448 387
1694744418238 4.031231014881715 388
1694744418547 4.01179786105828 389
1694744418820 3.992593444947997 390
1694744419125 3.9736150689628937 391
1694744419666 3.9548600673595886 392
1694744420118 3.936325805863171 393
1694744420418 3.918009681295555 394
1694744420726 3.8999091212081938 395
1694744421046 3.8820215835191645 396
1694744421390 3.86434455615451 397
1694744421764 3.8468755566938393 398
1694744422093 3.8296121320201113 399
1694744422512 3.812551857973545 400
1694744422830 3.7956923390096273 401
1694744423103 3.779031207861159 402
1694744423373 3.7625661252042892 403
1694744423737 3.746294779328504 404
1694744424023 3.7302148858105046 405
1694744424316 3.7143241871919446 406
1694744424671 3.698620452660972 407
1694744425020 3.683101477737515 408
1694744425371 3.6677650839623417 409
1694744425716 3.652609118589704 410
1694744426067 3.63763145428371 411
1694744426433 3.6228299888182005 412
1694744426785 3.608202644780233 413
1694744427168 3.5937473692770214 414
1694744427497 3.5794621336463646 415
1694744427809 3.5653449331705036 416
1694744428107 3.55139378679332 417
1694744428442 3.537606736840908 418
1694744428748 3.5239818487454584 419
1694744429039 3.51051721077236 420
1694744429393 3.497210933750553 421
1694744429713 3.4840611508060775 422
1694744430133 3.471066017098754 423
1694744430542 3.4582237095619623 424
1694744430816 3.4455324266455296 425
1694744431080 3.4329903880616177 426
1694744431462 3.420595834533639 427
1694744431833 3.4083470275481322 428
1694744432131 3.3962422491095516 429
1694744432491 3.3842798014979896 430
1694744432828 3.372458007029714 431
1694744433093 3.3607752078205797 432
1694744433389 3.3492297655521988 433
1694744433762 3.3378200612409072 434
1694744434111 3.326544495009422 435
1694744434475 3.3154014858612277 436
1694744434847 3.304389471457608 437
1694744435110 3.293506907897324 438
1694744435396 3.2827522694989 439
1694744435709 3.272124048585451 440
1694744436066 3.261620755272084 441
1694744436420 3.2512409172557915 442
1694744436717 3.2409830796078487 443
1694744437003 3.230845804568639 444
1694744437358 3.2208276713449098 445
1694744437662 3.2109272759094223 446
1694744437949 3.2011432308029883 447
1694744438275 3.191474164938816 448
1694744438665 3.181918723409177 449
1694744438939 3.1724755672943696 450
1694744439294 3.1631433734739263 451
1694744439635 3.1539208344400502 452
1694744439972 3.144806658113255 453
1694744440332 3.1357995676602015 454
1694744440666 3.126898301313654 455
1694744440991 3.1181016121945864 456
1694744441281 3.109408268136385 457
1694744441629 3.100817051511133 458
1694744442009 3.0923267590579226 459
1694744442246 3.0839362017132346 460
1694744442612 3.075644204443281 461
1694744442934 3.067449606078353 462
1694744443284 3.059351259149122 463
1694744443584 3.0513480297248736 464
1694744443880 3.0434387972536383 465
1694744444145 3.0356224544042387 466
1694744444487 3.027897906910174 467
1694744444896 3.020264073415372 468
1694744445188 3.012719885321742 469
1694744445590 3.0052642866385395 470
1694744445959 2.997896233833513 471
1694744446219 2.990614695685805 472
1694744446484 2.9834186531405855 473
1694744446762 2.976307099165415 474
1694744447049 2.9692790386082883 475
1694744447386 2.962333488057374 476
1694744447774 2.9554694757023907 477
1694744448087 2.948686041197627 478
1694744448421 2.9419822355265954 479
1694744448783 2.9353571208682623 480
1694744449062 2.9288097704648757 481
1694744449380 2.9223392684913287 482
1694744449771 2.9159447099261047 483
1694744450173 2.909625200423715 484
1694744450475 2.9033798561886486 485
1694744450796 2.897207803850827 486
1694744451096 2.891108180342514 487
1694744451451 2.885080132776679 488
1694744451813 2.8791228183268065 489
1694744452108 2.8732354041081254 490
1694744452534 2.8674170670602277 491
1694744452852 2.8616669938310895 492
1694744453192 2.8559843806624556 493
1694744453497 2.850368433276567 494
1694744453799 2.844818366764245 495
1694744454112 2.839333405474289 496
1694744454483 2.833912782904182 497
1694744454899 2.828555741592075 498
1694744455161 2.823261533010064 499
