1694716471353 172.80796316321195 0
1694716471689 134.59021261070868 1
1694716472050 104.94229413358131 2
1694716472373 81.94253244621618 3
1694716472785 64.10016337904483 4
1694716473132 50.258707569551525 5
1694716473494 39.52101136779834 6
1694716473852 31.19109636060723 7
1694716474129 24.729048396546723 8
1694716474564 19.716022170365445 9
1694716474885 15.82709308198388 10
1694716475171 12.810196719044676 11
1694716475435 10.46979089126271 12
1694716475752 8.654181244707177 13
1694716476039 7.2456889450511435 14
1694716476286 6.153023132155791 15
1694716476647 5.305363754203385 16
1694716477006 4.647771250630663 17
1694716477246 4.137625554981713 18
1694716477507 3.7418636058471604 19
1694716477925 3.4348363106595223 20
1694716478223 3.196646057960808 21
1694716478619 3.0118570212908216 22
1694716479061 2.8684946609409927 23
1694716479585 2.757269574649525 24
1694716480261 2.6709753898558253 25
1694716480687 2.604021670919523 26
1694716481055 2.5520715659242974 27
1694716481513 2.511760706553615 28
1694716481955 2.480479141075726 29
1694716482274 2.4562021660690205 30
1694716482662 2.437359091970306 31
1694716483015 2.422731436271184 32
1694716483300 2.411373945588638 33
1694716483593 2.402553327526638 34
1694716483967 2.395700721134523 35
1694716484282 2.3903748252574712 36
1694716484646 2.386233294883015 37
1694716484997 2.3830105514911732 38
1694716485355 2.380500569149899 39
1694716485750 2.378543520608555 40
1694716486146 2.3770154178342136 41
1694716486538 2.3758200755252554 42
1694716486901 2.374882876704304 43
1694716487251 2.374145936297245 44
1694716487597 2.3735643492178204 45
1694716488042 2.373103279771287 46
1694716488357 2.3727357037220984 47
1694716488797 2.3724406566740432 48
1694716489124 2.372201875228739 49
1694716489424 2.3720067428469704 50
1694716489829 2.3718454720871436 51
1694716490166 2.3717104702163057 52
1694716490495 2.371595847074797 53
1694716490893 2.3714970332959506 54
1694716491210 2.371410484135151 55
1694716491562 2.3713334497114364 56
1694716491937 2.3712637967694876 57
1694716492311 2.371199870409209 58
1694716492657 2.3711403868206875 59
1694716493014 2.3710843500719583 60
1694716493430 2.371030987556061 61
1694716493768 2.3709796999132586 62
1694716494128 2.3709300221825633 63
1694716494399 2.3708815936645373 64
1694716494689 2.370834134541968 65
1694716494995 2.370787427743068 66
1694716495558 2.370741304871615 67
1694716495867 2.3706956352920745 68
1694716496190 2.370650317662253 69
1694716496486 2.370605273364639 70
1694716496841 2.370560441410684 71
1694716497174 2.3705157744877297 72
1694716497451 2.370471235892371 73
1694716497981 2.3704267971514605 74
1694716498307 2.370382436176581 75
1694716498673 2.370338135832352 76
1694716499058 2.3702938828257722 77
1694716499347 2.370249666844618 78
1694716499682 2.3702054798890404 79
1694716499990 2.370161315753044 80
1694716500349 2.3701171696222394 81
1694716500682 2.3700730377617956 82
1694716500981 2.370028917274356 83
1694716501272 2.3699848059122526 84
1694716501576 2.3699407019318195 85
1694716501933 2.369896603980374 86
1694716502268 2.3698525110085473 87
1694716502618 2.3698084222022686 88
1694716502915 2.369764336930002 89
1694716503243 2.369720254701817 90
1694716503579 2.3696761751376347 91
1694716503951 2.369632097942593 92
1694716504308 2.3695880228879402 93
1694716504645 2.369543949796211 94
1694716505067 2.3694998785297243 95
1694716505437 2.3694558089816624 96
1694716505778 2.3694117410691513 97
1694716506126 2.3693676747278913 98
1694716506439 2.369323609907991 99
1694716506775 2.3692795465707372 100
1694716507181 2.3692354846860897 101
1694716507499 2.369191424230733 102
1694716507912 2.369147365186572 103
1694716508248 2.3691033075395587 104
1694716508581 2.3690592512787876 105
1694716508930 2.369015196395787 106
1694716509306 2.3689711428839773 107
1694716509729 2.368927090738244 108
1694716510104 2.3688830399546097 109
1694716510397 2.3688389905299814 110
1694716510675 2.3687949424619483 111
1694716510944 2.3687508957486325 112
1694716511211 2.368706850388566 113
1694716511501 2.3686628063806023 114
1694716511864 2.3686187637238416 115
1694716512184 2.368574722417577 116
1694716512471 2.368530682461251 117
1694716512792 2.368486643854421 118
1694716513183 2.3684426065967346 119
1694716513490 2.3683985706879094 120
1694716513853 2.3683545361277174 121
1694716514241 2.368310502915971 122
1694716514547 2.3682664710525163 123
1694716514848 2.3682224405372243 124
1694716515204 2.368178411369985 125
1694716515521 2.368134383550706 126
1694716515995 2.3680903570793026 127
1694716516358 2.3680463319557026 128
1694716516716 2.3680023081798414 129
1694716517087 2.367958285751655 130
1694716517514 2.367914264671089 131
1694716517883 2.3678702449380906 132
1694716518293 2.3678262265526078 133
1694716518652 2.3677822095145933 134
1694716519040 2.3677381938239996 135
1694716519374 2.3676941794807806 136
1694716519745 2.3676501664848923 137
1694716520108 2.3676061548362894 138
1694716520414 2.3675621445349293 139
1694716520749 2.367518135580768 140
1694716521188 2.367474127973763 141
1694716521543 2.3674301217138725 142
1694716521995 2.367386116801053 143
1694716522364 2.367342113235263 144
1694716522678 2.3672981110164595 145
1694716523043 2.3672541101446014 146
1694716523394 2.367210110619647 147
1694716523798 2.3671661124415535 148
1694716524191 2.3671221156102793 149
1694716524526 2.367078120125784 150
1694716524880 2.367034125988024 151
1694716525270 2.3669901331969583 152
1694716525549 2.3669461417525453 153
1694716525923 2.3669021516547435 154
1694716526289 2.3668581629035104 155
1694716526612 2.3668141754988055 156
1694716526958 2.3667701894405866 157
1694716527345 2.3667262047288116 158
1694716527656 2.36668222136344 159
1694716528045 2.3666382393444283 160
1694716528414 2.366594258671737 161
1694716528706 2.3665502793453226 162
1694716529025 2.366506301365145 163
1694716529354 2.3664623247311614 164
1694716529749 2.366418349443331 165
1694716530094 2.366374375501611 166
1694716530429 2.366330402905961 167
1694716530854 2.3662864316563392 168
1694716531205 2.366242461752703 169
1694716531499 2.366198493195012 170
1694716531881 2.3661545259832235 171
1694716532255 2.366110560117297 172
1694716532628 2.3660665955971902 173
1694716533056 2.3660226324228613 174
1694716533389 2.3659786705942687 175
1694716533648 2.3659347101113712 176
1694716534097 2.3658907509741276 177
1694716534430 2.3658467931824947 178
1694716534732 2.3658028367364325 179
1694716535096 2.3657588816358985 180
1694716535457 2.365714927880852 181
1694716535765 2.36567097547125 182
1694716536098 2.365627024407052 183
1694716536388 2.3655830746882156 184
1694716536697 2.3655391263147 185
1694716537072 2.3654951792864627 186
1694716537465 2.365451233603463 187
1694716537918 2.3654072892656592 188
1694716538272 2.3653633462730093 189
1694716538557 2.3653194046254713 190
1694716538863 2.3652754643230045 191
1694716539259 2.365231525365567 192
1694716539742 2.365187587753117 193
1694716540241 2.3651436514856123 194
1694716540646 2.365099716563013 195
1694716540945 2.3650557829852765 196
1694716541321 2.365011850752361 197
1694716541649 2.3649679198642253 198
1694716541944 2.3649239903208272 199
1694716542239 2.3648800621221264 200
1694716542561 2.36483613526808 201
1694716542889 2.3647922097586465 202
1694716543278 2.364748285593785 203
1694716543554 2.3647043627734536 204
1694716543821 2.3646604412976115 205
1694716544128 2.364616521166216 206
1694716544465 2.364572602379225 207
1694716544852 2.364528684936599 208
1694716545235 2.3644847688382944 209
1694716545512 2.364440854084271 210
1694716545842 2.364396940674487 211
1694716546192 2.3643530286088996 212
1694716546545 2.3643091178874696 213
1694716546823 2.3642652085101528 214
1694716547210 2.364221300476909 215
1694716547558 2.3641773937876964 216
1694716547928 2.3641334884424743 217
1694716548252 2.3640895844411998 218
1694716548658 2.3640456817838316 219
1694716548938 2.364001780470329 220
1694716549350 2.3639578805006494 221
1694716549694 2.363913981874752 222
1694716550009 2.3638700845925946 223
1694716550372 2.363826188654136 224
1694716550668 2.363782294059335 225
1694716550997 2.3637384008081495 226
1694716551392 2.3636945089005383 227
1694716551681 2.3636506183364596 228
1694716552058 2.363606729115872 229
1694716552471 2.363562841238734 230
1694716552782 2.3635189547050035 231
1694716553122 2.3634750695146396 232
1694716553530 2.3634311856676002 233
1694716553838 2.363387303163845 234
1694716554249 2.3633434220033314 235
1694716554640 2.3632995421860175 236
1694716555012 2.3632556637118625 237
1694716555381 2.3632117865808246 238
1694716555692 2.3631679107928623 239
1694716555976 2.363124036347934 240
1694716556292 2.3630801632459986 241
1694716556654 2.363036291487014 242
1694716556990 2.362992421070939 243
1694716557324 2.3629485519977322 244
1694716557654 2.3629046842673516 245
1694716558081 2.3628608178797554 246
1694716558449 2.362816952834903 247
1694716558814 2.3627730891327525 248
1694716559227 2.3627292267732622 249
1694716559658 2.3626853657563913 250
1694716560017 2.3626415060820976 251
1694716560405 2.362597647750339 252
1694716560704 2.3625537907610745 253
1694716561004 2.3625099351142635 254
1694716561392 2.362466080809864 255
1694716561729 2.362422227847834 256
1694716562113 2.3623783762281314 257
1694716562504 2.3623345259507156 258
1694716562828 2.362290677015546 259
1694716563158 2.3622468294225794 260
1694716563596 2.362202983171775 261
1694716563915 2.3621591382630913 262
1694716564253 2.362115294696487 263
1694716564596 2.3620714524719197 264
1694716564932 2.3620276115893493 265
1694716565422 2.3619837720487333 266
1694716565807 2.36193993385003 267
1694716566104 2.361896096993199 268
1694716566409 2.361852261478198 269
1694716566774 2.361808427304985 270
1694716567132 2.36176459447352 271
1694716567495 2.3617207629837607 272
1694716567871 2.3616769328356644 273
1694716568319 2.3616331040291922 274
1694716568678 2.3615892765643007 275
1694716568976 2.361545450440949 276
1694716569389 2.3615016256590953 277
1694716569771 2.3614578022186987 278
1694716570111 2.361413980119717 279
1694716570515 2.3613701593621093 280
1694716570830 2.3613263399458337 281
1694716571174 2.3612825218708497 282
1694716571540 2.3612387051371138 283
1694716571868 2.3611948897445867 284
1694716572227 2.361151075693226 285
1694716572570 2.3611072629829897 286
1694716572898 2.361063451613837 287
1694716573150 2.3610196415857265 288
1694716573467 2.3609758328986166 289
1694716573865 2.360932025552465 290
1694716574405 2.3608882195472316 291
1694716574885 2.3608444148828744 292
1694716575298 2.360800611559352 293
1694716575671 2.3607568095766216 294
1694716576067 2.360713008934644 295
1694716576458 2.3606692096333766 296
1694716576860 2.360625411672777 297
1694716577489 2.360581615052806 298
1694716577904 2.36053781977342 299
1694716578484 2.360494025834579 300
1694716578881 2.3604502332362403 301
1694716579241 2.360406441978364 302
1694716579952 2.360362652060907 303
1694716580340 2.3603188634838292 304
1694716580785 2.3602750762470883 305
1694716581216 2.3602312903506433 306
1694716581672 2.3601875057944524 307
1694716581994 2.360143722578474 308
1694716582437 2.3600999407026673 309
1694716582858 2.3600561601669905 310
1694716583264 2.360012380971402 311
1694716583847 2.359968603115861 312
1694716584391 2.3599248266003254 313
1694716585615 2.3598810514247535 314
1694716585967 2.3598372775891043 315
1694716586342 2.3597935050933376 316
1694716586793 2.3597497339374094 317
1694716587154 2.35970596412128 318
1694716587536 2.359662195644908 319
1694716587946 2.3596184285082513 320
1694716588270 2.359574662711269 321
1694716588658 2.359530898253919 322
1694716589024 2.359487135136161 323
1694716589408 2.3594433733579523 324
1694716589853 2.3593996129192525 325
1694716590391 2.359355853820019 326
1694716590797 2.3593120960602114 327
1694716591157 2.359268339639788 328
1694716591649 2.359224584558707 329
1694716592112 2.359180830816928 330
1694716592505 2.359137078414409 331
1694716592880 2.359093327351108 332
1694716593265 2.3590495776269838 333
1694716593633 2.3590058292419958 334
1694716593999 2.358962082196102 335
1694716594392 2.3589183364892614 336
1694716594701 2.3588745921214316 337
1694716595126 2.358830849092573 338
1694716595517 2.3587871074026414 339
1694716595865 2.358743367051598 340
1694716596151 2.3586996280394006 341
1694716596534 2.3586558903660073 342
1694716596875 2.3586121540313774 343
1694716597150 2.3585684190354685 344
1694716597465 2.3585246853782404 345
1694716597875 2.3584809530596513 346
1694716598210 2.358437222079659 347
1694716598574 2.358393492438223 348
1694716599055 2.3583497641353017 349
1694716599312 2.3583060371708537 350
1694716599622 2.358262311544838 351
1694716600044 2.3582185872572126 352
1694716600331 2.358174864307936 353
1694716600659 2.358131142696967 354
1694716601038 2.3580874224242647 355
1694716601421 2.358043703489787 356
1694716601700 2.357999985893493 357
1694716602067 2.3579562696353418 358
1694716602346 2.3579125547152904 359
1694716602634 2.3578688411332993 360
1694716602971 2.357825128889326 361
1694716603286 2.3577814179833294 362
1694716603720 2.3577377084152684 363
1694716604080 2.3576940001851003 364
1694716604381 2.357650293292786 365
1694716604653 2.357606587738282 366
1694716604935 2.357562883521548 367
1694716605250 2.357519180642543 368
1694716605605 2.357475479101225 369
1694716605987 2.3574317788975523 370
1694716606346 2.3573880800314844 371
1694716606754 2.357344382502979 372
1694716607074 2.3573006863119956 373
1694716607421 2.3572569914584927 374
1694716607801 2.3572132979424283 375
1694716608217 2.3571696057637612 376
1694716608572 2.3571259149224515 377
1694716608896 2.357082225418456 378
1694716609185 2.357038537251733 379
1694716609484 2.3569948504222435 380
1694716609882 2.3569511649299444 381
1694716610185 2.3569074807747947 382
1694716610611 2.356863797956753 383
1694716610947 2.356820116475778 384
1694716611225 2.3567764363318284 385
1694716611576 2.3567327575248638 386
1694716611911 2.356689080054841 387
1694716612212 2.35664540392172 388
1694716612613 2.3566017291254586 389
1694716613019 2.356558055666016 390
1694716613346 2.3565143835433506 391
1694716613688 2.356470712757422 392
1694716613999 2.3564270433081873 393
1694716614303 2.3563833751956067 394
1694716614664 2.356339708419638 395
1694716614997 2.356296042980239 396
1694716615321 2.3562523788773704 397
1694716615669 2.3562087161109893 398
1694716616025 2.3561650546810555 399
1694716616297 2.3561213945875266 400
1694716616651 2.356077735830362 401
1694716617059 2.35603407840952 402
1694716617432 2.3559904223249597 403
1694716617784 2.355946767576639 404
1694716618233 2.355903114164518 405
1694716618588 2.355859462088554 406
1694716618921 2.3558158113487058 407
1694716619222 2.355772161944932 408
1694716619587 2.355728513877193 409
1694716620025 2.355684867145445 410
1694716620326 2.3556412217496487 411
1694716620697 2.3555975776897617 412
1694716620987 2.3555539349657426 413
1694716621262 2.355510293577551 414
1694716621646 2.3554666535251454 415
1694716621971 2.3554230148084834 416
1694716622327 2.355379377427525 417
1694716622689 2.355335741382228 418
1694716623020 2.3552921066725516 419
1694716623291 2.355248473298454 420
1694716623566 2.3552048412598947 421
1694716623935 2.3551612105568314 422
1694716624267 2.3551175811892233 423
1694716624652 2.35507395315703 424
1694716625012 2.355030326460209 425
1694716625317 2.354986701098719 426
1694716625584 2.35494307707252 427
1694716625868 2.354899454381569 428
1694716626133 2.354855833025826 429
1694716626397 2.3548122130052485 430
1694716626792 2.354768594319796 431
1694716627185 2.3547249769694276 432
1694716627495 2.354681360954102 433
1694716627836 2.3546377462737764 434
1694716628195 2.354594132928411 435
1694716628470 2.3545505209179645 436
1694716628812 2.3545069102423954 437
1694716629236 2.354463300901662 438
1694716629685 2.354419692895723 439
1694716630202 2.3543760862245375 440
1694716630554 2.3543324808880643 441
1694716630902 2.3542888768862618 442
1694716631245 2.3542452742190894 443
1694716631636 2.3542016728865045 444
1694716631911 2.3541580728884672 445
1694716632241 2.354114474224936 446
1694716632579 2.3540708768958685 447
1694716632916 2.3540272809012253 448
1694716633253 2.3539836862409635 449
1694716633564 2.353940092915042 450
1694716633953 2.3538965009234207 451
1694716634342 2.3538529102660575 452
1694716634714 2.3538093209429114 453
1694716635080 2.3537657329539403 454
1694716635345 2.3537221462991047 455
1694716635652 2.353678560978362 456
1694716636139 2.353634976991671 457
1694716636489 2.353591394338991 458
1694716636810 2.35354781302028 459
1694716637103 2.353504233035498 460
1694716637392 2.3534606543846017 461
1694716637645 2.353417077067552 462
1694716638070 2.353373501084307 463
1694716638432 2.353329926434825 464
1694716638760 2.3532863531190644 465
1694716639131 2.3532427811369847 466
1694716639467 2.3531992104885457 467
1694716639856 2.353155641173704 468
1694716640209 2.353112073192419 469
1694716640532 2.3530685065446506 470
1694716640951 2.3530249412303563 471
1694716641273 2.3529813772494954 472
1694716641613 2.3529378146020274 473
1694716641878 2.352894253287909 474
1694716642140 2.352850693307101 475
1694716642433 2.352807134659561 476
1694716642739 2.352763577345249 477
1694716643045 2.352720021364122 478
1694716643379 2.35267646671614 479
1694716643655 2.352632913401262 480
1694716644007 2.352589361419446 481
1694716644312 2.3525458107706507 482
1694716644630 2.3525022614548363 483
1694716644979 2.3524587134719592 484
1694716645344 2.352415166821981 485
1694716645632 2.352371621504858 486
1694716645951 2.35232807752055 487
1694716646226 2.3522845348690162 488
1694716646482 2.3522409935502147 489
1694716646760 2.3521974535641053 490
1694716647102 2.352153914910645 491
1694716647451 2.3521103775897942 492
1694716647825 2.3520668416015114 493
1694716648267 2.3520233069457546 494
1694716648623 2.3519797736224834 495
1694716648980 2.3519362416316563 496
1694716649346 2.3518927109732326 497
1694716649689 2.3518491816471703 498
1694716650127 2.351805653653428 499
