1694746020280 56.62813870834986 0
1694746020583 20.109554299073185 1
1694746020818 8.221195910535066 2
1694746021066 5.33683011138394 3
1694746021306 4.1803501370417 4
1694746021486 2.2360116275331023 5
1694746021746 3.5661275716699006 6
1694746021981 2.1942251465681744 7
1694746022167 3.9480303776067465 8
1694746022378 2.541398271040477 9
1694746022670 1.6020300972282155 10
1694746022959 2.7630320421044963 11
1694746023157 2.2609760918596966 12
1694746023323 3.3068151791199227 13
1694746023551 2.0420356241990074 14
1694746023758 2.6704618111390537 15
