1694748851274 168.8726089431785 0
1694748851580 29262.448267570107 1
1694748851846 5245458.947057198 2
1694748852192 940458996.294849 3
1694748852530 168615192994.93216 4
1694748852922 30231071839251.582 5
1694748853294 5420138531691873.0 6
1694748853657 9.717783695843886e+17 7
1694748854031 1.7423045445617376e+20 8
1694748854379 3.1237833862249517e+22 9
1694748854692 5.600641216550104e+24 10
1694748855029 1.004140753639983e+27 11
1694748855382 1.8003271663628687e+29 12
1694748855740 3.227812330288332e+31 13
1694748856106 5.787155042830368e+33 14
1694748856444 1.0375808771622511e+36 15
1694748856747 1.860282070698177e+38 16
1694748857006 3.3353056698826757e+40 17
1694748857397 5.979880194930069e+42 18
1694748857727 1.0721346312757814e+45 19
1694748858044 1.92223360687964e+47 20
1694748858418 3.446378777095079e+49 21
1694748858742 6.179023523832858e+51 22
1694748859002 1.10783910235954e+54 23
1694748859333 1.986248267194639e+56 24
1694748859710 3.561150866160101e+58 25
1694748860003 6.384798769120888e+60 26
1694748860562 1.1447326118515225e+63 27
1694748860863 2.0523947582718215e+65 28
1694748861217 3.679745121411818e+67 29
1694748861542 6.597426788380417e+69 30
1694748861903 1.1828547573789518e+72 31
1694748862276 2.120744074823587e+74 32
1694748862574 3.802288829496986e+76 33
1694748862877 6.817135794247199e+78 34
1694748863204 1.2222464552582273e+81 35
1694748863582 2.1913695758443773e+83 36
1694748863891 3.928913515991189e+85 37
1694748864184 7.044161599346066e+87 38
1694748864481 1.2629499844102193e+90 39
1694748864840 2.264347063346541e+92 40
1694748865310 4.059755086564628e+94 41
1694748865638 7.278747869387459e+96 42
1694748865948 1.3050090317380292e+99 43
1694748866276 2.339754863718266e+101 44
1694748866637 4.1949539728490086e+103 45
1694748866900 7.521146384692646e+105 46
1694748867195 1.3484687390159205e+108 47
1694748867516 2.4176739117909007e+110 48
1694748867868 4.334655283162117e+112 49
1694748868149 7.771617310428385e+114 50
1694748868428 1.3933757513397894e+117 51
1694748868831 2.4981878377059526e+119 52
1694748869107 4.479008958251936e+121 53
1694748869388 8.030429475840887e+123 54
1694748869705 1.439778267191107e+126 55
1694748869971 2.5813830566748908e+128 56
1694748870304 4.628169932227294e+130 57
1694748870628 8.297860662789077e+132 58
1694748870977 1.4877260901681344e+135 59
1694748871341 2.6673488617282014e+137 60
1694748871657 4.782298298847912e+139 61
1694748871941 8.574197903886371e+141 62
1694748872231 1.5372706824398668e+144 63
1694748872549 2.7561775195531483e+146 64
1694748872864 4.9415594833522723e+148 65
1694748873155 8.859737790571553e+150 66
1694748873568 1.5884652199801495e+153 67
1694748873924 2.847964369523188e+155 68
1694748874234 5.106124420007741e+157 69
1694748874587 9.15478679143886e+159 70
1694748874940 1.6413646496411921e+162 71
1694748875285 2.942807926025248e+164 72
1694748875641 5.276169735573477e+166 73
1694748876031 9.459661581169283e+168 74
1694748876382 1.6960257481277535e+171 75
1694748876718 3.040809984194753e+173 76
1694748877029 5.4518779388731216e+175 77
1694748877412 9.774689380416015e+177 78
1694748877733 1.7525071829353224e+180 79
1694748878050 3.142075729171852e+182 80
1694748878399 5.633437616680618e+184 81
1694748878726 1.0100208307008773e+187 82
1694748879046 1.8108695753176491e+189 83
1694748879409 3.24671384899614e+191 84
1694748879736 5.821043636129501e+193 85
1694748880035 1.0436567738854034e+196 86
1694748880398 1.871175565351244e+198 87
1694748880711 3.3548366512609844e+200 88
1694748881009 6.0148973538628525e+202 89
1694748881287 1.0784128688920727e+205 90
1694748881715 1.9334898791666858e+207 91
1694748882035 3.46656018365276e+209 92
1694748882289 6.21520683214845e+211 93
1694748882688 1.1143264192713683e+214 94
1694748883081 1.9978793984188528e+216 95
1694748883476 3.582004358504253e+218 96
1694748883724 6.422187062190978e+220 97
1694748883988 1.151435970865088e+223 98
1694748884318 2.064413232070696e+225 99
1694748884629 3.701293081495994e+227 100
1694748884991 6.63606019488107e+229 101
1694748885347 1.1897813531774124e+232 102
1694748885684 2.1331627905675524e+234 103
1694748886028 3.8245543846436635e+236 104
1694748886287 6.857055779228804e+238 105
1694748886586 1.2294037221237193e+241 106
1694748886941 2.2042018624816296e+243 107
1694748887263 3.951920563714184e+245 108
1694748887614 7.085411008737496e+247 109
1694748887929 1.2703456042030247e+250 110
1694748888198 2.2776066937089333e+252 111
1694748888458 4.0835283202181855e+254 112
1694748888761 7.32137097598246e+256 113
1694748889080 1.3126509421414868e+259 114
1694748889483 2.353456069303621e+261 115
1694748889892 4.2195189081310613e+263 116
1694748890189 7.565188935667611e+265 117
1694748890488 1.3563651420559055e+268 118
1694748890877 2.4318313980376275e+270 119
1694748891207 4.360038285500183e+272 120
1694748891520 7.817126576442543e+274 121
1694748891889 1.4015351221879041e+277 122
1694748892185 2.5128167997763006e+279 123
1694748892436 4.5052372711009784e+281 124
1694748892739 8.077454301771746e+283 125
1694748893098 1.4482093632610477e+286 126
1694748893443 2.5964991957638624e+288 127
1694748893782 4.6552717063100066e+290 128
1694748894178 8.346451520157293e+292 129
1694748894464 1.4964379605149695e+295 130
1694748894744 2.682968401915553e+297 131
1694748895084 4.810302622368745e+299 132
1694748895338 8.624406945026686e+301 133
1694748895586 1.546272677472363e+304 134
1694748895865 inf 135
