1694741088165 3.5199369003634424 0
1694741088424 2.2055671378846124 1
1694741088652 3.0757388939100454 2
1694741088875 2.4764017037935364 3
1694741089117 1.9552598229774418 4
1694741089332 2.3384318712902457 5
1694741089571 3.049275539058802 6
1694741089794 2.087582803363065 7
1694741090027 2.380007419300783 8
1694741090197 2.7603849754661276 9
1694741090434 3.7868365081736095 10
1694741090739 2.5219688325578478 11
1694741091225 2.5703618320872397 12
1694741091582 1.7538369938573004 13
1694741091828 2.135222473315855 14
1694741092081 1.5280915508313715 15
1694741092285 2.1054883179217576 16
1694741092503 1.551967504468151 17
1694741092733 2.304684674464632 18
1694741092954 2.3063281546022725 19
1694741093170 1.8931378064131188 20
1694741093406 3.7317929822795946 21
1694741093683 2.0387560646819876 22
1694741093916 4.014423551288154 23
1694741094142 3.2661366390471436 24
1694741094364 2.3327820930123497 25
1694741094607 2.501230204945015 26
1694741094828 2.8901029854598956 27
1694741095057 2.0596827257553048 28
1694741095278 2.402271986107642 29
1694741095522 1.5976771816494748 30
1694741095821 1.6288794655498162 31
1694741096094 2.8682310737306085 32
1694741096271 1.756252225149819 33
1694741096507 1.7469867380308826 34
1694741096741 2.535384994495183 35
1694741096995 2.770212958591733 36
1694741097414 2.0827200516437556 37
1694741097649 1.9684907362309951 38
1694741097878 2.546329335971489 39
1694741098157 1.8310565095003228 40
1694741098313 3.0007867510179085 41
1694741098560 3.5397860450957093 42
1694741098783 2.8123710766732954 43
1694741099070 1.756490916741105 44
1694741099239 1.8918732840663612 45
1694741099378 3.442601295288497 46
1694741099562 2.8184666310759146 47
1694741099783 2.0360571011723887 48
1694741099972 2.138314194586395 49
1694741100178 2.0297863676459182 50
1694741100405 2.363505432061066 51
1694741100641 1.9233633154966745 52
1694741100865 2.1261628012273808 53
1694741101088 1.496383815765314 54
1694741101274 3.8590639119685046 55
1694741101468 2.341700186876269 56
1694741101706 2.240645267675624 57
1694741101935 1.9443048833151264 58
1694741102167 3.2054604933535487 59
1694741102366 2.5066062200758314 60
1694741102684 2.4392770681350173 61
1694741102933 1.5791573234752183 62
1694741103171 2.6964919005818277 63
1694741103346 2.3490278746369637 64
1694741103559 2.8430361186378534 65
1694741103809 1.0232175626793836 66
1694741104031 1.9860094581375114 67
1694741104231 1.9503667864214072 68
1694741104448 1.7859608277264776 69
1694741104697 2.041739873101981 70
1694741104975 2.8212527614989953 71
1694741105209 2.7018462617328596 72
1694741105368 1.3937048088852224 73
1694741105534 1.5320559386306398 74
1694741105732 1.6861347398042128 75
1694741105990 1.9928991100093107 76
1694741106223 2.858133166380943 77
1694741106429 3.191827281955433 78
1694741106595 2.7052312297310963 79
1694741106762 2.060293506289383 80
1694741106952 1.6751950652638252 81
1694741107246 1.6253708810057628 82
1694741107462 2.396676374508336 83
1694741107657 2.2772677295368315 84
1694741107884 1.915773229910357 85
1694741108107 2.2119697539991923 86
1694741108303 2.1810076740770232 87
1694741108520 2.6629821896882735 88
1694741108745 2.841196683254953 89
1694741109021 2.454150408272849 90
1694741109287 2.2007688690913776 91
1694741109506 1.7483193795590155 92
1694741109735 3.187381489276236 93
1694741109957 2.126548813618898 94
1694741110262 2.1663529798367045 95
1694741110437 2.411887318912362 96
1694741110673 1.8862278421488938 97
1694741110908 1.9330628193399846 98
1694741111146 1.5023017681121187 99
1694741111349 2.6240230669045723 100
1694741111680 3.094642639787081 101
1694741111906 1.4447842416937096 102
1694741112046 2.8598163742103613 103
1694741112289 1.8964195013595886 104
1694741112516 2.4194992978523677 105
1694741112763 2.499802621107382 106
1694741112992 2.305313490163245 107
1694741113228 2.90587329101767 108
1694741113446 1.943459856539775 109
1694741113729 1.9785289461195479 110
1694741113978 1.194197375836193 111
1694741114217 2.4778819298088526 112
1694741114405 2.07076512648753 113
1694741114620 2.8201832146535053 114
1694741114849 2.339170380408697 115
1694741115078 2.299650109309925 116
1694741115265 1.997929793889268 117
1694741115443 1.4902338077768302 118
1694741115689 2.77283278622606 119
1694741115976 3.113217640380539 120
1694741116203 2.9779225248783145 121
1694741116373 2.1095550092917317 122
1694741116568 1.5561170665944226 123
1694741116779 1.5224378348250267 124
1694741116999 2.7229800073179984 125
1694741117283 3.088802598252526 126
1694741117475 3.371551534823263 127
1694741117714 2.81355322399324 128
1694741117932 1.8092742615144006 129
1694741118226 2.0172072793345275 130
1694741118396 2.276504226871991 131
1694741118570 2.467848941796302 132
1694741118808 2.504894118455422 133
1694741119161 3.2458941705492257 134
1694741119378 2.4886566628673017 135
1694741119579 2.5309368100908167 136
1694741119828 2.247794509323738 137
1694741120028 2.5275241346679937 138
1694741120283 1.9643015051878654 139
1694741120523 2.419995290161962 140
1694741120750 2.6967969093149606 141
1694741121001 2.2651585877021083 142
1694741121291 1.577523220018221 143
1694741121464 2.8188300727332076 144
1694741121627 1.9568654001417516 145
1694741121830 1.75132007163242 146
1694741122105 2.6909652259157593 147
1694741122331 1.848966665788425 148
1694741122538 2.02630915631233 149
1694741122786 1.331764974006149 150
1694741123036 2.4825422563114534 151
1694741123282 2.510471869322527 152
1694741123457 2.227548207099477 153
1694741123623 1.9290912270439586 154
1694741123846 1.3603427104804513 155
1694741124074 1.8790774238317873 156
1694741124315 2.680217855394327 157
1694741124498 1.6991405446006835 158
1694741124767 1.2338537990340326 159
1694741125044 1.6959123915183205 160
1694741125298 2.206243470069289 161
1694741125478 2.5987581878075425 162
1694741125708 2.54137099978986 163
1694741125938 3.00763197520133 164
1694741126199 2.3578280226175568 165
1694741126398 2.9405759789578245 166
1694741126552 2.4976343832121093 167
1694741126709 1.331352221490958 168
1694741126954 1.2120857448129914 169
1694741127298 1.9429410417080863 170
1694741127467 1.7213250809106053 171
1694741127633 3.131585740014021 172
1694741127846 2.0927363224607434 173
1694741128077 1.7381745197046812 174
1694741128317 2.2221067396029297 175
1694741128529 2.2247485237095037 176
1694741128717 2.385883469845662 177
1694741128987 2.7641151418641248 178
1694741129277 1.9449062890494038 179
1694741129516 1.4915629709880076 180
1694741129787 1.8149178915524329 181
1694741129975 2.347023086634771 182
1694741130156 2.336537050304194 183
1694741130317 2.5516337005613554 184
1694741130499 2.1443520105316027 185
1694741130743 2.6079104366849135 186
1694741130938 1.6797772443781784 187
1694741131176 2.689554213123049 188
1694741131429 2.3762311620519543 189
1694741131639 2.627815715232515 190
1694741131834 1.6196037802584484 191
1694741132017 3.3604252791930715 192
1694741132207 2.7293690081598547 193
1694741132401 3.087836723608993 194
1694741132545 3.1393460486256224 195
1694741132770 2.3655234951177686 196
1694741133001 2.3339266658033284 197
1694741133235 2.042922178162403 198
1694741133459 2.1854703457600504 199
1694741133742 1.6131318738541498 200
1694741133979 1.7994485091811268 201
1694741134211 2.1269968698375283 202
1694741134438 2.5142066407931645 203
1694741134584 2.1501571036445397 204
1694741134794 2.1055416949376 205
1694741135004 1.7323718294350992 206
1694741135213 3.249140175075657 207
1694741135396 1.4047488401171815 208
1694741135550 1.7771403716609975 209
1694741135737 2.0875169506722346 210
1694741136051 1.7227746995019535 211
1694741136251 2.4966146214606586 212
1694741136473 1.1715335714766775 213
1694741136658 1.83134559659857 214
1694741136877 1.5829086455233465 215
1694741137085 2.386961299150769 216
1694741137389 2.053395403651169 217
1694741137576 1.6044274530307228 218
1694741137804 1.0589618910557859 219
1694741138079 2.778218734093579 220
1694741138343 2.8505051642777395 221
1694741138537 1.9282909321248554 222
1694741138775 1.5650005928113107 223
1694741139095 2.0405874086238955 224
1694741139361 1.947040910202297 225
1694741139557 2.776018625123879 226
1694741139802 2.0860961040812533 227
1694741140035 3.672241934616736 228
1694741140296 2.6508035755755928 229
1694741140540 2.3249377016035555 230
1694741140774 3.00617902585169 231
1694741140991 1.663365728796719 232
1694741141224 3.12649578450459 233
1694741141563 2.6869082710046612 234
1694741141795 1.858089114255602 235
1694741142100 1.5065137351323756 236
1694741142402 2.1088273179670707 237
1694741142736 2.14455111450901 238
1694741142971 1.320626346375627 239
1694741143215 2.8067901379258173 240
1694741143495 1.5624876090311564 241
1694741143706 1.718826756684183 242
1694741143891 1.849488532034327 243
1694741144087 2.0655086788108563 244
1694741144315 2.2087252787677 245
1694741144571 2.382111054273686 246
1694741144751 2.119067220355261 247
1694741144996 2.2811673772154824 248
1694741145227 2.9048271336242735 249
1694741145456 2.847628115888804 250
1694741145680 2.2320356030044706 251
1694741145844 2.282539235226995 252
1694741146064 1.931754817342114 253
1694741146298 2.3422369959193503 254
1694741146519 2.7658804597416893 255
1694741146764 1.5362101584854495 256
1694741146956 2.3904377862541404 257
1694741147328 2.4671060481206104 258
1694741147588 1.9987639382959959 259
1694741147766 3.3194058984365484 260
1694741147945 1.8503138681915896 261
1694741148169 1.7146807886477458 262
1694741148410 2.4302507695617415 263
1694741148651 2.4929066591256386 264
1694741148879 1.8812573193972753 265
1694741149165 1.6051238401769787 266
1694741149454 3.1573946801305337 267
1694741149674 1.656232106331567 268
1694741149875 1.2473521303061041 269
1694741150107 2.058892298590108 270
1694741150395 2.0640594128412526 271
1694741150635 1.1512773543803436 272
1694741150827 2.4409721181809023 273
1694741151063 2.201384553899004 274
1694741151276 1.9122922088658516 275
1694741151498 1.6893429478508548 276
1694741151718 2.0935721842004438 277
1694741151890 1.8592228540832962 278
1694741152128 1.6230345191700337 279
1694741152367 1.6503369629976532 280
1694741152591 2.064056359897563 281
1694741152762 1.6523116724044182 282
1694741152938 1.9136348736576736 283
1694741153163 1.3854553509894894 284
1694741153407 2.4432167751926803 285
1694741153627 3.047721026559083 286
1694741153799 1.7008255250999798 287
1694741154031 2.3263451668561212 288
1694741154273 2.0569947898529577 289
1694741154511 1.428683598727744 290
1694741154718 2.083707336267246 291
1694741154883 2.041890726093261 292
1694741155059 1.5473569229598203 293
1694741155279 1.8298817409936639 294
1694741155535 2.0006291010580983 295
1694741155718 1.7384085488632035 296
1694741155892 1.7849711907597785 297
1694741156157 2.0470100804676745 298
1694741156406 2.2421102951318375 299
1694741156654 2.115241002082613 300
1694741156847 2.576485301297265 301
1694741157072 2.1806317589085196 302
1694741157377 2.813098801489056 303
1694741157615 1.3480063494891343 304
1694741157855 2.6943584940602627 305
1694741158095 1.6993810833555625 306
1694741158393 1.583104265482034 307
1694741158635 1.7356328178624916 308
1694741158833 1.3936028462630345 309
1694741159105 2.432218279872273 310
1694741159336 1.264285631020149 311
1694741159571 2.0351489089245915 312
1694741159747 2.513398002747247 313
1694741159941 1.9452979037162663 314
1694741160176 1.4253935793504546 315
1694741160471 2.5520289764698547 316
1694741160694 1.8594107829946687 317
1694741160839 1.8727585103913096 318
1694741161044 1.854964835234857 319
1694741161274 2.345342578828411 320
1694741161505 2.3319689840515365 321
1694741161732 2.0934783555984486 322
1694741161960 1.597467154019757 323
1694741162185 1.4225161570082492 324
1694741162427 1.5122873945968067 325
1694741162720 2.9745736849715385 326
1694741162876 2.2316216424993787 327
1694741163065 2.6130364234295005 328
1694741163233 1.3217537666015655 329
1694741163432 2.1879801535534473 330
1694741163676 1.6218569978168949 331
1694741163861 2.0810523805701338 332
1694741164116 1.1312589093551064 333
1694741164354 2.53069255475696 334
1694741164599 3.131522538170278 335
1694741164815 2.2267503079510154 336
1694741165044 2.254601495863675 337
1694741165227 2.1538819556887367 338
1694741165454 2.1072453664055693 339
1694741165706 2.181090174468534 340
1694741165919 2.5314446790785206 341
1694741166091 2.2548897781128203 342
1694741166330 1.7250244807236499 343
1694741166578 3.083796747176373 344
1694741166793 2.874053204832449 345
1694741167017 2.948340288596414 346
1694741167300 1.9198987369397706 347
1694741167558 2.5922818479708325 348
1694741167767 1.7366518501880925 349
1694741168001 1.451318873047807 350
1694741168232 2.3112524141658946 351
1694741168481 2.3914170522463167 352
1694741168705 2.6474554048247874 353
1694741168855 1.0890395051881467 354
1694741169034 2.5260073166567274 355
1694741169210 2.1115999113338173 356
1694741169486 1.9174316505577502 357
1694741169729 3.5317961908024866 358
1694741169901 1.9997712439391986 359
1694741170136 1.6165484792587586 360
1694741170377 3.8377157237089587 361
1694741170617 2.352650899043012 362
1694741170789 2.1235667614766576 363
1694741170974 1.344964768663875 364
1694741171180 1.2355895420237988 365
1694741171463 2.20682911472147 366
1694741171726 3.2463952282009116 367
1694741171880 1.3244830547504893 368
1694741172034 1.9790802526308486 369
1694741172280 3.266575288408228 370
1694741172584 2.370128350555031 371
1694741172829 1.6244081374263895 372
1694741173062 2.585083465577137 373
1694741173316 2.0659652067133236 374
1694741173560 1.9340016193913618 375
1694741173837 2.5996049003838846 376
1694741174028 2.2438515869071805 377
1694741174227 1.910552824512228 378
1694741174461 1.5546838510371213 379
1694741174691 1.7387337488657302 380
1694741174881 1.8208999574751168 381
1694741175025 2.1374967944611263 382
1694741175173 1.651488065689908 383
1694741175390 1.9946896241667222 384
1694741175628 2.6790914091837705 385
1694741175806 1.6614436387483054 386
1694741176072 1.9924528615404347 387
1694741176287 1.913704450358851 388
1694741176504 1.8712334941940678 389
1694741176730 3.0977403405468853 390
1694741176980 1.0580125765018817 391
1694741177260 1.499445741196502 392
1694741177491 1.567809820337476 393
1694741177677 1.801129136123248 394
1694741177837 2.9346793079925626 395
1694741177997 2.6426471592985616 396
1694741178245 1.9227114951549222 397
1694741178497 1.9788765215746693 398
1694741178739 2.47940778902981 399
1694741178980 1.3835966827962045 400
1694741179288 1.82632742562721 401
1694741179536 1.421459042416097 402
1694741179789 2.6197351995110356 403
1694741179944 1.483252265235187 404
1694741180167 1.6872347266106997 405
1694741180473 2.4022804660206534 406
1694741180706 2.493523113472799 407
1694741180894 2.2577059962247383 408
1694741181083 2.1603047963695747 409
1694741181304 1.9950085728365963 410
1694741181543 1.4799183478491311 411
1694741181775 1.5760825164825254 412
1694741181939 2.055936016680998 413
1694741182079 2.2530594114351907 414
1694741182237 3.0484397804055554 415
1694741182447 1.7074024401640802 416
1694741182734 2.7563907872762705 417
1694741182898 2.3000204939608717 418
1694741183163 2.928165834825851 419
1694741183429 3.4982856202387964 420
1694741183665 1.8752401099945484 421
1694741183852 1.705907523164446 422
1694741184052 1.7567540582230852 423
1694741184302 2.1900464765936096 424
1694741184561 2.627292880502542 425
1694741184802 2.426328985687291 426
1694741184956 2.3763371858884086 427
1694741185127 1.6029832850294001 428
1694741185341 2.464483036518729 429
1694741185601 1.6298495713642493 430
1694741185817 1.9704595080462706 431
1694741185955 1.5780037183026863 432
1694741186126 2.74458638629098 433
1694741186317 1.4996254418287334 434
1694741186542 2.0152129387729407 435
1694741186764 1.8629937957792153 436
1694741186926 1.6970596444150468 437
1694741187206 1.7097004497360364 438
1694741187473 2.3237811637452874 439
1694741187727 1.818366495857048 440
1694741187929 1.9372818893621453 441
1694741188128 2.4501424643032745 442
1694741188350 2.8345488124217026 443
1694741188598 1.6746027335538656 444
1694741188866 2.1671743908039676 445
1694741189090 1.5951637068491256 446
1694741189315 2.5973921811212475 447
1694741189506 1.8412919416310558 448
1694741189703 3.2452447484122913 449
1694741189923 2.2874768993920984 450
1694741190095 2.8704659853370287 451
1694741190262 2.030774956698302 452
1694741190426 2.0147575891172163 453
1694741190638 2.8197722307181046 454
1694741190883 1.887061941892575 455
1694741191101 1.7972468733292413 456
1694741191309 1.6742215847027537 457
1694741191645 1.462605421894911 458
1694741191903 2.804731579482 459
1694741192104 1.96270331118568 460
1694741192344 1.6103697351140174 461
1694741192573 2.4926695592247854 462
1694741192787 2.3469994999344435 463
1694741193015 1.8819570376562134 464
1694741193174 2.265842948034756 465
1694741193373 2.241609595701807 466
1694741193551 2.1767248269929005 467
1694741193829 1.9448123345148192 468
1694741194081 2.810759678608773 469
1694741194319 1.6974874237267565 470
1694741194564 2.9624250800350853 471
1694741194802 1.6387050956224323 472
1694741195021 2.036249878447738 473
1694741195257 2.030912112214333 474
1694741195488 1.7352266444431994 475
1694741195697 1.5904148944984786 476
1694741195943 2.145153357456873 477
1694741196181 2.679855581850076 478
1694741196430 1.889081499577255 479
1694741196674 1.9793397322337016 480
1694741196886 2.543250444556715 481
1694741197073 1.5808667579250917 482
1694741197280 3.5784220486719227 483
1694741197541 1.7643238213946546 484
1694741197772 1.2752574071867329 485
1694741198002 1.0154609766247036 486
1694741198178 2.980702033176501 487
1694741198461 1.599636188490776 488
1694741198696 2.307391329799175 489
1694741198946 3.2837114565931986 490
1694741199157 2.218746535403899 491
1694741199310 3.343169881376401 492
1694741199544 2.3021912837227547 493
1694741199784 1.504978854651587 494
1694741200016 1.288905334159115 495
1694741200189 1.8492143750045391 496
1694741200481 3.014991196303877 497
1694741200723 1.6718392215933726 498
1694741200958 3.377826089917059 499
