1694719457036 1.2092248773478547 0
1694719457427 0.09377501309335798 1
1694719457881 0.8828619019705447 2
1694719458258 0.4465790622434073 3
1694719458572 0.43311149931939497 4
1694719458855 7.940100739381443 5
1694719459171 0.6997060506321688 6
1694719459537 28.354563100484196 7
1694719459797 0.13763891451060678 8
1694719460109 0.006675884632384721 9
1694719460480 3.477649841387194 10
1694719460802 0.06690864362308133 11
1694719461214 0.6370589467746731 12
1694719461568 0.4656953174013478 13
1694719461914 0.006558750366302247 14
1694719462205 0.4375728086294701 15
1694719462504 3.5618456357990134 16
1694719462807 0.033039729376751224 17
1694719463143 0.23650231522625487 18
1694719463513 3.9233671865197826 19
1694719464071 1.344219128639244 20
1694719464350 0.03172132349000126 21
1694719464707 0.3598069097632662 22
1694719464961 0.07358095456011514 23
1694719465389 0.4641049256181644 24
1694719465863 0.016065662355300204 25
1694719466251 0.36581893358230694 26
1694719466580 1.3955263726198355 27
1694719466857 0.2574541822928111 28
1694719467173 0.04149200565012095 29
1694719467417 2.0597609472778546 30
1694719467891 1.8474058553230766 31
1694719468171 0.04758208883734472 32
1694719468444 0.42527170239140505 33
1694719468997 1.0792706215995016 34
1694719469305 0.2747251753899314 35
1694719469617 0.42661233628122325 36
1694719469892 2.6294922108284053 37
1694719470257 0.053617173848900274 38
1694719470509 0.2194876429635477 39
1694719470884 1.50184386921004 40
1694719471189 0.17993022388655996 41
1694719471547 0.2964280074525389 42
1694719471866 0.45644799547168896 43
1694719472185 0.1336940372159489 44
1694719472534 0.7759887866956974 45
1694719472932 0.020109647757062026 46
1694719473402 0.07170232744438404 47
1694719473757 1.0388911114739017 48
1694719474058 0.2423280533578196 49
1694719474351 0.039192084331286625 50
1694719474666 0.4673352760975393 51
1694719474986 0.33253906999407035 52
1694719475314 0.39113275136203784 53
1694719475707 4.282867475742951 54
1694719476099 0.1537105992855698 55
1694719476343 0.004239368595892129 56
1694719476842 0.19213970083071263 57
1694719477166 1.3455668068380386 58
1694719477398 0.00993714879309847 59
1694719477782 0.015406439315833981 60
1694719478100 0.046347170597258514 61
1694719478348 0.5231159121565558 62
1694719478760 0.7726802002463263 63
1694719479256 2.3780815183607906 64
1694719479553 0.4683416038076043 65
1694719479907 3.0744203814876396 66
1694719480500 4.8544055920793765 67
1694719480814 4.812343355460028 68
1694719481161 0.02626807222301179 69
1694719481478 0.00035800781490465155 70
1694719481803 0.5801196192032826 71
1694719482238 0.586837781997752 72
1694719482663 0.22869073229402098 73
1694719483062 0.12439290369944632 74
1694719483480 0.5055603110800838 75
1694719483791 0.24797871171001407 76
1694719484127 0.43242025868933875 77
1694719484409 2.6477998520043085 78
1694719484729 2.6759773785799226 79
1694719485083 1.5080502558797266 80
1694719485428 1.6280048879328148 81
1694719485780 0.050614168049138236 82
1694719486120 0.20927805242985423 83
1694719486478 0.15097902547144934 84
1694719486802 1.7089404619588493 85
1694719487186 0.1389480242318893 86
1694719487503 0.8451217117107374 87
1694719487877 4.680384940239629 88
1694719488192 0.23923443588517318 89
1694719488480 1.2420829535965923 90
1694719488768 0.7833618883615109 91
1694719489110 0.07111932508616231 92
1694719489469 3.0554274359233604 93
1694719489802 0.2607404637180348 94
1694719490208 0.0029317220777787868 95
1694719490509 0.07087257793190246 96
1694719490800 1.403939365326505 97
1694719491148 0.07382646977709158 98
1694719491436 0.00048736005608887524 99
1694719491852 1.5028582693592583 100
1694719492167 0.13965792650381248 101
1694719492481 1.2470422877141698 102
1694719492801 0.17710144951526335 103
1694719493144 0.6053654602543624 104
1694719493421 1.5565300612960908 105
1694719493713 1.1081016707239881 106
1694719494056 0.03116237475232685 107
1694719494354 0.0007765649145330476 108
1694719494603 0.020767554410517246 109
1694719494861 0.151007957188033 110
1694719495141 0.003883404826505792 111
1694719495411 0.005400956169255438 112
1694719495677 0.13935313174968658 113
1694719495966 1.5824561991147341 114
1694719496326 0.2584973022284206 115
1694719496589 0.21937971708654397 116
1694719496926 0.11743832053445669 117
1694719497221 0.38627587702660404 118
1694719497504 2.836332413872727 119
1694719497855 3.2360473281613125 120
1694719498193 1.6244325626242886 121
1694719498496 0.2765680221522989 122
1694719498734 0.16766422975368525 123
1694719499034 0.19288602236001715 124
1694719499336 0.1336515118566434 125
1694719499587 0.9084174801539945 126
1694719499887 0.07183493634061902 127
1694719500304 0.21481971400219876 128
1694719500676 0.043611104765029635 129
1694719500967 1.1108843747745087 130
1694719501297 0.011416744040391072 131
1694719501593 1.13263520879194 132
1694719501953 0.08801144638949371 133
1694719502298 0.5755104405028959 134
1694719502587 0.004113571534095841 135
1694719502928 0.7499204185349457 136
1694719503254 0.028576098767355312 137
1694719503563 0.0016768254102901851 138
1694719503895 0.14382536396240853 139
1694719504202 0.7664064263985381 140
1694719504545 0.278219314191728 141
1694719504957 0.0157387224148416 142
1694719505547 0.22059538300329296 143
1694719505866 0.023215103111059513 144
1694719506134 0.4757943626726645 145
1694719506493 0.061303854880870944 146
1694719506913 0.010975785758210038 147
1694719507265 0.2761121205287552 148
1694719507526 0.014857635419503714 149
1694719507775 0.0460517241371181 150
1694719508031 0.10110054339470712 151
1694719508322 0.02230388520831291 152
1694719508628 0.18244892862724207 153
1694719508949 4.097284855559068 154
1694719509290 1.1207373855593021 155
1694719509660 0.9879744743125628 156
1694719509990 1.593414661212608 157
1694719510398 5.489943432362679 158
1694719510684 0.03239056441707792 159
1694719510995 0.025872084828536857 160
1694719511343 6.104259050837465 161
1694719511703 0.17647045308133072 162
1694719512056 0.014914825630523354 163
1694719512402 1.548188816007168 164
1694719512698 0.0010955024561895863 165
1694719512998 0.00522580694491487 166
1694719513292 0.1415459701630289 167
1694719513633 0.029663705737114292 168
1694719513961 1.1915665358125669 169
1694719514272 1.2585256366473403 170
1694719514614 1.8030345523155469 171
1694719514914 0.0010913166749589426 172
1694719515221 0.0011868271695925463 173
1694719515551 0.00053880657421971 174
1694719515837 0.7812881252470378 175
1694719516305 0.18721043022665695 176
1694719516714 1.9168489332133807e-05 177
1694719516945 0.01014089015290332 178
1694719517166 1.8852778513647268 179
1694719517495 0.6682438039795034 180
1694719517834 0.13840229859825884 181
1694719518172 0.01943159890613282 182
1694719518676 6.311100064258871 183
1694719519045 4.531628012012741 184
1694719519397 0.012757879228599793 185
1694719519708 0.03777463097735492 186
1694719519950 0.8723729010322101 187
1694719520324 0.28394002852502676 188
1694719520646 0.018520960035745188 189
1694719520996 0.01632831282938283 190
1694719521354 0.32362515386501234 191
1694719521663 0.021775180103730727 192
1694719521961 0.14715854482145385 193
1694719522295 2.0033207617058664 194
1694719522614 1.3150221328744731 195
1694719522983 0.738361614468605 196
1694719523325 0.7171675395035921 197
1694719523650 0.6729751934686818 198
1694719523930 0.44324268450502724 199
1694719524266 1.911708164741181 200
1694719524628 0.0030589294400174033 201
1694719524945 3.7865258969348092 202
1694719525294 0.0012973462371606756 203
1694719525628 1.5960012087319853 204
1694719525932 1.421472141168381 205
1694719526253 0.07141687772919793 206
1694719526609 0.6665965326742805 207
1694719526908 0.8261609911968413 208
1694719527261 2.4991081261472603 209
1694719527648 1.3311437759853721 210
1694719527945 0.004442939552433203 211
1694719528264 0.667355917470162 212
1694719528613 0.16918334683019987 213
1694719528944 0.23433840552935903 214
1694719529256 2.1733054662533884 215
1694719529725 1.6395702314639178 216
1694719530194 0.22124974306365833 217
1694719530507 0.14470074459087356 218
1694719530790 0.050701072318889095 219
1694719531030 0.210433943865076 220
1694719531365 0.11176018390487054 221
1694719531678 0.4549102143406526 222
1694719532021 0.005926547693048364 223
1694719532404 1.1483676172468766 224
1694719532867 3.0184445006526777 225
1694719533157 0.02172920433511042 226
1694719533424 2.3920121989895136 227
1694719533724 0.24913950784286126 228
1694719534053 0.516585364558568 229
1694719534462 0.007200285239322239 230
1694719534746 0.10329473943041996 231
1694719535027 2.7837844683916533 232
1694719535343 0.08112074120064638 233
1694719535672 0.005411246078613813 234
1694719535965 2.1714652551093896 235
1694719536267 2.1159620436004016 236
1694719536499 3.5319690402278305 237
1694719536809 0.9227031586504382 238
1694719537084 0.7311036725723556 239
1694719537428 0.833625243076278 240
1694719537754 1.5251050407169326 241
1694719538036 0.8014700727382178 242
1694719538320 3.300864161341774 243
1694719538656 0.020924433027931438 244
1694719539006 0.0057455406963871705 245
1694719539355 6.9229254259552215 246
1694719539712 0.023791175075007956 247
1694719540084 0.36619365593969283 248
1694719540474 0.6442827333048354 249
1694719540784 0.011858354643222163 250
1694719541092 0.437017632499722 251
1694719541396 1.7683899083784997 252
1694719541743 0.04836809201891176 253
1694719542092 0.3145699139944371 254
1694719542414 1.2690173702841079 255
1694719542733 1.065381010626644 256
1694719543037 0.0062527321003022695 257
1694719543344 0.15797938145927873 258
1694719543692 0.9429551429128221 259
1694719543970 0.3867034183067888 260
1694719544209 1.1962723460289022 261
1694719544540 1.622909646395127 262
1694719544858 0.12332522768660759 263
1694719545114 2.0504209752555513 264
1694719545377 0.16010404166557357 265
1694719545736 2.685934044860058 266
1694719546030 1.73457319607896 267
1694719546271 0.0007162440662845489 268
1694719546608 0.49423618771536465 269
1694719546926 0.006115342280063619 270
1694719547169 0.0701268857682284 271
1694719547423 6.486819566450375 272
1694719547698 2.289183353258221 273
1694719548081 1.35093825571835 274
1694719548377 1.107964634707662 275
1694719548708 0.14959655686166753 276
1694719549189 1.167562953050783 277
1694719549519 0.11485370281304602 278
1694719549898 1.8730657346335726 279
1694719550371 0.5327196364067861 280
1694719550652 0.006086708245017867 281
1694719550979 0.0005587902363288028 282
1694719551276 0.5124860314493216 283
1694719551608 0.8324658501901061 284
1694719551965 0.3849304685487254 285
1694719552313 0.06890723312156351 286
1694719552677 0.8876975948912228 287
1694719553000 0.002220689084422667 288
1694719553424 1.787266334780191 289
1694719553923 3.116340885253206 290
1694719554218 0.040606465313415295 291
1694719554521 0.5464625962224505 292
1694719554929 0.2901631451384312 293
1694719555229 0.1536795711577907 294
1694719555545 3.613953137046306 295
1694719555893 1.6150412343040088 296
1694719556192 0.9129522327861056 297
1694719556441 3.077516634079498 298
1694719556838 0.16163092239482194 299
1694719557339 0.0275888018556874 300
1694719557638 0.26983472551183674 301
1694719557974 0.4513763527144101 302
1694719558322 0.06422807497274523 303
1694719558662 0.5254624241573831 304
1694719559049 19.379109865755005 305
1694719559435 0.313554310961332 306
1694719559730 1.2844614916771713 307
1694719560195 0.010272479937407542 308
1694719560582 0.6404491497676652 309
1694719560951 2.307851082543856 310
1694719561355 2.3953600766480245 311
1694719561702 0.5676662207918547 312
1694719562090 0.4495875027905863 313
1694719562398 0.09295506976280442 314
1694719562739 0.02000895854880116 315
1694719563075 1.6412923607116148 316
1694719563383 1.0210128649869983 317
1694719563709 2.2247943514525303 318
1694719564042 0.11601267029506246 319
1694719564387 2.5853438460942106 320
1694719564755 2.2953961090048893 321
1694719565074 0.05893651214316351 322
1694719565386 0.024718360692585917 323
1694719565613 1.092002685957651 324
1694719566041 0.2237556074323975 325
1694719566409 0.10182734077224477 326
1694719566668 0.04405572713898532 327
1694719566975 0.21599394885837087 328
1694719567298 0.2843725764192563 329
1694719567581 1.65245706370931 330
1694719567820 2.5689509466659346 331
1694719568185 3.2215656978335145 332
1694719568523 1.4310417011521321 333
1694719568858 0.18219057460716961 334
1694719569225 0.09394967442087014 335
1694719569560 6.897938881661688 336
1694719569883 0.8509408960275855 337
1694719570299 1.01123599176277 338
1694719570711 4.927671005372378 339
1694719571132 0.2491895520492356 340
1694719571507 0.16468977463554002 341
1694719572123 0.0009488051028868649 342
1694719572455 2.2845182614256907 343
1694719572804 0.7546447368386123 344
1694719573174 0.004118399442032433 345
1694719573505 0.6658419035944787 346
1694719573790 0.009604182991319486 347
1694719574161 0.058278693222902446 348
1694719574499 0.29380449433423667 349
1694719574833 0.36903852592777514 350
1694719575219 0.01455240225931573 351
1694719575540 0.10564109701135185 352
1694719575815 0.3860502591734375 353
1694719576346 1.6161191648887983 354
1694719576627 0.776738196910084 355
1694719577087 0.0046340084050257 356
1694719577508 0.14528419512753848 357
1694719577802 1.1672019466011152 358
1694719578137 0.0891914796639762 359
1694719578491 1.0015204758824447 360
1694719578765 0.007297007340235672 361
1694719579089 0.12524659860126824 362
1694719579543 1.5847714479076693 363
1694719579898 0.33655813783738836 364
1694719580290 1.0134628988229806 365
1694719580664 0.12431657277678544 366
1694719581077 4.290452785051488 367
1694719581418 0.2783055549357351 368
1694719581787 0.21191450570135897 369
1694719582183 4.455806475154613 370
1694719582464 1.212139530657343 371
1694719583018 1.1115863305380769 372
1694719583571 2.3285389823584492 373
1694719583909 1.2383972906574887 374
1694719584343 0.4020765211191833 375
1694719584636 0.002071442213531494 376
1694719585030 0.32766357359831 377
1694719585370 1.253668675116953 378
1694719585706 0.559442802698124 379
1694719585995 0.2033494110372115 380
1694719586442 0.07382309704170867 381
1694719586750 2.157301492688489 382
1694719587082 5.443784069419414 383
1694719587450 1.6604646659536322 384
1694719587749 0.12636433265371805 385
1694719588086 0.045821445540953805 386
1694719588376 0.36062731111910223 387
1694719588764 0.07800253543367264 388
1694719589091 3.03389852324303 389
1694719589430 0.00021660139929720182 390
1694719589735 2.875787559838331 391
1694719590099 0.49284748626636554 392
1694719590481 1.0060014962431547 393
1694719590776 1.3544695645901637 394
1694719591150 0.43537155028786556 395
1694719591478 3.243867153490221 396
1694719591797 0.9667489154187628 397
1694719592179 1.4636907188786017 398
1694719592565 0.48479760254107734 399
1694719592976 0.019000060051793794 400
1694719593397 4.1074981546291145 401
1694719593664 0.6919891922984178 402
1694719593933 0.38755808348485105 403
1694719594284 0.21178137010026105 404
1694719594591 0.13113672394550518 405
1694719594900 0.534396604736502 406
1694719595252 0.11920860668870463 407
1694719595627 0.2001062130360911 408
1694719595888 1.1619917394927404 409
1694719596297 1.5505194436501417 410
1694719596608 0.3102116329498771 411
1694719596866 0.01656548207816795 412
1694719597120 0.7622505839437357 413
1694719597458 1.911944744814238 414
1694719597803 0.0023329172126313525 415
1694719598066 1.7640789158872914 416
1694719598477 0.1520361370752628 417
1694719598782 0.6848835118151312 418
1694719599096 0.06010479729900863 419
1694719599428 0.01885904005738567 420
1694719599737 1.1262707760905577 421
1694719600086 2.1314838960024556 422
1694719600471 0.026609575523109427 423
1694719600788 1.8183455480750506 424
1694719601155 0.9134805112274403 425
1694719601552 0.06115344654807143 426
1694719601929 0.09956990470447195 427
1694719602295 1.0256617155756913 428
1694719602662 0.10462697979396722 429
1694719602998 0.7778126051433468 430
1694719603355 1.0038139890958635 431
1694719603685 0.1623088408023088 432
1694719604006 3.646684977580475 433
1694719604400 0.7943028846371092 434
1694719604768 0.07429348881569724 435
1694719605067 4.933747627876526 436
1694719605411 0.05907485840367904 437
1694719605936 0.052943339558405966 438
1694719606267 0.3530233124560862 439
1694719606578 1.3890668640522643 440
1694719606858 0.01699846279280742 441
1694719607169 0.0356664338705764 442
1694719607525 0.794002792605142 443
1694719607862 0.5077156321078516 444
1694719608292 1.3490722419893768 445
1694719608734 0.8426834432216743 446
1694719609100 0.13102290242653628 447
1694719609449 0.5268179780725951 448
1694719609830 1.1974095920186996 449
1694719610209 1.99163571781582 450
1694719610590 0.002882539656241439 451
1694719611034 0.4038346557589106 452
1694719611442 0.6058498082853909 453
1694719611870 1.5123530763960806 454
1694719612165 0.001945721247316773 455
1694719612521 0.029069216558680052 456
1694719612895 0.7395383857824975 457
1694719613266 0.0018409587018316821 458
1694719613746 2.6265632886586436 459
1694719614084 0.8785894659151788 460
1694719614397 0.07360396678692675 461
1694719614815 0.5400100208325465 462
1694719615153 1.7187800607973795 463
1694719615482 0.12933197202256602 464
1694719615918 0.03954615046620533 465
1694719616198 0.08330000281854169 466
1694719616602 4.081973284635768 467
1694719616979 0.13198964049454562 468
1694719617278 1.9739432051522798 469
1694719617610 1.9317438498482033e-06 470
1694719617992 0.8777458472980247 471
1694719618255 0.3516474049261839 472
1694719618531 1.284225128207757 473
1694719618865 1.683958292580519 474
1694719619217 0.01944758823593717 475
1694719619534 0.12538507172499214 476
1694719619866 1.3985873248483076 477
1694719620333 0.17073908968779683 478
1694719620730 0.07006920481387563 479
1694719621059 0.2598434437401028 480
1694719621368 0.006937839487399617 481
1694719621771 0.060347187738207554 482
1694719622161 1.9500263363357788 483
1694719622678 1.1081340884018651 484
1694719623133 0.47568314143221463 485
1694719623477 0.0001803306728872962 486
1694719623779 0.1544381781920567 487
1694719624094 0.05291388122788249 488
1694719624399 0.13638843019500102 489
1694719624737 1.11368384469257 490
1694719625076 0.112723707122134 491
1694719625381 0.970528190725772 492
1694719625674 0.08763206496173817 493
1694719626003 4.135197130875137e-05 494
1694719626303 0.2719745298213822 495
1694719626646 0.42863900930897764 496
1694719627094 1.3126182132447453e-06 497
1694719627458 2.6738746215597593 498
1694719627764 0.541643428502749 499
