1694749808119 6.856071478797765 0
1694749808382 4.674284409839594 1
1694749808622 5.9285952462045115 2
1694749808838 7.6312873234427405 3
1694749809060 5.94690320101524 4
1694749809290 3.4058530381612777 5
1694749809527 6.3809036691331515 6
1694749809740 5.583437972531087 7
1694749809902 7.920043755357634 8
1694749810062 3.580747654029394 9
1694749810276 6.1181896278344645 10
1694749810566 4.496230760347279 11
1694749810789 3.8883499230965444 12
1694749810945 4.200535518284384 13
1694749811178 6.628033595740679 14
1694749811362 4.8313403512009225 15
1694749811541 9.16393301323923 16
1694749811688 6.476154665305674 17
1694749811863 5.1529815708096685 18
1694749812078 5.070631209652463 19
1694749812324 6.170428802293198 20
1694749812537 6.476262102568519 21
1694749812786 4.540796822449386 22
1694749812954 5.077325355309314 23
1694749813147 6.916266613101437 24
1694749813350 3.9656590097896114 25
1694749813560 5.1434087762750975 26
1694749813810 6.268160967716339 27
1694749814015 5.574702962404417 28
1694749814308 4.6893229212232095 29
1694749814560 7.268666115238345 30
1694749814825 8.067278871914546 31
1694749815048 7.9026979696480755 32
1694749815229 7.664611873218912 33
1694749815475 2.878591519915918 34
1694749815710 4.386472402001888 35
1694749815957 8.354683120568973 36
1694749816148 3.932614886395913 37
1694749816357 6.784440770577404 38
1694749816569 4.006958570587097 39
1694749816795 3.827650523309525 40
1694749817174 6.046883008635999 41
1694749817438 9.105965340017505 42
1694749817652 6.040085319207053 43
1694749817869 5.963841947456051 44
1694749818073 7.387174444854565 45
1694749818307 4.254265662461301 46
1694749818609 5.040049138679339 47
1694749818849 6.766136081966312 48
1694749819012 6.998879068493071 49
1694749819154 6.426222011412015 50
1694749819319 7.031520827127956 51
1694749819613 3.587604939982572 52
1694749819852 6.7682121131690876 53
1694749819999 7.864798280304121 54
1694749820290 4.819352160267548 55
1694749820513 7.26694898991504 56
1694749820717 4.53249244693652 57
1694749820901 6.108463749833924 58
1694749821080 6.172834956951454 59
1694749821335 5.685311675213697 60
1694749821599 4.030597772143641 61
1694749821883 4.493693958915292 62
1694749822078 4.547185539103577 63
1694749822315 3.8163517906775404 64
1694749822501 6.683379456484099 65
1694749822725 6.098680242937382 66
1694749822916 5.691559940573366 67
1694749823113 5.901804871721238 68
1694749823368 5.872804323482862 69
1694749823605 8.60370295242799 70
1694749823815 6.386485883444401 71
1694749824081 6.642204130197225 72
1694749824379 3.823193192027642 73
1694749824629 4.850160335779595 74
1694749824893 3.4585611304275425 75
1694749825102 4.705770480219703 76
1694749825337 4.437507238341172 77
1694749825567 4.945491734235499 78
1694749825795 4.480723922580771 79
1694749826058 5.08650261171386 80
1694749826331 3.707600580687085 81
1694749826587 6.674798172365123 82
1694749826831 5.165927087702944 83
1694749827032 6.02564269190246 84
1694749827220 7.213409814370724 85
1694749827458 8.216694807089539 86
1694749827721 4.653141477582888 87
1694749827953 4.958476822241754 88
1694749828158 6.340156771741627 89
1694749828425 3.6616165775040166 90
1694749828675 4.343656302020797 91
1694749828923 5.683470959649571 92
1694749829082 9.228199654979377 93
1694749829226 7.032318237461323 94
1694749829457 6.166628485647507 95
1694749829691 5.3189615701635535 96
1694749829946 9.381732793351715 97
1694749830121 5.4697644840786035 98
1694749830318 7.743082821552947 99
1694749830603 4.989767927937158 100
1694749830858 7.6821023956996095 101
1694749831040 4.400797337518427 102
1694749831269 5.7967438874491615 103
1694749831510 4.869485122883329 104
1694749831749 3.851315095704225 105
1694749831993 4.790441679311417 106
1694749832211 6.399495613062658 107
1694749832561 5.497703900427137 108
1694749832834 4.987805144784031 109
1694749833058 9.465345308176582 110
1694749833204 5.377597262520621 111
1694749833416 11.393039112812122 112
1694749833628 6.753083893199858 113
1694749833851 6.5337495448503935 114
1694749834082 3.2660212156188284 115
1694749834387 5.183220998130596 116
1694749834620 6.0869910194166845 117
1694749834868 5.332924682198961 118
1694749835133 6.960411739247301 119
1694749835296 4.733853944817197 120
1694749835522 4.922078906113926 121
1694749835753 7.399751018263158 122
1694749836031 4.857032300749795 123
1694749836264 8.146158869599105 124
1694749836511 5.6916275537561845 125
1694749836790 4.932217907641131 126
1694749837030 5.680112305728514 127
1694749837262 8.450069840560857 128
1694749837514 7.2516201380956575 129
1694749837739 6.410979420756027 130
1694749837967 5.505551760583812 131
1694749838145 6.000009617991388 132
1694749838305 5.6960878174582215 133
1694749838514 5.040191060935246 134
1694749838725 4.438322093087236 135
1694749838951 4.874954024713802 136
1694749839196 5.97421266212632 137
1694749839435 3.7532709962208224 138
1694749839679 4.042488461467751 139
1694749839919 4.580632611105349 140
1694749840171 8.77503594521888 141
1694749840380 5.118003788326197 142
1694749840641 6.35104458502755 143
1694749840888 3.283337353140976 144
1694749841100 6.397762072939012 145
1694749841277 5.935227483219982 146
1694749841549 4.509472854885856 147
1694749841831 7.825612853082862 148
1694749842063 5.549570909866425 149
1694749842225 6.873533257231615 150
1694749842428 6.169052012918434 151
1694749842679 4.760598386295819 152
1694749842915 6.00707014911681 153
1694749843116 5.83355920371959 154
1694749843286 9.14397868992011 155
1694749843512 6.101657965636848 156
1694749843800 5.695530796005365 157
1694749844072 3.770020944864035 158
1694749844286 5.496489480555132 159
1694749844419 4.7159988863488245 160
1694749844621 3.8183979898715292 161
1694749844828 4.422661455834116 162
1694749845029 3.9306864586506443 163
1694749845200 5.42317615015091 164
1694749845364 5.499939090962421 165
1694749845516 5.174549712549311 166
1694749845674 6.246681533247408 167
1694749845939 6.501626466213618 168
1694749846157 5.6795728477019125 169
1694749846407 5.096668501947 170
1694749846636 6.230854543455416 171
1694749846908 6.33030021811486 172
1694749847124 8.259151616835469 173
1694749847298 9.306544512394666 174
1694749847515 4.467172963515174 175
1694749847712 6.740815718460905 176
1694749847966 6.398819726227448 177
1694749848155 3.9499935631940164 178
1694749848321 8.080558092101699 179
1694749848579 6.368310463296931 180
1694749848789 5.770235630838932 181
1694749849056 5.733736994929223 182
1694749849278 5.554619105744405 183
1694749849448 2.704394778073502 184
1694749849676 4.922659195023343 185
1694749849953 3.1265317267998856 186
1694749850192 5.870668474862446 187
1694749850392 9.255388813122025 188
1694749850666 7.035613670305235 189
1694749850913 4.227500939870677 190
1694749851158 4.89068783057123 191
1694749851317 5.467086360897818 192
1694749851479 4.285218010774786 193
1694749851703 6.978337286173096 194
1694749851874 6.2463981330717155 195
1694749852068 6.353555426490698 196
1694749852268 5.495450432907345 197
1694749852418 4.997582191340421 198
1694749852620 5.509014569240462 199
1694749852854 6.906743954306604 200
1694749853057 7.513523345373733 201
1694749853285 4.85039736761734 202
1694749853532 5.583050228366035 203
1694749853778 5.6316478194073465 204
1694749853998 4.833246275294158 205
1694749854224 5.160175309012489 206
1694749854422 4.543048182614962 207
1694749854627 5.4887041519494115 208
1694749854876 6.3545884090139175 209
1694749855278 6.10760320682767 210
1694749855461 4.953910053820181 211
1694749855665 6.252126342297314 212
1694749855880 6.182040623168398 213
1694749856166 4.6053927042473255 214
1694749856347 6.520862720729454 215
1694749856580 4.444768687874895 216
1694749856818 4.122587716982111 217
1694749857055 6.037508327091875 218
1694749857264 5.1120478517241805 219
1694749857547 5.9177767037898255 220
1694749857797 5.50666613088335 221
1694749858035 4.179884749509558 222
1694749858230 5.911638064620256 223
1694749858373 6.1890228761505215 224
1694749858522 4.839769781294978 225
1694749858754 5.220451591540133 226
1694749859020 3.9949052798677203 227
1694749859224 7.280623844373531 228
1694749859367 4.957672360835355 229
1694749859675 7.3822915670053675 230
1694749859929 3.8713428178337272 231
1694749860122 10.912766905031306 232
1694749860285 4.627918026544833 233
1694749860451 4.545096995251828 234
1694749860683 6.152135699557239 235
1694749860874 3.944820168001911 236
1694749861036 3.04523557973301 237
1694749861277 7.296503442837407 238
1694749861448 7.019719041177021 239
1694749861705 10.189922918136476 240
1694749862045 4.808176807829578 241
1694749862324 3.605822929952928 242
1694749862562 6.3488424552353075 243
1694749862797 6.843656910224234 244
1694749863024 7.778976083427503 245
1694749863243 8.171195056377371 246
1694749863475 7.113804948532591 247
1694749863739 4.7059046829113464 248
1694749864005 8.014676703970663 249
1694749864306 6.311387658049644 250
1694749864613 6.197135866415476 251
1694749864860 6.074796325064423 252
1694749865101 6.746508536644019 253
1694749865319 6.214394463976272 254
1694749865577 6.520688346761878 255
1694749865839 6.145022137963524 256
1694749866108 5.468096051730442 257
1694749866345 8.1578976956069 258
1694749866578 4.500855435288236 259
1694749866801 5.028280254699115 260
1694749867015 6.933835428359085 261
1694749867261 4.324952393107028 262
1694749867458 6.714342800420338 263
1694749867723 6.302691567097995 264
1694749867946 4.676854341664062 265
1694749868158 5.114964708208241 266
1694749868362 5.011287489790965 267
1694749868657 5.494480616167511 268
1694749868896 3.6477805403359898 269
1694749869105 7.664896139469318 270
1694749869290 5.070272701530124 271
1694749869510 6.982979277156893 272
1694749869730 4.725495743010275 273
1694749869948 5.0302338885345055 274
1694749870169 6.300617823673547 275
1694749870376 6.715815195771598 276
1694749870629 6.117941763687667 277
1694749870882 6.6213794572442115 278
1694749871088 6.82454482565763 279
1694749871321 5.484181814589932 280
1694749871495 3.2424392482518063 281
1694749871749 7.1796385132276335 282
1694749871994 4.963587792628554 283
1694749872245 4.826091003111232 284
1694749872458 9.069198984569137 285
1694749872696 5.503940183938066 286
1694749873003 4.7632892011733885 287
1694749873213 4.624760777068279 288
1694749873385 7.80246989139077 289
1694749873531 8.691067677144144 290
1694749873757 7.711487285253557 291
1694749873978 7.407463137429487 292
1694749874278 5.903467276077576 293
1694749874471 3.3301006052025364 294
1694749874647 7.2584642690409735 295
1694749874888 3.7093513017000386 296
1694749875201 4.939004628463446 297
1694749875419 3.5344580566269443 298
1694749875635 4.255436077033474 299
1694749875894 6.2327242260115465 300
1694749876147 5.93710414228163 301
1694749876376 7.3897993464601734 302
1694749876634 6.627557559988229 303
1694749876878 4.556750755211966 304
1694749877116 3.979913209116992 305
1694749877407 4.211468109322044 306
1694749877615 5.321148513309298 307
1694749877845 6.678938354158196 308
1694749878071 5.344220383612777 309
1694749878380 7.066920344693372 310
1694749878609 5.639780203431132 311
1694749878815 5.511371563679681 312
1694749879029 6.045360957089593 313
1694749879251 6.664293498984546 314
1694749879468 5.859220057425965 315
1694749879759 6.609888170128545 316
1694749879980 5.845350118451107 317
1694749880267 4.429949189113879 318
1694749880522 5.58520993718419 319
1694749880704 4.429793827902704 320
1694749880898 3.9361232116828697 321
1694749881110 2.971326985279509 322
1694749881325 7.065969605985985 323
1694749881510 7.49087951777598 324
1694749881779 7.5707260035687405 325
1694749882045 5.988140526710265 326
1694749882287 4.090769900389113 327
1694749882494 5.025381015684376 328
1694749882747 3.740828110805495 329
1694749882976 5.5186842544828 330
1694749883222 4.925237049990698 331
1694749883426 7.418952076611465 332
1694749883588 3.6952108872810676 333
1694749883805 5.141428982597291 334
1694749884092 4.921937704394124 335
1694749884391 5.206078168950436 336
1694749884562 5.0037375673136495 337
1694749884758 5.160934473138844 338
1694749884931 6.317286643384883 339
1694749885113 5.87606525005284 340
1694749885359 5.5839511993562505 341
1694749885558 5.799061834101076 342
1694749885769 7.15654875933249 343
1694749886076 4.664797685405968 344
1694749886362 6.736519136052138 345
1694749886595 5.263927679904491 346
1694749886832 3.06637672199598 347
1694749887083 4.312640220676654 348
1694749887305 4.529784733075657 349
1694749887487 5.694918053187257 350
1694749887657 7.8359226364805785 351
1694749887989 6.768465138685841 352
1694749888214 5.280137675190334 353
1694749888444 5.904580171932872 354
1694749888605 4.571282546923158 355
1694749888818 7.473870567475313 356
1694749889065 4.085311071252741 357
1694749889314 4.963568736126166 358
1694749889519 7.236494154484355 359
1694749889719 8.171470686997774 360
1694749889952 3.078728240333 361
1694749890198 6.226348288419964 362
1694749890439 3.929190862836542 363
1694749890586 3.856827587013182 364
1694749890768 4.469495796490083 365
1694749891032 4.636724117877286 366
1694749891262 8.28238271459408 367
1694749891488 6.686043559160536 368
1694749891652 6.148913009371502 369
1694749891883 6.062376679153692 370
1694749892119 3.679013539011549 371
1694749892354 5.232726231060856 372
1694749892555 4.545849454545099 373
1694749892733 7.683938087991414 374
1694749892933 6.522525262329532 375
1694749893152 3.0770623767173335 376
1694749893393 5.224174463641819 377
1694749893578 6.037489510459367 378
1694749893761 4.899224799788262 379
1694749893992 3.8597465057471223 380
1694749894306 4.628069419572556 381
1694749894540 4.521115968067123 382
1694749894748 8.085863483127454 383
1694749894987 5.519173839976467 384
1694749895220 6.94280652119673 385
1694749895422 4.79427685284402 386
1694749895645 3.979368396950779 387
1694749895873 5.911913920481789 388
1694749896145 6.102692636109605 389
1694749896355 6.042773577028137 390
1694749896566 3.93668685007026 391
1694749896735 6.695138805044031 392
1694749896956 5.3016486377131935 393
1694749897203 5.358311763539218 394
1694749897506 6.858487038928469 395
1694749897759 7.181526673664909 396
1694749897994 4.004185447596546 397
1694749898226 3.5309385186263165 398
1694749898457 4.15400991512803 399
1694749898660 4.878665358029545 400
1694749898950 5.951495753942683 401
1694749899265 7.795658301561884 402
1694749899500 4.454266427224558 403
1694749899797 4.653426524353457 404
1694749900035 3.799348257214353 405
1694749900279 4.622341960167858 406
1694749900543 5.310228837727432 407
1694749900746 4.996007499348699 408
1694749900985 5.479600004334198 409
1694749901191 3.9801438900447637 410
1694749901365 6.4248621471747045 411
1694749901554 5.7054349640564865 412
1694749901742 5.558805444815134 413
1694749902039 4.872656084911269 414
1694749902276 5.380416200969205 415
1694749902496 3.7167173682602765 416
1694749902664 6.25636930701191 417
1694749902817 4.263179736153606 418
1694749902994 4.105867204115656 419
1694749903181 5.189656627514846 420
1694749903370 3.5082243496648955 421
1694749903581 5.91008291034817 422
1694749903737 5.391634826733285 423
1694749903938 4.381150253855959 424
1694749904271 5.322199231110679 425
1694749904528 8.948458244762847 426
1694749904755 4.731393221643165 427
1694749905006 7.693911651553356 428
1694749905253 8.652230848269935 429
1694749905454 4.73331057853449 430
1694749905616 5.8150155901163885 431
1694749905814 6.094577711490468 432
1694749906060 4.205875605358075 433
1694749906315 4.399401637875785 434
1694749906511 5.965756545861658 435
1694749906722 4.360318436143509 436
1694749906880 5.13818800851111 437
1694749907072 4.550876922583055 438
1694749907299 2.9769438246291524 439
1694749907514 5.683012833674471 440
1694749907702 6.815151238155041 441
1694749907883 5.957332688508303 442
1694749908064 5.091670698330964 443
1694749908323 4.710670515222312 444
1694749908583 5.32545479566835 445
1694749908766 4.969261012062633 446
1694749909021 6.438058528632158 447
1694749909247 5.701133614772259 448
1694749909497 3.7048818517601223 449
1694749909738 6.992812954038763 450
1694749909995 4.398737450936751 451
1694749910232 4.239480851064905 452
1694749910485 4.542184447936741 453
1694749910730 4.973645670483811 454
1694749911008 6.08370031966773 455
1694749911242 5.18243562431026 456
1694749911497 5.95574342754599 457
1694749911711 8.172480257930914 458
1694749911914 3.7977625990396255 459
1694749912146 4.40122323371719 460
1694749912359 7.7960810207717985 461
1694749912594 3.0061478156091743 462
1694749912792 6.543168815997352 463
1694749913096 6.150667446430163 464
1694749913320 4.533243580953807 465
1694749913557 4.620627537629753 466
1694749913772 4.819102557294312 467
1694749913978 6.249143113983353 468
1694749914196 4.53261468872462 469
1694749914423 3.9151972733865 470
1694749914593 6.863055895271251 471
1694749914757 5.940114459134798 472
1694749914920 4.672474183265834 473
1694749915076 4.08939747072714 474
1694749915291 5.2661250209310655 475
1694749915537 6.065897552679336 476
1694749915749 9.220714266847786 477
1694749915997 5.660463695535102 478
1694749916266 4.200273601390795 479
1694749916504 6.204991190311666 480
1694749916742 5.981056880125077 481
1694749916946 4.098748879468277 482
1694749917183 4.806836473261119 483
1694749917449 8.258213074976066 484
1694749917730 4.718260994431063 485
1694749917896 7.159080035055908 486
1694749918098 7.754521870741712 487
1694749918336 6.20636602937871 488
1694749918577 8.191391041420689 489
1694749918755 5.4862175182933886 490
1694749918913 4.323945602431478 491
1694749919117 7.39240063275878 492
1694749919367 6.28506515675651 493
1694749919596 4.666575320672428 494
1694749919841 4.010992126250648 495
1694749920087 6.860037054546629 496
1694749920293 6.913394445881946 497
1694749920554 3.4779664327934547 498
1694749920784 3.6263649882674707 499
