1694737546615 0.7146026918474933 0
1694737546987 19.60939181518627 1
1694737547311 4.739706016155453 2
1694737547601 2.5860903760041003 3
1694737547887 0.007627661961309098 4
1694737548205 0.34913434501530016 5
1694737548499 3.9955830676683424 6
1694737548755 25.436095196391214 7
1694737548999 2.7795206150238023 8
1694737549270 0.025361408121216435 9
1694737549611 0.6239887898731556 10
1694737549861 6.267768045350234 11
1694737550183 7.162463062467296 12
1694737550497 1.0916226675632323 13
1694737550775 0.33170874144146034 14
1694737550999 0.031007414417637796 15
1694737551293 18.715672507870373 16
1694737551632 3.987843207123933 17
1694737551874 20.235025065347582 18
1694737552125 2.3870430083644174 19
1694737552433 0.29720725451357916 20
1694737552711 16.0772626172876 21
1694737552914 0.12279553343251391 22
1694737553118 3.6439842043674897 23
1694737553505 0.36397623549969005 24
1694737553797 1.0307021406888048 25
1694737554026 6.208007349117799 26
1694737554267 7.852920266935043 27
1694737554650 1.0738917122089449 28
1694737554979 4.038342113595011 29
1694737555275 1.1928572159558313 30
1694737555528 5.045294006058693 31
1694737556000 5.797230940060128 32
1694737556279 2.3516731620435505 33
1694737556544 6.2784715152335275 34
1694737556803 12.981578407305037 35
1694737557058 0.9821808475994742 36
1694737557317 7.587253848633777 37
1694737557670 1.0103823595648995 38
1694737557962 0.07472882092921562 39
1694737558297 4.510005535876446 40
1694737558585 2.6255807721636595 41
1694737558866 1.8279565348410047 42
1694737559109 2.0590109006256134 43
1694737559336 7.435446110482822 44
1694737559628 3.331286003798356 45
1694737559928 9.62510337876186 46
1694737560194 14.340681819159508 47
1694737560553 2.9603748598927826 48
1694737560873 1.3369149408398946 49
1694737561189 0.36734525989426003 50
1694737561448 6.886923351656552 51
1694737561726 2.401175968481045 52
1694737562029 3.5085793732947015 53
1694737562283 0.1209153892201637 54
1694737562636 29.276046945029197 55
1694737562949 0.07956820730614222 56
1694737563168 0.47486394067764387 57
1694737563429 0.9223935080406425 58
1694737563751 13.482233094608002 59
1694737564107 1.8409537200173682 60
1694737564376 0.24371530608053651 61
1694737564777 17.389874823544762 62
1694737565084 0.3144868019316614 63
1694737565336 6.672288879275599 64
1694737565670 1.8230590302262295 65
1694737565978 4.716464337657573 66
1694737566268 13.828719577266888 67
1694737566602 10.142017096956137 68
1694737566965 7.034813926816747 69
1694737567213 4.134533841998437 70
1694737567457 11.363066455643455 71
1694737567780 0.3951494976062431 72
1694737568078 3.981598619121013 73
1694737568315 0.009713208407738481 74
1694737568614 0.01674826390699626 75
1694737568866 1.901934282990648 76
1694737569155 13.67633864269804 77
1694737569460 0.0025677897720567614 78
1694737569743 2.489117829669147 79
1694737570030 5.516059394519528 80
1694737570256 8.223315992858222 81
1694737570579 4.435237279147719 82
1694737570913 5.566182593742559 83
1694737571190 18.317062926978 84
1694737571478 7.448353576295524 85
1694737571784 0.9593794155599363 86
1694737572098 1.6723787662751293 87
1694737572360 7.610518202293115 88
1694737572698 3.1075185053158036 89
1694737572993 3.571148507892755 90
1694737573261 6.2872292076891325 91
1694737573624 12.059415885171886 92
1694737573918 11.05029347753992 93
1694737574225 4.275713678296544 94
1694737574487 3.5595160958649363 95
1694737574747 10.887186083610382 96
1694737575050 0.2734564305127986 97
1694737575314 0.15517350316506132 98
1694737575593 3.218941301916073 99
1694737576036 0.16102645074667243 100
1694737576400 0.628423917889328 101
1694737576726 1.8145052353234132 102
1694737577034 0.3954017752516407 103
1694737577311 5.7308707599676545 104
1694737577653 1.6184696843063433 105
1694737577943 0.30936771729484064 106
1694737578307 6.302892387995363 107
1694737578738 3.830594989990818 108
1694737579048 7.376725890696997 109
1694737579323 3.1171842808135053 110
1694737579617 0.0199422596817445 111
1694737579893 17.71767843820081 112
1694737580269 4.630291844003249 113
1694737580604 7.831911157990151 114
1694737580918 1.6146404659991789 115
1694737581244 2.9063830585934243 116
1694737581499 9.656547272738935 117
1694737581808 15.002604174315962 118
1694737582132 1.721036760596432 119
1694737582404 1.7547280687462334 120
1694737582753 0.8339383283342858 121
1694737583062 0.916377925501778 122
1694737583349 8.116404561133349 123
1694737583638 1.028740550804161 124
1694737583923 0.38014201805233844 125
1694737584240 0.2842578095135479 126
1694737584617 0.019741819466247514 127
1694737584897 19.06652850160788 128
1694737585137 19.207849291603843 129
1694737585408 5.3567743430862444 130
1694737585719 0.4457653428967962 131
1694737586026 3.262420400286926 132
1694737586355 3.6034199828426576 133
1694737586576 18.947042325670687 134
1694737586873 5.619762788137163 135
1694737587243 9.638697223090132 136
1694737587474 23.99542020993914 137
1694737587778 0.019511833265965506 138
1694737588022 0.2300507557869266 139
1694737588278 4.5360682003681685 140
1694737588538 1.4919268849703142 141
1694737588874 0.40316716012641235 142
1694737589232 9.916062988704631 143
1694737589552 1.4140839886062313 144
1694737589844 3.4881178142814617 145
1694737590156 1.1866145122486873 146
1694737590429 0.9214526987056882 147
1694737590680 29.730112491125542 148
1694737590958 0.8855887167160179 149
1694737591258 0.711796441255218 150
1694737591580 0.0007946068182433896 151
1694737591876 38.113832103218 152
1694737592157 24.127856638042616 153
1694737592411 3.0239886716854354 154
1694737592636 10.349933792154545 155
1694737592858 0.05178628209902916 156
1694737593148 20.42095226980009 157
1694737593418 1.2546803935214008 158
1694737593736 0.08076407964800313 159
1694737594018 12.549001943545033 160
1694737594455 9.602529539013387 161
1694737594820 9.709598272767499 162
1694737595100 28.45259402417952 163
1694737595399 1.5832942589715946 164
1694737595676 1.20192303322806 165
1694737596024 0.7496310904085736 166
1694737596331 7.6529110240731155 167
1694737596619 2.18622400748473 168
1694737596912 6.173746205190567 169
1694737597220 5.458899995426716 170
1694737597564 2.415065164707134 171
1694737597810 0.007836444223998828 172
1694737598146 6.909555908972853 173
1694737598437 0.8243147383246091 174
1694737598675 3.50411837451369 175
1694737598867 0.3280218531905513 176
1694737599122 2.0977422861137214 177
1694737599391 0.2936820454843887 178
1694737599677 1.6134134189840996 179
1694737599903 0.2927214446122617 180
1694737600180 0.28335053628524 181
1694737600521 3.11747214021318 182
1694737600755 0.04126421204480236 183
1694737601006 0.005112074120107207 184
1694737601314 34.8586092342232 185
1694737601621 0.12106173666790637 186
1694737601867 0.7694167918823046 187
1694737602190 1.7697613980891398 188
1694737602531 10.073367815121793 189
1694737602826 1.2091905647807248 190
1694737603153 5.50371039565417 191
1694737603405 36.22313948466987 192
1694737603676 0.6770424819924943 193
1694737603985 16.539261236702913 194
1694737604322 4.975225112707527 195
1694737604702 2.746951280190847 196
1694737604956 1.5735544489014743 197
1694737605207 1.0726774465664675 198
1694737605560 0.0012963884813889932 199
1694737605798 0.277797331160592 200
1694737606034 0.32862378582962126 201
1694737606312 7.748757545376458 202
1694737606629 15.007499645855086 203
1694737606893 0.5868444694587956 204
1694737607196 4.9240103798123425 205
1694737607564 0.24619226295434798 206
1694737607810 7.493552419306055 207
1694737608046 23.666121638357822 208
1694737608286 0.7310639237087835 209
1694737608533 2.102431066041158 210
1694737608768 2.775161179117464 211
1694737609058 8.889328177174885 212
1694737609471 13.527442359999798 213
1694737609786 0.4122766347692841 214
1694737610062 5.0342390311638265 215
1694737610373 7.910642368523011 216
1694737610704 19.238189654523673 217
1694737610926 0.9421151251382216 218
1694737611149 12.603495985298302 219
1694737611471 4.239293239022297 220
1694737611795 5.596064798888569 221
1694737612073 1.71046193722746 222
1694737612405 0.1393779777039544 223
1694737612765 1.6526611200713084 224
1694737613020 5.560568844334004 225
1694737613270 2.012820910021575 226
1694737613672 10.90585187132404 227
1694737613998 0.21293136625741002 228
1694737614311 10.178616697138542 229
1694737614693 11.902249054738215 230
1694737615004 11.887597811777031 231
1694737615288 3.475766969355406 232
1694737615560 0.11285961927312714 233
1694737615938 1.0531429644059964 234
1694737616211 4.698814077420801 235
1694737616531 0.8929387291529306 236
1694737616843 0.6420624992403249 237
1694737617104 3.588940419774352 238
1694737617402 7.024231058706311 239
1694737617731 0.07519667462502523 240
1694737618086 0.23422023525443 241
1694737618390 1.60129879628778 242
1694737618703 17.173622789177912 243
1694737618967 0.017268891740662793 244
1694737619229 2.375648246856087 245
1694737619525 0.0009018014749024182 246
1694737619833 4.28774824947732 247
1694737620124 1.0410261751248329 248
1694737620447 5.940701382301018 249
1694737620718 0.0006797198555020032 250
1694737621004 11.082724793800415 251
1694737621318 0.005712897194523988 252
1694737621656 1.403893291546934 253
1694737621884 1.6858204843860063 254
1694737622144 8.570921326337514 255
1694737622447 10.890102613351967 256
1694737622799 3.1162458139203295 257
1694737623095 3.336572239758906 258
1694737623363 6.637789646585646 259
1694737623684 12.886280223791074 260
1694737623982 0.9386262737575636 261
1694737624262 0.5601023093662889 262
1694737624549 6.609922355086542 263
1694737624847 5.5336021130781265 264
1694737625077 1.4532860018274445 265
1694737625315 0.008359351372368257 266
1694737625688 0.908415692236522 267
1694737625960 6.728208365374661 268
1694737626312 0.7254057056607217 269
1694737626669 2.463154358799835 270
1694737627001 2.551809147342643 271
1694737627292 2.144375798525408 272
1694737627605 12.471497179195532 273
1694737627928 0.2674888974889173 274
1694737628236 6.878371724778297 275
1694737628480 1.0111898768084546 276
1694737628746 0.6165832830800475 277
1694737629045 5.988666357092529 278
1694737629340 0.5836500927786236 279
1694737629623 0.16933358889135242 280
1694737629944 19.45630852954183 281
1694737630252 1.7605206255420158 282
1694737630538 4.89057072438711 283
1694737630881 0.9445931357986853 284
1694737631228 18.1342985255676 285
1694737631581 3.3974552003648464 286
1694737631872 22.770377019836452 287
1694737632186 0.8589194826736575 288
1694737632441 1.2232499398393761 289
1694737632748 0.8030957964304815 290
1694737633096 0.06535408278482159 291
1694737633384 16.169153882385004 292
1694737633736 0.11851790156359183 293
1694737634043 6.277210098064126 294
1694737634338 18.80403175130103 295
1694737634687 3.093858931525002 296
1694737634969 0.30840570586221017 297
1694737635265 2.4636190079229032 298
1694737635523 1.5706074996526989 299
1694737635864 4.577826263623176 300
1694737636237 9.578225098147092 301
1694737636589 6.484957050691113 302
1694737636930 2.3797802143076976 303
1694737637271 7.30734650357366 304
1694737637564 1.528265794598722 305
1694737637811 2.0993684613708923 306
1694737638158 0.30779959247962974 307
1694737638478 2.2848422925324963 308
1694737638867 0.07894292845863941 309
1694737639189 0.24466639399187082 310
1694737639515 1.9284965733761303 311
1694737639834 1.1939612433575473 312
1694737640183 3.6117546149750055 313
1694737640563 0.1848760375318 314
1694737640856 0.4187436671332769 315
1694737641135 1.7410251775529233 316
1694737641459 8.630604000863437 317
1694737641781 14.297929606582015 318
1694737642093 27.34014464481601 319
1694737642459 0.362893426159485 320
1694737642759 0.9140190845510281 321
1694737643083 3.518781262232716 322
1694737643401 1.8109157997888679 323
1694737643685 0.5984331187647732 324
1694737643923 0.7856191575001307 325
1694737644223 8.443562902799615 326
1694737644576 3.958509450520287 327
1694737644912 12.955482201333195 328
1694737645193 0.2583622149807408 329
1694737645513 1.879368021606125 330
1694737645774 0.5314356516743205 331
1694737646081 6.798824174126399 332
1694737646438 1.6136636737635177 333
1694737646736 5.425295386711839 334
1694737647125 0.0037085300718716274 335
1694737647448 28.837752118028387 336
1694737647736 0.8784499031177105 337
1694737647995 11.075105836821269 338
1694737648312 0.0022051838857844526 339
1694737648633 0.10880564868280494 340
1694737648881 6.9180798802928765 341
1694737649187 0.5490820647407277 342
1694737649518 0.07881069201324145 343
1694737649799 1.9596870897084686 344
1694737650047 14.586417863015207 345
1694737650370 3.8232747004493017 346
1694737650678 0.21652659236903363 347
1694737650916 7.028285260482731 348
1694737651126 4.30119607967383 349
1694737651494 24.91790233684156 350
1694737651802 17.269889194421033 351
1694737652084 10.024468789210477 352
1694737652387 12.861101838083313 353
1694737652694 8.42044948304315 354
1694737652937 42.89183385909352 355
1694737653173 0.9978059929489357 356
1694737653504 1.040646416067907 357
1694737653867 0.5593874471045993 358
1694737654169 22.14658132750086 359
1694737654557 8.79262043991277 360
1694737654859 0.14317508942191645 361
1694737655097 0.5407380107059429 362
1694737655408 0.002978390111595699 363
1694737655742 5.630428819612501 364
1694737656038 28.664695571392176 365
1694737656355 18.192798069231547 366
1694737656693 13.71634986903497 367
1694737656951 6.952944753265857 368
1694737657223 0.001307241444886319 369
1694737657486 0.21769110155481286 370
1694737657828 1.8896568358940056 371
1694737658128 2.370408097434919 372
1694737658411 2.6273198053763864 373
1694737658818 1.8461985349496026 374
1694737659158 1.7668415273285918 375
1694737659471 3.6609705067335025 376
1694737659788 2.2386163623021935 377
1694737660112 11.41791042625487 378
1694737660481 3.6062888485277202 379
1694737660787 3.2694565651004748 380
1694737661107 0.1457605667240289 381
1694737661443 0.6925550620798584 382
1694737661823 2.3627401469045566 383
1694737662079 1.9500343245145482 384
1694737662464 1.0553671718764897 385
1694737662788 2.0309310585352245 386
1694737663067 0.2796498359810587 387
1694737663393 4.430848994916712 388
1694737663688 0.7248112830153592 389
1694737663976 4.499263260497931 390
1694737664221 6.803584924033501 391
1694737664644 0.05497899050158153 392
1694737664977 1.3248182021828456 393
1694737665227 1.289153445701547 394
1694737665560 8.46545594680471 395
1694737665878 8.892981657840659 396
1694737666140 1.5210975844207586 397
1694737666421 0.4659003023842785 398
1694737666697 0.0815410844403267 399
1694737667038 0.6681517996396675 400
1694737667301 0.8253672132763344 401
1694737667528 0.962729671440592 402
1694737667869 16.504296214870877 403
1694737668140 0.052134388802953686 404
1694737668422 1.1377974348910551 405
1694737668753 1.1315202728398666 406
1694737669036 0.08011752185866873 407
1694737669320 37.86714886747176 408
1694737669630 0.2915411905250894 409
1694737669965 5.0433270656734805 410
1694737670190 0.08673027188659724 411
1694737670479 0.006490135410626382 412
1694737670831 2.7929209580554066 413
1694737671119 0.9470816794461225 414
1694737671488 2.122187832568758 415
1694737671893 9.479852643888742 416
1694737672152 4.336172938972463 417
1694737672432 5.904458901565154 418
1694737672766 0.0884477205714284 419
1694737673094 3.8767770667282195 420
1694737673386 0.2122771846525597 421
1694737673767 0.8297510333189683 422
1694737674094 0.7887109584549775 423
1694737674365 1.6122933505878092 424
1694737674727 9.98201694497744 425
1694737675053 8.144958848736499 426
1694737675364 0.06800381991373838 427
1694737675686 9.389132489406993 428
1694737676051 4.034732923479735 429
1694737676412 2.468929592792545 430
1694737676729 0.04501206218138368 431
1694737677050 2.054090338832189 432
1694737677336 12.75685645553093 433
1694737677679 10.364249005925242 434
1694737678030 8.113812470170727 435
1694737678319 2.010035739293349 436
1694737678634 0.09666642362676196 437
1694737678940 4.173048823359447 438
1694737679203 11.811069799272662 439
1694737679534 2.054287437645523 440
1694737679839 9.609534292206627 441
1694737680167 0.68358951114046 442
1694737680497 7.600702017398599 443
1694737680804 0.15789800268019183 444
1694737681114 5.398432404834868 445
1694737681388 0.0018813889617769891 446
1694737681740 14.481295479843958 447
1694737682058 1.8645449752934378 448
1694737682330 1.4815429630288985 449
1694737682718 2.984501733392114 450
1694737683047 0.5195185189687224 451
1694737683331 0.5048612819736902 452
1694737683648 0.868459590502136 453
1694737683932 0.2801172717023466 454
1694737684255 0.28108005034018346 455
1694737684483 6.958699798996533e-05 456
1694737684886 31.204760995188412 457
1694737685211 0.7987287535479463 458
1694737685480 0.15170531833246592 459
1694737685837 0.8096534544977277 460
1694737686151 1.6412574866338974 461
1694737686480 11.367629859009673 462
1694737686766 2.3490662813777834 463
1694737687135 7.247687668746608 464
1694737687444 1.62804129009013 465
1694737687763 0.7240869612142323 466
1694737688100 0.026503459782767302 467
1694737688413 3.5269941781324294 468
1694737688725 0.018772817578784316 469
1694737689059 2.296843076054559 470
1694737689402 19.544920750036063 471
1694737689721 0.00042874951986111653 472
1694737690068 0.06608901850895493 473
1694737690378 0.22109821845926508 474
1694737690655 0.0075606973789854905 475
1694737690946 0.05861210586377547 476
1694737691290 1.5568997579883415 477
1694737691580 1.3264321849555405 478
1694737691874 2.001571615285995 479
1694737692166 6.790415856630005 480
1694737692473 1.0526833158528879 481
1694737692779 1.9334902487512629 482
1694737693107 3.397757107507273 483
1694737693433 1.0117537221587851 484
1694737693786 6.938912577717351 485
1694737694070 0.36667294257782945 486
1694737694445 2.2483304633481938 487
1694737694806 2.631477694516636 488
1694737695128 7.401143504610945 489
1694737695451 7.932631174008545 490
1694737695761 9.033384740225552 491
1694737696119 4.246405453421343 492
1694737696465 4.979029613953128 493
1694737696724 8.618262466517725 494
1694737697015 0.34555035234804155 495
1694737697372 14.349609168072575 496
1694737697674 2.65944665005454 497
1694737698010 0.5957403541801357 498
1694737698368 0.034998618645293064 499
