1694751209423 nan 0
1694751209660 nan 1
1694751210036 nan 2
1694751210307 nan 3
1694751210609 nan 4
1694751210856 nan 5
1694751211175 nan 6
1694751211414 nan 7
1694751211730 nan 8
1694751212044 nan 9
1694751212403 nan 10
1694751212683 nan 11
1694751213014 nan 12
1694751213349 nan 13
1694751213594 nan 14
1694751213903 nan 15
1694751214212 nan 16
1694751214591 nan 17
1694751214909 nan 18
1694751215312 nan 19
1694751215557 nan 20
1694751215780 nan 21
1694751216128 nan 22
1694751216444 nan 23
1694751216753 nan 24
1694751217121 nan 25
1694751217440 nan 26
1694751217770 nan 27
1694751218140 nan 28
1694751218477 nan 29
1694751218830 nan 30
1694751219217 nan 31
1694751219485 nan 32
1694751219807 nan 33
1694751220122 nan 34
1694751220398 nan 35
1694751220704 nan 36
1694751221023 nan 37
1694751221371 nan 38
1694751221667 nan 39
1694751221960 nan 40
1694751222310 nan 41
1694751222589 nan 42
1694751222891 nan 43
1694751223204 nan 44
1694751223535 nan 45
1694751223819 nan 46
1694751224138 nan 47
1694751224458 nan 48
1694751224712 nan 49
1694751225045 nan 50
1694751225421 nan 51
1694751225746 nan 52
1694751226110 nan 53
1694751226501 nan 54
1694751226768 nan 55
1694751227105 nan 56
1694751227398 nan 57
1694751227711 nan 58
1694751228192 nan 59
1694751228651 nan 60
1694751228930 nan 61
1694751229251 nan 62
1694751229580 nan 63
1694751229834 nan 64
1694751230157 nan 65
1694751230482 nan 66
1694751230768 nan 67
1694751231029 nan 68
1694751231333 nan 69
1694751231590 nan 70
1694751231917 nan 71
1694751232166 nan 72
1694751232486 nan 73
1694751232742 nan 74
1694751233048 nan 75
1694751233344 nan 76
1694751233607 nan 77
1694751233833 nan 78
1694751234075 nan 79
1694751234317 nan 80
1694751234713 nan 81
1694751235008 nan 82
1694751235377 nan 83
1694751235699 nan 84
1694751236011 nan 85
1694751236343 nan 86
1694751236690 nan 87
1694751236992 nan 88
1694751237304 nan 89
1694751237620 nan 90
1694751237931 nan 91
1694751238241 nan 92
1694751238578 nan 93
1694751238903 nan 94
1694751239302 nan 95
1694751239736 nan 96
1694751240065 nan 97
1694751240472 nan 98
1694751240785 nan 99
1694751241077 nan 100
1694751241450 nan 101
1694751241767 nan 102
1694751242010 nan 103
1694751242322 nan 104
1694751242561 nan 105
1694751242882 nan 106
1694751243164 nan 107
1694751243585 nan 108
1694751243928 nan 109
1694751244237 nan 110
1694751244543 nan 111
1694751244866 nan 112
1694751245155 nan 113
1694751245561 nan 114
1694751245941 nan 115
1694751246228 nan 116
1694751246557 nan 117
1694751246939 nan 118
1694751247228 nan 119
1694751247503 nan 120
1694751247824 nan 121
1694751248186 nan 122
1694751248502 nan 123
1694751248822 nan 124
1694751249151 nan 125
1694751249471 nan 126
1694751249808 nan 127
1694751250264 nan 128
1694751250539 nan 129
1694751250851 nan 130
1694751251161 nan 131
1694751251406 nan 132
1694751251712 nan 133
1694751252066 nan 134
1694751252386 nan 135
1694751252739 nan 136
1694751253055 nan 137
1694751253381 nan 138
1694751253710 nan 139
1694751254022 nan 140
1694751254268 nan 141
1694751254586 nan 142
1694751254916 nan 143
1694751255204 nan 144
1694751255597 nan 145
1694751255934 nan 146
1694751256206 nan 147
1694751256614 nan 148
1694751257081 nan 149
1694751257313 nan 150
1694751257630 nan 151
1694751257960 nan 152
1694751258273 nan 153
1694751258605 nan 154
1694751258891 nan 155
1694751259253 nan 156
1694751259576 nan 157
1694751259874 nan 158
1694751260167 nan 159
1694751260473 nan 160
1694751260827 nan 161
1694751261166 nan 162
1694751261487 nan 163
1694751261801 nan 164
1694751262135 nan 165
1694751262430 nan 166
1694751262833 nan 167
1694751263246 nan 168
1694751263498 nan 169
1694751263777 nan 170
1694751264138 nan 171
1694751264421 nan 172
1694751264778 nan 173
1694751265095 nan 174
1694751265478 nan 175
1694751265889 nan 176
1694751266218 nan 177
1694751266547 nan 178
1694751266881 nan 179
1694751267249 nan 180
1694751267572 nan 181
1694751267882 nan 182
1694751268269 nan 183
1694751268527 nan 184
1694751268768 nan 185
1694751269117 nan 186
1694751269416 nan 187
1694751269722 nan 188
1694751270064 nan 189
1694751270400 nan 190
1694751270676 nan 191
1694751271014 nan 192
1694751271341 nan 193
1694751271696 nan 194
1694751272031 nan 195
1694751272394 nan 196
1694751272695 nan 197
1694751272996 nan 198
1694751273308 nan 199
1694751273609 nan 200
1694751273919 nan 201
1694751274226 nan 202
1694751274519 nan 203
1694751274866 nan 204
1694751275232 nan 205
1694751275544 nan 206
1694751275789 nan 207
1694751276103 nan 208
1694751276404 nan 209
1694751276657 nan 210
1694751276949 nan 211
1694751277308 nan 212
1694751277596 nan 213
1694751277856 nan 214
1694751278119 nan 215
1694751278439 nan 216
1694751278710 nan 217
1694751279006 nan 218
1694751279383 nan 219
1694751279649 nan 220
1694751279939 nan 221
1694751280245 nan 222
1694751280585 nan 223
1694751280826 nan 224
1694751281132 nan 225
1694751281610 nan 226
1694751281956 nan 227
1694751282344 nan 228
1694751282719 nan 229
1694751282982 nan 230
1694751283360 nan 231
1694751284037 nan 232
1694751284398 nan 233
1694751284775 nan 234
1694751285122 nan 235
1694751285498 nan 236
1694751285834 nan 237
1694751286335 nan 238
1694751286710 nan 239
1694751287147 nan 240
1694751287552 nan 241
1694751287909 nan 242
1694751288211 nan 243
1694751288533 nan 244
1694751288798 nan 245
1694751289271 nan 246
1694751289521 nan 247
1694751289812 nan 248
1694751290126 nan 249
1694751290458 nan 250
1694751290860 nan 251
1694751291138 nan 252
1694751291538 nan 253
1694751291833 nan 254
1694751292079 nan 255
1694751292326 nan 256
1694751292623 nan 257
1694751292962 nan 258
1694751293255 nan 259
1694751293596 nan 260
1694751293961 nan 261
1694751294210 nan 262
1694751294529 nan 263
1694751294846 nan 264
1694751295144 nan 265
1694751295501 nan 266
1694751295894 nan 267
1694751296146 nan 268
1694751296531 nan 269
1694751297016 nan 270
1694751297449 nan 271
1694751297856 nan 272
1694751298224 nan 273
1694751298608 nan 274
1694751298975 nan 275
1694751299332 nan 276
1694751299800 nan 277
1694751300201 nan 278
1694751300467 nan 279
1694751300747 nan 280
1694751301066 nan 281
1694751301353 nan 282
1694751301650 nan 283
1694751301966 nan 284
1694751302304 nan 285
1694751302624 nan 286
1694751302946 nan 287
1694751303257 nan 288
1694751303579 nan 289
1694751303904 nan 290
1694751304240 nan 291
1694751304544 nan 292
1694751304878 nan 293
1694751305202 nan 294
1694751305516 nan 295
1694751305735 nan 296
1694751306004 nan 297
1694751306324 nan 298
1694751306676 nan 299
1694751307007 nan 300
1694751307270 nan 301
1694751307656 nan 302
1694751307998 nan 303
1694751308287 nan 304
1694751308695 nan 305
1694751309014 nan 306
1694751309324 nan 307
1694751309650 nan 308
1694751309991 nan 309
1694751310292 nan 310
1694751310605 nan 311
1694751310980 nan 312
1694751311279 nan 313
1694751311510 nan 314
1694751311745 nan 315
1694751312072 nan 316
1694751312454 nan 317
1694751312713 nan 318
1694751313051 nan 319
1694751313363 nan 320
1694751313621 nan 321
1694751313911 nan 322
1694751314240 nan 323
1694751314479 nan 324
1694751314738 nan 325
1694751315036 nan 326
1694751315461 nan 327
1694751315773 nan 328
1694751316083 nan 329
1694751316378 nan 330
1694751316672 nan 331
1694751316980 nan 332
1694751317356 nan 333
1694751317647 nan 334
1694751317921 nan 335
1694751318211 nan 336
1694751318564 nan 337
1694751318953 nan 338
1694751319309 nan 339
1694751319648 nan 340
1694751320027 nan 341
1694751320426 nan 342
1694751320876 nan 343
1694751321295 nan 344
1694751321598 nan 345
1694751321996 nan 346
1694751322379 nan 347
1694751322931 nan 348
1694751323230 nan 349
1694751323482 nan 350
1694751324041 nan 351
1694751324897 nan 352
1694751326040 nan 353
1694751326368 nan 354
1694751326779 nan 355
1694751327429 nan 356
1694751327844 nan 357
1694751328388 nan 358
1694751328806 nan 359
1694751329113 nan 360
1694751329384 nan 361
1694751329691 nan 362
1694751329995 nan 363
1694751330310 nan 364
1694751330646 nan 365
1694751330881 nan 366
1694751331173 nan 367
1694751331542 nan 368
1694751331929 nan 369
1694751332239 nan 370
1694751332553 nan 371
1694751332866 nan 372
1694751333189 nan 373
1694751333527 nan 374
1694751333906 nan 375
1694751334237 nan 376
1694751334603 nan 377
1694751334873 nan 378
1694751335235 nan 379
1694751335609 nan 380
1694751335925 nan 381
1694751336262 nan 382
1694751336593 nan 383
1694751336855 nan 384
1694751337173 nan 385
1694751337499 nan 386
1694751337825 nan 387
1694751338213 nan 388
1694751338526 nan 389
1694751338807 nan 390
1694751339063 nan 391
1694751339583 nan 392
1694751339977 nan 393
1694751340699 nan 394
1694751341044 nan 395
1694751341519 nan 396
1694751341960 nan 397
1694751342335 nan 398
1694751342736 nan 399
1694751343033 nan 400
1694751343379 nan 401
1694751343705 nan 402
1694751343986 nan 403
1694751344275 nan 404
1694751344576 nan 405
1694751344859 nan 406
1694751345151 nan 407
1694751345503 nan 408
1694751345840 nan 409
1694751346063 nan 410
1694751346343 nan 411
1694751346653 nan 412
1694751347060 nan 413
1694751347398 nan 414
1694751347714 nan 415
1694751348000 nan 416
1694751348265 nan 417
1694751348500 nan 418
1694751348796 nan 419
1694751349056 nan 420
1694751349373 nan 421
1694751349734 nan 422
1694751350042 nan 423
1694751350311 nan 424
1694751350627 nan 425
1694751350916 nan 426
1694751351176 nan 427
1694751351482 nan 428
1694751351848 nan 429
1694751352086 nan 430
1694751352437 nan 431
1694751352778 nan 432
1694751353040 nan 433
1694751353341 nan 434
1694751353653 nan 435
1694751354003 nan 436
1694751354264 nan 437
1694751354578 nan 438
1694751354882 nan 439
1694751355118 nan 440
1694751355503 nan 441
1694751355825 nan 442
1694751356206 nan 443
1694751356616 nan 444
1694751356963 nan 445
1694751357284 nan 446
1694751357616 nan 447
1694751357922 nan 448
1694751358187 nan 449
1694751358562 nan 450
1694751358906 nan 451
1694751359204 nan 452
1694751359532 nan 453
1694751359814 nan 454
1694751360068 nan 455
1694751360302 nan 456
1694751360619 nan 457
1694751360946 nan 458
1694751361237 nan 459
1694751361555 nan 460
1694751361855 nan 461
1694751362123 nan 462
1694751362424 nan 463
1694751362759 nan 464
1694751363080 nan 465
1694751363385 nan 466
1694751363706 nan 467
1694751364082 nan 468
1694751364474 nan 469
1694751364765 nan 470
1694751365080 nan 471
1694751365371 nan 472
1694751365701 nan 473
1694751366000 nan 474
1694751366271 nan 475
1694751366598 nan 476
1694751366899 nan 477
1694751367266 nan 478
1694751367536 nan 479
1694751367866 nan 480
1694751368190 nan 481
1694751368417 nan 482
1694751368718 nan 483
1694751369012 nan 484
1694751369293 nan 485
1694751369654 nan 486
1694751369967 nan 487
1694751370258 nan 488
1694751370479 nan 489
1694751370715 nan 490
1694751371015 nan 491
1694751371271 nan 492
1694751371582 nan 493
1694751371945 nan 494
1694751372214 nan 495
1694751372496 nan 496
1694751372770 nan 497
1694751373065 nan 498
1694751373318 nan 499
