1694745644595 2.294388640856204 0
1694745644792 2.549813721229419 1
1694745644985 2.899084213439591 2
1694745645229 3.982991737538916 3
1694745645464 4.246111109189256 4
1694745645704 3.310110937733487 5
1694745645936 2.4029513247127996 6
1694745646189 1.7840836319915123 7
1694745646407 2.7579852665893037 8
1694745646656 2.9826879043202865 9
1694745646814 3.064455553382142 10
1694745646978 2.685513607120056 11
1694745647201 3.7966663793816244 12
1694745647438 3.4771993700383708 13
1694745647690 2.667385543494289 14
1694745647853 2.3905155488924215 15
1694745648086 2.0532209723864328 16
1694745648384 2.338259866486927 17
1694745648632 1.547325067442471 18
1694745648822 2.3874522422250095 19
1694745649061 3.9047297148270608 20
1694745649317 2.5956959599433738 21
1694745649524 1.5943928019723599 22
1694745649756 2.6745637284456705 23
1694745649994 1.8393063601964272 24
1694745650219 1.5345755750122858 25
1694745650474 3.470711265343349 26
1694745650768 2.895824256505405 27
1694745651031 2.539128726890075 28
1694745651271 1.6127660172171463 29
1694745651524 2.418897830428858 30
1694745651761 2.2227550580991373 31
1694745651930 2.486058121465608 32
1694745652159 3.3099943215319096 33
1694745652409 1.9515099596730243 34
1694745652742 2.8334859222039626 35
1694745652980 2.613043390199549 36
1694745653268 3.6786590031094817 37
1694745653673 2.428979238334433 38
1694745653856 3.055246522781036 39
1694745654204 2.0277794332921038 40
1694745654461 3.1020832799775717 41
1694745654739 2.237963720353261 42
1694745654953 2.3031322692727714 43
1694745655223 2.9153275285908946 44
1694745655442 1.1631618721825039 45
1694745655686 1.9371212802114224 46
1694745655875 2.2729429926941287 47
1694745656046 4.084438648738141 48
1694745656293 2.6212097534656977 49
1694745656572 2.250222242588483 50
1694745656802 2.037819559815136 51
1694745656973 1.6557022838412934 52
1694745657223 2.5164128666305587 53
1694745657510 3.125115788902489 54
1694745657770 1.6261053052161871 55
1694745657932 3.0529682538838707 56
1694745658112 3.01314665760392 57
1694745658331 1.5494855109463186 58
1694745658569 2.4338824692013925 59
1694745658800 3.3591534895748523 60
1694745658977 2.7709699450402474 61
1694745659218 2.6142184105760933 62
1694745659483 1.2849370598654148 63
1694745659751 2.1206625394306697 64
1694745659918 2.4439062927541 65
1694745660052 3.614374047607337 66
1694745660187 2.421332607334953 67
1694745660346 2.1054310135663554 68
1694745660584 1.9212927303710796 69
1694745660835 2.67983655415215 70
1694745661054 2.4582320284348067 71
1694745661364 2.058338663270494 72
1694745661612 2.4152114782659675 73
1694745661880 2.0941256514574005 74
1694745662080 2.8852204136265356 75
1694745662299 1.8746331682858226 76
1694745662508 2.817414545109127 77
1694745662766 3.0811212449078327 78
1694745662945 2.753081842013657 79
1694745663110 3.0898731516078914 80
1694745663328 1.8776307738111557 81
1694745663537 2.309779376787846 82
1694745663789 2.7973708346751045 83
1694745664026 2.476547761724946 84
1694745664256 1.6730047677018511 85
1694745664533 2.2575219352911984 86
1694745664788 2.661948351163995 87
1694745664987 2.0609478593514607 88
1694745665229 3.158871472497184 89
1694745665471 3.120120934534901 90
1694745665720 2.4640780203906205 91
1694745665940 1.8563961237678974 92
1694745666226 2.2103940031166953 93
1694745666468 1.590652024773832 94
1694745666710 3.1097058163096922 95
1694745666922 1.6663229783994307 96
1694745667099 2.474090819398096 97
1694745667339 2.561119287047476 98
1694745667567 2.5868953046004917 99
1694745667824 1.9250914297304644 100
1694745668042 2.07848803246669 101
1694745668226 1.7649169388911172 102
1694745668444 2.257610141702645 103
1694745668629 2.725919977898311 104
1694745668848 2.5579332472839775 105
1694745669047 1.477412988468448 106
1694745669219 1.9353685158545302 107
1694745669363 2.363996087292895 108
1694745669610 2.446544072800456 109
1694745669851 1.7069448250299422 110
1694745670054 1.9663756174702165 111
1694745670224 2.4228602622699325 112
1694745670448 2.0944572171708806 113
1694745670706 3.761820536270698 114
1694745670975 2.673109868695233 115
1694745671207 2.2265901773708348 116
1694745671358 2.5799054717671908 117
1694745671597 2.1420093018112514 118
1694745671773 2.0399150242275503 119
1694745671952 1.8385799288860856 120
1694745672103 2.6757856493657872 121
1694745672324 3.264682697114901 122
1694745672581 2.442075597484622 123
1694745672758 1.5945023133223757 124
1694745672987 2.338859602180977 125
1694745673207 2.535274406570531 126
1694745673432 2.7646154411699757 127
1694745673670 2.0750117292319867 128
1694745673901 2.170449650710785 129
1694745674086 1.840382281846941 130
1694745674316 3.163457561108896 131
1694745674562 2.9216825924196868 132
1694745674803 1.5951558970044237 133
1694745675057 1.91979095149796 134
1694745675262 2.003472241249049 135
1694745675505 1.8889975706580924 136
1694745675749 2.6807579515312754 137
1694745675990 2.136901114981457 138
1694745676141 1.8154579521195424 139
1694745676364 2.6797949066276927 140
1694745676589 1.8030963678359175 141
1694745676813 1.9217400214191045 142
1694745677029 1.5330479312581324 143
1694745677229 1.685197017260715 144
1694745677503 1.6369841140300458 145
1694745677752 1.9879318000164734 146
1694745678005 2.780728704352935 147
1694745678159 1.347386746444723 148
1694745678362 1.1963587132907987 149
1694745678589 3.8020379894004006 150
1694745678791 2.6372438973918233 151
1694745678997 2.0025562864663558 152
1694745679154 1.89211958212507 153
1694745679313 2.1083993911094745 154
1694745679533 1.7016417619105162 155
1694745679865 2.0143662467036063 156
1694745680050 2.6265521817432185 157
1694745680240 2.3928033346337667 158
1694745680447 1.776311485005739 159
1694745680709 2.168725675665186 160
1694745680997 3.0065320504140103 161
1694745681192 2.0200952551130924 162
1694745681454 1.9797439290406713 163
1694745681696 1.9632407228585838 164
1694745681986 2.166697793981533 165
1694745682153 2.716734899007174 166
1694745682380 2.0093271205614 167
1694745682635 1.8947325665065085 168
1694745682895 2.5808293024726976 169
1694745683082 1.6554229657765294 170
1694745683322 2.7221960059933497 171
1694745683566 2.285460029004031 172
1694745683807 1.879227822435641 173
1694745684100 1.5510314932222593 174
1694745684350 2.0578905300988573 175
1694745684593 1.9043640508130892 176
1694745684834 3.2491029955787503 177
1694745685067 2.6520697206797696 178
1694745685269 2.414419882471598 179
1694745685505 1.8897368665118404 180
1694745685745 2.121354259494636 181
1694745685966 3.466856400861998 182
1694745686190 2.2223785800068323 183
1694745686436 2.3666464189867287 184
1694745686680 3.090368491731325 185
1694745686907 1.6400259921221796 186
1694745687114 2.1041105140222442 187
1694745687296 2.0118226535984944 188
1694745687478 3.563090154232638 189
1694745687712 2.5806545089624064 190
1694745687955 1.5560530550846774 191
1694745688192 2.9206034087793302 192
1694745688425 2.795420886017812 193
1694745688694 2.138688965794527 194
1694745688926 2.2289799273667144 195
1694745689137 2.736548429106277 196
1694745689376 2.1862594336956542 197
1694745689598 1.9177201139669833 198
1694745689803 2.3069819622950214 199
1694745689978 1.8492065830421354 200
1694745690171 2.1131019996000546 201
1694745690382 1.8903296957511664 202
1694745690624 2.073920692000822 203
1694745690933 2.2524623395400045 204
1694745691149 2.3789061446537376 205
1694745691365 2.5400665854253774 206
1694745691640 1.4405088131489743 207
1694745691877 1.8056508750089781 208
1694745692148 2.329436781240542 209
1694745692385 2.6171759709077986 210
1694745692660 1.938613292084142 211
1694745692908 2.362840089047326 212
1694745693131 3.4897531919086817 213
1694745693295 1.5151819972424299 214
1694745693559 1.506860247437725 215
1694745693801 1.9246265287308255 216
1694745694037 1.860073400036493 217
1694745694264 1.803245300696796 218
1694745694475 2.27275823777997 219
1694745694711 1.5584664336691139 220
1694745694937 2.7930446286651116 221
1694745695200 1.8743832878992428 222
1694745695454 2.9923313503144726 223
1694745695704 1.9353251870677397 224
1694745695924 1.5164316733973227 225
1694745696150 2.96930926814275 226
1694745696324 2.0500478701182208 227
1694745696545 1.6170400334181805 228
1694745696806 2.3379314007983125 229
1694745697047 2.219595845621869 230
1694745697281 1.9416042516749634 231
1694745697544 2.668007718960085 232
1694745697776 1.904125628180907 233
1694745697988 2.406876845381707 234
1694745698218 2.880647816879955 235
1694745698402 2.124191048650152 236
1694745698590 2.688544023382173 237
1694745698801 2.6494037196477587 238
1694745699047 2.079766429615717 239
1694745699275 1.559045669169884 240
1694745699578 2.5649593266405852 241
1694745699818 2.5828049015336836 242
1694745700043 2.267248063210133 243
1694745700236 1.8864423744725485 244
1694745700413 2.0357627081371827 245
1694745700647 1.9085079719448699 246
1694745700921 1.8906175133193746 247
1694745701178 3.257990598225998 248
1694745701340 2.6776052082134636 249
1694745701590 2.009073834409911 250
1694745701877 4.145868574009503 251
1694745702104 2.146196338406179 252
1694745702278 2.2359973398832262 253
1694745702487 2.814240640216404 254
1694745702781 1.9660928184083784 255
1694745703016 1.8774151144871027 256
1694745703249 2.547580698944598 257
1694745703457 1.8642635223851485 258
1694745703659 2.1190633924701974 259
1694745703847 1.3441486857372553 260
1694745704132 1.8708300360005061 261
1694745704348 2.91223196667452 262
1694745704579 2.842779528247501 263
1694745704817 2.0051506921751305 264
1694745705067 3.048011318760222 265
1694745705279 2.511183446111342 266
1694745705459 1.9964918440733177 267
1694745705693 2.9098606745943543 268
1694745705936 1.4046122798291194 269
1694745706183 3.468487922548691 270
1694745706441 2.824570556309594 271
1694745706745 2.4332936779559655 272
1694745706957 3.002462630863855 273
1694745707152 1.7380565762236195 274
1694745707332 1.5849348899190316 275
1694745707499 2.0255289388277196 276
1694745707726 2.2349303194844676 277
1694745707900 1.7529301247164562 278
1694745708060 2.2181607194247723 279
1694745708202 3.096884978347871 280
1694745708398 1.6580199419686952 281
1694745708617 3.0655375719902 282
1694745708768 3.4252097155416323 283
1694745708919 3.610871658366071 284
1694745709086 1.6905317544527272 285
1694745709312 1.6615080981773813 286
1694745709532 2.83492203327279 287
1694745709784 2.726894501415266 288
1694745710021 2.689961003550545 289
1694745710258 2.2228312102536414 290
1694745710464 1.8827583913295722 291
1694745710744 1.338526084558681 292
1694745711041 1.9701827703732857 293
1694745711281 2.2929851444898426 294
1694745711461 3.4585044088276207 295
1694745711742 3.0563916588600826 296
1694745711978 2.7978364110209863 297
1694745712222 1.4510406489497878 298
1694745712461 2.14459363439471 299
1694745712769 2.0354030604625364 300
1694745713089 3.1042234238497457 301
1694745713322 1.3163609188923042 302
1694745713489 1.4596329128470156 303
1694745713665 1.7211335373631347 304
1694745713866 1.8079614882843174 305
1694745714087 1.9594511842774753 306
1694745714309 1.394600779834227 307
1694745714519 2.558712432558629 308
1694745714761 1.6674589755576872 309
1694745715032 2.7127531819931208 310
1694745715344 2.3956282749789506 311
1694745715506 2.060954657113057 312
1694745715738 2.218416624908975 313
1694745715984 1.9713339862333765 314
1694745716212 1.3204304722791431 315
1694745716429 1.3937859673642148 316
1694745716670 1.8478252390460177 317
1694745716898 2.2109724524263785 318
1694745717074 2.0749474272824067 319
1694745717334 1.8181068834612673 320
1694745717545 2.284713069210404 321
1694745717749 1.6875111960356264 322
1694745717983 1.7844373559438338 323
1694745718223 2.369074749464796 324
1694745718471 1.364208110738934 325
1694745718696 2.3342361987467064 326
1694745718914 1.9320885426195902 327
1694745719142 2.0645992442589254 328
1694745719444 2.311514988639756 329
1694745719755 2.167875996264199 330
1694745719976 1.7629196295756149 331
1694745720184 2.2180997288430735 332
1694745720431 1.973226783258391 333
1694745720698 2.0739887853664807 334
1694745721002 2.592981567836904 335
1694745721203 2.636951073568698 336
1694745721459 1.8084223653824056 337
1694745721699 2.069731571182954 338
1694745722029 2.5183600369973482 339
1694745722273 5.044895401061179 340
1694745722479 2.340424687526546 341
1694745722757 2.161112474955789 342
1694745722992 1.8069485597796693 343
1694745723181 1.559618005310803 344
1694745723406 1.7707789894187267 345
1694745723590 1.6175452384973148 346
1694745723808 2.3740533048876418 347
1694745724036 2.2378669546416714 348
1694745724269 1.7320627235297188 349
1694745724475 2.3005840207037784 350
1694745724688 4.137455644892702 351
1694745724925 2.924594649063454 352
1694745725187 2.2808573702707773 353
1694745725376 2.5393669109326065 354
1694745725597 2.4278900971430186 355
1694745725804 1.9335820245599245 356
1694745726006 2.1041506210156764 357
1694745726259 2.6287813656625056 358
1694745726495 2.5021163529367936 359
1694745726654 1.5727342152885768 360
1694745726857 2.902826325550367 361
1694745727092 2.343055803744834 362
1694745727303 1.74535205106996 363
1694745727509 3.1802534103278735 364
1694745727669 2.406244916481026 365
1694745727835 1.9440559834133886 366
1694745728041 2.5841469475944545 367
1694745728274 2.2653324921778792 368
1694745728483 1.8210072623446993 369
1694745728708 2.655718937555012 370
1694745728950 2.277092644539055 371
1694745729195 2.1478740954849598 372
1694745729458 2.409714979672588 373
1694745729669 1.5616866955440614 374
1694745729901 2.4557407210338273 375
1694745730127 1.4859239203367351 376
1694745730366 2.1776331292936266 377
1694745730569 2.6204102072356217 378
1694745730728 2.3424002454301127 379
1694745731030 3.2176452708830348 380
1694745731278 3.1617849960051925 381
1694745731522 2.605694257778006 382
1694745731763 1.1623374908712918 383
1694745732016 1.8963724794369998 384
1694745732242 1.8533919456364263 385
1694745732447 1.9485459860364582 386
1694745732750 2.507041723792573 387
1694745733015 2.0313994758428158 388
1694745733267 2.399330527462014 389
1694745733509 3.4270794851394597 390
1694745733738 2.6270230324870574 391
1694745733983 2.1972556721952743 392
1694745734227 1.980082372024447 393
1694745734461 2.2945281507600153 394
1694745734694 2.8804991262851303 395
1694745734943 1.839910431013869 396
1694745735250 2.3716817093148754 397
1694745735526 2.151487744843854 398
1694745735705 1.8164909648768823 399
1694745735864 2.2918844435897174 400
1694745736103 3.7794330048767244 401
1694745736344 1.9746934439090496 402
1694745736558 1.1789299442549939 403
1694745736785 1.1557801616065115 404
1694745737028 3.1865861291707986 405
1694745737278 2.0888529863306147 406
1694745737561 1.3742909251217006 407
1694745737761 2.2330271481336132 408
1694745737974 3.037318737055537 409
1694745738161 1.0386910126404538 410
1694745738384 2.280158827003575 411
1694745738600 3.147764162486652 412
1694745738819 2.2165000640409755 413
1694745739087 1.472405816522859 414
1694745739330 1.5313457476809909 415
1694745739580 1.2266908082777368 416
1694745739880 2.0481972672167705 417
1694745740073 2.1778713012713333 418
1694745740280 2.0910258625546887 419
1694745740522 2.355300767829988 420
1694745740716 2.7224959428255207 421
1694745741021 1.9170358263430096 422
1694745741253 1.6576182492675475 423
1694745741428 2.074372599151992 424
1694745741616 3.4379924758030627 425
1694745741821 1.7969453538430884 426
1694745742102 2.3484834729863633 427
1694745742331 1.709117335230484 428
1694745742558 3.2835786746951645 429
1694745742768 1.1708035166472184 430
1694745742979 2.074835092340958 431
1694745743230 2.5810035980748114 432
1694745743468 2.259351246542721 433
1694745743655 3.240926669455496 434
1694745743872 2.2125078555512636 435
1694745744104 2.3892320602797104 436
1694745744419 1.4318762594569912 437
1694745744649 3.2422096909878584 438
1694745744852 2.274104204265299 439
1694745745087 1.5242035678105885 440
1694745745336 2.0189370807307845 441
1694745745616 2.1973367179892347 442
1694745745770 1.9533398067451209 443
1694745745925 3.5655595205384825 444
1694745746132 2.236616407571167 445
1694745746376 3.075928037748124 446
1694745746664 2.9685592843843622 447
1694745746852 2.9298800033438943 448
1694745747019 2.5719707420321645 449
1694745747252 2.383652283992149 450
1694745747506 2.643808849738056 451
1694745747727 1.7024693187892186 452
1694745747957 2.549505061047833 453
1694745748177 1.7760352205665157 454
1694745748390 3.8868684548836008 455
1694745748568 2.56163701580112 456
1694745748882 3.1156562847825917 457
1694745749085 2.48443425267742 458
1694745749252 1.717939840872429 459
1694745749487 2.444138505778831 460
1694745749701 2.0940633151619132 461
1694745749865 1.4686238146053885 462
1694745750002 2.2916865591674047 463
1694745750204 1.3368756140424425 464
1694745750444 2.447843589832137 465
1694745750673 1.6327889742594872 466
1694745750871 2.4781467080471127 467
1694745751178 1.7027635551528348 468
1694745751389 2.26671712415557 469
1694745751609 2.9611951300025505 470
1694745751818 2.4584997881775297 471
1694745752067 2.3937601757353524 472
1694745752323 1.6722514034448401 473
1694745752546 1.7050126539410986 474
1694745752773 3.1708580284048673 475
1694745752972 2.2823772596752723 476
1694745753128 1.2831307642228476 477
1694745753416 1.9700355205701083 478
1694745753661 3.059691609140785 479
1694745753820 3.010904587494391 480
1694745753997 3.2242585719301644 481
1694745754215 1.7500779747557038 482
1694745754442 1.4974468376227728 483
1694745754612 2.563926291104694 484
1694745754769 1.6258190556187533 485
1694745754934 2.0038443746226693 486
1694745755160 2.0338032076131096 487
1694745755361 2.4454323724248126 488
1694745755615 2.3400864246822874 489
1694745755798 2.717542018921726 490
1694745756043 3.583692276161249 491
1694745756291 2.223097366721887 492
1694745756528 1.7092624104586829 493
1694745756738 2.2470332721753823 494
1694745756908 2.8115377539619018 495
1694745757160 1.4301826542705396 496
1694745757409 1.7544029734432918 497
1694745757651 1.9950874687107305 498
1694745757857 2.4767805203269937 499
