1694720795301 0.00572103509222771 0
1694720795587 1.4678874172805583 1
1694720795913 0.0029671120142409787 2
1694720796165 0.5463440789131988 3
1694720796446 2.104449739931021 4
1694720796742 5.266324494175215 5
1694720797029 0.0011469679191363038 6
1694720797255 3.9917211932838 7
1694720797550 1.3673889853881949 8
1694720797886 0.3439861380407912 9
1694720798194 3.913018276971698 10
1694720798497 0.2201807713661131 11
1694720798786 0.22708796680076063 12
1694720799096 0.14698554752431123 13
1694720799296 0.4158272624881648 14
1694720799524 1.9408838763302616 15
1694720799802 0.0307350844272684 16
1694720800103 5.586820792492679 17
1694720800354 0.02264914600395288 18
1694720800636 0.00038121975122608315 19
1694720800911 1.041876241371046 20
1694720801250 1.6151091054336857 21
1694720801504 1.0355173728719596 22
1694720801774 0.5467070559564864 23
1694720802083 1.6825019021900438 24
1694720802527 0.002419958512296164 25
1694720802865 4.012209951531426 26
1694720803158 1.3166331165225378 27
1694720803467 0.16458697327850097 28
1694720803759 0.10278300208440429 29
1694720804049 2.0174848080871044 30
1694720804347 1.6536449218383222 31
1694720804934 1.3006291841516564 32
1694720805270 0.25508728573056333 33
1694720805577 0.815343905344653 34
1694720805859 0.007315200507185776 35
1694720806146 0.8559500863231744 36
1694720806421 1.1676902861858813 37
1694720806729 0.24063766497780822 38
1694720807096 0.08783635871059677 39
1694720807374 0.00011916707379076113 40
1694720807602 0.35002144239815497 41
1694720807885 0.7676993671563604 42
1694720808201 2.0092551668637046 43
1694720808472 0.1809851820365015 44
1694720808756 0.46350688218291464 45
1694720809072 0.014035184943389524 46
1694720809381 0.3598124525191674 47
1694720809597 1.176179229747599e-05 48
1694720809882 0.029384890529847454 49
1694720810190 3.0002764071233377 50
1694720810423 0.000278202401205059 51
1694720810687 0.15748375624590705 52
1694720810972 0.11114487827784508 53
1694720811343 1.4793053549199362 54
1694720811635 0.6581302322619947 55
1694720811862 0.5361956564613358 56
1694720812160 0.008372517888607775 57
1694720812487 2.002043928580986 58
1694720812843 1.101185780213634 59
1694720813187 0.19299700213708545 60
1694720813655 1.2772137796505996 61
1694720813973 1.9693627890416958 62
1694720814276 0.013902373620681127 63
1694720814576 0.7884773471625511 64
1694720814839 1.2300629480186827 65
1694720815130 0.0022239601882876525 66
1694720815430 0.025915393720946863 67
1694720815726 0.01925654270096543 68
1694720816056 2.9877562618836824 69
1694720816318 0.43348349675709197 70
1694720816543 2.6212266103313495 71
1694720816848 3.6538306246281373 72
1694720817137 0.4339326921603586 73
1694720817421 0.007438759304645011 74
1694720817736 0.04242380036607122 75
1694720818051 0.06050320501494205 76
1694720818371 0.3097895127317223 77
1694720818601 0.26805704873401165 78
1694720818908 0.6400587637771424 79
1694720819199 0.34208778432258213 80
1694720819520 1.2321277627354932 81
1694720819823 1.5044377708621594e-05 82
1694720820088 0.02254878686652261 83
1694720820433 0.5256266904759147 84
1694720820681 1.5207758106170965 85
1694720820977 0.06387811366750165 86
1694720821374 0.9245739536154954 87
1694720821629 2.417742539112709 88
1694720821927 0.2806087195771597 89
1694720822229 0.01837637001923621 90
1694720822558 1.7447051757730714 91
1694720822872 0.2718331574020658 92
1694720823182 0.7166459889602661 93
1694720823487 0.9917527694190785 94
1694720823694 0.009816384981000782 95
1694720823956 1.802641461878728 96
1694720824261 0.0007722290123409509 97
1694720824561 0.002577705145459713 98
1694720824825 0.2062220986079412 99
1694720825084 0.01711316728910986 100
1694720825397 0.0055014721358008075 101
1694720825671 0.004825993947763676 102
1694720825964 0.17837183758794284 103
1694720826235 0.7629187790535953 104
1694720826521 0.03049898998893473 105
1694720826787 0.09228787898449516 106
1694720827104 0.015646500033833038 107
1694720827327 0.8442710927117612 108
1694720827626 1.5427641747931131 109
1694720827895 0.6288786232470239 110
1694720828167 0.0007094350480999993 111
1694720828492 0.014392544064390856 112
1694720828758 0.13892399010355969 113
1694720829012 3.788154759398005 114
1694720829343 8.464885206608555 115
1694720829643 5.357375643724903 116
1694720829857 0.88313307476198 117
1694720830081 1.156882663641114 118
1694720830375 0.1041409282182864 119
1694720830680 0.3606793107279325 120
1694720830912 0.014823841665023943 121
1694720831214 1.719234375035448 122
1694720831558 2.1833571809190073 123
1694720831803 0.12924728062482316 124
1694720832052 0.011540572525469757 125
1694720832347 2.2251054090630746 126
1694720832669 0.09624887174247868 127
1694720832941 0.4103296091964276 128
1694720833221 4.072439703864053 129
1694720833541 0.43683366717609956 130
1694720833831 1.3543944227951394 131
1694720834093 0.47699135821039446 132
1694720834383 0.2681809382125658 133
1694720834679 0.13658974562323475 134
1694720834957 0.13043015829928972 135
1694720835251 0.15404769435625776 136
1694720835532 0.5640674293773015 137
1694720835855 0.771347568490299 138
1694720836074 0.21412064679478618 139
1694720836456 0.2824551238153547 140
1694720836762 0.37035612413475055 141
1694720837011 0.021616681739289014 142
1694720837276 0.001525563959807527 143
1694720837572 0.5123013465955213 144
1694720837850 0.09008255338589431 145
1694720838182 0.04043444082538975 146
1694720838472 0.21126604642721147 147
1694720838744 0.21105662874166053 148
1694720839004 0.11148916857300746 149
1694720839286 0.21524684494788418 150
1694720839603 0.0026356402537017804 151
1694720839876 0.8445342569061002 152
1694720840130 3.603662867033027 153
1694720840521 3.0103792053648855 154
1694720840924 3.0724580024556123 155
1694720841354 0.005750712781286617 156
1694720841668 3.67008356314641 157
1694720842006 0.1487572531454057 158
1694720842371 1.7282149444503574 159
1694720842667 0.8262045136212162 160
1694720842985 1.0692418762275242 161
1694720843320 0.007338073648558289 162
1694720843710 0.6862982879773005 163
1694720843989 0.11652220060315231 164
1694720844283 0.00026343512898642035 165
1694720844584 0.7644703359130058 166
1694720844918 1.6939593228226215 167
1694720845126 0.14877484305067945 168
1694720845431 1.3832103068814126 169
1694720845724 1.4612468928103215 170
1694720846003 0.0002515352577429146 171
1694720846305 0.06305997924192897 172
1694720846614 0.2659144925993753 173
1694720846961 3.688040253745579 174
1694720847185 0.043998993944473395 175
1694720847386 2.3353241367968516 176
1694720847665 0.33149226384511793 177
1694720847947 2.599109743406905 178
1694720848183 3.5893292573085556 179
1694720848454 0.22289449732914973 180
1694720848742 0.6177728047010692 181
1694720849084 1.626827986959741 182
1694720849540 0.029252028880618335 183
1694720849994 0.0005938934105603698 184
1694720850254 3.6700130259748542 185
1694720850542 1.7870866043930251 186
1694720850841 0.0463631394682048 187
1694720851173 0.7073894173103851 188
1694720851538 0.5579184263945454 189
1694720851892 0.013577332567208167 190
1694720852158 0.02044699594522719 191
1694720852434 0.04819061669305111 192
1694720852730 0.7300115654539743 193
1694720853078 0.007324971688562184 194
1694720853295 0.7689588291186866 195
1694720853627 1.7911539201103694 196
1694720853916 0.006811583324275335 197
1694720854202 0.02124244375609041 198
1694720854493 0.09660598358843521 199
1694720854773 0.14214122012497066 200
1694720855165 0.9396478900613724 201
1694720855416 0.8378567499283875 202
1694720855700 1.6390788271314831 203
1694720856026 0.100588702044683 204
1694720856371 0.09445200557660687 205
1694720856667 0.000988185024744409 206
1694720856973 0.06863625474357427 207
1694720857267 0.05676243511062651 208
1694720857537 1.3839208289023384 209
1694720857837 0.009635802133202776 210
1694720858194 0.17207311187189486 211
1694720858467 0.10447111332494477 212
1694720858748 2.0145072815170706 213
1694720859033 3.160130077889049 214
1694720859302 0.1572654156725345 215
1694720859573 0.1526131699723906 216
1694720859858 0.16446094899911656 217
1694720860185 0.011937615633411109 218
1694720860492 0.9117357106690493 219
1694720860744 0.7187596298675899 220
1694720861067 2.8651607385054514 221
1694720861354 0.2215860815437384 222
1694720861595 0.06566725138418465 223
1694720861843 0.716516538128548 224
1694720862101 0.05711408932103251 225
1694720862378 2.790646890013887 226
1694720862650 0.6907676307053183 227
1694720862991 0.8839829281261424 228
1694720863279 0.5438082054092794 229
1694720863523 2.4605235902236227 230
1694720863806 1.0903602208138856 231
1694720864103 0.9926934063996611 232
1694720864545 0.17635764016280983 233
1694720864995 0.008668331099089847 234
1694720865278 2.404915411567055 235
1694720865510 0.03252175955563886 236
1694720865808 0.6565731220692895 237
1694720866115 0.3414364642081521 238
1694720866393 1.6344897337421769 239
1694720866666 0.07705841390344856 240
1694720867068 2.485361484795055 241
1694720867394 0.7658886678627536 242
1694720867640 0.14554612928849364 243
1694720867884 0.00022359535899671518 244
1694720868158 0.8987948286566333 245
1694720868447 2.018850779481256 246
1694720868719 0.1422714010488305 247
1694720869013 0.12013331412185044 248
1694720869367 0.04628735827426149 249
1694720869614 0.18048047110030682 250
1694720869901 0.2193146348595921 251
1694720870183 0.44034671234607764 252
1694720870471 0.03352184824801699 253
1694720870765 0.020608745077017203 254
1694720871067 1.6896521817312822 255
1694720871458 0.8796086018351916 256
1694720871758 0.3971436869384342 257
1694720872056 1.536828498976463 258
1694720872357 0.9170076284507975 259
1694720872621 3.156808800794772 260
1694720872966 0.004167609095665084 261
1694720873332 0.8469844248627479 262
1694720873589 0.011164683716729308 263
1694720873910 1.9156418682996088 264
1694720874219 0.002627201882802685 265
1694720874508 4.503967962596667 266
1694720874791 0.14284749872441502 267
1694720875094 0.26991408108112025 268
1694720875383 3.3727598837874138 269
1694720875627 0.019944703388478424 270
1694720875949 3.8252930824380003 271
1694720876249 0.8037714548220943 272
1694720876529 0.046675146617423544 273
1694720876741 3.5933635758527163 274
1694720876968 0.07534382519651316 275
1694720877205 0.020839223269754056 276
1694720877478 1.1346793522876364 277
1694720877715 1.4039746480718125 278
1694720877925 1.0461783873014912 279
1694720878204 1.5324918832026475 280
1694720878416 0.2908714272797968 281
1694720878613 0.08810048601010782 282
1694720878822 1.1928766582451453 283
1694720879114 2.8161484048006318 284
1694720879408 0.17581810571378836 285
1694720879674 4.27643985302114 286
1694720879944 0.9360355812096758 287
1694720880262 0.5971917761718509 288
1694720880584 2.617227103314628 289
1694720880853 4.041962731915225 290
1694720881281 1.4624773765898227 291
1694720881593 0.0038546477783260313 292
1694720881819 0.6685118810306844 293
1694720882113 0.666020342346222 294
1694720882480 0.4852835213138911 295
1694720882772 0.10849902635666282 296
1694720883053 3.1052095849987786e-07 297
1694720883372 2.268450084200122 298
1694720883668 0.050442254574069166 299
1694720883909 1.957384391994357 300
1694720884212 19.02814997335657 301
1694720884526 0.0008031694285305193 302
1694720884842 0.782585491995345 303
1694720885120 0.06315781930666656 304
1694720885570 0.09475000468361044 305
1694720885865 0.2818016835527016 306
1694720886136 1.0636662898780627 307
1694720886429 0.019711435578348757 308
1694720886725 0.2570311202075785 309
1694720886989 0.12392435226099 310
1694720887298 1.0437308433949202 311
1694720887611 0.19747964563453585 312
1694720887883 1.0458373169274504 313
1694720888186 0.33188334268291164 314
1694720888502 0.6722941323501497 315
1694720888804 0.02116200352609755 316
1694720889029 0.6057069817391917 317
1694720889356 0.010463405109032053 318
1694720889647 0.012933006396383302 319
1694720889900 2.133159507797161 320
1694720890151 0.1676701277987783 321
1694720890436 0.41572146478627653 322
1694720890736 0.030411901547526588 323
1694720891022 0.17992927310125664 324
1694720891344 0.8865492322079254 325
1694720891719 4.1875194505229345 326
1694720892056 0.036690924250620156 327
1694720892345 0.7153864703213035 328
1694720892642 1.2812216211098841 329
1694720892981 0.5430671835819556 330
1694720893271 0.012418249259112071 331
1694720893564 0.1030770789992632 332
1694720893871 0.649336863855353 333
1694720894152 0.10134170427745563 334
1694720894458 0.008824223530661483 335
1694720894740 0.5972027264782449 336
1694720894959 0.37160190108461405 337
1694720895247 0.14984397799588453 338
1694720895555 0.5449156779793428 339
1694720895879 0.19403620437674035 340
1694720896094 0.04157933934683718 341
1694720896485 1.8561764097400966 342
1694720896772 0.4331239709910887 343
1694720897008 0.5212441800554891 344
1694720897325 0.09122704412311376 345
1694720897605 0.3499742209328853 346
1694720897887 0.011213398981535 347
1694720898142 3.133882980760527 348
1694720898458 0.24528035955994915 349
1694720898684 0.035566228812094425 350
1694720898937 0.20182187214688826 351
1694720899210 0.9736259354792007 352
1694720899493 0.003791872355772203 353
1694720899755 0.03866962189660981 354
1694720899987 1.1894499942422425 355
1694720900205 0.37339513041961925 356
1694720900551 1.6868415510256192 357
1694720900843 0.012068009168834395 358
1694720901080 0.6676333761120326 359
1694720901419 0.04328309225650099 360
1694720901748 0.12425086108400644 361
1694720902008 0.2213656348652889 362
1694720902289 0.026531748866932256 363
1694720902662 0.26776010559760827 364
1694720902963 0.44538792023630003 365
1694720903223 1.2315187799945566 366
1694720903511 4.4006527092937375 367
1694720903794 2.2365059461011003 368
1694720904020 0.26013263873419196 369
1694720904405 1.461047869952123 370
1694720905014 0.029395068826410683 371
1694720905295 0.13245736802471586 372
1694720905565 0.02009782802956086 373
1694720905906 0.025904631990487127 374
1694720906210 0.21746124469135947 375
1694720906489 0.21885375139654364 376
1694720906757 0.10208795238730092 377
1694720907093 0.011833117271714353 378
1694720907358 0.08013231818872549 379
1694720907702 0.0007705882600946405 380
1694720908023 0.1362050772778172 381
1694720908298 1.770108002333951 382
1694720908582 0.04537472517405157 383
1694720908912 0.2643388567772043 384
1694720909219 0.17484019433487247 385
1694720909515 0.07740507014257812 386
1694720909811 6.796911019030155 387
1694720910084 0.35751191396323834 388
1694720910378 0.11272864455988793 389
1694720910688 1.179617931139957 390
1694720910985 0.28929952239578716 391
1694720911353 6.351904636423446 392
1694720911724 0.15825324121121154 393
1694720912109 0.13319586036469774 394
1694720912428 0.03791573022121771 395
1694720912727 0.031606641993601636 396
1694720913035 1.629775592195292 397
1694720913377 2.562683761301234 398
1694720913744 0.00995668666600437 399
1694720914165 0.06179426106779308 400
1694720914444 0.9268467845574837 401
1694720914761 0.4601044458411273 402
1694720915066 0.2728050286423103 403
1694720915358 0.003271931093276736 404
1694720915711 2.6317816079219054 405
1694720916121 0.10595081926331357 406
1694720916366 0.20359146751124627 407
1694720916642 0.6820849893830799 408
1694720916919 2.4987073650134583e-06 409
1694720917206 1.0783332574441873 410
1694720917438 0.06885905429130763 411
1694720917730 0.029066446792498948 412
1694720918041 0.8073358958955152 413
1694720918385 2.647290187864297 414
1694720918725 1.5484687731704145 415
1694720919025 2.126766779210794 416
1694720919289 0.43125249361023754 417
1694720919583 0.2888644836504786 418
1694720919929 0.0898788935195301 419
1694720920212 0.7028056234227853 420
1694720920455 0.4632715132635812 421
1694720920760 0.34193510631280244 422
1694720921089 0.9293424287258994 423
1694720921419 1.9582641289694613 424
1694720921659 1.9129347165134847 425
1694720921927 0.1336027659686098 426
1694720922223 0.018854054212591072 427
1694720922504 0.016599449198831814 428
1694720922861 0.28742196668342973 429
1694720923223 0.27360991853749494 430
1694720923473 0.1156244356094871 431
1694720923747 0.2504655209160066 432
1694720924094 2.3192392229302325 433
1694720924385 0.0036214199970994025 434
1694720924681 1.8741062947530913 435
1694720925005 0.29483477584464024 436
1694720925413 1.3973125818709096 437
1694720925761 1.276005548488056 438
1694720926075 0.7669503258632023 439
1694720926475 0.25792478500861543 440
1694720926773 0.7542224591868856 441
1694720927132 0.25945824338464085 442
1694720927518 2.3406601297945864 443
1694720927836 0.0029103755792833468 444
1694720928175 1.3555930566585046 445
1694720928490 0.04107670969684485 446
1694720928838 0.3310507376391678 447
1694720929340 0.8817529005511047 448
1694720929762 0.021737797144960217 449
1694720930187 0.9414834479906985 450
1694720930542 0.13957451899703086 451
1694720930857 2.846015386422392 452
1694720931355 2.602969580117245 453
1694720931718 2.112432253775748 454
1694720932171 2.010881825978058 455
1694720932757 2.1460610548434302 456
1694720933148 0.03800678195934157 457
1694720933563 2.5326430130327884 458
1694720933928 0.5510410398632742 459
1694720934401 1.6521551111459796 460
1694720934757 0.12174025870454376 461
1694720935077 0.6034206098061236 462
1694720935558 0.22621875782643322 463
1694720935894 0.5835148122820246 464
1694720936145 4.3093305580749215 465
1694720936499 1.684447530181557 466
1694720936794 0.40044480645540625 467
1694720937160 1.2608332081790652 468
1694720937553 0.029524956086915133 469
1694720937843 5.134269926222073 470
1694720938229 4.544329632636326 471
1694720938643 0.009735757973581748 472
1694720939003 0.07023168609426975 473
1694720939375 0.021970731454493485 474
1694720939784 0.9262568924589297 475
1694720940164 6.313110499828631 476
1694720940576 0.1725521906449231 477
1694720940943 0.45205145554032794 478
1694720941426 0.8502729084813234 479
1694720941796 0.31349472207927503 480
1694720942227 0.06222757272180896 481
1694720942747 0.6070130272290316 482
1694720943273 0.23623860818657136 483
1694720943669 1.6070302306776776 484
1694720944000 0.00036454386343257543 485
1694720944383 0.3132164794235862 486
1694720944772 0.9313783724739716 487
1694720945087 4.138848410026866 488
1694720945478 0.027623960767011707 489
1694720945842 0.014045973487607182 490
1694720946063 0.08848228281471944 491
1694720946463 0.004313655823975607 492
1694720946982 0.03204517223701342 493
1694720947458 0.024220622158004166 494
1694720947870 5.064424747515333 495
1694720948203 0.5996091794682884 496
1694720948608 0.38662733296394425 497
1694720949201 0.3069243419790316 498
1694720949638 0.279282734106743 499
