1694747521011 nan 0
1694747521322 nan 1
1694747521599 nan 2
1694747521898 nan 3
1694747522212 nan 4
1694747522553 nan 5
1694747522862 nan 6
1694747523197 nan 7
1694747523497 nan 8
1694747523805 nan 9
1694747524202 nan 10
1694747524515 nan 11
1694747524798 nan 12
1694747525048 nan 13
1694747525371 nan 14
1694747525663 nan 15
1694747525955 nan 16
1694747526249 nan 17
1694747526573 nan 18
1694747526870 nan 19
1694747527127 nan 20
1694747527379 nan 21
1694747527753 nan 22
1694747528050 nan 23
1694747528277 nan 24
1694747528579 nan 25
1694747528903 nan 26
1694747529202 nan 27
1694747529509 nan 28
1694747530053 nan 29
1694747530324 nan 30
1694747530596 nan 31
1694747530906 nan 32
1694747531159 nan 33
1694747531412 nan 34
1694747531685 nan 35
1694747532069 nan 36
1694747532371 nan 37
1694747532626 nan 38
1694747532943 nan 39
1694747533266 nan 40
1694747533577 nan 41
1694747533902 nan 42
1694747534293 nan 43
1694747534592 nan 44
1694747534897 nan 45
1694747535178 nan 46
1694747535445 nan 47
1694747535725 nan 48
1694747536003 nan 49
1694747536259 nan 50
1694747536616 nan 51
1694747536931 nan 52
1694747537205 nan 53
1694747537521 nan 54
1694747537836 nan 55
1694747538151 nan 56
1694747538404 nan 57
1694747538762 nan 58
1694747538995 nan 59
1694747539254 nan 60
1694747539502 nan 61
1694747539798 nan 62
1694747540185 nan 63
1694747540475 nan 64
1694747540842 nan 65
1694747541144 nan 66
1694747541401 nan 67
1694747541722 nan 68
1694747542030 nan 69
1694747542371 nan 70
1694747542688 nan 71
1694747542988 nan 72
1694747543273 nan 73
1694747543557 nan 74
1694747543901 nan 75
1694747544265 nan 76
1694747544539 nan 77
1694747544869 nan 78
1694747545195 nan 79
1694747545530 nan 80
1694747545862 nan 81
1694747546158 nan 82
1694747546403 nan 83
1694747546611 nan 84
1694747546907 nan 85
1694747547201 nan 86
1694747547464 nan 87
1694747547712 nan 88
1694747547983 nan 89
1694747548251 nan 90
1694747548445 nan 91
1694747548644 nan 92
1694747548869 nan 93
1694747549098 nan 94
1694747549322 nan 95
1694747549552 nan 96
1694747549877 nan 97
1694747550181 nan 98
1694747550440 nan 99
1694747550749 nan 100
1694747551043 nan 101
1694747551359 nan 102
1694747551594 nan 103
1694747551847 nan 104
1694747552265 nan 105
1694747552580 nan 106
1694747552886 nan 107
1694747553319 nan 108
1694747553586 nan 109
1694747553934 nan 110
1694747554354 nan 111
1694747554625 nan 112
1694747554930 nan 113
1694747555321 nan 114
1694747555613 nan 115
1694747555920 nan 116
1694747556227 nan 117
1694747556566 nan 118
1694747556820 nan 119
1694747557150 nan 120
1694747557461 nan 121
1694747557729 nan 122
1694747558002 nan 123
1694747558309 nan 124
1694747558659 nan 125
1694747558892 nan 126
1694747559108 nan 127
1694747559389 nan 128
1694747559657 nan 129
1694747559910 nan 130
1694747560206 nan 131
1694747560514 nan 132
1694747560802 nan 133
1694747561125 nan 134
1694747561408 nan 135
1694747561683 nan 136
1694747561972 nan 137
1694747562314 nan 138
1694747562625 nan 139
1694747562916 nan 140
1694747563273 nan 141
1694747563593 nan 142
1694747563941 nan 143
1694747564236 nan 144
1694747564552 nan 145
1694747564791 nan 146
1694747565057 nan 147
1694747565375 nan 148
1694747565682 nan 149
1694747565909 nan 150
1694747566221 nan 151
1694747566514 nan 152
1694747566803 nan 153
1694747567131 nan 154
1694747567451 nan 155
1694747567742 nan 156
1694747567978 nan 157
1694747568287 nan 158
1694747568560 nan 159
1694747568808 nan 160
1694747569084 nan 161
1694747569504 nan 162
1694747569828 nan 163
1694747570125 nan 164
1694747570429 nan 165
1694747570722 nan 166
1694747570970 nan 167
1694747571189 nan 168
1694747571468 nan 169
1694747571740 nan 170
1694747572076 nan 171
1694747572442 nan 172
1694747572737 nan 173
1694747572934 nan 174
1694747573190 nan 175
1694747573511 nan 176
1694747573794 nan 177
1694747574142 nan 178
1694747574432 nan 179
1694747574758 nan 180
1694747575002 nan 181
1694747575311 nan 182
1694747575633 nan 183
1694747575927 nan 184
1694747576214 nan 185
1694747576566 nan 186
1694747576840 nan 187
1694747577069 nan 188
1694747577358 nan 189
1694747577672 nan 190
1694747577968 nan 191
1694747578319 nan 192
1694747578665 nan 193
1694747578961 nan 194
1694747579263 nan 195
1694747579564 nan 196
1694747579889 nan 197
1694747580211 nan 198
1694747580526 nan 199
1694747580868 nan 200
1694747581182 nan 201
1694747581492 nan 202
1694747581808 nan 203
1694747582051 nan 204
1694747582443 nan 205
1694747582824 nan 206
1694747583136 nan 207
1694747583451 nan 208
1694747583767 nan 209
1694747584102 nan 210
1694747584418 nan 211
1694747584738 nan 212
1694747585013 nan 213
1694747585400 nan 214
1694747585719 nan 215
1694747585997 nan 216
1694747586357 nan 217
1694747586663 nan 218
1694747586956 nan 219
1694747587212 nan 220
1694747587579 nan 221
1694747587892 nan 222
1694747588123 nan 223
1694747588381 nan 224
1694747588792 nan 225
1694747589072 nan 226
1694747589336 nan 227
1694747589681 nan 228
1694747590015 nan 229
1694747590288 nan 230
1694747590567 nan 231
1694747590867 nan 232
1694747591187 nan 233
1694747591491 nan 234
1694747591802 nan 235
1694747592140 nan 236
1694747592476 nan 237
1694747592814 nan 238
1694747593092 nan 239
1694747593378 nan 240
1694747593674 nan 241
1694747593988 nan 242
1694747594320 nan 243
1694747594614 nan 244
1694747594902 nan 245
1694747595184 nan 246
1694747595450 nan 247
1694747595741 nan 248
1694747596066 nan 249
1694747596400 nan 250
1694747596693 nan 251
1694747596943 nan 252
1694747597162 nan 253
1694747597504 nan 254
1694747597802 nan 255
1694747598096 nan 256
1694747598340 nan 257
1694747598717 nan 258
1694747599022 nan 259
1694747599306 nan 260
1694747599578 nan 261
1694747599934 nan 262
1694747600244 nan 263
1694747600557 nan 264
1694747600913 nan 265
1694747601198 nan 266
1694747601399 nan 267
1694747601632 nan 268
1694747601919 nan 269
1694747602228 nan 270
1694747602548 nan 271
1694747602800 nan 272
1694747603070 nan 273
1694747603352 nan 274
1694747603573 nan 275
1694747603808 nan 276
1694747604167 nan 277
1694747604417 nan 278
1694747604646 nan 279
1694747604933 nan 280
1694747605284 nan 281
1694747605567 nan 282
1694747605900 nan 283
1694747606222 nan 284
1694747606523 nan 285
1694747606833 nan 286
1694747607164 nan 287
1694747607481 nan 288
1694747607821 nan 289
1694747608155 nan 290
1694747608433 nan 291
1694747608706 nan 292
1694747609031 nan 293
1694747609321 nan 294
1694747609608 nan 295
1694747609944 nan 296
1694747610263 nan 297
1694747610545 nan 298
1694747610854 nan 299
1694747611158 nan 300
1694747611460 nan 301
1694747611758 nan 302
1694747612102 nan 303
1694747612507 nan 304
1694747612812 nan 305
1694747613111 nan 306
1694747613444 nan 307
1694747613678 nan 308
1694747613982 nan 309
1694747614373 nan 310
1694747614637 nan 311
1694747614940 nan 312
1694747615256 nan 313
1694747615570 nan 314
1694747615893 nan 315
1694747616114 nan 316
1694747616408 nan 317
1694747616665 nan 318
1694747616967 nan 319
1694747617273 nan 320
1694747617564 nan 321
1694747617902 nan 322
1694747618190 nan 323
1694747618487 nan 324
1694747618798 nan 325
1694747619047 nan 326
1694747619355 nan 327
1694747619634 nan 328
1694747619894 nan 329
1694747620203 nan 330
1694747620521 nan 331
1694747620789 nan 332
1694747621105 nan 333
1694747621419 nan 334
1694747621695 nan 335
1694747622040 nan 336
1694747622419 nan 337
1694747622697 nan 338
1694747622990 nan 339
1694747623322 nan 340
1694747623631 nan 341
1694747623892 nan 342
1694747624274 nan 343
1694747624577 nan 344
1694747624807 nan 345
1694747625104 nan 346
1694747625485 nan 347
1694747625745 nan 348
1694747625987 nan 349
1694747626276 nan 350
1694747626585 nan 351
1694747626860 nan 352
1694747627134 nan 353
1694747627477 nan 354
1694747627774 nan 355
1694747628046 nan 356
1694747628314 nan 357
1694747628616 nan 358
1694747628842 nan 359
1694747629089 nan 360
1694747629389 nan 361
1694747629764 nan 362
1694747629991 nan 363
1694747630238 nan 364
1694747630477 nan 365
1694747630728 nan 366
1694747631003 nan 367
1694747631279 nan 368
1694747631569 nan 369
1694747631864 nan 370
1694747632187 nan 371
1694747632576 nan 372
1694747632867 nan 373
1694747633169 nan 374
1694747633471 nan 375
1694747633779 nan 376
1694747634147 nan 377
1694747634494 nan 378
1694747634806 nan 379
1694747635105 nan 380
1694747635427 nan 381
1694747635788 nan 382
1694747636036 nan 383
1694747636304 nan 384
1694747636602 nan 385
1694747636850 nan 386
1694747637153 nan 387
1694747637458 nan 388
1694747637758 nan 389
1694747638003 nan 390
1694747638294 nan 391
1694747638645 nan 392
1694747638910 nan 393
1694747639211 nan 394
1694747639520 nan 395
1694747639830 nan 396
1694747640093 nan 397
1694747640344 nan 398
1694747640618 nan 399
1694747640953 nan 400
1694747641272 nan 401
1694747641603 nan 402
1694747641903 nan 403
1694747642172 nan 404
1694747642562 nan 405
1694747642875 nan 406
1694747643172 nan 407
1694747643461 nan 408
1694747643759 nan 409
1694747644079 nan 410
1694747644419 nan 411
1694747644740 nan 412
1694747645002 nan 413
1694747645287 nan 414
1694747645573 nan 415
1694747645875 nan 416
1694747646125 nan 417
1694747646424 nan 418
1694747646713 nan 419
1694747646969 nan 420
1694747647247 nan 421
1694747647503 nan 422
1694747647715 nan 423
1694747647985 nan 424
1694747648210 nan 425
1694747648445 nan 426
1694747648730 nan 427
1694747649028 nan 428
1694747649338 nan 429
1694747649704 nan 430
1694747650007 nan 431
1694747650242 nan 432
1694747650556 nan 433
1694747650892 nan 434
1694747651120 nan 435
1694747651406 nan 436
1694747651709 nan 437
1694747652037 nan 438
1694747652286 nan 439
1694747652576 nan 440
1694747652871 nan 441
1694747653209 nan 442
1694747653488 nan 443
1694747653750 nan 444
1694747654143 nan 445
1694747654486 nan 446
1694747654790 nan 447
1694747655062 nan 448
1694747655339 nan 449
1694747655662 nan 450
1694747655968 nan 451
1694747656190 nan 452
1694747656567 nan 453
1694747656881 nan 454
1694747657137 nan 455
1694747657402 nan 456
1694747657745 nan 457
1694747658057 nan 458
1694747658286 nan 459
1694747658639 nan 460
1694747658966 nan 461
1694747659222 nan 462
1694747659443 nan 463
1694747659752 nan 464
1694747660145 nan 465
1694747660403 nan 466
1694747660703 nan 467
1694747661093 nan 468
1694747661314 nan 469
1694747661595 nan 470
1694747661929 nan 471
1694747662177 nan 472
1694747662519 nan 473
1694747662840 nan 474
1694747663209 nan 475
1694747663474 nan 476
1694747663742 nan 477
1694747664138 nan 478
1694747664429 nan 479
1694747664716 nan 480
1694747665013 nan 481
1694747665344 nan 482
1694747665650 nan 483
1694747665965 nan 484
1694747666278 nan 485
1694747666523 nan 486
1694747666826 nan 487
1694747667137 nan 488
1694747667431 nan 489
1694747667786 nan 490
1694747668007 nan 491
1694747668225 nan 492
1694747668489 nan 493
1694747668786 nan 494
1694747669086 nan 495
1694747669361 nan 496
1694747669692 nan 497
1694747670010 nan 498
1694747670274 nan 499
