1694751050202 nan 0
1694751050601 nan 1
1694751050956 nan 2
1694751051304 nan 3
1694751051657 nan 4
1694751052007 nan 5
1694751052537 nan 6
1694751052929 nan 7
1694751053233 nan 8
1694751053570 nan 9
1694751053901 nan 10
1694751054158 nan 11
1694751054455 nan 12
1694751054779 nan 13
1694751055221 nan 14
1694751055559 nan 15
1694751055867 nan 16
1694751056135 nan 17
1694751056544 nan 18
1694751057238 nan 19
1694751057757 nan 20
1694751058090 nan 21
1694751058339 nan 22
1694751058613 nan 23
1694751059065 nan 24
1694751059328 nan 25
1694751059720 nan 26
1694751059979 nan 27
1694751060330 nan 28
1694751060674 nan 29
1694751061006 nan 30
1694751061376 nan 31
1694751061737 nan 32
1694751062059 nan 33
1694751062364 nan 34
1694751062798 nan 35
1694751063156 nan 36
1694751063552 nan 37
1694751063989 nan 38
1694751064388 nan 39
1694751064794 nan 40
1694751065254 nan 41
1694751065577 nan 42
1694751065923 nan 43
1694751066343 nan 44
1694751066748 nan 45
1694751067203 nan 46
1694751067474 nan 47
1694751067812 nan 48
1694751068141 nan 49
1694751068394 nan 50
1694751068753 nan 51
1694751069122 nan 52
1694751069390 nan 53
1694751069791 nan 54
1694751070146 nan 55
1694751070396 nan 56
1694751070757 nan 57
1694751071126 nan 58
1694751071414 nan 59
1694751071705 nan 60
1694751072013 nan 61
1694751072280 nan 62
1694751072562 nan 63
1694751072887 nan 64
1694751073248 nan 65
1694751073575 nan 66
1694751073856 nan 67
1694751074198 nan 68
1694751074660 nan 69
1694751075017 nan 70
1694751075411 nan 71
1694751075651 nan 72
1694751075946 nan 73
1694751076253 nan 74
1694751076525 nan 75
1694751076884 nan 76
1694751077206 nan 77
1694751077665 nan 78
1694751078103 nan 79
1694751078535 nan 80
1694751078868 nan 81
1694751079261 nan 82
1694751079683 nan 83
1694751080044 nan 84
1694751080424 nan 85
1694751080786 nan 86
1694751081085 nan 87
1694751081404 nan 88
1694751081675 nan 89
1694751082066 nan 90
1694751082404 nan 91
1694751082673 nan 92
1694751082984 nan 93
1694751083317 nan 94
1694751083635 nan 95
1694751083861 nan 96
1694751084203 nan 97
1694751084598 nan 98
1694751084914 nan 99
1694751085277 nan 100
1694751085575 nan 101
1694751085861 nan 102
1694751086161 nan 103
1694751086461 nan 104
1694751086781 nan 105
1694751087104 nan 106
1694751087379 nan 107
1694751087641 nan 108
1694751087897 nan 109
1694751088251 nan 110
1694751088587 nan 111
1694751088825 nan 112
1694751089144 nan 113
1694751089479 nan 114
1694751089786 nan 115
1694751090090 nan 116
1694751090438 nan 117
1694751090738 nan 118
1694751091059 nan 119
1694751091378 nan 120
1694751091672 nan 121
1694751091993 nan 122
1694751092321 nan 123
1694751092642 nan 124
1694751092882 nan 125
1694751093158 nan 126
1694751093523 nan 127
1694751093798 nan 128
1694751094132 nan 129
1694751094475 nan 130
1694751094795 nan 131
1694751095149 nan 132
1694751095759 nan 133
1694751096144 nan 134
1694751096451 nan 135
1694751096998 nan 136
1694751097395 nan 137
1694751097709 nan 138
1694751098153 nan 139
1694751098473 nan 140
1694751098749 nan 141
1694751099017 nan 142
1694751099322 nan 143
1694751099686 nan 144
1694751099952 nan 145
1694751100432 nan 146
1694751100820 nan 147
1694751101124 nan 148
1694751101452 nan 149
1694751101774 nan 150
1694751102017 nan 151
1694751102314 nan 152
1694751102632 nan 153
1694751102916 nan 154
1694751103146 nan 155
1694751103425 nan 156
1694751103769 nan 157
1694751104075 nan 158
1694751104377 nan 159
1694751104751 nan 160
1694751105107 nan 161
1694751105407 nan 162
1694751105729 nan 163
1694751106006 nan 164
1694751106238 nan 165
1694751106586 nan 166
1694751107005 nan 167
1694751107315 nan 168
1694751107629 nan 169
1694751107938 nan 170
1694751108214 nan 171
1694751108534 nan 172
1694751108818 nan 173
1694751109128 nan 174
1694751109445 nan 175
1694751109755 nan 176
1694751109987 nan 177
1694751110272 nan 178
1694751110532 nan 179
1694751110853 nan 180
1694751111145 nan 181
1694751111470 nan 182
1694751111828 nan 183
1694751112145 nan 184
1694751112437 nan 185
1694751112704 nan 186
1694751112982 nan 187
1694751113266 nan 188
1694751113612 nan 189
1694751113960 nan 190
1694751114185 nan 191
1694751114587 nan 192
1694751114852 nan 193
1694751115153 nan 194
1694751115533 nan 195
1694751115908 nan 196
1694751116234 nan 197
1694751116582 nan 198
1694751116980 nan 199
1694751117232 nan 200
1694751117534 nan 201
1694751117868 nan 202
1694751118189 nan 203
1694751118470 nan 204
1694751118785 nan 205
1694751119116 nan 206
1694751119392 nan 207
1694751119731 nan 208
1694751120065 nan 209
1694751120440 nan 210
1694751120781 nan 211
1694751121163 nan 212
1694751121377 nan 213
1694751121706 nan 214
1694751122024 nan 215
1694751122262 nan 216
1694751122503 nan 217
1694751122921 nan 218
1694751123230 nan 219
1694751123554 nan 220
1694751123819 nan 221
1694751124139 nan 222
1694751124366 nan 223
1694751124638 nan 224
1694751124897 nan 225
1694751125281 nan 226
1694751125500 nan 227
1694751125766 nan 228
1694751126007 nan 229
1694751126258 nan 230
1694751126508 nan 231
1694751126882 nan 232
1694751127206 nan 233
1694751127495 nan 234
1694751127817 nan 235
1694751128098 nan 236
1694751128381 nan 237
1694751128665 nan 238
1694751129000 nan 239
1694751129308 nan 240
1694751129658 nan 241
1694751129998 nan 242
1694751130207 nan 243
1694751130410 nan 244
1694751130742 nan 245
1694751131008 nan 246
1694751131235 nan 247
1694751131439 nan 248
1694751131738 nan 249
1694751132083 nan 250
1694751132373 nan 251
1694751132679 nan 252
1694751132962 nan 253
1694751133217 nan 254
1694751133437 nan 255
1694751133675 nan 256
1694751133925 nan 257
1694751134131 nan 258
1694751134347 nan 259
1694751134570 nan 260
1694751134847 nan 261
1694751135235 nan 262
1694751135502 nan 263
1694751135758 nan 264
1694751136214 nan 265
1694751136577 nan 266
1694751136838 nan 267
1694751137120 nan 268
1694751137428 nan 269
1694751137704 nan 270
1694751137975 nan 271
1694751138255 nan 272
1694751138603 nan 273
1694751138895 nan 274
1694751139334 nan 275
1694751139728 nan 276
1694751140084 nan 277
1694751140403 nan 278
1694751140748 nan 279
1694751141077 nan 280
1694751141469 nan 281
1694751141775 nan 282
1694751142036 nan 283
1694751142350 nan 284
1694751142614 nan 285
1694751142960 nan 286
1694751143312 nan 287
1694751143564 nan 288
1694751143798 nan 289
1694751144040 nan 290
1694751144341 nan 291
1694751144650 nan 292
1694751144962 nan 293
1694751145385 nan 294
1694751145642 nan 295
1694751145939 nan 296
1694751146269 nan 297
1694751146567 nan 298
1694751146802 nan 299
1694751147125 nan 300
1694751147379 nan 301
1694751147667 nan 302
1694751147950 nan 303
1694751148260 nan 304
1694751148540 nan 305
1694751148792 nan 306
1694751149078 nan 307
1694751149398 nan 308
1694751149710 nan 309
1694751149992 nan 310
1694751150277 nan 311
1694751150580 nan 312
1694751150881 nan 313
1694751151159 nan 314
1694751151464 nan 315
1694751151710 nan 316
1694751152000 nan 317
1694751152222 nan 318
1694751152420 nan 319
1694751152634 nan 320
1694751152903 nan 321
1694751153179 nan 322
1694751153444 nan 323
1694751153719 nan 324
1694751153988 nan 325
1694751154305 nan 326
1694751154607 nan 327
1694751154862 nan 328
1694751155243 nan 329
1694751155500 nan 330
1694751155738 nan 331
1694751156010 nan 332
1694751156381 nan 333
1694751156672 nan 334
1694751157048 nan 335
1694751157382 nan 336
1694751157677 nan 337
1694751157915 nan 338
1694751158203 nan 339
1694751158579 nan 340
1694751158812 nan 341
1694751159099 nan 342
1694751159357 nan 343
1694751159680 nan 344
1694751159989 nan 345
1694751160329 nan 346
1694751160723 nan 347
1694751161060 nan 348
1694751161550 nan 349
1694751161893 nan 350
1694751162208 nan 351
1694751162526 nan 352
1694751162811 nan 353
1694751163212 nan 354
1694751163491 nan 355
1694751163790 nan 356
1694751164119 nan 357
1694751164427 nan 358
1694751164734 nan 359
1694751164960 nan 360
1694751165332 nan 361
1694751165601 nan 362
1694751165890 nan 363
1694751166243 nan 364
1694751166523 nan 365
1694751166776 nan 366
1694751167050 nan 367
1694751167359 nan 368
1694751167741 nan 369
1694751167973 nan 370
1694751168210 nan 371
1694751168553 nan 372
1694751168824 nan 373
1694751169112 nan 374
1694751169460 nan 375
1694751169794 nan 376
1694751170028 nan 377
1694751170321 nan 378
1694751170658 nan 379
1694751170934 nan 380
1694751171183 nan 381
1694751171513 nan 382
1694751171807 nan 383
1694751172245 nan 384
1694751172588 nan 385
1694751172869 nan 386
1694751173118 nan 387
1694751173403 nan 388
1694751173798 nan 389
1694751174079 nan 390
1694751174442 nan 391
1694751174787 nan 392
1694751175014 nan 393
1694751175337 nan 394
1694751175670 nan 395
1694751175992 nan 396
1694751176226 nan 397
1694751176529 nan 398
1694751176888 nan 399
1694751177139 nan 400
1694751177398 nan 401
1694751177661 nan 402
1694751177952 nan 403
1694751178267 nan 404
1694751178603 nan 405
1694751178913 nan 406
1694751179202 nan 407
1694751179495 nan 408
1694751179830 nan 409
1694751180107 nan 410
1694751180423 nan 411
1694751180751 nan 412
1694751181104 nan 413
1694751181371 nan 414
1694751181710 nan 415
1694751182001 nan 416
1694751182338 nan 417
1694751182661 nan 418
1694751182961 nan 419
1694751183326 nan 420
1694751183622 nan 421
1694751183880 nan 422
1694751184125 nan 423
1694751184434 nan 424
1694751184761 nan 425
1694751185041 nan 426
1694751185338 nan 427
1694751185672 nan 428
1694751185981 nan 429
1694751186204 nan 430
1694751186413 nan 431
1694751186670 nan 432
1694751187027 nan 433
1694751187313 nan 434
1694751187640 nan 435
1694751187950 nan 436
1694751188212 nan 437
1694751188521 nan 438
1694751188855 nan 439
1694751189117 nan 440
1694751189356 nan 441
1694751189686 nan 442
1694751190039 nan 443
1694751190255 nan 444
1694751190509 nan 445
1694751190832 nan 446
1694751191154 nan 447
1694751191473 nan 448
1694751191812 nan 449
1694751192142 nan 450
1694751192369 nan 451
1694751192639 nan 452
1694751192932 nan 453
1694751193162 nan 454
1694751193407 nan 455
1694751193701 nan 456
1694751194000 nan 457
1694751194363 nan 458
1694751194690 nan 459
1694751195020 nan 460
1694751195358 nan 461
1694751195665 nan 462
1694751195976 nan 463
1694751196303 nan 464
1694751196683 nan 465
1694751197057 nan 466
1694751197341 nan 467
1694751197635 nan 468
1694751197938 nan 469
1694751198228 nan 470
1694751198511 nan 471
1694751198883 nan 472
1694751199189 nan 473
1694751199482 nan 474
1694751199769 nan 475
1694751200067 nan 476
1694751200434 nan 477
1694751200769 nan 478
1694751201136 nan 479
1694751201366 nan 480
1694751201699 nan 481
1694751202012 nan 482
1694751202375 nan 483
1694751202707 nan 484
1694751203011 nan 485
1694751203386 nan 486
1694751203728 nan 487
1694751204026 nan 488
1694751204319 nan 489
1694751204657 nan 490
1694751204967 nan 491
1694751205331 nan 492
1694751205625 nan 493
1694751205950 nan 494
1694751206350 nan 495
1694751206671 nan 496
1694751207009 nan 497
1694751207317 nan 498
1694751207572 nan 499
